11699.66319166945	750	4.0	3.998697299309292	450283	3998.697299309292	-16.444398387029956
11701.045170262536	300	6.61802140691262	0.0	155580	1381.9785930873804	-0.15000000000000002
11702.48451496248	300	9.178676706968677	0.0	139857	1439.3446999439418	0.3
11708.106088836686	1200	7.557102832761504	0.0	617681	5621.5738742071735	0.29999999999999993
11718.10762884633	750	4.0	2.444437176883239	411561	10001.540009644743	-10.211079860597927
11720.686317962673	300	5.421310883658436	0.0	126289	2578.6891163415635	-0.15000000000000002
11722.922706597876	300	7.184922248455143	0.0	153295	2236.3886352032937	0.3
11728.852552218943	750	5.255076627386236	0.0	437162	5929.845621068906	0.3
11730.829008073593	300	7.278620772738355	0.0	150710	1976.4558546478809	-0.15000000000000002
11735.220475961238	750	6.887152885093108	0.0	362795	4391.467887645248	0.3
11737.145004248223	300	8.962624598109175	0.0	141840	1924.5282869839339	-0.15000000000000002
11740.882622089573	750	9.225006756757427	0.0	405134	3737.6178413517464	0.3
11746.861681116632	1200	7.245947729700812	0.0	624282	5979.059027056616	0.75
11751.101028925763	750	7.006599920568708	0.0	434409	4239.347809132104	0.3
11754.761585106367	750	7.346043739965673	0.0	337059	3660.5561806030346	0.75
11758.72517643033	750	7.382452416003502	0.0	366214	3963.591323962172	0.75
11762.592163731857	750	7.515465114476973	0.0	360831	3866.9873015265293	0.75
11766.565024784775	750	7.542604061558137	0.0	372963	3972.8610529188354	0.75
11772.192244697291	750	5.915384149042637	0.0	405596	5627.219912515499	0.75
11774.94605074779	300	7.161578098543581	0.0	140881	2753.8060504990567	-0.15000000000000002
11782.078069653777	750	4.029559192556915	0.0	386472	7132.018905986666	0.3
11784.366254743582	300	5.741374102752314	0.0	157812	2288.1850898046014	-0.15000000000000002
11786.355015172083	300	7.752613674250661	0.0	163927	1988.7604285016535	0.3
11790.62458229525	750	7.483046551083757	0.0	343800	4269.567123166903	0.3
11796.616997179966	750	5.490631666367424	0.0	359903	5992.414884716333	0.75
11798.27680722365	300	7.830821622684261	0.0	153938	1659.810043683164	-0.15000000000000002
11803.368392614364	750	6.739236231968586	0.0	425781	5091.585390715675	0.3
11804.577423225144	300	9.530205621189372	0.0	111155	1209.030610779214	-0.15000000000000002
11810.329724807647	1200	7.777904038687801	0.0	622896	5752.301582501572	0.29999999999999993
11813.328328109115	750	8.779300737217916	0.0	400508	2998.603301469884	0.3
11818.330486247685	750	7.777142598648873	0.0	358218	5002.158138569043	0.75
11824.239168257664	750	5.868460588669829	0.0	400322	5908.682009979044	0.75
11825.473588139484	300	8.634040706849294	0.0	143881	1234.4198818205343	-0.15000000000000002
11828.587129173728	750	9.520499672604391	0.0	412837	3113.5410342449054	0.3
11833.289715980352	1200	8.817912865978885	0.0	690253	4702.586806625505	0.75
11835.630190136188	750	10.477438710144101	0.0	365161	2340.4741558347837	0.3
11839.693636627826	1200	10.41399221850424	0.0	487812	4063.4464916398597	0.75
11843.99919212747	1200	10.108436718861729	0.0	575591	4305.555499642513	1.2
11848.857428384617	1200	9.250200461714575	0.0	605884	4858.236257147154	1.2
11853.55192152394	1200	8.5557073223908	0.0	587506	4694.493139323776	1.2
11856.885439101447	750	9.22218974488368	0.0	345516	3333.5175775071198	0.3
11861.857396992298	1200	8.250231854032194	0.0	641452	4971.957890851486	0.75
11864.521863715945	750	9.585765130385088	0.0	372093	2664.4667236471064	0.3
11868.859077855739	1200	9.24855099059011	0.0	634861	4337.214139794979	0.75
11873.757280687267	1200	8.350348159063548	0.0	630203	4898.202831526561	1.2
11877.959786899344	750	8.147841946986148	0.0	393804	4202.506212077402	0.3
11882.352870643987	750	7.754758202344743	0.0	331053	4393.083744641405	0.75
11888.394542512624	750	5.71308633370844	0.0	314107	6041.671868636302	0.75

