7276.257552645395	750	4.0	2.2982937896467757	450283	2298.2937896467756	-9.132663295481136
7277.146587898995	300	7.11096474639953	0.0	155580	889.0352536004698	-0.15000000000000002
7277.921838357418	300	10.3357142879764	0.0	139857	775.2504584231306	0.3
7279.493265190067	750	12.76428745532762	0.0	382355	1571.426832648779	0.3
7281.023291413376	750	15.234261232018323	0.0	411561	1530.0262233092967	0.75
7283.955272106718	1850	16.30228053867578	0.0	801058	2931.980693342542	0.75
7286.726079530358	1850	17.531473115036192	0.0	905515	2770.8074236395905	1.85
7290.01252814001	1850	18.245024505384965	0.0	1060487	3286.448609651224	1.85
7292.948901343327	1850	19.308651302067616	0.0	852833	2936.3732033173465	1.85
7296.596672431528	1850	19.66088021386692	0.0	913888	3647.771088200697	1.85
7301.212949426891	1850	19.044603218502864	0.0	939819	4616.276995364057	1.85
7304.527148235848	1850	19.73040440954668	0.0	917428	3314.1988089561864	1.85
7307.418437051616	1850	20.83911559377834	0.0	946851	2891.2888157683374	1.85
7310.498308971512	1850	21.75924367388184	0.0	1036454	3079.8719198965023	1.85
7313.284352370874	1850	22.973200274520224	0.0	821631	2786.0433993616184	1.85
7316.409963625365	1850	23.84758902002948	0.0	923170	3125.6112544907414	1.85
7319.619407696618	1850	24.63814494877676	0.0	966699	3209.444071252721	1.85
7322.412267859945	1850	25.84528478544966	0.0	885714	2792.860163327098	1.85
7326.6327308496775	1850	25.62482179571669	0.0	987708	4220.4629897329705	1.85
7330.314904884761	1850	25.942647760632745	0.0	923755	3682.1740350839464	1.85
7333.224230819918	1850	27.033321825475557	0.0	891604	2909.3259351571924	1.85
7336.668313712235	1850	27.589238933158118	0.0	955231	3444.0828923174363	1.85
7339.839836705029	1850	28.417715940364513	0.0	968026	3171.522992793605	1.85
7342.677035272756	1850	29.58051737263718	0.0	874175	2837.1985677273333	1.85
7345.89218816011	1850	30.365364485283855	0.0	897976	3215.152887353323	1.85
7348.8794903248245	1850	31.37806232056961	0.0	905935	2987.3021647142446	1.85
7353.340013774732	1850	30.91753887066202	0.0	1076599	4460.523449907589	1.85
7356.126467802813	1850	32.131084842580414	0.0	758197	2786.4540280816104	1.85
7359.2078988471685	1850	33.049653798225755	0.0	972798	3081.431044354657	1.85
7362.540822403252	1850	33.7167302421417	0.0	975811	3332.9235560840575	1.85
7366.735280991307	1850	33.522271654086495	0.0	873429	4194.458588055204	1.85
7370.857755070394	1850	33.399797574999944	0.0	954453	4122.4740790865435	1.85
7375.001782017854	1850	33.255770627539434	0.0	885062	4144.026947460514	1.85
7380.535052290084	1850	31.722500355309155	0.0	1035329	5533.270272230275	1.85
7387.078767955431	1850	29.178784689962285	0.0	1026056	6543.71566534687	1.85
7397.568850906825	1850	22.6887017385695	0.0	943942	10490.082951392786	1.85
7407.273597585936	1850	16.983955059457795	0.0	728962	9704.746679111706	1.85
7418.08181715292	1850	10.175735492473683	0.0	938587	10808.219566984113	1.85
7424.6777150714815	750	7.579837573912557	0.0	378327	6595.897918561126	-0.3500000000000001
7428.223883269882	300	8.03366937551238	0.0	149991	3546.1681984001766	-0.15000000000000002
7429.8215954411	300	10.43595720429384	0.0	147968	1597.7121712185403	0.3
7431.384260202528	300	12.873292442865987	0.0	161857	1562.6647614278538	0.3
7432.904919742714	300	15.352632902680599	0.0	145210	1520.6595401853892	0.3
7436.921357488526	750	15.336195156868031	0.0	438281	4016.4377458125664	0.3
7439.421449599449	750	16.836103045944903	0.0	398987	2500.0921109231263	0.75
7445.581771022897	1850	14.675781622498528	0.0	982064	6160.321423446376	0.75
7450.339813089373	1850	13.917739556021889	0.0	830730	4758.042066476639	1.85
7454.421170241616	1850	13.83638240377836	0.0	846370	4081.3571522435286	1.85

