12963.692945535558	750	4.0	1.6132241480558394	450283	1613.2241480558394	-6.186863836640109
12965.254397337796	750	6.438548197762211	0.0	398865	1561.4518022377888	0.75
12966.951844838999	750	8.741100696558858	0.0	350812	1697.4475012033529	0.75
12968.624035277153	750	11.068910258404797	0.0	382355	1672.1904381540605	0.75
12970.535428595449	750	13.15751694010805	0.0	411561	1911.3933182967492	0.75
12971.915643131273	750	15.777302404284576	0.0	318564	1380.2145358234743	0.75
12973.612687452394	750	18.080258083163127	0.0	352642	1697.0443211214485	0.75
12975.39320662295	750	20.29973891260742	0.0	437162	1780.5191705557106	0.75
12978.022654904558	1850	21.670290631000523	0.0	852833	2629.4482816068953	0.75
12980.740750927855	1850	22.952194607702864	0.0	913888	2718.096023297659	1.85
12984.000139660398	1850	23.692805875159827	0.0	939819	3259.38873254304	1.85
12988.21804022495	1850	23.474905310605994	0.0	917428	4217.900564553833	1.85
12992.645055830408	1850	23.047889705149046	0.0	946851	4427.015605456949	1.85
13000.108998486508	1850	19.583947049049232	0.0	1036454	7463.942656099815	1.85
13006.368793297692	1850	17.324152237866098	0.0	821631	6259.794811183131	1.85
13014.875023940956	1850	12.817921594601463	0.0	923170	8506.230643264636	1.85
13017.824355687488	750	13.86858984806944	0.0	360831	2949.3317465320206	-0.3500000000000001
13019.730976914761	750	15.961968620795286	0.0	372963	1906.6212272741561	0.75
13022.221822919857	750	17.471122615699834	0.0	405596	2490.846005095451	0.75
13024.149284466377	750	19.543661069179542	0.0	350713	1927.4615465202908	0.75
13025.991042380932	750	21.701903154623405	0.0	386472	1841.7579145561388	0.75
13030.840051864869	1850	20.85289367068829	0.0	955231	4849.009483935114	0.75
13043.43489850873	1850	12.258047026824338	0.0	968026	12594.846643863952	1.85
13045.761977333555	750	13.930968202000873	0.0	343800	2327.078824823465	-0.3500000000000001
13048.445114321887	750	15.24783121366844	0.0	359903	2683.136988332432	0.75
13051.104011560052	750	16.588933975503735	0.0	379700	2658.8972381647045	0.75
13053.190287565263	750	18.502657970293733	0.0	425781	2086.276005210002	0.75
13054.235736923558	750	21.457208611998087	0.0	277716	1045.449358295647	0.75
13057.267543984033	1850	22.425401551524338	0.0	972798	3031.8070604737504	0.75
13060.866996344366	1850	22.82594919118958	0.0	975811	3599.45236033476	1.85
13063.588928648047	1850	24.104016887509637	0.0	873429	2721.9323036799387	1.85
13066.006540141998	1850	25.686405393559742	0.0	954453	2417.611493949897	1.85
13072.244237506782	4300	23.448708028774035	0.0	2191074	6237.697364785704	1.8499999999999996
13081.82490519321	4300	17.868040342345807	0.0	2286761	9580.667686428227	4.3
13089.780543471923	1850	13.91240206363505	0.0	1026056	7955.63827871076	-0.6000000000000001
13095.061788895691	1850	12.631156639868212	0.0	943942	5281.245423766836	1.85
13098.543050398332	1850	13.14989513722846	0.0	728962	3481.2615026397502	1.85
13102.739338165715	1850	12.953607369843521	0.0	938587	4196.287767384939	1.85
13106.559339209183	1850	13.133606326373929	0.0	908665	3820.001043469592	1.85
13110.548970543774	1850	13.143974991783276	0.0	930577	3989.6313345906524	1.85
13114.035290459322	1850	13.65765507623601	0.0	858450	3486.3199155472657	1.85
13118.393249044795	1850	13.299696490763017	0.0	1025005	4357.958585472992	1.85
13121.572832696407	1850	14.120112839149053	0.0	886255	3179.5836516139643	1.85
13125.206240955427	1850	14.486704580129539	0.0	973972	3633.408259019513	1.85
13128.631615415396	1850	15.061330120160138	0.0	958994	3425.374459969402	1.85
13132.172602394603	1850	15.520343140953203	0.0	982064	3540.9869792069326	1.85
13134.656349920566	1850	17.036595614990713	0.0	830730	2483.747525962488	1.85
13137.055660626516	1850	18.637284909040346	0.0	846370	2399.3107059503686	1.85

