10422.028170413718	750	4.0	2.7039540741785544	450283	2703.9540741785545	-10.877002518967783
10422.888397290331	300	7.139773123385195	0.0	155580	860.2268766148045	-0.15000000000000002
10423.645693889357	300	10.382476524359733	0.0	139857	757.2965990254636	0.3
10425.444872010441	750	12.583298403275311	0.0	382355	1799.1781210844215	0.3
10427.267754373439	750	14.760416040277502	0.0	411561	1822.882362997808	0.75
10430.700971872002	1200	15.327198541714488	0.0	520315	3433.217498563014	0.75
10435.325165632003	1200	14.703004781714371	0.0	561791	4624.193760000117	1.2
10439.253994085819	750	14.774176327897964	0.0	437162	3928.828453816408	0.3
10443.52862727656	750	14.49954313715635	0.0	374758	4274.633190741613	0.75
10445.884634201002	750	16.14353621271504	0.0	362795	2356.0069244413103	0.75
10448.093766402968	750	17.934404010748615	0.0	353220	2209.1322019664244	0.75
10450.47245049633	750	19.555719917384256	0.0	405134	2378.684093364358	0.75
10453.853574499488	1200	20.174595914227947	0.0	624282	3381.124003156309	0.75
10457.083009267242	1200	20.945161146473648	0.0	687371	3229.434767754297	1.2
10460.830192099806	1850	21.197978313911225	0.0	821631	3747.182832562424	1.2000000000000002
10467.117084148966	1850	18.91108626475137	0.0	923170	6286.892049159858	1.85
10472.654194764245	1200	17.3739756494724	0.0	617242	5537.110615278967	0.5499999999999999
10476.483739089424	1200	17.544431324293026	0.0	581493	3829.5443251793736	1.2
10479.50477455371	1200	18.52339586000594	0.0	639204	3021.035464287086	1.2
10487.48215956211	1200	14.54601085160558	0.0	586839	7977.3850084003625	1.2
10492.814960391757	750	13.213210021957575	0.0	386472	5332.800829648004	0.3
10493.941470199803	300	16.08670021391247	0.0	157812	1126.5098080451087	-0.15000000000000002
10497.783294327648	750	16.244876086066807	0.0	401853	3841.824127845661	0.3
10501.142387477707	750	16.885782936007836	0.0	343800	3359.0931500589695	0.75
10503.575668075053	750	18.452502338661954	0.0	359903	2433.280597345881	0.75
10506.217172026763	750	19.810998386951628	0.0	379700	2641.503951710326	0.75
10508.99991345484	750	21.02825695887419	0.0	425781	2782.741428077439	0.75
10512.389251906388	1200	21.63891850732606	0.0	487160	3389.33845154813	0.75
10515.77940175712	1200	22.248768656593487	0.0	622896	3390.149850732575	1.2
10520.54884882292	1200	21.47932159079324	0.0	641447	4769.447065800248	1.2
10524.48885433239	1200	21.53931608132133	0.0	570392	3940.005509471907	1.2
10530.4113990118	1200	19.616771401911546	0.0	620283	5922.544679409788	1.2
10533.98580416763	1200	20.042366246081905	0.0	584349	3574.40515582964	1.2
10539.10590855818	1200	18.922261855531612	0.0	670129	5120.104390550291	1.2
10541.419016094527	750	20.609154319183578	0.0	401088	2313.107536348033	0.3
10544.751121896177	1200	21.277048517533988	0.0	598727	3332.1058016495867	0.75
10555.825308822888	1850	14.202861590822017	0.0	728962	11074.186926711971	1.2000000000000002
10561.096248846563	750	12.931921567148107	0.0	361565	5270.94002367391	-0.3500000000000001
10563.36117008488	300	14.66700032883204	0.0	144254	2264.921238316067	-0.15000000000000002
10565.318224078606	300	16.70994633510318	0.0	149991	1957.0539937288584	0.3
10567.078216750626	300	18.949953663084692	0.0	147968	1759.992672018489	0.3
10568.7873235583	300	21.24084685541131	0.0	161857	1709.1068076733836	0.3
10572.032737102456	750	21.995433311254057	0.0	372093	3245.4135441572516	0.3
10575.124771928722	750	22.90339848498908	0.0	438281	3092.034826264978	0.75
10577.55844698311	750	24.46972343060142	0.0	398987	2433.675054387662	0.75
10581.12445869835	1200	24.90371171536057	0.0	638661	3566.0117152408498	0.75
10583.830617763491	1200	26.197552650220185	0.0	538612	2706.159065140381	1.2
10587.97724904806	1850	26.0509213656519	0.0	846370	4146.631284568288	1.2000000000000002

