18124.958871337403	750	4.0	3.1328471558220468	450283	3132.8471558220467	-12.7212427700348
18127.415599805237	750	5.54327153216687	0.0	398865	2456.72846783313	0.75
18129.45425973534	750	7.504611602065916	0.0	350812	2038.6599301009546	0.75
18131.884183378763	750	9.074687958642482	0.0	382355	2429.923643423433	0.75
18136.212059040776	1200	8.746812296626839	0.0	652874	4327.875662015644	0.75
18140.781167386463	1200	8.177703950938907	0.0	520315	4569.1083456879305	1.2
18145.43616209752	1200	7.522709239882385	0.0	561791	4654.994711056523	1.2
18149.6301309155	750	7.328740421902932	0.0	437162	4193.968817979453	0.3
18152.700122621834	750	8.258748715570682	0.0	374758	3069.9917063322496	0.75
18155.183603054607	750	9.775268282796322	0.0	362795	2483.4804327743614	0.75
18158.0500743638	750	10.908796973604344	0.0	353220	2866.4713091919775	0.75
18162.05233151973	750	10.906539817675831	0.0	405134	4002.257155928514	0.75
18164.73227725339	750	12.226594084014343	0.0	386351	2679.945733661489	0.75
18168.832235926577	750	12.126635410831321	0.0	434409	4099.958673183023	0.75
18171.14068689556	750	13.81818444184757	0.0	337059	2308.45096898375	0.75
18174.18353634734	750	14.775334990067387	0.0	366214	3042.8494517801823	0.75
18176.776275527558	750	16.182595809850532	0.0	360831	2592.7391802168563	0.75
18179.40511107281	750	17.5537602645964	0.0	372963	2628.8355452541323	0.75
18182.65673962807	750	18.30213170933915	0.0	405596	3251.628555257249	0.75
18185.699298381394	750	19.259572956011624	0.0	350713	3042.558753327528	0.75
18189.23029781845	750	19.72857351896041	0.0	386472	3530.9994370512136	0.75
18192.41886945088	750	20.54000188652691	0.0	399894	3188.5716324335017	0.75
18195.947187909784	750	21.011683427627148	0.0	401853	3528.3184588997606	0.75
18198.95627067516	750	22.002600662250334	0.0	343800	3009.082765376814	0.75
18202.58113382489	750	22.37773751252083	0.0	359903	3624.8631497295037	0.75
18205.79519352412	750	23.163677813287244	0.0	379700	3214.0596992335873	0.75
18208.66185649092	750	24.2970148464912	0.0	425781	2866.662966796042	0.75
18210.342761691656	750	26.616109645753053	0.0	277716	1680.9052007381488	0.75
18212.672736044726	750	28.286135292682037	0.0	400396	2329.974353071015	0.75
18215.117253322605	750	29.841618014805448	0.0	400508	2444.517277876587	0.75
18219.161186962217	1200	29.79768437519421	0.0	570392	4043.933639611241	0.75
18224.52070326821	1200	28.438168069203563	0.0	620283	5359.516305990644	1.2
18229.42276311748	1200	27.536108219929194	0.0	584349	4902.059849274371	1.2
18233.46548737711	750	27.493383960297813	0.0	412837	4042.7242596313818	0.3
18236.523549852533	750	28.435321484878543	0.0	401088	3058.062475419269	0.75
18238.92283563613	750	30.03603570127784	0.0	365161	2399.285783600703	0.75
18242.16085397791	750	30.798017359498417	0.0	321064	3238.018341779426	0.75
18245.32550966333	750	31.6333616740825	0.0	361565	3164.655685415915	0.75
18248.057227803718	750	32.901643533693964	0.0	378327	2731.718140388542	0.75
18251.766039265964	750	33.19283207144677	0.0	390680	3708.811462247191	0.75
18254.170272023744	750	34.78859931366507	0.0	345516	2404.2327577817055	0.75
18257.290910751763	750	35.66796058564683	0.0	384505	3120.6387280182303	0.75
18259.939885440715	750	37.01898589669668	0.0	372093	2648.974688950153	0.75
18263.230303770662	750	37.72856756674831	0.0	438281	3290.418329948367	0.75
18266.41057281462	750	38.54829852278876	0.0	398987	3180.269043959548	0.75
18270.10047918189	750	38.858392155521315	0.0	393804	3689.906367267448	0.75
18272.78202396129	750	40.17684737612551	0.0	331053	2681.544779395811	0.75
18275.407978437695	750	41.55089289971658	0.0	314107	2625.95447640893	0.75

