23492.338910065173	750	4.0	2.5585548523374078	450283	2558.5548523374077	-10.251785865050852
23493.27035765155	300	7.068552413622195	0.0	155580	931.447586377805	-0.15000000000000002
23497.251948859004	1200	7.086961206169696	0.0	571051	3981.5912074524986	0.29999999999999993
23501.289592148238	1200	7.049317916933596	0.0	617681	4037.6432892361004	1.2
23504.762501445042	1200	7.576408620127777	0.0	652874	3472.9092968058185	1.2
23509.740394357206	1850	6.598515707967144	0.0	801058	4977.892912160633	1.2000000000000002
23514.80052575014	1850	5.5383843150345164	0.0	905515	5060.131392932628	1.85
23515.843940283747	300	8.494969781427331	0.0	173849	1043.414533607185	-1.25
23519.40531570203	1200	8.933594363141873	0.0	584846	3561.3754182854573	0.29999999999999993
23522.200782432523	750	10.138127632653315	0.0	362795	2795.466730488558	0.3
23524.80220910893	750	11.536700956245745	0.0	353220	2601.426676407569	0.75
23529.410798707995	750	10.928111357181562	0.0	405134	4608.589599064185	0.75
23530.68576873961	300	13.653141325566367	0.0	160746	1274.9700316151961	-0.15000000000000002
23533.791872165144	750	14.547037900035217	0.0	434409	3106.10342553115	0.3
23536.987732977417	750	15.351177087761764	0.0	337059	3195.8608122734527	0.75
23543.026157424818	750	13.312752640357743	0.0	366214	6038.424447404021	0.75
23545.847283398285	300	14.491626666891205	0.0	143509	2821.1259734665377	-0.15000000000000002
23548.18399107747	300	16.1549189877072	0.0	150616	2336.707679184003	0.3
23550.186322834204	300	18.152587230971516	0.0	165384	2002.3317567356853	0.3
23551.70936860606	300	20.629541459115245	0.0	140881	1523.0457718562711	0.3
23555.23504698307	750	21.10386308210601	0.0	386472	3525.6783770092347	0.3
23556.618685050766	300	23.720225014410218	0.0	157812	1383.638067695792	-0.15000000000000002
23560.97000849282	750	23.368901572358094	0.0	401853	4351.323442052124	0.3
23562.757288954323	300	25.5816211108578	0.0	137654	1787.2804615002965	-0.15000000000000002
23565.955343020414	750	26.38356704476588	0.0	359903	3198.054066091921	0.3
23569.31510389534	750	27.023806169840274	0.0	379700	3359.760874925603	0.75
23573.740073424793	750	26.598836640385336	0.0	425781	4424.969529454937	0.75
23576.445553196372	750	27.893356868807565	0.0	277716	2705.479771577771	0.75
23583.050408977702	1200	25.288501087475275	0.0	622896	6604.855781332292	0.75
23589.962169527127	1200	22.376740538049745	0.0	641447	6911.760549425529	1.2
23592.901746669006	750	23.437163396171446	0.0	358218	2939.577141878298	0.3
23599.891924385054	1200	20.44698568011942	0.0	620283	6990.177716052028	0.75
23605.368163217474	1200	18.97074684770211	0.0	584349	5476.238832417307	1.2
23614.33694244128	1200	14.001967623893504	0.0	670129	8968.779223808606	1.2
23615.965449439536	300	16.373460625635797	0.0	179328	1628.5069982577077	-0.6000000000000001
23620.691745491647	1200	15.647164573526908	0.0	598727	4726.296052108889	0.29999999999999993
23624.05050606752	1200	16.288403997649823	0.0	487812	3358.760575877084	1.2
23628.17138840023	1200	16.167521664941106	0.0	575591	4120.882332708718	1.2
23632.52926612155	1200	15.809643943618571	0.0	605884	4357.877721322534	1.2
23636.90264337568	1200	15.436266689491102	0.0	587506	4373.377254127469	1.2
23642.32251511009	1200	14.016394955082195	0.0	566904	5419.871734408907	1.2
23647.388981139182	1200	12.9499289259882	0.0	641452	5066.466029093996	1.2
23652.562021035486	1200	11.776889029687096	0.0	599477	5173.039896301104	1.2
23658.76393021225	1200	9.574979852919569	0.0	634861	6201.909176767527	1.2
23666.663480006493	1200	5.675430058677351	0.0	630203	7899.549794242217	1.2
23672.424250056025	1200	4.0	0.08533999085301457	638661	5760.770049530366	0.8330380393320373
23674.02132586896	300	6.402924187066214	0.0	137507	1597.0758129337867	-0.6000000000000001
23679.724752851642	1200	4.699497204379501	0.0	550906	5703.426982686713	0.29999999999999993

