10020.636342230584	750	4.0	6.579692689023528	450283	6579.692689023527	-27.542678562801168
10021.623130146734	300	7.013212083850239	0.0	155580	986.7879161497615	-0.15000000000000002
10029.000948674233	750	4.0	0.36460644364948164	350812	7377.81852749972	-1.267807707692771
10032.613233949496	300	4.387714724738744	0.0	155432	3612.2852752612566	-0.15000000000000002
10034.54237878067	300	6.458569893564117	0.0	163442	1929.1448311746271	0.3
10036.996373155143	300	8.0045755190918	0.0	126289	2453.9943744723173	0.3
10043.577196234639	750	5.423752439595227	0.0	352642	6580.823079496572	0.3
10045.86917442007	300	7.131774254165803	0.0	173849	2291.9781854294233	-0.15000000000000002
10048.604136446247	750	8.396812227988997	0.0	374758	2734.962026176807	0.3
10050.694646773069	750	10.306301901167714	0.0	362795	2090.510326821284	0.75
10054.78267502036	1200	10.218273653877045	0.0	607410	4088.02824729067	0.75
10058.478439407967	1200	10.522509266269338	0.0	594078	3695.7643876077054	1.2
10061.972705064816	1200	11.028243609419993	0.0	624282	3494.2656568493458	1.2
10069.424182960394	1850	7.576765713841903	0.0	1036454	7451.47789557809	1.2000000000000002
10072.326613490464	750	8.674335183772422	0.0	337059	2902.43053006948	-0.3500000000000001
10074.955352515157	750	10.045596159079084	0.0	366214	2628.7390246933387	0.75
10077.973210022163	1200	11.027738652074554	0.0	617242	3017.8575070045304	0.75
10081.749207539344	1850	11.251741134892734	0.0	885714	3775.9975171818182	1.2000000000000002
10086.040583754913	1850	10.960364919323121	0.0	987708	4291.376215569613	1.85
10088.213319073539	1200	12.787629600697445	0.0	586839	2172.7353186256773	0.5499999999999999
10092.318042784313	1850	12.68290588992478	0.0	891604	4104.723710772663	1.2000000000000002
10099.027054063356	1850	9.973894610881747	0.0	955231	6709.011279043035	1.85
10102.17020514077	1200	10.830743533468691	0.0	656471	3143.151077413057	0.5499999999999999
10105.430139199498	1200	11.570809474740662	0.0	536667	3259.9340587280303	1.2
10113.076522850899	1850	7.9244258233390905	0.0	897976	7646.383651401571	1.2000000000000002
10118.562744436766	750	6.438204237473159	0.0	379700	5486.221585865931	-0.3500000000000001
10123.678828811444	300	5.322119862794775	0.0	181901	5116.084374678384	-0.15000000000000002
10126.478315414139	300	6.52263326010179	0.0	111155	2799.4866026929853	0.3
10130.68888102945	300	6.312067644790686	0.0	153605	4210.565615311104	0.3
10134.854445521572	300	6.14650315266818	0.0	149029	4165.564492122505	0.3
10137.67232363579	300	7.328625038450316	0.0	157421	2817.878114217864	0.3
10147.808872306217	750	4.0	2.8079236319755436	400322	10136.54867042586	-11.774071617494837
10151.324317316397	300	4.484554989819133	0.0	143881	3515.4450101808675	-0.15000000000000002
10153.282908507026	300	6.525963799191064	0.0	163444	1958.5911906280685	0.3
10154.430380743237	300	9.378491562980043	0.0	179328	1147.4722362110206	0.3
10157.577598923757	1200	10.231273382460147	0.0	598727	3147.2181805198966	0.29999999999999993
10159.91528775193	1200	11.89358455428859	0.0	487812	2337.6888281715555	1.2
10172.379130590209	1850	4.0	0.5702582839888201	938587	12463.842838277411	-1.252110621151926
10173.462448876004	300	6.9166817142055805	0.0	144254	1083.3182857944194	-1.25
10174.544190069953	300	9.834940520255236	0.0	149991	1081.7411939503454	0.3
10178.496233422662	1200	9.882897167547046	0.0	566904	3952.0433527081896	0.29999999999999993
10183.651145953518	1200	8.727984636691623	0.0	641452	5154.912530855423	1.2
10185.843547983013	750	10.53558260719551	0.0	372093	2192.402029496113	0.3
10188.828409479926	1200	11.550721110283467	0.0	634861	2984.8614969120435	0.75
10193.573764928848	1850	10.805365661361753	0.0	958994	4745.355448921712	1.2000000000000002
10196.797681515869	1200	11.581449074340544	0.0	638661	3223.9165870212096	0.5499999999999999
10200.529756447055	1850	11.849374143154844	0.0	830730	3732.0749311857	1.2000000000000002
10204.675499138764	1850	11.703631451444855	0.0	846370	4145.742691709989	1.85

