18593.423150153558	750	4.0	10.535228578788095	450283	10535.228578788096	-44.551482888788804
18594.813997102094	300	6.609153051467327	0.0	155580	1390.8469485326723	-0.15000000000000002
18596.49658904019	300	8.926561113369436	0.0	139857	1682.5919380978908	0.3
18598.776477119554	300	10.646673034004781	0.0	155432	2279.888079364655	0.3
18600.932317043644	300	12.490833109915867	0.0	163442	2155.8399240889144	0.3
18602.505116941065	300	14.918033212494962	0.0	126289	1572.7998974209063	0.3
18604.58974629274	300	16.833403860820415	0.0	153295	2084.629351674547	0.3
18606.81393997169	300	18.609210181872594	0.0	173849	2224.193678947818	0.3
18608.641849773474	300	20.78130038008848	0.0	150710	1827.9098017841122	0.3
18611.288926328998	300	22.134223824563275	0.0	139105	2647.0765555252055	0.3
18613.62735286721	300	23.795797286351394	0.0	141840	2338.426538211881	0.3
18616.797897870052	300	24.62525228350618	0.0	156148	3170.545002845213	0.3
18620.89927169971	300	24.52387845385177	0.0	160746	4101.37382965441	0.3
18625.656018396872	300	23.76713175668622	0.0	179801	4756.7466971655485	0.3
18629.320246914358	300	24.102903239200767	0.0	140051	3664.2285174854514	0.3
18631.854094570615	300	25.569055582941555	0.0	138313	2533.847656259213	0.3
18634.2329315201	300	27.190218633458553	0.0	143509	2378.836949482999	0.3
18637.04295621195	300	28.380193941603046	0.0	150616	2810.024691855506	0.3
18640.239403204814	300	29.183746948741014	0.0	165384	3196.4469928620333	0.3
18642.52605771441	300	30.897092439142764	0.0	140881	2286.654509598246	0.3
18645.42181909348	300	32.00133106007376	0.0	157671	2895.7613790690048	0.3
18648.428126852054	300	32.99502330149886	0.0	157812	3006.3077585749015	0.3
18652.55697787989	300	32.86617227366305	0.0	163927	4128.851027835818	0.3
18654.656759837115	300	34.76639031643734	0.0	137654	2099.7819572257076	0.3
18656.500433377154	300	36.92271677639708	0.0	146754	1843.6735400402645	0.3
18658.24587122974	300	39.17727892380825	0.0	153938	1745.4378525888235	0.3
18660.077581963542	300	41.345568190007434	0.0	181901	1831.7107338008198	0.3
18661.192157149602	300	44.23099300394805	0.0	111155	1114.5751860593841	0.3
18662.849976393227	300	46.5731737603249	0.0	153605	1657.819243623152	0.3
18664.994991096373	300	48.42815905717874	0.0	149029	2145.01470314616	0.3
18667.70465530184	300	49.718494851714354	0.0	157421	2709.6642054643817	0.3
18671.14738433309	300	50.2757658204646	0.0	157488	3442.729031249759	0.3
18674.018379376772	300	51.404770776781056	0.0	143881	2870.9950436835425	0.3
18676.847468744312	300	52.57568140924331	0.0	163444	2829.0893675377433	0.3
18679.78089687817	300	53.64225327538612	0.0	179328	2933.4281338571927	0.3
18682.245937555213	300	55.177212598343374	0.0	159914	2465.040677042741	0.3
18683.972195344348	300	57.450954809209996	0.0	131610	1726.25778913338	0.3
18685.63668607793	300	59.78646407562687	0.0	124011	1664.4907335831288	0.3
18689.001593292207	300	59.65339273456949	0.0	144254	1633.0713410573765	0.3
18692.435014161027	300	59.77260022726858	0.0	149991	1880.7925073009071	0.3
18695.116165275736	300	59.63833887917406	0.0	147968	2634.2613480945215	0.3
18699.673773161947	300	59.08073099296492	0.0	161857	4557.607886209139	0.3
18703.261547987862	300	59.49295616704851	0.0	145210	3587.774825916406	0.3
18707.765771111146	300	58.988733043765045	0.0	172312	4504.2231232834665	0.3
18711.7908865038	300	58.96361765110997	0.0	167025	4025.115392655073	0.3
18715.240888753375	300	59.51361540153911	0.0	160064	3450.002249570856	0.3
18719.189651667202	300	59.56485248770698	0.0	137507	3448.762913832133	0.3
18722.867960970776	300	59.886543184134894	0.0	118421	3678.309303572091	0.3

