21051.129706701104	750	4.0	4.3779972098671385	450283	4377.997209867139	-18.075388002428696
21052.38798446502	300	6.741722236087304	0.0	155580	1258.2777639126964	-0.15000000000000002
21053.432960298353	300	9.696746402752327	0.0	139857	1044.975833334976	0.3
21054.61800821898	300	12.511698482125855	0.0	155432	1185.0479206264713	0.3
21057.81781224431	750	13.311894456791178	0.0	411561	3199.804025334677	0.3
21060.31382682636	750	14.815879874741597	0.0	318564	2496.0145820495813	0.75
21063.081794046753	750	16.047912654349265	0.0	352642	2767.9672203923324	0.75
21066.382213049554	750	16.74749365154678	0.0	437162	3300.4190028024864	0.75
21068.836612449042	750	18.293094252057813	0.0	374758	2454.399399488965	0.75
21071.1639413719	750	19.965765329202853	0.0	362795	2327.3289228549615	0.75
21073.67764148976	750	21.452065211337633	0.0	353220	2513.700117865216	0.75
21076.805565591145	750	22.324141109953807	0.0	405134	3127.9241013838305	0.75
21079.95778586521	750	23.17192083588853	0.0	386351	3152.2202740652738	0.75
21089.532760821923	1850	17.596945879173443	0.0	1036454	9574.974956715087	0.75
21099.403532832897	1850	11.726173868199144	0.0	821631	9870.772010974299	1.85
21103.162942787145	750	11.966763913951803	0.0	366214	3759.4099542473414	-0.3500000000000001
21106.25114012007	750	12.878566581025684	0.0	360831	3088.1973329261205	0.75
21109.435862337326	750	13.693844363770658	0.0	372963	3184.7222172550246	0.75
21113.02882003586	750	14.100886665234466	0.0	405596	3592.957698536193	0.75
21115.85533759466	750	15.274369106430822	0.0	350713	2826.517558803644	0.75
21119.233139987686	750	15.896566713408456	0.0	386472	3377.8023930223667	0.75
21122.66219063467	750	16.467516066423467	0.0	399894	3429.050646984987	0.75
21125.893711568766	750	17.235995132329077	0.0	401853	3231.52093409439	0.75
21128.496908010282	750	18.63279869081117	0.0	343800	2603.196441517908	0.75
21131.222201192508	750	19.907505508585242	0.0	359903	2725.293182225925	0.75
21134.400163614628	750	20.729543086469036	0.0	379700	3177.96242211621	0.75
21138.600493636168	750	20.52921306492687	0.0	425781	4200.330021542163	0.75
21141.273702901613	750	21.85600379948422	0.0	277716	2673.209265442654	0.75
21144.061534898832	750	23.06817180226486	0.0	400396	2787.83199721936	0.75
21146.897713843366	750	24.231992857732976	0.0	400508	2836.1789445318814	0.75
21149.82996530555	750	25.299741395543883	0.0	358218	2932.251462189096	0.75
21153.452000215937	750	25.677706485160947	0.0	400322	3622.0349103829353	0.75
21162.051094254686	1850	21.07861244641152	0.0	885062	8599.094038749425	0.75
21172.45689400552	1850	14.672812695578164	0.0	1035329	10405.799750833356	1.85
21176.62933331906	750	14.500373382040783	0.0	401088	4172.439313537381	-0.3500000000000001
21180.103044488562	750	15.026662212539602	0.0	365161	3473.71116950118	0.75
21183.216053024422	750	15.913653676678772	0.0	321064	3113.0085358608308	0.75
21186.28873574687	750	16.840970954227654	0.0	361565	3072.682722451117	0.75
21189.578775317652	750	17.55093138344883	0.0	378327	3290.039570778824	0.75
21192.906195776366	750	18.22351092473294	0.0	390680	3327.420458715894	0.75
21196.465943067356	750	18.663763633742665	0.0	345516	3559.74729099027	0.75
21199.82388938429	750	19.30581731680981	0.0	384505	3357.946316932856	0.75
21203.386272443426	750	19.74343425767232	0.0	372093	3562.383059137491	0.75
21209.01582983308	750	18.11387686801809	0.0	438281	5629.5573896542355	0.75
21215.980784966574	750	15.148921734524164	0.0	398987	6964.955133493925	0.75
21219.78445690192	750	15.345249799174908	0.0	393804	3803.6719353492545	0.75
21222.516271405468	750	16.613435295631106	0.0	331053	2731.8145035438015	0.75
21225.310412126775	750	17.81929457432182	0.0	314107	2794.1407213092857	0.75

