9273.623572544057	750	4.0	2.4304790559882594	450283	2430.4790559882595	-9.701059940749515
9274.693460386488	300	6.930112157568032	0.0	155580	1069.8878424319682	-0.15000000000000002
9275.82359949724	300	9.79997304681631	0.0	139857	1130.1391107517218	0.3
9279.766289819825	1200	9.857282724230256	0.0	617681	3942.690322586054	0.29999999999999993
9283.746712609354	1200	9.876859934700644	0.0	652874	3980.4227895296112	1.2
9288.714321790776	1200	8.909250753279208	0.0	520315	4967.609181421436	1.2
9291.258691204599	750	10.364881339457032	0.0	352642	2544.3694138221763	0.3
9299.30374823695	1200	6.319824307105815	0.0	709534	8045.057032351217	0.75
9302.175398622456	300	7.448173921598461	0.0	150710	2871.650385507354	-0.6000000000000001
9311.308428252403	750	4.0	1.6848557083485776	362795	9133.02962994704	-6.944879545898884
9314.515061163014	300	4.793367089389159	0.0	141840	3206.6329106108406	-0.15000000000000002
9318.265955939065	300	5.042472313338226	0.0	156148	3750.8947760509336	0.3
9321.853386920297	300	5.4550413321090145	0.0	160746	3587.430981229211	0.3
9324.367093580453	300	6.941334671951373	0.0	179801	2513.7066601576416	0.3
9325.667460215884	300	9.640968036520075	0.0	140051	1300.3666354312977	0.3
9331.95648635257	1200	7.351941899833068	0.0	587876	6289.026136687007	0.29999999999999993
9335.28282983428	750	8.025598418124517	0.0	360831	3326.3434817085504	0.3
9340.181751530261	750	7.126676722141225	0.0	372963	4898.921695983292	0.75
9342.50378834456	750	8.804639907843562	0.0	405596	2322.0368142976617	0.75
9344.241371969156	750	11.067056283247311	0.0	350713	1737.5836245962514	0.75
9348.852213526032	1850	10.456214726372394	0.0	891604	4610.841556874917	0.75
9352.436819005514	1200	10.871609246889074	0.0	616206	3584.6054794833203	0.5499999999999999
9354.944451990423	1200	12.363976261981412	0.0	656471	2507.6329849076624	1.2
9358.480312463193	1850	12.82811578921076	0.0	874175	3535.8604727706534	1.2000000000000002
9362.19159770138	1850	13.116830551022323	0.0	897976	3711.2852381884345	1.85
9369.196632978359	2850	10.1117952740436	0.0	1480464	7005.035276978724	1.85
9372.234970609461	1200	11.07345764294056	0.0	696376	3038.3376311030397	-0.44999999999999996
9376.025919708354	1850	11.28250854404817	0.0	758197	3790.949098892389	1.2000000000000002
9386.406413270144	1850	4.9020149822588195	0.0	972798	10380.493561789352	1.85
9387.720535005099	300	7.587893247304339	0.0	149029	1314.12173495448	-1.25
9390.191069479693	750	9.117358772709588	0.0	358218	2470.5344745947505	0.3
9397.45912956139	1200	5.849298691011714	0.0	620283	7268.060081697874	0.75
9399.598425175967	300	7.710003076436355	0.0	143881	2139.295614575358	-0.6000000000000001
9402.52759030565	750	8.780837946751657	0.0	412837	2929.165129684699	0.3
9404.659266640885	750	10.64916161151725	0.0	401088	2131.6763352344065	0.75
9408.071966231728	1200	11.236462020674464	0.0	598727	3412.699590842787	0.75
9413.06726652476	1850	10.241161727643208	0.0	728962	4995.300293031256	1.2000000000000002
9417.497392937477	1200	9.811035314926254	0.0	575591	4430.126412716954	0.5499999999999999
9420.672166538307	1200	10.636261714096372	0.0	605884	3174.773600829882	1.2
9425.543288994093	1200	9.7651392583122	0.0	587506	4871.122455784172	1.2
9430.241767597565	1200	9.06666065483869	0.0	566904	4698.47860347351	1.2
9435.350252882909	1200	7.958175369495502	0.0	641452	5108.485285343188	1.2
9437.902741038613	750	9.405687213792042	0.0	372093	2552.48815570346	0.3
9442.375554094351	1200	8.932874158053385	0.0	634861	4472.813055738657	0.75
9445.656971070883	750	9.65145718152421	0.0	398987	3281.4169765291776	0.3
9450.454136657285	1200	8.8542915951224	0.0	638661	4797.165586401811	0.75
9452.893181868236	750	10.415246384171045	0.0	331053	2439.0452109513544	0.3
9455.928243049562	1200	11.380185202844864	0.0	550906	3035.0611813261826	0.75

