13492.126395148638	750	4.0	4.997202366246414	450283	4997.202366246414	-20.73797017485958
13494.279756898924	300	5.846638249714482	0.0	155580	2153.3617502855177	-0.15000000000000002
13497.397909012412	300	6.728486136226441	0.0	139857	3118.1521134880413	0.3
13501.769525768788	300	6.35686937985117	0.0	155432	4371.6167563752715	0.3
13506.197748259861	300	5.928646888778943	0.0	163442	4428.222491072226	0.3
13509.24910529989	300	6.877289848750208	0.0	126289	3051.3570400287354	0.3
13511.870485469244	300	8.255909679394989	0.0	153295	2621.38016935522	0.3
13513.574504308106	300	10.551890840533298	0.0	173849	1704.0188388616891	0.3
13515.055154433741	300	13.071240714897634	0.0	150710	1480.6501256356646	0.3
13516.410170252766	300	15.716224895873086	0.0	139105	1355.0158190245468	0.3
13517.911852802818	300	18.214542345823435	0.0	141840	1501.6825500496527	0.3
13519.27610536147	300	20.850289787169828	0.0	156148	1364.2525586536055	0.3
13522.382616634583	750	21.74377851405695	0.0	386351	3106.5112731128793	0.3
13525.61437145087	750	22.512023697768207	0.0	434409	3231.754816288743	0.75
13528.189421312014	750	23.936973836626038	0.0	337059	2575.049861142167	0.75
13530.63878323706	750	25.48761191157832	0.0	366214	2449.36192504772	0.75
13532.568514728518	750	27.557880420120945	0.0	360831	1929.7314914573728	0.75
13534.263476378077	750	29.862918770562096	0.0	372963	1694.9616495588484	0.75
13537.47613857196	1200	30.65025657668075	0.0	639204	3212.6621938813464	0.75
13540.41261276658	1200	31.71378238205985	0.0	586839	2936.474194620899	1.2
13544.431964285879	1200	31.69443086276178	0.0	601738	4019.3515192980717	1.2
13548.76125010442	1200	31.365145044220462	0.0	616206	4329.285818541316	1.2
13553.866880565995	1200	30.259514582644982	0.0	656471	5105.630461575481	1.2
13557.565159051506	1200	30.561236097134465	0.0	536667	3698.278485510518	1.2
13562.867818201918	1200	29.258576946721313	0.0	587236	5302.65915041315	1.2
13568.8826125794	750	27.243782569240437	0.0	379700	6014.794377480878	0.3
13575.979517416432	750	24.146877732207308	0.0	425781	7096.904837033129	0.75
13577.982204200267	300	26.144190948372163	0.0	111155	2002.6867838351416	-0.15000000000000002
13581.493049951938	300	26.633345196703335	0.0	153605	3510.8457516688277	0.3
13585.150279305766	300	26.976115842874187	0.0	149029	3657.229353829148	0.3
13588.87885891396	300	27.247536234679018	0.0	157421	3728.5796081951694	0.3
13592.130156581932	300	27.996238566705482	0.0	157488	3251.2976679735334	0.3
13594.39980176403	300	29.726593384607824	0.0	143881	2269.6451820976604	0.3
13597.752889092459	300	30.373506056179817	0.0	163444	3353.0873284280074	0.3
13602.193684202499	300	29.932710946138315	0.0	179328	4440.795110041503	0.3
13606.155072544152	300	29.971322604486136	0.0	159914	3961.3883416521767	0.3
13609.106785473477	300	31.019609675160844	0.0	131610	2951.7129293252933	0.3
13611.436480444327	300	32.689914704310624	0.0	124011	2329.6949708502216	0.3
13613.592428126594	300	34.53396702204382	0.0	144254	2155.947682266801	0.3
13615.769548360828	300	36.356846787810134	0.0	149991	2177.1202342336887	0.3
13617.884921249926	300	38.24147389871184	0.0	147968	2115.3728890982948	0.3
13620.116452503587	300	40.00994264504973	0.0	161857	2231.5312536621027	0.3
13621.670783619154	300	42.455611529483	0.0	145210	1554.3311155667327	0.3
13623.427652784607	300	44.69874236403073	0.0	172312	1756.86916545227	0.3
13625.481809109287	300	46.644586039350095	0.0	167025	2054.156324680637	0.3
13627.822687610122	300	48.30370753851539	0.0	160064	2340.8785008347036	0.3
13629.878622304645	300	50.247772843991655	0.0	137507	2055.934694523731	0.3
13631.781137441245	300	52.34525770739011	0.0	118421	1902.5151366015432	0.3

