25547.54147304915	750	4.0	4.717391294739914	450283	4717.391294739914	0.5	-19.53478256738163
25548.996403185676	300	6.545069863471299	0.0	155580	1454.9301365287008	0.5	-0.15000000000000002
25550.247285101785	300	9.294187947363007	0.0	139857	1250.881916108293	0.5	0.3
25554.21572809853	750	9.325744950618896	0.0	382355	3968.4429967441124	0.5	0.3
25559.002253117786	750	8.539219931364958	0.0	411561	4786.525019253938	0.5	0.75
25563.058039179505	750	8.483433869646703	0.0	318564	4055.7860617182564	0.5	0.75
25566.6375866088	750	8.903886440351645	0.0	352642	3579.547429295057	0.5	0.75
25570.72634351035	750	8.815129538801221	0.0	437162	4088.7569015504255	0.5	0.75
25574.28244166297	750	9.259031386180268	0.0	374758	3556.0981526209525	0.5	0.75
25577.6766892098	750	9.864783839351125	0.0	362795	3394.2475468291427	0.5	0.75
25581.172652500947	750	10.368820548204198	0.0	353220	3495.9632911469266	0.5	0.75
25585.540190861473	750	10.001282187674128	0.0	405134	4367.538360530069	0.5	0.75
25589.55082927899	750	9.990643770157137	0.0	386351	4010.6384175169937	0.5	0.75
25594.079315486364	750	9.46215756278468	0.0	434409	4528.486207372454	0.5	0.75
25599.01252836867	750	8.528944680480839	0.0	337059	4933.212882303842	0.5	0.75
25606.08263444876	750	5.458838600384188	0.0	366214	7070.106080096652	0.5	0.75
25608.393479563827	300	7.147993485317081	0.0	143509	2310.8451150671067	0.5	-0.15000000000000002
25611.030468287583	300	8.511004761563786	0.0	150616	2636.9887237532953	0.5	0.3
25613.769318911232	300	9.772154137916418	0.0	165384	2738.8506236473686	0.5	0.3
25615.45914566319	300	12.082327385957964	0.0	140881	1689.8267519584556	0.5	0.3
25617.79917267445	300	13.742300374698083	0.0	157671	2340.02701125988	0.5	0.3
25619.461235242685	300	16.080237806464584	0.0	157812	1662.0625682334974	0.5	0.3
25620.89712654111	300	18.644346508041526	0.0	163927	1435.8912984230597	0.5	0.3
25623.80172538302	750	19.739747666133297	0.0	343800	2904.5988419082273	0.5	0.3
25626.970908019735	750	20.570565029412386	0.0	359903	3169.1826367209133	0.5	0.75
25630.29922753883	750	21.24224551031796	0.0	379700	3328.3195190944257	0.5	0.75
25635.578824897024	750	19.962648152123137	0.0	425781	5279.597358194825	0.5	0.75
25638.141362287697	750	21.400110761451188	0.0	277716	2562.5373906719483	0.5	0.75
25641.42749069386	750	22.11398235528658	0.0	400396	3286.1284061646074	0.5	0.75
25645.43442946908	750	22.10704358006287	0.0	400508	4006.9387752237085	0.5	0.75
25649.991340864704	750	21.5501321844421	0.0	358218	4556.911395620774	0.5	0.75
25653.10755481155	750	22.433918237591563	0.0	400322	3116.213946850536	0.5	0.75
25658.311204510468	1200	21.23026853867422	0.0	584349	5203.649698917344	0.5	0.75
25664.95874867981	1200	18.582724369332137	0.0	670129	6647.5441693420835	0.5	1.2
25670.817201866375	1200	16.724271182762465	0.0	690253	5858.453186569669	0.5	1.2
25676.517682549937	1200	15.023790499205148	0.0	598727	5700.480683557318	0.5	1.2
25681.772239529557	1200	13.76923351958177	0.0	487812	5254.55697962338	0.5	1.2
25690.324610288164	1200	9.216862760974482	0.0	575591	8552.370758607287	0.5	1.2
25694.33764445893	750	9.203828590209877	0.0	378327	4013.0341707646035	0.5	0.3
25697.538479056046	750	10.002993993096384	0.0	390680	3200.834597113494	0.5	0.75
25700.43737278877	750	11.104100260372501	0.0	345516	2898.893732723884	0.5	0.75
25704.126624166438	750	11.414848882702646	0.0	384505	3689.251377669854	0.5	0.75
25707.918741813464	750	11.62273123567388	0.0	372093	3792.117647028767	0.5	0.75
25711.900824855387	750	11.640648193753472	0.0	438281	3982.0830419204085	0.5	0.75
25715.55374665027	750	11.98772639887416	0.0	398987	3652.921794879311	0.5	0.75
25719.123504029954	750	12.417969019187172	0.0	393804	3569.757379686989	0.5	0.75
25722.346102975807	750	13.195370073334587	0.0	331053	3222.598945852586	0.5	0.75
25731.32102461887	1850	8.220448430276507	0.0	846370	8974.92164305808	0.5	0.75

