21501.347833041367	750	4.0	6.8100179178166504	450283	6810.017917816651	-28.533077046611595
21502.512148341684	300	6.835684699681131	0.0	155580	1164.3153003188686	-0.15000000000000002
21503.470281893107	300	9.877551148259398	0.0	139857	958.1335514217336	0.3
21507.871315370507	1200	9.476517670858465	0.0	617681	4401.033477400931	0.29999999999999993
21512.48057362261	1200	8.867259418755305	0.0	652874	4609.258252103162	1.2
21514.73776663294	750	10.610066408424295	0.0	318564	2257.193010331009	0.3
21519.4005224155	1200	9.947310625865544	0.0	561791	4662.75578255875	0.75
21525.05586485288	1200	8.29196818848769	0.0	709534	5655.342437377854	1.2
21528.18273749332	750	9.165095548044448	0.0	374758	3126.872640443242	0.3
21532.42289197509	1200	8.924941066275228	0.0	560821	4240.15448176922	0.75
21535.29921721215	750	10.048615829215992	0.0	353220	2876.325237059235	0.3
21541.093119886023	1200	8.254713155340339	0.0	594078	5793.902673875656	0.75
21546.914069679828	750	6.43376336153469	0.0	386351	5820.9497938056475	0.3
21548.843162424408	300	8.504670616953302	0.0	179801	1929.0927445813898	-0.15000000000000002
21551.884505376955	750	9.463327664406984	0.0	337059	3041.342952546317	0.3
21557.445289150666	1200	7.902543890692618	0.0	587876	5560.783773714366	0.75
21561.100296905708	750	8.247536135650579	0.0	360831	3655.0077550420397	0.3
21564.740316776828	750	8.607516264532046	0.0	372963	3640.0198711185317	0.75
21568.83324620451	750	8.514586836848164	0.0	405596	4092.9294276838827	0.75
21571.8040733617	750	9.543759679656825	0.0	350713	2970.82715719134	0.75
21577.40301080794	1200	7.9448222334220695	0.0	601738	5598.937446234756	0.75
21583.47561298643	750	5.87222005493099	0.0	399894	6072.602178491079	0.3
21585.512074904767	300	7.83575813659491	0.0	163927	2036.4619183360799	-0.15000000000000002
21589.140234263625	750	8.207598777737156	0.0	343800	3628.159358857754	0.3
21592.95962517471	750	8.388207866652271	0.0	359903	3819.390911084883	0.75
21597.00190497858	750	8.34592806277963	0.0	379700	4042.279803872644	0.75
21603.58395701586	750	5.763876025499077	0.0	425781	6582.052037280551	0.75
21606.5350300839	300	6.812802957456514	0.0	111155	2951.073068042564	-0.15000000000000002
21610.20365700404	300	7.144176037317935	0.0	153605	3668.6269201385785	0.3
21617.66465816342	750	4.0	0.31682512206403407	400508	7461.001159381969	-1.0623480248753463
21619.17693978697	300	6.487718376453622	0.0	157421	1512.281623546378	-0.15000000000000002
21620.270399211502	300	9.394258951915416	0.0	157488	1093.459424538205	0.3
21625.48339141921	1200	8.18126674420779	0.0	584349	5212.992207707627	0.29999999999999993
21629.010527783532	750	8.654130379886535	0.0	412837	3527.1363643212544	0.3
21631.756991111222	750	9.907667052195341	0.0	401088	2746.463327691194	0.75
21635.23466746314	1200	10.429990700275411	0.0	598727	3477.6763519199308	0.75
21638.11673309494	1200	11.547925068478905	0.0	487812	2882.0656317965054	1.2
21645.378514521526	1850	8.286143641893926	0.0	938587	7261.781426584981	1.2000000000000002
21648.450379586684	750	9.214278576734399	0.0	378327	3071.865065159525	-0.3500000000000001
21653.458645063467	1200	8.206013099951768	0.0	587506	5008.2654767826325	0.75
21656.82942634204	750	8.835231821377503	0.0	345516	3370.7812785742635	0.3
21659.82092853469	750	9.84372962872839	0.0	384505	2991.502192649113	0.75
21664.626189274404	1200	9.038468889013354	0.0	599477	4805.260739715037	0.75
21669.770588938372	1200	7.894069225042764	0.0	634861	5144.399663970589	1.2
21673.43752829948	750	8.227129863936822	0.0	398987	3666.939361105943	0.3
21676.444014613226	750	9.220643550192742	0.0	393804	3006.4863137440793	0.75
21680.61734204686	1200	9.047316116561985	0.0	538612	4173.327433630757	0.75
21684.496018903927	1200	9.16863925949141	0.0	550906	3878.6768570705763	1.2

