11607.641803084873	750	4.0	7.862962959107444	450283	7862.962959107444	-33.06074072416201
11609.207132203728	300	6.434670881144126	0.0	155580	1565.3291188558746	-0.15000000000000002
11610.60990621896	300	9.03189686591194	0.0	139857	1402.7740152321862	0.3
11612.49650570148	300	11.1452973833924	0.0	155432	1886.5994825195382	0.3
11616.297153384725	750	11.34464970014828	0.0	411561	3800.6476832441217	0.3
11622.664285613671	750	8.977517471201994	0.0	318564	6367.132228946284	0.75
11623.983640224318	300	11.65816286055475	0.0	153295	1319.354610647244	-0.15000000000000002
11625.375683941087	300	14.266119143786923	0.0	173849	1392.0437167678274	0.3
11628.286847373964	750	15.354955710909973	0.0	374758	2911.1634328769514	0.3
11632.52965850828	750	15.112144576594225	0.0	362795	4242.811134315746	0.75
11636.542527230224	750	15.099275854650775	0.0	353220	4012.868721943451	0.75
11640.16622867153	750	15.475574413346008	0.0	405134	3623.701441304767	0.75
11642.294730493539	750	17.347072591336616	0.0	386351	2128.501822009393	0.75
11645.527292362052	750	18.11451072282205	0.0	434409	3232.5618685145637	0.75
11647.752009865208	750	19.889793219666924	0.0	337059	2224.7175031551274	0.75
11650.77819469254	750	20.86360839233402	0.0	366214	3026.1848273329047	0.75
11653.276427313423	750	22.36537577145127	0.0	360831	2498.2326208827503	0.75
11655.118096004466	750	24.523707080408926	0.0	372963	1841.6686910423402	0.75
11659.335286420022	1850	24.306516664851234	0.0	987708	4217.190415557692	0.75
11663.18874148956	1850	24.4530615953147	0.0	923755	3853.4550695365356	1.85
11666.762897063905	1850	24.878906020969115	0.0	891604	3574.155574345584	1.85
11671.689171348067	1850	23.952631736806822	0.0	955231	4926.274284162294	1.85
11677.355603507478	1850	22.286199577395912	0.0	968026	5666.4321594109115	1.85
11682.528068134201	1850	21.113734950672203	0.0	874175	5172.464626723711	1.85
11695.099715963253	1850	12.542087121620545	0.0	897976	12571.647829051657	1.85
11700.404347416008	750	11.237455668866664	0.0	379700	5304.631452753882	-0.3500000000000001
11704.949411678324	750	10.692391406551636	0.0	425781	4545.064262315028	0.75
11706.856806721727	750	12.784996363146714	0.0	277716	1907.3950434049218	0.75
11709.05635431509	750	14.585448769786446	0.0	400396	2199.5475933602675	0.75
11710.611691483764	750	17.030111601112413	0.0	400508	1555.337168674032	0.75
11714.707133246715	1850	16.93466983816204	0.0	873429	4095.4417629503723	0.75
11720.688920984452	1850	14.952882100424329	0.0	954453	5981.787737737711	1.85
11728.05706760146	1850	11.584735483418369	0.0	885062	7368.146617005961	1.85
11735.463810829655	1850	8.177992255222357	0.0	1035329	7406.743228196012	1.85
11739.079754237247	750	8.562048847629272	0.0	401088	3615.943407593084	-0.3500000000000001
11741.636417888525	750	10.005385196351614	0.0	365161	2556.6636512776568	0.75
11743.948466854448	750	11.693336230429235	0.0	321064	2312.04896592238	0.75
11746.917229625453	750	12.724573459425107	0.0	361565	2968.762771004128	0.75
11749.68039963401	750	13.961403450867937	0.0	378327	2763.1700085571706	0.75
11752.369951040195	750	15.27185204468169	0.0	390680	2689.551406186247	0.75
11755.97164606424	750	15.670157020639056	0.0	345516	3601.6950240426336	0.75
11760.504699776126	750	15.137103308751875	0.0	384505	4533.053711887182	0.75
11762.589864016049	750	17.051939068829924	0.0	372093	2085.1642399219504	0.75
11764.810096220379	750	18.831706864498432	0.0	438281	2220.2322043314934	0.75
11769.201119948308	1850	18.4406831365708	0.0	958994	4391.023727927631	0.75
11781.285443925546	1850	10.356359159331161	0.0	982064	12084.323977239641	1.85
11787.923920138808	750	7.717882946070034	0.0	331053	6638.476213261127	-0.3500000000000001
11788.791432697217	300	10.85037038766251	0.0	118421	867.5125584075245	-0.15000000000000002

