16451.527064368154	750	4.0	4.948165992489615	450283	4948.165992489616	0.5	-20.527113767705345
16452.933850174748	300	6.593214193405611	0.0	155580	1406.7858065943897	0.5	-0.15000000000000002
16453.946494512613	300	9.580569855539265	0.0	139857	1012.6443378663465	0.5	0.3
16457.039527877285	750	10.487536490866155	0.0	382355	3093.0333646731083	0.5	0.3
16461.08993429021	750	10.437130077943838	0.0	411561	4050.4064129223184	0.5	0.75
16463.993974254645	750	11.53309011350796	0.0	318564	2904.0399644358763	0.5	0.75
16470.895635647765	750	8.631428720384385	0.0	352642	6901.661393123575	0.5	0.75
16473.52810324087	300	9.998961127281373	0.0	173849	2632.467593103012	0.5	-0.15000000000000002
16475.082468213022	300	12.444596155129988	0.0	150710	1554.364972151385	0.5	0.3
16476.462793684757	300	15.064270683394355	0.0	139105	1380.3254717356317	0.5	0.3
16477.68959110289	300	17.837473265260112	0.0	141840	1226.7974181342431	0.5	0.3
16479.41449369223	300	20.112570675920825	0.0	156148	1724.9025893392864	0.5	0.3
16482.781961281667	750	20.745103086486967	0.0	386351	3367.4675894338584	0.5	0.3
16486.88361951251	750	20.643444855643175	0.0	434409	4101.6582308437955	0.5	0.75
16490.111498178936	750	21.415566189217905	0.0	337059	3227.8786664252707	0.5	0.75
16495.469841300273	750	20.057223067879022	0.0	366214	5358.343121338885	0.5	0.75
16500.79703730919	750	18.730027058963397	0.0	360831	5327.196008915624	0.5	0.75
16506.075494299952	750	17.45157006819931	0.0	372963	5278.456990764086	0.5	0.75
16509.38313413622	750	18.143930231932806	0.0	405596	3307.639836266507	0.5	0.75
16511.71692138804	750	19.81014298011254	0.0	350713	2333.787251820263	0.5	0.75
16514.891169103084	750	20.63589526506563	0.0	386472	3174.247715046908	0.5	0.75
16518.805235326974	750	20.72182904117548	0.0	399894	3914.0662238901527	0.5	0.75
16522.231454112163	750	21.295610255988286	0.0	401853	3426.218785187194	0.5	0.75
16527.793574905852	1200	19.733489462296856	0.0	536667	5562.120793691427	0.5	0.75
16533.843193458113	1200	17.68387091003637	0.0	587236	6049.618552260487	0.5	1.2
16542.03867382188	1200	13.488390546268361	0.0	590335	8195.480363768009	0.5	1.2
16548.770301511347	750	10.756762856803082	0.0	425781	6731.627689465279	0.5	0.3
16554.787543466144	750	8.739520902006715	0.0	277716	6017.241954796365	0.5	0.75
16556.336779569643	300	11.190284798505512	0.0	153605	1549.2361035012025	0.5	-0.15000000000000002
16557.90579323421	300	13.621271133938702	0.0	149029	1569.0136645668108	0.5	0.3
16559.60326693139	300	15.923797436760905	0.0	157421	1697.4736971777963	0.5	0.3
16561.147350467523	300	18.379713900626733	0.0	157488	1544.083536134173	0.5	0.3
16562.393254267605	300	21.133810100545727	0.0	143881	1245.9038000810033	0.5	0.3
16565.878657829195	750	21.64840653895648	0.0	412837	3485.4035615892494	0.5	0.3
16569.348985155353	750	22.17807921279568	0.0	401088	3470.327326160797	0.5	0.75
16574.138849615996	1200	21.388214752154695	0.0	598727	4789.864460640985	0.5	0.75
16577.71480698303	1200	21.812257385122283	0.0	487812	3575.957367032411	0.5	1.2
16581.834543632456	1200	21.692520735694902	0.0	575591	4119.736649427383	0.5	1.2
16586.01157816827	1200	21.515486199881455	0.0	605884	4177.034535813447	0.5	1.2
16590.20122869952	1200	21.32583566863316	0.0	587506	4189.650531248295	0.5	1.2
16593.796028588913	1200	21.731035779240774	0.0	566904	3594.7998893923855	0.5	1.2
16598.456138503603	1200	21.070925864550713	0.0	641452	4660.109914690059	0.5	1.2
16604.56605082209	1850	18.961013546061512	0.0	886255	6109.9123184892	0.5	1.2000000000000002
16612.608830926558	1850	14.918233441593529	0.0	973972	8042.780104467983	0.5	1.85
16618.211505731077	1200	13.315558637074682	0.0	630203	5602.674804518848	0.5	0.5499999999999999
16624.712154346802	1200	10.814910021349148	0.0	638661	6500.648615725534	0.5	1.2
16629.689126087123	1200	9.837938281028512	0.0	538612	4976.971740320636	0.5	1.2
16633.723756982854	1200	9.80330738529743	0.0	550906	4034.6308957310803	0.5	1.2

