20245.557493747103	750	4.0	6.275717151967713	450283	6275.717151967713	-26.235583753461167
20247.73217646546	300	5.825317281643536	0.0	155580	2174.6827183564637	-0.15000000000000002
20254.251184659814	750	4.0	0.6936909127108738	350812	6519.00819435441	-2.6828709246567572
20255.97197262708	300	6.279212032732354	0.0	155432	1720.7879672676465	-0.15000000000000002
20262.25566991285	750	4.0	0.004485253037643815	411561	6283.6972857699975	0.28071341193813154
20264.629971252692	300	5.625698660161651	0.0	126289	2374.3013398383487	-0.15000000000000002
20269.892077878907	750	4.363592033946885	0.0	352642	5262.106626214767	0.3
20272.590945787335	300	5.664724125518933	0.0	173849	2698.8679084279524	-0.15000000000000002
20274.60292154446	300	7.652748368392952	0.0	150710	2011.975757125981	0.3
20276.289522615112	300	9.966147297741653	0.0	139105	1686.6010706512984	0.3
20279.7777459713	750	10.477923941555916	0.0	353220	3488.2233561857356	0.3
20283.89786623508	750	10.357803677778554	0.0	405134	4120.120263777362	0.75
20285.79786410754	300	12.45780580531649	0.0	160746	1899.997872462066	-0.15000000000000002
20289.109227792662	300	13.14644212019196	0.0	179801	3311.3636851245296	0.3
20292.129005907685	300	14.12666400516738	0.0	140051	3019.7781150245805	0.3
20295.65364114318	300	14.602028769669886	0.0	138313	3524.635235497493	0.3
20298.934890333192	300	15.320779579660364	0.0	143509	3281.2491900095215	0.3
20301.794958346043	300	16.460711566809724	0.0	150616	2860.0680128506383	0.3
20304.85612001915	300	17.399549893702883	0.0	165384	3061.1616731068416	0.3
20308.054629286533	300	18.201040626319095	0.0	140881	3198.509267383786	0.3
20311.8142334344	300	18.44143647845071	0.0	157671	3759.604147868384	0.3
20315.632017473854	300	18.623652438998597	0.0	157812	3817.784039452115	0.3
20318.948296678424	300	19.307373234427484	0.0	163927	3316.279204571113	0.3
20321.196822751866	300	21.05884716098555	0.0	137654	2248.526073441931	0.3
20323.330894941013	300	22.924774971836417	0.0	146754	2134.072189149134	0.3
20326.397385318185	300	23.858284594665353	0.0	153938	3066.490377171063	0.3
20330.26538838567	300	23.990281527181704	0.0	181901	3868.0030674836494	0.3
20336.550725520174	750	21.704944392674477	0.0	277716	6285.337134507226	0.3
20339.594479184747	300	22.661190728101587	0.0	153605	3043.7536645728906	-0.15000000000000002
20347.55008795608	750	18.70558195677163	0.0	400508	7955.608771329955	0.3
20349.44386882463	300	20.811801088220165	0.0	157421	1893.7808685514672	-0.15000000000000002
20353.21518703231	750	21.04048288053891	0.0	400322	3771.318207681252	0.3
20357.632361802425	750	20.62330811042518	0.0	369834	4417.17477011373	0.75
20364.314233322777	750	17.94143659007201	0.0	412837	6681.8715203531765	0.75
20371.898031029068	750	14.35763888378063	0.0	401088	7583.797706291379	0.75
20377.399062269033	750	12.85660764381769	0.0	365161	5501.031239962939	0.75
20384.072406747506	750	10.183263165343579	0.0	321064	6673.344478474112	0.75
20386.286485119865	300	11.969184792985262	0.0	124011	2214.0783723583168	-0.15000000000000002
20392.491108593094	750	9.764561319754321	0.0	378327	6204.623473230939	0.3
20397.55868439228	750	8.696985520568852	0.0	390680	5067.57579918547	0.75
20401.448853306607	750	8.806816606244205	0.0	345516	3890.168914324646	0.75
20405.874154009558	750	8.381515903293208	0.0	384505	4425.300702950997	0.75
20410.665109873233	750	7.59056003962173	0.0	372093	4790.955863671478	0.75
20416.2827185256	750	5.9729513872521744	0.0	438281	5617.608652369555	0.75
20422.2455110806	750	4.010158832252948	0.0	398987	5962.792554999227	0.75
20424.653726203698	300	5.601943709154742	0.0	160064	2408.215123098205	-0.15000000000000002
20429.232621221163	750	5.02304869168974	0.0	331053	4578.895017465002	0.3
20434.811909067346	750	4.0	0.5562391544956027	314107	5579.287846185343	-1.6418283643310914

