14685.069679858825	750	4.0	3.704434403261277	450283	3704.4344032612767	-15.17906793402349
14686.241997486086	300	6.827682372737972	0.0	155580	1172.3176272620274	-0.15000000000000002
14690.84241275216	1850	6.227267106666231	0.0	877771	4600.415266071742	0.30000000000000004
14696.186340478307	1850	4.883339380518832	0.0	933276	5343.927726147399	1.85
14698.790946611362	750	6.278733247463323	0.0	411561	2604.606133055509	-0.3500000000000001
14702.208709571269	1200	6.860970287556531	0.0	520315	3417.7629599067914	0.75
14707.405683244282	1850	5.663996614543246	0.0	905515	5196.973673013285	1.2000000000000002
14708.360894226307	300	8.708785632519307	0.0	173849	955.21098202394	-1.25
14711.69961110617	1200	9.370068752656627	0.0	584846	3338.7168798626794	0.29999999999999993
14713.678579277008	750	11.391100581817305	0.0	362795	1978.968170839322	0.3
14716.642208558562	1200	12.427471300264973	0.0	607410	2963.6292815523316	0.75
14718.962613370079	1200	14.107066488748547	0.0	594078	2320.4048115164264	1.2
14722.109195768067	1200	14.96048409075809	0.0	624282	3146.582397990458	1.2
14724.907523362222	1200	16.162156496602947	0.0	687371	2798.3275941551424	1.2
14727.109522554574	1200	17.96015730425167	0.0	526950	2201.9991923512766	1.2
14729.513580821544	1200	19.556099037282692	0.0	587876	2404.0582669689766	1.2
14731.855969172091	1200	21.213710686737063	0.0	617242	2342.388350545629	1.2
14734.336425970994	1200	22.733253887832632	0.0	581493	2480.4567989044344	1.2
14737.08240187627	1200	23.98727798255553	0.0	639204	2745.9759052771	1.2
14739.215629863986	1200	25.85404999484213	0.0	586839	2133.227987713404	1.2
14741.093721934296	1200	27.97595792452994	0.0	601738	1878.0920703121883	1.2
14744.622771055541	1850	28.446908803284952	0.0	955231	3529.0491212449892	1.2000000000000002
14747.336516799252	1200	29.73316305957513	0.0	656471	2713.74574370982	0.5499999999999999
14750.21219518581	1200	30.857484673017282	0.0	536667	2875.6783865578464	1.2
14753.006525728726	1200	32.06315413010142	0.0	587236	2794.330542915866	1.2
14756.640043113472	1200	32.42963674535707	0.0	590335	3633.5173847443443	1.2
14762.206704121894	1850	30.8629757369345	0.0	1076599	5566.66100842257	1.2000000000000002
14766.93709292141	1850	30.13258693741976	0.0	758197	4730.388799514742	1.85
14771.18410011774	1850	29.88557974109035	0.0	972798	4247.00719632941	1.85
14777.672307931965	1850	27.397371926864885	0.0	975811	6488.207814225463	1.85
14782.253006371233	1850	26.816673487596052	0.0	873429	4580.69843926883	1.85
14786.954510766882	1850	26.115169091947134	0.0	954453	4701.504395648921	1.85
14791.424791391873	1850	25.644888466956772	0.0	885062	4470.280624990363	1.85
14797.088253134576	1850	23.981426724253204	0.0	1035329	5663.461742703566	1.85
14802.38652489654	1850	22.68315496228957	0.0	1026056	5298.271761963633	1.85
14807.079738890603	1850	21.989940968225817	0.0	943942	4693.213994063754	1.85
14809.786581462795	1850	23.283098396034216	0.0	728962	2706.842572191598	1.85
14812.545794949405	1850	24.523884909424606	0.0	938587	2759.21348660961	1.85
14815.690483610942	1850	25.37919624788733	0.0	908665	3144.688661537279	1.85
14820.970224283119	2850	24.099455575709936	0.0	1402287	5279.740672177393	1.85
14825.30239578645	2850	23.767284072380903	0.0	1339500	4332.171503329035	2.85
14832.571385278847	2850	20.498294579982982	0.0	1527299	7268.989492397921	2.85
14837.178609157541	2850	19.891070701288708	0.0	1343002	4607.223878694277	2.85
14846.185121365526	2850	14.884558493303599	0.0	1587250	9006.512207985108	2.85
14853.864016638752	2850	11.205663220078987	0.0	1464921	7678.895273224611	2.85
14862.149642409482	2850	6.920037449348589	0.0	1483527	8285.6257707304	2.85
14874.323489450222	2850	4.0	5.253809591390756	1231456	12173.847040739345	-19.74138124298025
14875.562387484893	300	6.7611019653279705	0.0	118421	1238.8980346720293	-2.25

