11426.05555393414	750	4.0	3.478694088168143	450283	3478.694088168143	-14.208384579123015
11427.26068110186	300	6.794872832282032	0.0	155580	1205.1271677179675	-0.15000000000000002
11428.067874239588	300	9.987679694553293	0.0	139857	807.1931377287391	0.3
11430.144914556704	750	11.910639377436901	0.0	382355	2077.0403171163925	0.3
11432.777967676846	750	13.277586257294944	0.0	411561	2633.0531201419562	0.75
11434.703830715274	750	15.351723218866276	0.0	318564	1925.8630384286682	0.75
11437.664830475069	750	16.390723459071705	0.0	352642	2960.9997597945694	0.75
11441.609403582264	750	16.44615035187843	0.0	437162	3944.5731071932755	0.75
11446.892828964594	750	15.16272496954974	0.0	374758	5283.42538232869	0.75
11452.79762855512	750	13.25792537902301	0.0	362795	5904.799590526732	0.75
11457.79229561067	750	12.263258323471229	0.0	353220	4994.66705555178	0.75
11465.250598548655	750	8.804955385486574	0.0	405134	7458.302937984655	0.75
11468.121084753806	300	9.934469180335068	0.0	160746	2870.4862051515065	-0.15000000000000002
11469.458646088302	300	12.596907845838942	0.0	179801	1337.5613344961264	0.3
11471.546100108339	750	14.509453825802666	0.0	337059	2087.454020036275	0.3
11473.945589791161	750	16.10996414297857	0.0	366214	2399.4896828240967	0.75
11478.793113576403	750	15.26244035773779	0.0	360831	4847.52378524078	0.75
11483.99163677123	750	14.063917162910123	0.0	372963	5198.523194827668	0.75
11487.442966893916	750	14.612587040225476	0.0	405596	3451.3301226846465	0.75
11491.154074122685	750	14.90147981145431	0.0	350713	3711.107228771165	0.75
11495.932689131	750	14.122864803141116	0.0	386472	4778.615008313194	0.75
11499.278088229354	750	14.777465704785667	0.0	399894	3345.3990983554495	0.75
11502.512789797103	750	15.542764137036851	0.0	401853	3234.7015677488153	0.75
11505.508300377458	750	16.54725355668187	0.0	343800	2995.5105803549814	0.75
11508.307311332432	750	17.74824260170808	0.0	359903	2799.010954973791	0.75
11512.192201981326	750	17.86335195281466	0.0	379700	3884.890648893418	0.75
11516.109038295233	750	17.946515638908174	0.0	425781	3916.836313906484	0.75
11518.69128091865	750	19.364273015491097	0.0	277716	2582.2426234170803	0.75
11527.277849311897	1850	14.777704622243848	0.0	972798	8586.56839324725	0.75
11531.243483551758	750	14.812070382384627	0.0	400508	3965.6342398592215	-0.3500000000000001
11534.360004664803	750	15.69554926933965	0.0	358218	3116.5211130449766	0.75
11538.616923796495	750	15.438630137647333	0.0	400322	4256.919131692317	0.75
11542.796978880137	750	15.258575054006073	0.0	369834	4180.055083641259	0.75
11547.104715003688	750	14.950838930456088	0.0	412837	4307.736123549984	0.75
11551.237452299332	750	14.81810163481126	0.0	401088	4132.737295644827	0.75
11555.499902523245	750	14.555651410898994	0.0	365161	4262.450223912267	0.75
11558.974290292164	750	15.081263641978985	0.0	321064	3474.38776892001	0.75
11562.327219057679	750	15.72833487646441	0.0	361565	3352.9287655145736	0.75
11566.575982245784	750	15.479571688360036	0.0	378327	4248.7631881043735	0.75
11570.322349284865	750	15.733204649279452	0.0	390680	3746.3670390805833	0.75
11573.362507545256	750	16.6930463888874	0.0	345516	3040.158260392053	0.75
11577.319637540195	750	16.73591639394915	0.0	384505	3957.129994938248	0.75
11581.778717060724	750	16.276836873420784	0.0	372093	4459.079520528368	0.75
11585.138818535152	750	16.916735398994504	0.0	438281	3360.101474426278	0.75
11588.07955085651	750	17.976003077635948	0.0	398987	2940.7323213585555	0.75
11591.255595094219	750	18.799958839926813	0.0	393804	3176.0442377091344	0.75
11594.955350388725	750	19.100203545418815	0.0	331053	3699.7552945079974	0.75
11599.778840125766	750	18.276713808379103	0.0	314107	4823.489737039711	0.75

