6711.815195294464	750	4.0	2.2982937896467757	450283	2298.2937896467756	-9.132663295481136
6715.860806918667	1850	4.0	0.04561162420280061	957685	4045.6116242028006	0.5538700159279575
6719.099305513731	1850	4.761501404935665	0.0	877771	3238.4985950643354	1.85
6721.962924154841	1850	5.897882763825617	0.0	933276	2863.6186411100484	1.85
6725.048424658688	1850	6.8123822599778805	0.0	996749	3085.5005038477366	1.85
6727.784085072957	1850	8.076721845709939	0.0	801058	2735.6604142679425	1.85
6731.342005364852	1850	8.518801553814813	0.0	905515	3557.9202918951255	1.85
6736.406841826057	1850	7.453965092609521	0.0	1060487	5064.836461205291	1.85
6739.560758907528	1850	8.300048011139168	0.0	852833	3153.9170814703525	1.85
6742.353590208362	1850	9.5072167103046	0.0	913888	2792.831300834566	1.85
6745.140065734597	1850	10.720741184069986	0.0	939819	2786.4755262346152	1.85
6748.153039318477	1850	11.70776760019035	0.0	917428	3012.9735838796364	1.85
6751.398623032368	1850	12.46218388629971	0.0	946851	3245.583713890639	1.85
6754.8280349435245	1850	13.03277197514275	0.0	1036454	3429.41191115696	1.85
6757.413949951135	1850	14.446856967532526	0.0	821631	2585.915007610225	1.85
6761.360801210674	1850	14.500005707992598	0.0	923170	3946.851259539927	1.85
6765.247083020133	1850	14.613723898534124	0.0	966699	3886.2818094584723	1.85
6768.139658328449	1850	15.721148590219103	0.0	885714	2892.5753083150216	1.85
6771.658546009893	1850	16.20226090877424	0.0	987708	3518.887681444864	1.85
6774.721576026367	1850	17.13923089230062	0.0	923755	3063.0300164736204	1.85
6777.597854294268	1850	18.26295262440031	0.0	891604	2876.27826790031	1.85
6781.014324722262	1850	18.84648219640524	0.0	955231	3416.470427995072	1.85
6784.189925042967	1850	19.670881875700346	0.0	968026	3175.6003207048907	1.85
6787.831517924858	1850	20.029288993809757	0.0	874175	3641.59288189059	1.85
6791.220461106803	1850	20.64034581186578	0.0	897976	3388.9431819439797	1.85
6794.132755134244	1850	21.728051784425034	0.0	905935	2912.294027440745	1.85
6797.717878661713	1850	22.142928256954917	0.0	1076599	3585.123527470116	1.85
6801.408248765129	1850	22.45255815353896	0.0	758197	3690.3701034159617	1.85
6805.6617051997055	1850	22.19910171896336	0.0	972798	4253.456434575596	1.85
6810.122350162484	1850	21.738456756185368	0.0	975811	4460.64496277799	1.85
6814.93862450871	1850	20.922182409959873	0.0	873429	4816.274346225495	1.85
6818.337440249803	1200	21.52336666886695	0.0	620283	3398.815741092927	0.5499999999999999
6822.322830278857	1200	21.537976639812765	0.0	584349	3985.390029054182	1.2
6829.7343336253925	1200	18.126473293276373	0.0	670129	7411.503346536394	1.2
6836.926686216692	1200	14.934120701977207	0.0	690253	7192.352591299166	1.2
6843.301745324593	750	12.559061594076425	0.0	365161	6375.059107900782	0.3
6846.876716891827	750	12.984090026842798	0.0	321064	3574.971567233629	0.75
6848.2084111692075	300	15.65239574946224	0.0	124011	1331.694277380557	-0.15000000000000002
6849.75693489861	300	18.103872020060102	0.0	144254	1548.5237294021385	0.3
6851.375048544576	300	20.485758374094093	0.0	149991	1618.1136459660077	0.3
6853.606152383068	300	22.25465453560248	0.0	147968	2231.103838491615	0.3
6856.616816254344	300	23.24399066432622	0.0	161857	3010.66387127626	0.3
6859.0574726835175	300	24.803334235153116	0.0	145210	2440.6564291730997	0.3
6862.536133544803	300	25.324673373867125	0.0	172312	3478.6608612859936	0.3
6865.250404206653	300	26.61040271201796	0.0	167025	2714.2706618491634	0.3
6866.800586532984	300	29.06022038568742	0.0	160064	1550.1823263305425	0.3
6868.176527177508	300	31.684279741163255	0.0	137507	1375.9406445241614	0.3
6869.490108533179	300	34.370698385492155	0.0	118421	1313.5813556711003	0.3

