17934.06066747543	750	4.0	4.722418988271614	450283	4722.418988271614	0.5	-19.55640164956794
17935.536273293706	300	6.524394181725228	0.0	155580	1475.6058182747722	0.5	-0.15000000000000002
17936.736734038164	300	9.323933437271	0.0	139857	1200.460744454228	0.5	0.3
17937.884899910845	300	12.175767564590338	0.0	155432	1148.1658726806618	0.5	0.3
17940.80729102313	750	13.25337645230531	0.0	411561	2922.391112285027	0.5	0.3
17943.420472819293	750	14.64019465614395	0.0	318564	2613.1817961613597	0.5	0.75
17947.689283660427	1200	14.371383815006945	0.0	561791	4268.810841137006	0.5	0.75
17953.442954035505	1200	12.617713439928062	0.0	709534	5753.670375078885	0.5	1.2
17959.85790255933	1200	10.202764916100223	0.0	584846	6414.94852382784	0.5	1.2
17966.731439979456	1200	7.3292274959749015	0.0	560821	6873.537420125322	0.5	1.2
17972.943640658526	750	5.117026816904648	0.0	353220	6212.2006790702535	0.5	0.3
17975.611026564435	300	6.4496409109994985	0.0	156148	2667.3859059051492	0.5	-0.15000000000000002
17978.523180061376	300	7.537487414054536	0.0	160746	2912.1534969449617	0.5	0.3
17980.784995187452	300	9.275672287977484	0.0	179801	2261.815126077052	0.5	0.3
17982.186504124507	300	11.87416335092499	0.0	140051	1401.5089370524947	0.5	0.3
17983.577156596086	300	14.483510879346573	0.0	138313	1390.6524715784153	0.5	0.3
17984.862853893876	300	17.19781358155641	0.0	143509	1285.6972977901662	0.5	0.3
17987.677085072835	750	18.3835824025989	0.0	372963	2814.231178957506	0.5	0.3
17991.347684987682	750	18.712982487749684	0.0	405596	3670.5999148492187	0.5	0.75
17996.695699286476	750	17.36496818895502	0.0	350713	5348.014298794659	0.5	0.75
18002.31303243519	750	15.7476350402416	0.0	386472	5617.333148713424	0.5	0.75
18007.152407909336	750	14.908259566093173	0.0	399894	4839.375474148427	0.5	0.75
18012.12863827226	750	13.932029203172094	0.0	401853	4976.230362921078	0.5	0.75
18015.86869736269	750	14.191970112741082	0.0	343800	3740.059090431012	0.5	0.75
18019.870784293635	750	14.189883181798606	0.0	359903	4002.086930942476	0.5	0.75
18024.284198576544	750	13.776468898889842	0.0	379700	4413.414282908764	0.5	0.75
18031.125822739636	750	10.934844735798066	0.0	425781	6841.624163091776	0.5	0.75
18035.917934426867	750	10.142733048568072	0.0	277716	4792.111687229994	0.5	0.75
18041.09112140539	750	8.969546070045922	0.0	400396	5173.186978522151	0.5	0.75
18046.60533880341	750	7.455328672024546	0.0	400508	5514.2173980213765	0.5	0.75
18051.36781999593	750	6.692847479506047	0.0	358218	4762.4811925184995	0.5	0.75
18053.631448148495	300	8.429219326939652	0.0	157488	2263.628152566395	0.5	-0.15000000000000002
18055.761001584502	300	10.29966589093406	0.0	143881	2129.5534360055913	0.5	0.3
18058.69982944997	300	11.360838025466368	0.0	163444	2938.8278654676924	0.5	0.3
18062.013261990967	300	12.04740548446752	0.0	179328	3313.432540998849	0.5	0.3
18065.178990673823	300	12.881676801613539	0.0	159914	3165.728682853979	0.5	0.3
18067.95436011114	300	14.106307364296173	0.0	131610	2775.369437317366	0.5	0.3
18070.956211534227	300	15.104455941209453	0.0	124011	3001.8514230867213	0.5	0.3
18075.298500865047	300	14.762166610391676	0.0	144254	4342.289330817776	0.5	0.3
18078.313872888546	300	15.746794586889715	0.0	149991	3015.3720235019605	0.5	0.3
18080.85951787061	300	17.201149604828974	0.0	147968	2545.6449820607404	0.5	0.3
18084.48102592822	300	17.579641547215747	0.0	161857	3621.5080576132286	0.5	0.3
18088.063434661013	300	17.997232814424496	0.0	145210	3582.408732791251	0.5	0.3
18092.4653625111	300	17.59530496433935	0.0	172312	4401.927850085147	0.5	0.3
18097.0621253156	300	16.99854215984045	0.0	167025	4596.762804498901	0.5	0.3
18101.514622997885	300	16.546044477557512	0.0	160064	4452.4976822829385	0.5	0.3
18104.230677296717	300	17.829990178722955	0.0	137507	2716.0542988345596	0.5	0.3
18109.32519708814	750	16.735470387297216	0.0	314107	5094.519791425737	0.5	0.3

