2752.5355206687686	750	4.0	2.54228302815134	450283	2542.28302815134	-10.181817021050762
2753.3749414953427	300	7.160579173426026	0.0	155580	839.4208265739742	-0.15000000000000002
2755.5097123448677	1200	9.02580832390108	0.0	571051	2134.7708495249467	0.29999999999999993
2758.553883776752	1200	9.981636892016303	0.0	617681	3044.1714318847767	1.2
2762.6488158038396	1850	9.886704864928928	0.0	996749	4094.932027087375	1.2000000000000002
2766.02746319029	1850	10.508057478479294	0.0	801058	3378.647386449632	1.85
2777.756344688854	1850	4.0	1.2208240200848777	905515	11728.881498564173	-3.3995432863649735
2781.9585723280925	300	4.0	0.20222763923883122	173849	4202.227639238831	-2.119578848726974
2784.974492450164	300	4.984079877928931	0.0	150710	3015.9201220710697	0.3
2787.121309255324	300	6.837263072768907	0.0	139105	2146.8168051600233	0.3
2788.4635064918543	300	9.495065836238421	0.0	141840	1342.1972365304869	0.3
2789.812199848479	300	12.146372479613541	0.0	156148	1348.6933566248792	0.3
2793.438123012008	750	12.520449316084454	0.0	386351	3625.923163529088	0.3
2795.4861916158616	300	14.472380712231335	0.0	179801	2048.0686038531194	-0.15000000000000002
2798.772037894386	750	15.186534433706958	0.0	337059	3285.8462785243755	0.3
2801.469845943112	750	16.488726384980815	0.0	366214	2697.8080487261423	0.75
2804.1058939781815	750	17.85267834991157	0.0	360831	2636.048035069243	0.75
2807.230728324557	750	18.72784400353612	0.0	372963	3124.834346375452	0.75
2810.049688768274	750	19.908883559819092	0.0	405596	2818.960443717025	0.75
2812.734887371877	750	21.22368495621556	0.0	350713	2685.198603603529	0.75
2816.4529836720685	750	21.50558865602439	0.0	386472	3718.0963001911714	0.75
2817.691949414109	300	24.266622913983902	0.0	157812	1238.9657420404876	-0.15000000000000002
2821.239357991958	750	24.719214336134954	0.0	401853	3547.408577848947	0.3
2824.092576207667	750	25.865996120425844	0.0	343800	2853.2182157091115	0.75
2826.704507810172	750	27.254064517921115	0.0	359903	2611.9316025047265	0.75
2829.1292267649656	750	28.829345563127674	0.0	379700	2424.7189547934427	0.75
2834.5882653634385	1200	27.37030696465444	0.0	696376	5459.038598473237	0.75
2838.86193694718	1200	27.096635380913213	0.0	487160	4273.6715837412285	1.2
2844.38569543355	1200	25.57287689454309	0.0	622896	5523.758486370122	1.2
2849.505867052459	1200	24.452705275633928	0.0	641447	5120.171618909161	1.2
2853.186267771706	1200	24.772304556386988	0.0	570392	3680.4007192469417	1.2
2856.4528954722387	1200	25.50567685585425	0.0	620283	3266.6277005327383	1.2
2860.7941913296045	1200	25.164380998488504	0.0	584349	4341.295857365746	1.2
2865.351393073925	1200	24.607179254167995	0.0	670129	4557.201744320506	1.2
2868.007796991038	1200	25.95077533705474	0.0	690253	2656.4039171132586	1.2
2871.4268088575523	1850	26.531763470540632	0.0	943942	3419.0118665141094	1.2000000000000002
2873.4683080249047	1850	28.490264303188333	0.0	728962	2041.499167352297	1.85
2876.7071121440586	1850	29.25146018403438	0.0	938587	3238.8041191539573	1.85
2882.8456896338835	2850	27.11288269420935	0.0	1427478	6138.577489825026	1.85
2891.409713646007	2850	22.548858682086117	0.0	1402287	8564.024012123235	2.85
2903.2913625438573	2850	14.667209784235553	0.0	1339500	11881.648897850564	2.85
2914.615016709505	2850	7.343555618587743	0.0	1527299	11323.65416564781	2.85
2918.7620880011273	1850	7.196484326965418	0.0	886255	4147.071291622325	0.8500000000000001
2923.2557490640647	1850	6.702823264028212	0.0	973972	4493.661062937206	1.85
2928.720088773877	1850	5.238483554215901	0.0	958994	5464.339709812311	1.85
2930.200017453974	750	7.75855487411847	0.0	393804	1479.9286800974305	-0.3500000000000001
2933.634582788435	1850	8.323989539657434	0.0	830730	3434.565334461036	0.75
2936.58811151744	1850	9.370460810652446	0.0	846370	2953.528729004988	1.85

