13873.893708596319	750	4.0	2.855960794164828	450283	2855.9607941648283	0.5	-11.530631414908761
13875.451889399681	750	6.441819196637774	0.0	398865	1558.1808033622256	0.5	0.75
13877.827744473108	1200	8.065964123209678	0.0	571051	2375.855073428097	0.5	0.75
13881.071749359682	1200	8.821959236635807	0.0	617681	3244.0048865738686	0.5	1.2
13884.885170789432	1200	9.008537806886999	0.0	652874	3813.4214297488106	0.5	1.2
13888.423160389644	1200	9.470548206674032	0.0	520315	3537.9896002129667	0.5	1.2
13891.032648208653	1200	10.861060387666246	0.0	561791	2609.4878190077843	0.5	1.2
13893.599319894152	1200	12.294388702167696	0.0	709534	2566.67168549855	0.5	1.2
13896.164905574818	1200	13.728803021500157	0.0	584846	2565.585680667539	0.5	1.2
13898.285440059653	1200	15.60826853666639	0.0	560821	2120.534484833768	0.5	1.2
13901.449889937949	1850	16.443818658371	0.0	939819	3164.4498782953883	0.5	1.2000000000000002
13905.354537466848	1850	16.53917112947128	0.0	917428	3904.6475288997217	0.5	1.85
13910.23852849251	1850	15.655180103808764	0.0	946851	4883.991025662517	0.5	1.85
13916.027120025039	1850	13.866588571280555	0.0	1036454	5788.591532528208	0.5	1.85
13920.025998216612	1850	13.86771037970731	0.0	821631	3998.8781915732457	0.5	1.85
13926.138669712273	1850	11.755038884045705	0.0	923170	6112.671495661604	0.5	1.85
13932.823022626008	1850	9.070685970312185	0.0	966699	6684.352913733521	0.5	1.85
13936.722765260592	1200	9.170943335726664	0.0	581493	3899.7426345855206	0.5	0.5499999999999999
13940.231164372173	1200	9.662544224145057	0.0	639204	3508.3991115816075	0.5	1.2
13943.827584857501	1200	10.06612373881811	0.0	586839	3596.420485326945	0.5	1.2
13949.792073969063	1200	8.101634627254455	0.0	601738	5964.489111563655	0.5	1.2
13954.288474646251	1200	7.605233950067484	0.0	616206	4496.400677186972	0.5	1.2
13958.229763083524	750	7.663945512795921	0.0	401853	3941.2884372715635	0.5	0.3
13961.517162250342	750	8.376546345976651	0.0	343800	3287.3991668192693	0.5	0.75
13964.775364620158	750	9.118343976159757	0.0	359903	3258.202369816894	0.5	0.75
13968.999961225585	750	8.893747370732104	0.0	379700	4224.596605427651	0.5	0.75
13973.346607118992	750	8.54710147732607	0.0	425781	4346.645893406034	0.5	0.75
13975.73685555114	750	10.156853045177026	0.0	277716	2390.248432149045	0.5	0.75
13978.727920249663	750	11.165788346653718	0.0	400396	2991.0646985233066	0.5	0.75
13981.028060570368	750	12.865648025948733	0.0	400508	2300.140320704987	0.5	0.75
13985.122594327057	1200	12.771114269260002	0.0	570392	4094.5337566887297	0.5	0.75
13995.07247917746	1200	6.821229418857072	0.0	620283	9949.88485040293	0.5	1.2
13996.036899110846	300	9.856809485470057	0.0	143881	964.419933387015	0.5	-0.6000000000000001
13997.144697345648	300	12.749011250668582	0.0	163444	1107.7982348014755	0.5	0.3
13998.223129891898	300	15.670578704418471	0.0	179328	1078.4325462501113	0.5	0.3
13999.168098271246	300	18.725610325071997	0.0	159914	944.9683793464762	0.5	0.3
14000.885145100607	750	21.008563495710273	0.0	321064	1717.046829361722	0.5	0.3
14003.956487377283	1200	21.937221219032626	0.0	575591	3071.342276677649	0.5	0.75
14007.480983808053	1850	22.412724788263258	0.0	908665	3524.4964307693667	0.5	1.2000000000000002
14010.722858687124	1850	23.170849909191436	0.0	930577	3241.8748790718255	0.5	1.85
14013.679331855428	1850	24.214376740888184	0.0	858450	2956.473168303253	0.5	1.85
14016.967137856682	1850	24.926570739634744	0.0	1025005	3287.806001253438	0.5	1.85
14020.644491769584	2850	25.249216826732653	0.0	1343002	3677.3539129020924	0.5	1.85
14025.038976938307	2850	24.854731658009065	0.0	1587250	4394.485168723587	0.5	2.85
14030.322117017038	2850	23.571591579278966	0.0	1464921	5283.140078730101	0.5	2.85
14039.92074313999	4300	17.97296545632736	0.0	2246506	9598.626122951611	0.5	2.8499999999999996
14050.876397503713	4300	11.01731109260385	0.0	1961140	10955.654363723508	0.5	4.3
14057.70574587597	2850	8.187962720347901	0.0	1364537	6829.3483722559495	0.5	1.4000000000000001

