18274.051719204017	750	4.0	5.460500454044817	450283	5460.500454044817	-22.730151952392713
18275.351273829616	300	6.700445374400823	0.0	155580	1299.5546255991767	-0.15000000000000002
18276.48876353259	300	9.562955671427938	0.0	139857	1137.489702972886	0.3
18280.717242423354	1200	9.334476780663127	0.0	617681	4228.478890764809	0.29999999999999993
18285.67489871946	1200	8.376820484557152	0.0	652874	4957.656296105975	1.2
18288.030602360435	750	10.02111684358137	0.0	318564	2355.7036409757834	0.3
18292.697050615257	1200	9.354668588758251	0.0	561791	4666.448254823117	0.75
18298.188123755208	1200	7.863595448808143	0.0	709534	5491.073139950109	1.2
18303.183747173956	750	6.867972030060644	0.0	374758	4995.623418747498	0.3
18305.316628286666	300	8.735090917349686	0.0	139105	2132.881112710959	-0.15000000000000002
18310.76777835156	750	7.283940852457557	0.0	353220	5451.150064892128	0.3
18315.362385262513	750	6.689333941507174	0.0	405134	4594.606910950383	0.75
18316.6855513779	300	9.366167826117694	0.0	160746	1323.1661153894788	-0.15000000000000002
18324.757957637106	1200	5.293761566913334	0.0	687371	8072.406259204361	0.29999999999999993
18326.35084628737	300	7.7008729166470316	0.0	140051	1592.8886502663029	-0.6000000000000001
18331.571414497208	750	6.480304706809873	0.0	366214	5220.568209837158	0.3
18332.79103440697	300	9.260684797047212	0.0	143509	1219.6199097626607	-0.15000000000000002
18337.95164701767	1200	8.10007218634519	0.0	581493	5160.612610702022	0.29999999999999993
18345.107839277356	750	4.9438799266608955	0.0	405596	7156.192259684294	0.3
18347.1386523375	300	6.913066866517903	0.0	140881	2030.8130601429918	-0.15000000000000002
18348.763956567436	300	9.287762636579835	0.0	157671	1625.304229938068	0.3
18354.677786309367	1200	7.373932894652185	0.0	616206	5913.82974192765	0.29999999999999993
18358.91692496095	750	7.134794243065054	0.0	401853	4239.138651587132	0.3
18361.384793047306	750	8.666926156710552	0.0	343800	2467.8680863545023	0.75
18363.634103848126	750	10.417615355891156	0.0	359903	2249.3108008193954	0.75
18367.251120107896	1200	10.800599096119662	0.0	590335	3617.0162597714925	0.75
18371.821269050608	1200	10.23045015340567	0.0	696376	4570.148942713994	1.2
18374.855134703797	1200	11.196584500217675	0.0	487160	3033.8656531879933	1.2
18381.34282188816	1850	8.708897315855545	0.0	972798	6487.687184362129	1.2000000000000002
18384.075467941573	750	9.97625126243999	0.0	400508	2732.646053415555	-0.3500000000000001
18387.226946133043	1200	10.824773070971274	0.0	570392	3151.4781914687146	0.75
18391.71643631597	1200	10.335282888041064	0.0	620283	4489.49018293021	1.2
18395.817358238066	1200	10.234360965946816	0.0	584349	4100.921922094248	1.2
18399.627909784314	1200	10.42380941969991	0.0	670129	3810.5515462469066	1.2
18403.488750433607	1200	10.562968770402852	0.0	690253	3860.8406492970576	1.2
18407.198210097977	1200	10.853509106037285	0.0	598727	3709.459664365568	1.2
18410.184404108528	1200	11.867315095486562	0.0	487812	2986.1940105507238	1.2
18417.953838068053	1850	8.09788113596091	0.0	938587	7769.433959525652	1.2000000000000002
18421.85671952574	750	8.19499967827418	0.0	378327	3902.88145768673	-0.3500000000000001
18425.656014553693	750	8.395704650320779	0.0	390680	3799.2950279534025	0.75
18428.984670081838	750	9.06704912217272	0.0	345516	3328.6555281480587	0.75
18434.94471806088	1200	7.107001143131494	0.0	641452	5960.047979041227	0.75
18437.90778284848	750	8.14393635553106	0.0	372093	2963.0647876004327	0.3
18440.616133607004	750	9.435585597009224	0.0	438281	2708.350758521838	0.75
18444.437156351378	1200	9.614562852638377	0.0	630203	3821.0227443708454	0.75
18448.55743280192	1200	9.494286402092925	0.0	638661	4120.2764505454525	1.2
18451.737062386925	1200	10.314656817087402	0.0	538612	3179.629585005523	1.2
18455.558461873014	1200	10.493257331000335	0.0	550906	3821.3994860870666	1.2

