24566.154705294735	750	4.0	4.8551176236478435	450283	4855.117623647843	-20.127005781685725
24567.65191739575	300	6.502787898988277	0.0	155580	1497.2121010117223	-0.15000000000000002
24568.939222380588	300	9.215482914147731	0.0	139857	1287.3049848405465	0.3
24573.091553034617	1200	9.063152260118942	0.0	617681	4152.330654028788	0.29999999999999993
24577.0238400586	1200	9.130865236137701	0.0	652874	3932.2870239812414	1.2
24580.480933263807	1200	9.673772030926473	0.0	520315	3457.0932052112275	1.2
24584.096345860176	1200	10.058359434560339	0.0	561791	3615.412596366133	1.2
24587.494547980485	1200	10.660157314253228	0.0	709534	3398.202120307112	1.2
24591.759956601785	1200	10.394748692951612	0.0	584846	4265.408621301615	1.2
24596.13016392318	1200	10.024541371558687	0.0	560821	4370.207321392925	1.2
24600.335749460613	1200	9.818955834120668	0.0	607410	4205.585537438019	1.2
24605.142812988368	1200	9.01189230636847	0.0	594078	4807.063527752199	1.2
24610.67317958983	1200	7.481525704903326	0.0	624282	5530.366601465144	1.2
24613.8937239405	750	8.260981354235676	0.0	434409	3220.5443506676493	0.3
24616.22787927667	750	9.926826018064624	0.0	337059	2334.1553361710544	0.75
24619.936406764387	1200	10.218298530345683	0.0	587876	3708.5274877189404	0.75
24624.661123575086	1200	9.493581719646375	0.0	617242	4724.716810699306	1.2
24628.1905728595	1200	9.964132435233681	0.0	581493	3529.449284412695	1.2
24632.997378605043	1200	9.157326689692615	0.0	639204	4806.805745541065	1.2
24638.749666134998	1200	7.405039159736751	0.0	586839	5752.287529955865	1.2
24643.725868091984	750	6.428837202749619	0.0	386472	4976.201956987133	0.3
24645.162491146275	300	8.992214148461452	0.0	157812	1436.6230542881672	-0.15000000000000002
24647.485848998123	750	10.668856296612296	0.0	401853	2323.3578518491568	0.3
24650.649571270227	1200	11.505134024507436	0.0	536667	3163.7222721048597	0.75
24655.87272660619	1850	10.28197868854504	0.0	897976	5223.155335962396	1.2000000000000002
24659.148440287416	1200	11.006265007318612	0.0	590335	3275.713681226428	0.5499999999999999
24666.1898550264	1850	7.9648502683325	0.0	1076599	7041.414738986112	1.2000000000000002
24668.648570608246	750	9.506134686488478	0.0	277716	2458.715581844022	-0.3500000000000001
24676.494596253146	1200	5.66010904159137	0.0	622896	7846.025644897109	0.75
24678.42914111936	300	7.725564175380674	0.0	149029	1934.544866210695	-0.6000000000000001
24681.483159753854	750	8.671545540882574	0.0	358218	3054.0186344981	0.3
24687.862139747398	750	6.292565547338315	0.0	400322	6378.97999354426	0.75
24688.893711720702	300	9.260993574036453	0.0	143881	1031.5719733018618	-0.15000000000000002
24694.61282349719	1200	7.541881797546065	0.0	670129	5719.1117764903875	0.29999999999999993
24698.18710784194	750	7.967597452800209	0.0	401088	3574.2843447458554	0.3
24701.392128496864	750	8.76257679787766	0.0	365161	3205.02065492255	0.75
24704.176088721037	750	9.97861657370319	0.0	321064	2783.96022417447	0.75
24711.8607931461	1200	6.293912148639348	0.0	575591	7684.704425063842	0.75
24715.2024589001	300	6.9522463946391255	0.0	144254	3341.665754000222	-0.6000000000000001
24718.091608199746	300	8.063097094996753	0.0	149991	2889.1492996423735	0.3
24725.33494979687	750	4.819755497870912	0.0	345516	7243.34159712584	0.3
24728.23918161897	300	5.915523675770227	0.0	161857	2904.2318221006853	-0.15000000000000002
24731.053173102824	300	7.101532191913721	0.0	145210	2813.9914838565055	0.3
24743.523135004965	750	4.0	5.368429710222984	438281	12469.961902136705	-22.78424775395883
24748.825122807204	300	4.0	1.3019878022426865	167025	5301.9878022426865	-5.748547549643552
24752.68525879199	300	4.139864015214889	0.0	160064	3860.1359847851113	0.3
24754.93651461783	300	5.888608189376517	0.0	137507	2251.255825838373	0.3
24756.783865691446	300	8.041257115762093	0.0	118421	1847.3510736144244	0.3

