3576.721264987614	750	4.0	1.1482833162359447	450283	1148.2833162359448	-4.187618259814562
3579.2840831242693	1850	5.4371818633447635	0.0	957685	2562.8181366552362	0.75
3584.1086829062624	1850	4.6125820813515634	0.0	877771	4824.5997819932	1.85
3587.698166221511	1850	5.023098766102967	0.0	933276	3589.4833152485976	1.85
3592.849752400806	1850	4.0	0.12848741319198506	996749	5151.586179294952	1.2975041232744644
3595.9773783067803	1850	4.87237409402582	0.0	801058	3127.6259059741806	1.85
3598.679522522473	1850	6.170229878333539	0.0	905515	2702.144215692281	1.85
3601.1530404191476	1850	7.696711981658502	0.0	1060487	2473.5178966750373	1.85
3603.449832540707	1850	9.39991986009925	0.0	852833	2296.7921215592514	1.85
3607.40617895972	1850	9.443573441086741	0.0	913888	3956.346419012509	1.85
3613.4074547355976	1850	7.442297665208919	0.0	939819	6001.275775877822	1.85
3624.1338912143538	1850	4.0	3.2841388135474454	917428	10726.436478756365	-12.271796898254015
3628.627468528322	1200	4.0	0.4935773139681105	624282	4493.5773139681105	-1.5723824500628751
3631.277237977157	1200	5.350230551164944	0.0	687371	2649.769448835056	1.2
3633.0317649619005	1200	7.5957035664210135	0.0	526950	1754.5269847439306	1.2
3634.815197972872	1200	9.812270555449661	0.0	587876	1783.4330109713526	1.2
3636.900065305853	1200	11.727403222468544	0.0	617242	2084.867332981117	1.2
3639.735188907444	1850	12.892279620877225	0.0	885714	2835.123601591318	1.2000000000000002
3643.2303769344285	1850	13.397091593892565	0.0	987708	3495.18802698466	1.85
3646.200973086738	1850	14.42649544158316	0.0	923755	2970.5961523094047	1.85
3648.5723624402626	1850	16.055106088058558	0.0	891604	2371.3893535246034	1.85
3652.0823562799715	1850	16.545112248349557	0.0	955231	3509.993839709001	1.85
3655.7111590757245	1850	16.91630945259673	0.0	968026	3628.802795752823	1.85
3658.90823477675	1850	17.719233751571526	0.0	874175	3197.075701025204	1.85
3661.451601418083	1850	19.175867110238322	0.0	897976	2543.366641333204	1.85
3663.670688711014	1850	20.956779817307492	0.0	905935	2219.0872929308334	1.85
3666.0801035047543	1850	22.547365023567597	0.0	1076599	2409.4147937398975	1.85
3668.116042426618	1850	24.511426101703467	0.0	758197	2035.9389218641302	1.85
3672.2122527091306	2850	24.415215819191168	0.0	1498470	4096.2102825122965	1.85
3676.814387437381	2850	23.813081090940948	0.0	1561263	4602.134728250221	2.85
3680.3277345517336	2850	24.29973397658856	0.0	1341201	3513.34711435239	2.85
3684.141658901967	2850	24.485809626355476	0.0	1497683	3813.924350233084	2.85
3687.212640278021	2850	25.414828250301284	0.0	1358081	3070.981376054191	2.85
3691.0817240167353	2850	25.545744511586804	0.0	1587293	3869.083738714481	2.85
3695.38424944533	2850	25.243219082991953	0.0	1492672	4302.52542859485	2.85
3698.6574721498687	2850	25.969996378454017	0.0	1439896	3273.2227045379354	2.85
3702.5506357796703	2850	26.076832748652166	0.0	1139291	3893.1636298018475	2.85
3706.897913287859	2850	25.729555240463725	0.0	1499009	4347.277508188443	2.85
3711.6041651869245	2850	25.02330334139832	0.0	1427478	4706.251899065402	2.85
3716.065010677789	1850	24.562457850533935	0.0	930577	4460.845490864387	0.8500000000000001
3720.4460132363183	1850	24.181455292004394	0.0	858450	4381.0025585295425	1.85
3723.849792637627	1850	24.777675890695445	0.0	1025005	3403.7794013089488	1.85
3726.602008334939	1850	26.025460193383847	0.0	886255	2752.215697311601	1.85
3729.5961996662977	1850	27.031268862025104	0.0	973972	2994.191331358744	1.85
3732.3614581584297	1850	28.266010369892832	0.0	958994	2765.2584921322696	1.85
3735.23426988257	1850	29.393198645752733	0.0	982064	2872.8117241400987	1.85
3738.285624429828	1850	30.341844098494644	0.0	830730	3051.3545472580927	1.85
3741.227162270296	1850	31.400306258026816	0.0	846370	2941.537840467825	1.85

