14510.257128491616	750	4.0	4.782926972877741	450283	4782.926972877741	-19.816585983374285
14515.360290424582	750	4.0	1.103161932964834	398865	5103.161932964834	-3.993596311748785
14518.922952340163	750	4.437338084418797	0.0	350812	3562.661915581203	0.75
14520.111493935583	300	7.248796488998934	0.0	155432	1188.5415954198622	-0.15000000000000002
14523.715133512595	750	7.645156911988759	0.0	411561	3603.6395770101753	0.3
14526.699094397938	750	8.661196026645328	0.0	318564	2983.960885343432	0.75
14529.520669174753	750	9.839621249829626	0.0	352642	2821.5747768157007	0.75
14536.458570331091	750	6.901720093491396	0.0	437162	6937.90115633823	0.75
14541.196939899104	750	6.163350525478649	0.0	374758	4738.369568012747	0.75
14542.287046256917	300	9.07324416766516	0.0	139105	1090.1063578134874	-0.15000000000000002
14544.873789169575	750	10.486501255007989	0.0	353220	2586.7429126571737	0.3
14547.908694443566	750	11.45159598101751	0.0	405134	3034.9052739904782	0.75
14550.60016289812	750	12.760127526462362	0.0	386351	2691.468454555149	0.75
14554.115119692167	750	13.245170732415001	0.0	434409	3514.9567940473603	0.75
14556.738574824732	750	14.621715599849683	0.0	337059	2623.455132565317	0.75
14559.719816202665	750	15.640474221917653	0.0	366214	2981.241377932031	0.75
14565.27031581066	750	14.089974613922438	0.0	360831	5550.499607995217	0.75
14568.228055444288	750	15.132234980294717	0.0	372963	2957.73963362772	0.75
14571.573481904408	750	15.786808520173624	0.0	405596	3345.426460121095	0.75
14574.817287323374	750	16.5430031012068	0.0	350713	3243.8054189668233	0.75
14578.667413274567	750	16.692877150015157	0.0	386472	3850.1259511916446	0.75
14585.53873639939	750	13.821554025190672	0.0	399894	6871.323124824484	0.75
14592.66497478313	750	10.695315641450161	0.0	401853	7126.238383740511	0.75
14594.208215894985	300	13.152074529593534	0.0	137654	1543.2411118566276	-0.15000000000000002
14595.444821489593	300	15.915468934986862	0.0	146754	1236.6055946066724	0.3
14596.576351268906	300	18.783939155672844	0.0	153938	1131.5297793140155	0.3
14598.049074346864	300	21.311216077716267	0.0	181901	1472.7230779565757	0.3
14600.653770827252	750	22.70651959732585	0.0	277716	2604.6964803904148	0.3
14604.272025660508	750	23.08826476407179	0.0	400396	3618.2548332540623	0.75
14608.972800798914	750	22.387489625665072	0.0	400508	4700.775138406719	0.75
14614.125797100562	750	21.234493324018523	0.0	358218	5152.996301646549	0.75
14622.050103659798	750	17.31018676478146	0.0	400322	7924.306559237068	0.75
14626.15578751151	300	17.20450291306882	0.0	143881	4105.68385171264	-0.15000000000000002
14630.312376748088	300	17.047913676491632	0.0	163444	4156.589236577189	0.3
14633.976576132787	300	17.383714291793243	0.0	179328	3664.1993846983883	0.3
14638.034819775232	300	17.325470649350017	0.0	159914	4058.2436424432262	0.3
14641.825855768098	300	17.534434656484216	0.0	131610	3791.035992865799	0.3
14644.039857772843	300	19.320432651739395	0.0	124011	2214.0020047448193	0.3
14645.183422286758	300	22.176868137823476	0.0	144254	1143.56451391592	0.3
14646.205745775405	300	25.15454464917558	0.0	149991	1022.3234886478978	0.3
14647.153359689655	300	28.206930734925923	0.0	147968	947.6139142496587	0.3
14648.134143604871	300	31.22614681970977	0.0	161857	980.7839152161549	0.3
14650.492005202344	750	32.86828522223751	0.0	372093	2357.8615974722584	0.3
14653.55738343835	1200	33.802906986230056	0.0	634861	3065.3782360074497	0.75
14656.782093251357	1200	34.57819717322363	0.0	630203	3224.7098130064282	1.2
14660.048707743637	1200	35.31158268094331	0.0	638661	3266.614492280316	1.2
14663.602456090355	1200	35.75783433422474	0.0	538612	3553.7483467185757	1.2
14667.95590073452	1200	35.40438969006083	0.0	550906	4353.444644163909	1.2

