2589.9901841000046	750	4.0	2.7931852023610926	450283	2793.1852023610927	0.5	-11.260696370152697
2591.482030098037	750	6.508154001967959	0.0	398865	1491.84599803204	0.5	0.75
2593.3484164407187	1200	8.641767659286055	0.0	571051	1866.3863426819046	0.5	0.75
2595.657068473881	1200	10.333115626124226	0.0	617681	2308.6520331618303	0.5	1.2
2598.33315934134	1200	11.657024758664898	0.0	652874	2676.090867459326	0.5	1.2
2601.8760196400585	1850	12.11416445994608	0.0	801058	3542.8602987188183	0.5	1.2000000000000002
2605.5451369784682	1850	12.445047121536476	0.0	905515	3669.117338409604	0.5	1.85
2613.572498632053	1850	8.417685467951744	0.0	1060487	8027.361653584732	0.5	1.85
2622.1809081613383	1200	4.0	0.19072406133383266	584846	8608.409529285576	0.5	-0.2701134637354805
2624.410736264074	300	5.770171897264682	0.0	139105	2229.8281027353187	0.5	-0.6000000000000001
2626.3213248543525	300	7.859583306985696	0.0	141840	1910.5885902789848	0.5	0.3
2627.6121929320825	300	10.568715229255952	0.0	156148	1290.868077729746	0.5	0.3
2628.8690543307084	300	13.31185383062963	0.0	160746	1256.861398626321	0.5	0.3
2630.159224857203	300	16.021683304135493	0.0	179801	1290.1705264941374	0.5	0.3
2631.175963461284	300	19.004944700054125	0.0	140051	1016.7386040813657	0.5	0.3
2633.1760993518133	750	21.004808809525127	0.0	366214	2000.1358905289994	0.5	0.3
2634.916671817104	750	23.264236344234202	0.0	360831	1740.5724652909246	0.5	0.75
2637.6129947869695	750	24.567913374368736	0.0	372963	2696.3229698654673	0.5	0.75
2641.5166602550717	1200	24.66424790626634	0.0	639204	3903.665468102392	0.5	0.75
2645.181054905964	1850	24.999853255373996	0.0	923755	3664.394650892345	0.5	1.2000000000000002
2648.875868630705	1850	25.305039530633	0.0	891604	3694.8137247409963	0.5	1.85
2651.8052796343222	1850	26.375628527015834	0.0	955231	2929.4110036171646	0.5	1.85
2654.5708288732308	1850	27.610079288107453	0.0	968026	2765.549238908383	0.5	1.85
2658.9815060075243	2850	27.199402153814063	0.0	1323990	4410.677134293389	0.5	1.85
2663.566854889271	2850	26.614053272067395	0.0	1383735	4585.34888174667	0.5	2.85
2669.4369849917666	2850	24.74392316957196	0.0	1480464	5870.130102495434	0.5	2.85
2676.8560853258864	2850	21.324822835451837	0.0	1547572	7419.100334120126	0.5	2.85
2681.1554904345467	2850	21.025417726791627	0.0	1141971	4299.405108660209	0.5	2.85
2687.9105270715863	2850	18.270381089751687	0.0	1498470	6755.036637039939	0.5	2.85
2693.59759002263	2850	16.583318138707867	0.0	1561263	5687.062951043823	0.5	2.85
2699.047785199728	2850	15.133122961609839	0.0	1341201	5450.195177098028	0.5	2.85
2702.8115385174488	1850	15.369369643889065	0.0	954453	3763.7533177207742	0.5	0.8500000000000001
2706.1791939117547	1850	16.001714249583113	0.0	885062	3367.6553943059525	0.5	1.85
2710.6721558619115	1850	15.508752299426149	0.0	1035329	4492.961950156965	0.5	1.85
2718.007522234521	2850	12.173385926816469	0.0	1492672	7335.36637260968	0.5	1.85
2722.66566132199	2850	11.515246839347517	0.0	1439896	4658.139087468952	0.5	2.85
2726.6075546863017	2850	11.573353475035525	0.0	1139291	3941.893364311993	0.5	2.85
2731.0502665743293	2850	11.130641587008213	0.0	1499009	4442.711888027311	0.5	2.85
2735.5911566216782	2850	10.589751539659305	0.0	1427478	4540.890047348907	0.5	2.85
2743.6860420311345	2850	6.494866130202976	0.0	1402287	8094.885409456329	0.5	2.85
2748.4945795285994	1850	5.686328632738077	0.0	858450	4808.5374974649	0.5	0.8500000000000001
2752.3463906279076	1200	5.83451753343014	0.0	641452	3851.8110993079363	0.5	0.5499999999999999
2754.6651795395046	1200	7.5157286218332535	0.0	599477	2318.788911596886	0.5	1.2
2756.4453153445593	1200	9.735592816778269	0.0	634861	1780.1358050549838	0.5	1.2
2758.227004768705	1200	11.95390339263295	0.0	630203	1781.6894241453201	0.5	1.2
2760.1914577343655	1200	13.98945042697249	0.0	638661	1964.452965660459	0.5	1.2
2764.6403519088817	2850	13.540556252456211	0.0	1231456	4448.894174516279	0.5	1.2000000000000002
2781.5236539446064	4300	4.0	3.342745783268656	2155012	16883.302035724868	0.5	-11.523806868055221

