21710.89415336963	750	4.0	6.212365695121308	450283	6212.365695121308	0.004705182	-25.963172489021623
21712.401242623644	300	6.492910745984942	0.0	155580	1507.089254015058	0.004705182	-0.15000000000000002
21713.970790124244	300	8.923363245387266	0.0	139857	1569.547500597674	0.009405771	0.3
21717.353771346847	300	9.54038202278418	0.0	155432	3382.981222603087	0.004705182	0.3
21719.75974438889	300	11.134408980739513	0.0	163442	2405.973042044665	0.004705182	0.3
21721.161573485504	300	13.732579884127976	0.0	126289	1401.8290966115378	0.0063789925	0.3
21722.871319534308	300	16.02283383532257	0.0	153295	1709.746048805408	0.004705182	0.3
21725.39320609807	300	17.50094727156205	0.0	173849	2521.88656376052	0.004705182	0.3
21727.588036468125	300	19.306116901505767	0.0	150710	2194.830370056284	0.004705182	0.3
21729.304418425967	300	21.589734943663952	0.0	139105	1716.3819578418154	0.004705182	0.3
21730.96897468456	300	23.925178685067262	0.0	141840	1664.5562585966907	0.00595325	0.3
21733.14649434005	300	25.747659029580376	0.0	156148	2177.5196554868867	0.007315026	0.3
21734.593367523354	300	28.30078584627639	0.0	160746	1446.8731833039867	0.008815072	0.3
21735.881790950214	300	31.012362419417016	0.0	179801	1288.4234268593748	0.06235042	0.3
21736.736796018995	300	34.157357350634854	0.0	140051	855.0050687821622	0.5658587	0.3
21739.384586997505	750	35.509566372125335	0.0	366214	2647.7909785095153	0.31363747	0.3
21742.231690424036	750	36.662462945594584	0.0	360831	2847.103426530749	0.004705182	0.75
21747.706444788375	750	35.187708581257056	0.0	372963	5474.754364337528	0.004758164	0.75
21753.91153386533	750	32.9826195043006	0.0	405596	6205.08907695646	0.00708817	0.75
21761.741959980598	750	29.15219338902986	0.0	350713	7830.426115270741	0.008773056	0.75
21771.78567438821	750	23.108478981418962	0.0	386472	10043.7144076109	0.44787392	0.75
21774.86052737328	300	24.033625996349567	0.0	157812	3074.852985069391	0.06950113	-0.15000000000000002
21776.531431996224	300	26.362721373406636	0.0	163927	1670.9046229429316	0.013200888	0.3
21777.761665945556	300	29.132487424072565	0.0	137654	1230.2339493340712	0.4659732	0.3
21779.097312662263	300	31.796840707364648	0.0	146754	1335.6467167079156	0.69673926	0.3
21782.423498958437	750	32.47065441119404	0.0	379700	3326.186296170612	0.19653527	0.3
21786.176878730643	750	32.71727463898693	0.0	425781	3753.379772207106	0.004705182	0.75
21788.47057692339	750	34.423576446236055	0.0	277716	2293.698192750883	0.0069167637	0.75
21791.774822866068	750	35.11933050356311	0.0	400396	3304.24594267294	0.009454418	0.75
21795.292283149796	750	35.60187021983299	0.0	400508	3517.4602837301222	0.033331245	0.75
21798.864834382744	750	36.02931898688953	0.0	358218	3572.551232943459	0.13488702	0.75
21805.902463291884	750	32.99169007774694	0.0	400322	7037.628909142594	0.10294664	0.75
21816.79912960965	750	26.095023759979195	0.0	369834	10896.666317767738	0.0067548743	0.75
21828.883135563163	750	18.011017806470594	0.0	412837	12084.0059535086	0.21794768	0.75
21832.377972801663	300	18.51618056796939	0.0	179328	3494.8372385012044	0.047969446	-0.15000000000000002
21834.828498182676	300	20.06565518695455	0.0	159914	2450.5253810148365	0.05092941	0.3
21836.865866717042	300	22.028286652589557	0.0	131610	2037.368534364991	0.22338815	0.3
21838.793387851245	300	24.100765518386016	0.0	124011	1927.521134203545	0.5855188	0.3
21845.64534085764	750	21.24881251199265	0.0	378327	6851.953006393363	0.5927149	0.3
21851.495297292608	750	19.398856077023954	0.0	390680	5849.9564349687	0.06368818	0.75
21857.463707939176	750	17.43044543045347	0.0	345516	5968.410646570483	0.007286418	0.75
21863.882452211863	750	15.011701157765273	0.0	384505	6418.744272688195	0.06432037	0.75
21867.977624786694	750	14.916528582935074	0.0	372093	4095.172574830199	0.30134133	0.75
21871.848619041823	750	15.045534327806216	0.0	438281	3870.994255128858	0.019128501	0.75
21875.990707965295	750	14.903445404331908	0.0	398987	4142.088923474308	0.009088459	0.75
21879.245294649874	750	15.64885871975647	0.0	393804	3254.5866845754376	0.011484077	0.75
21884.991524705492	750	13.90262866413665	0.0	331053	5746.2300556198215	0.090463884	0.75
21888.59547551271	750	14.298677856918545	0.0	314107	3603.9508072181047	0.0071377647	0.75

