16361.666415463716	750	4.0	6.240793125191714	450283	6240.793125191714	-26.08541043832437
16364.274628996109	300	5.39178646760646	0.0	155580	2608.2135323935404	-0.15000000000000002
16366.802808287113	300	6.863607176602174	0.0	139857	2528.179291004286	0.3
16369.088265243525	300	8.578150220191981	0.0	155432	2285.456956410193	0.3
16372.601086163346	300	9.065329300370701	0.0	163442	3512.820919821281	0.3
16374.962373763106	300	10.704041700610226	0.0	126289	2361.2875997604747	0.3
16377.509439330122	300	12.156976133596313	0.0	153295	2547.065567013914	0.3
16380.447463528433	300	13.218951935283304	0.0	173849	2938.024198313009	0.3
16383.53531247348	300	14.131102990237448	0.0	150710	3087.848945045855	0.3
16386.5037132887	300	15.162702175014754	0.0	139105	2968.400815222695	0.3
16393.070636979657	750	12.59577848405866	0.0	353220	6566.923690956093	0.3
16396.181819143454	300	13.484596320264075	0.0	156148	3111.1821637945864	-0.15000000000000002
16399.872605495097	300	13.793809968622107	0.0	160746	3690.786351641968	0.3
16403.717373092815	300	13.949042370902456	0.0	179801	3844.7675977196504	0.3
16406.15419367307	300	15.512221790651804	0.0	140051	2436.820580250653	0.3
16411.479640771737	750	14.186774691980732	0.0	366214	5325.447098671072	0.3
16417.52655203371	750	12.13986343001111	0.0	360831	6046.9112619696225	0.75
16419.513657052627	300	14.152758411092169	0.0	150616	1987.1050189189402	-0.15000000000000002
16425.076790103445	750	12.5896253602728	0.0	405596	5563.133050819369	0.3
16430.0659644605	750	11.600451003219998	0.0	350713	4989.1743570528015	0.75
16436.49466669271	750	9.171748771009861	0.0	386472	6428.702232210137	0.75
16438.032683593807	300	11.63373186991414	0.0	157812	1538.0169010957227	-0.15000000000000002
16439.776146391938	300	13.89026907178212	0.0	163927	1743.4627981320184	0.3
16442.512261322794	750	15.154154140925973	0.0	343800	2736.114930856147	0.3
16445.95017967772	750	15.716235786002498	0.0	359903	3437.918354923475	0.75
16450.367175814874	750	15.299239648846823	0.0	379700	4416.996137155675	0.75
16456.455685896024	750	13.210729567696156	0.0	425781	6088.510081150668	0.75
16462.297256973954	750	11.369158489766484	0.0	277716	5841.571077929671	0.75
16469.419539049166	750	8.246876414555874	0.0	400396	7122.282075210609	0.75
16473.01257730976	300	8.65383815396273	0.0	149029	3593.038260593144	-0.15000000000000002
16477.54595333037	300	8.120462133352143	0.0	157421	4533.376020610586	0.3
16482.976969277566	300	6.689446186155558	0.0	157488	5431.015947196585	0.3
16487.615388748854	300	6.051026714868045	0.0	143881	4638.419471287513	0.3
16491.710636522992	300	5.955778940729291	0.0	163444	4095.2477741387534	0.3
16497.626526374886	300	4.039889088837638	0.0	179328	5915.889851891653	0.3
16503.395146891275	300	4.0	1.7287314275511707	159914	5768.620516388809	-7.133545138470034
16507.132588988774	300	4.262557902501029	0.0	131610	3737.4420974989716	0.3
16510.24390043348	300	5.151246457792744	0.0	124011	3111.311444708284	0.3
16513.766889696548	300	5.628257194727134	0.0	144254	3522.98926306561	0.3
16517.293858389825	300	6.101288501448623	0.0	149991	3526.9686932785094	0.3
16519.97929395459	300	7.415852936683233	0.0	147968	2685.4355647653906	0.3
16522.88283353463	300	8.51231335664483	0.0	161857	2903.539580038403	0.3
16525.002573462152	300	10.392573429121759	0.0	145210	2119.739927523071	0.3
16527.30894897014	300	12.086197921132266	0.0	172312	2306.375507989495	0.3
16530.231263248323	300	13.163883642952841	0.0	167025	2922.3142781794227	0.3
16533.970422595095	300	13.424724296177763	0.0	160064	3739.1593467750786	0.3
16537.591534566647	300	13.803612324625952	0.0	137507	3621.1119715518103	0.3
16539.807540524944	300	15.587606366330258	0.0	118421	2216.005958295695	0.3

