8897.173231432558	750	4.0	2.566216384271528	450283	2566.216384271528	-10.28473045236757
8898.083072736197	300	7.0901586963599605	0.0	155580	909.8413036400393	-0.15000000000000002
8899.514875247334	750	9.658356185222619	0.0	350812	1431.802511137342	0.3
8901.622859622586	1200	11.55037180997152	0.0	617681	2107.9843752511006	0.75
8904.738996296108	1850	12.43423513645011	0.0	996749	3116.1366735214106	1.2000000000000002
8907.45532518647	1850	13.717906246086786	0.0	801058	2716.3288903633215	1.85
8912.017090885012	2850	13.156140547546107	0.0	1388403	4561.765698540679	1.85
8919.119169903639	2850	10.054061528917202	0.0	1638769	7102.079018628905	2.85
8921.423343405742	1200	11.749888026814759	0.0	584846	2304.1735021024424	-0.44999999999999996
8925.064510803286	1850	12.108720629270884	0.0	913888	3641.1673975438757	1.2000000000000002
8929.008360698499	1850	12.16487073405751	0.0	939819	3943.8498952133727	1.85
8932.385608032579	1850	12.787623399978209	0.0	917428	3377.2473340793026	1.85
8936.697647807054	1850	12.475583625503141	0.0	946851	4312.039774475068	1.85
8942.353636786118	1850	10.819594646439537	0.0	1036454	5655.988979063604	1.85
8945.320414964051	1200	11.852816468506404	0.0	526950	2966.778177933132	0.5499999999999999
8951.69105531892	1850	9.482176113638438	0.0	923170	6370.6403548679655	1.2000000000000002
8958.956992305246	1200	6.216239127312534	0.0	617242	7265.9369863259035	0.5499999999999999
8960.174345672853	300	8.998885759704326	0.0	150616	1217.3533676082081	-0.6000000000000001
8963.76071005951	750	9.412521373046703	0.0	405596	3586.3643866576235	0.3
8970.517144760066	1200	6.656086672490101	0.0	586839	6756.4347005566015	0.75
8972.400891088857	300	8.772340343699595	0.0	157671	1883.746328790507	-0.6000000000000001
8975.78366987375	750	9.389561558806971	0.0	399894	3382.7787848926228	0.3
8979.645891685526	1200	9.527339747030783	0.0	656471	3862.2218117761868	0.75
8982.40450766584	1200	10.76872376671724	0.0	536667	2758.6159803135415	1.2
8985.339855738286	1200	11.833375694272286	0.0	587236	2935.348072444955	1.2
8989.86543077844	1850	11.307800654118994	0.0	905935	4525.575040153294	1.2000000000000002
8994.988778698225	1850	10.184452734334728	0.0	1076599	5123.347919784264	1.85
8997.834996603264	1200	11.338234829294878	0.0	487160	2846.2179050398513	0.5499999999999999
9003.776442841347	1850	9.396788591210454	0.0	972798	5941.446238084423	1.2000000000000002
9007.901309321367	1200	9.271922111192376	0.0	641447	4124.866480018078	0.5499999999999999
9015.346338242529	1200	5.826893190029366	0.0	570392	7445.028921163011	1.2
9016.993224985295	300	8.180006447262393	0.0	157488	1646.886742766972	-0.6000000000000001
9020.313434557813	750	8.859796874745943	0.0	369834	3320.2095725164518	0.3
9023.089206410026	750	10.084025022532234	0.0	412837	2775.7718522137084	0.75
9027.513511795605	1200	9.659719636953836	0.0	690253	4424.305385578399	0.75
9032.203988901052	1200	8.969242531505502	0.0	598727	4690.4771054483335	1.2
9034.689185982974	750	10.484045449584446	0.0	321064	2485.1970819210555	0.3
9039.369219332139	1200	9.80401210042033	0.0	575591	4680.033349164116	0.75
9044.416543454332	1200	8.756687978226841	0.0	605884	5047.324122193489	1.2
9048.669524044946	750	8.50370738761314	0.0	390680	4252.9805906137	0.3
9052.756821759875	750	8.416409672685674	0.0	345516	4087.297714927466	0.75
9056.000784365695	750	9.172447066863802	0.0	384505	3243.9626058218705	0.75
9060.344815637718	1200	8.828415794840796	0.0	599477	4344.031272023006	0.75
9063.668105689372	750	9.5051257431873	0.0	438281	3323.2900516534955	0.3
9072.244987109923	1200	4.928244322636591	0.0	630203	8576.88142055071	0.75
9073.934345406766	300	7.238886025794367	0.0	160064	1689.3582968422238	-0.6000000000000001
9077.089303843966	750	8.083927588593037	0.0	331053	3154.95843720133	0.3
9080.888322690485	750	8.284908742074165	0.0	314107	3799.018846518871	0.75

