25147.37680616663	750	4.0	3.7572090788844412	450283	3757.209078884441	-15.405999039203095
25148.607540780555	300	6.76926538607515	0.0	155580	1230.7346139248493	-0.15000000000000002
25149.672855808552	300	9.703950358079696	0.0	139857	1065.3150279954539	0.3
25157.008613636197	1200	6.368192530437467	0.0	617681	7335.75782764223	0.29999999999999993
25159.585703005476	300	7.791103161159532	0.0	163442	2577.089369277935	-0.6000000000000001
25162.399145444775	750	8.977660721857868	0.0	318564	2813.4424393016643	0.3
25165.236126930333	750	10.140679236299405	0.0	352642	2836.981485558463	0.75
25173.582199350603	1200	5.794606816030435	0.0	709534	8346.07242026897	0.75
25174.92554712654	300	8.451259040094083	0.0	150710	1343.3477759363516	-0.6000000000000001
25178.14647121013	750	9.230334956504615	0.0	362795	3220.924083589466	0.3
25189.645644100994	1200	4.0	2.268837934360301	607410	11499.172890864917	-9.006003117749295
25193.844927118094	300	4.0	0.1992830170987736	156148	4199.283017098774	-1.4569169735247267
25198.576217696253	300	4.0	0.7312905781600993	160746	4731.290578160099	-2.844549486088427
25203.024809130897	300	4.0	0.4485914346414429	179801	4448.591434641443	-1.6289431689582043
25205.894527674445	300	5.130281456452245	0.0	140051	2869.7185435477545	0.3
25209.678868617884	300	5.345940513011557	0.0	138313	3784.340943440687	0.3
25214.531633512008	300	4.493175618889062	0.0	143509	4852.764894122496	0.3
25220.018536641684	300	4.0	0.9937275107854575	150616	5486.903129674519	-3.9730282963774677
25225.687408891063	300	4.0	1.6688722493794204	165384	5668.87224937942	-6.876150672331508
25229.637309892918	300	4.050098998145572	0.0	140881	3949.9010018544286	0.3
25233.062992315914	300	4.624416575148591	0.0	157671	3425.682422996981	0.3
25236.333179039015	300	5.354229852046942	0.0	157812	3270.18672310165	0.3
25238.95643895152	300	6.730969939542026	0.0	163927	2623.2599125049146	0.3
25240.693690778335	300	8.9937181127288	0.0	137654	1737.2518268132267	0.3
25247.751079409318	750	5.936329481746776	0.0	359903	7057.388630982024	0.3
25250.610599451906	300	7.07680943915676	0.0	153938	2859.5200425900166	-0.15000000000000002
25263.26367458848	750	4.0	5.57626569741959	425781	12653.07513657635	-23.677942498904233
25267.12289677315	300	4.140777815330504	0.0	111155	3859.222184669496	-0.15000000000000002
25272.93414517146	300	4.0	1.6704705829776885	153605	5811.248398308193	-6.883023506804061
25276.235979169654	300	4.698166001803146	0.0	149029	3301.8339981968547	0.3
25281.417262973853	300	4.0	0.48311780239473684	157421	5181.283804197882	-1.7774065502973684
25287.139025022432	300	4.0	1.7217620485789848	157488	5721.762048578985	-7.103576808889635
25291.934928369545	300	4.0	0.7959033471117728	143881	4795.903347111773	-3.122384392580623
25296.268023418674	300	4.0	0.33309504912851023	163444	4333.09504912851	-1.1323087112525938
25299.31536366509	300	4.952659753582255	0.0	179328	3047.3402464177448	0.3
25300.910416477243	300	7.357606941426242	0.0	159914	1595.0528121560124	0.3
25303.69167087792	750	8.576352540746576	0.0	321064	2781.254400679665	0.3
25306.28667985571	750	9.981343562955866	0.0	361565	2595.0089777907106	0.75
25310.289860767505	1200	9.978162651161567	0.0	605884	4003.180911794299	0.75
25314.003665847915	1200	10.264357570752027	0.0	587506	3713.8050804095396	1.2
25318.098057224208	1200	10.169966194460114	0.0	566904	4094.3913762919137	1.2
25322.435682539774	1200	9.832340878892897	0.0	641452	4337.625315567217	1.2
25325.689798255058	1200	10.578225163606842	0.0	599477	3254.1157152860565	1.2
25328.563208673546	1200	11.704814745120748	0.0	634861	2873.4104184860944	1.2
25333.641978141033	1850	10.626045277632148	0.0	958994	5078.769467488601	1.2000000000000002
25336.94886900726	1200	11.319154411403874	0.0	638661	3306.890866228273	0.5499999999999999
25340.975857984304	1850	11.292165434357983	0.0	830730	4026.9889770458904	1.2000000000000002
25344.453456503667	1850	11.814566914993895	0.0	846370	3477.598519364089	1.85

