8976.382091665897	750	4.0	5.775321338143219	450283	5775.321338143219	-24.08388175401584
8977.699251410764	300	6.682840255133825	0.0	155580	1317.159744866175	-0.15000000000000002
8978.816382940926	300	9.565708724972165	0.0	139857	1117.1315301616603	0.3
8980.06904827386	300	12.313043392038171	0.0	155432	1252.6653329339927	0.3
8981.4554478949	300	14.926643770998389	0.0	163442	1386.3996210397818	0.3
8982.5309157581	300	17.851175907799078	0.0	126289	1075.4678631993083	0.3
8983.859184094526	300	20.522907571372347	0.0	153295	1328.268336426731	0.3
8985.396858142074	300	22.985233523823265	0.0	173849	1537.6740475490794	0.3
8989.940955217151	750	22.44113644874692	0.0	374758	4544.097075076345	0.3
8991.296752750311	300	25.085338915585954	0.0	139105	1355.7975331609669	-0.15000000000000002
8992.467226963006	300	27.914864702891947	0.0	141840	1170.4742126940064	0.3
8993.74727184667	300	30.634819819226685	0.0	156148	1280.0448836652627	0.3
8995.269853624604	300	33.11223804129289	0.0	160746	1522.581777933801	0.3
9000.435630925404	750	31.94646074049285	0.0	434409	5165.777300800041	0.3
9002.853442264684	750	33.5286494012127	0.0	337059	2417.8113392801547	0.75
9006.356199249301	750	34.02589241659519	0.0	366214	3502.7569846175047	0.75
9008.883492473275	750	35.49859919262264	0.0	360831	2527.293223972545	0.75
9011.44517409486	750	36.93691757103578	0.0	372963	2561.681621586861	0.75
9015.668123827	750	36.713967838898355	0.0	405596	4222.949732137431	0.75
9022.209669048174	750	34.17242261772415	0.0	350713	6541.545221174199	0.75
9028.585265644095	750	31.796826021803266	0.0	386472	6375.596595920886	0.75
9030.360873900283	300	34.02121776561432	0.0	157812	1775.6082561889502	-0.15000000000000002
9032.06064061992	300	36.32145104597711	0.0	163927	1699.7667196372104	0.3
9033.774031805046	300	38.60805986085156	0.0	137654	1713.3911851255493	0.3
9035.769399392118	300	40.61269227377834	0.0	146754	1995.3675870732152	0.3
9041.068047324603	750	39.314044341292856	0.0	379700	5298.647932485491	0.3
9046.40259632717	750	37.97949533872552	0.0	425781	5334.549002567338	0.75
9050.268980102337	750	38.11311156355839	0.0	277716	3866.3837751671294	0.75
9054.106100904555	750	38.27599076133992	0.0	400396	3837.1208022184746	0.75
9059.443875818173	750	36.93821584772396	0.0	400508	5337.774913615961	0.75
9065.277122518846	750	35.104969147049474	0.0	358218	5833.246700674485	0.75
9071.41380646516	750	32.96828520073668	0.0	400322	6136.683946312793	0.75
9073.921608591842	300	34.460483074055695	0.0	143881	2507.80212668099	-0.15000000000000002
9076.462101614236	300	35.919990051662374	0.0	163444	2540.4930223933234	0.3
9079.14916383066	300	37.23292783523657	0.0	179328	2687.0622164258025	0.3
9081.57475135275	300	38.807340313147584	0.0	159914	2425.5875220889893	0.3
9084.061095987014	300	40.320995678882596	0.0	131610	2486.3446342649945	0.3
9089.900463882625	750	38.48162778327197	0.0	361565	5839.367895610633	0.3
9091.993023626914	300	40.38906803898238	0.0	144254	2092.5597442895787	-0.15000000000000002
9097.135252960028	750	39.246838705868996	0.0	390680	5142.2293331133815	0.3
9102.431409902194	750	37.95068176370324	0.0	345516	5296.15694216576	0.75
9106.718271530903	750	37.66382013499517	0.0	384505	4286.8616287080695	0.75
9109.860921364783	750	38.52117030111562	0.0	372093	3142.6498338795473	0.75
9114.469043610345	750	37.91304805555159	0.0	438281	4608.122245564032	0.75
9121.99982278192	750	34.38226888397598	0.0	398987	7530.779171575612	0.75
9128.669842956488	750	31.712248709409405	0.0	393804	6670.020174566577	0.75
9130.084517889736	300	34.29757377616102	0.0	137507	1414.6749332483814	-0.15000000000000002
9132.86749576366	750	35.51459590223843	0.0	314107	2782.9778739225917	0.3

