19493.924804385988	750	4.0	2.752351768226307	450283	2752.351768226307	-11.085112603373119
19496.753849103097	750	5.17095528289082	0.0	398865	2829.0447171091805	0.75
19499.00737200776	750	6.917432378227826	0.0	350812	2253.5229046629934	0.75
19500.09885434254	750	9.825950043445326	0.0	382355	1091.4823347825	0.75
19502.849139503374	750	11.075664882613466	0.0	411561	2750.2851608318597	0.75
19507.235584343554	750	10.689220042434826	0.0	318564	4386.4448401786385	0.75
19511.495139537477	750	10.429664848511882	0.0	352642	4259.555193922945	0.75
19513.847554775795	300	12.077249610189424	0.0	173849	2352.415238322458	-0.15000000000000002
19515.24096681229	300	14.683837573695284	0.0	150710	1393.4120364941411	0.3
19516.299098648815	300	17.625705737169977	0.0	139105	1058.1318365253073	0.3
19517.258927752817	300	20.665876633171784	0.0	141840	959.8291039981938	0.3
19518.42080504359	300	23.503999342396707	0.0	156148	1161.877290775079	0.3
19523.047416403588	750	22.877387982397824	0.0	386351	4626.611359998882	0.3
19525.23533783141	300	24.689466554572913	0.0	179801	2187.92142782491	-0.15000000000000002
19527.557867981606	300	26.36693640438079	0.0	140051	2322.530150192123	0.3
19529.814128263286	300	28.11067612269772	0.0	138313	2256.2602816830718	0.3
19531.798203184604	300	30.126601201378584	0.0	143509	1984.0749213191327	0.3
19532.801817940748	300	33.122986445233124	0.0	150616	1003.614756145455	0.3
19533.408623655945	300	36.516180730036005	0.0	165384	606.8057151971109	0.3
19534.67070597844	750	39.25409840754201	0.0	350713	1262.0823224939945	0.3
19537.371667153173	1200	40.55313723280931	0.0	601738	2700.9611747326976	0.75
19545.34387920974	1850	36.58092517623963	0.0	955231	7972.212056569679	1.2000000000000002
19550.5351714425	1200	35.38963294348031	0.0	656471	5191.292232759323	0.5499999999999999
19556.46608236457	1200	33.45872202141157	0.0	536667	5930.910922068737	1.2
19561.355160134088	750	32.56964425189377	0.0	359903	4889.077769517792	0.3
19563.773620557553	750	34.151183828428486	0.0	379700	2418.46042346528	0.75
19569.272002446472	750	32.65280193950906	0.0	425781	5498.381888919427	0.75
19572.69102393138	750	33.23378045459992	0.0	277716	3419.021484909141	0.75
19577.33462120485	750	32.590183181131906	0.0	400396	4643.597273468017	0.75
19583.359769779247	750	30.56503460673349	0.0	400508	6025.148574398418	0.75
19584.61218049296	300	33.31262389302061	0.0	157421	1252.4107137128829	-0.15000000000000002
19589.324979126533	750	32.59982525945034	0.0	400322	4712.798633570269	0.3
19591.627655952958	750	34.29714843302431	0.0	369834	2302.676826426023	0.75
19594.691848540777	750	35.23295584520563	0.0	412837	3064.1925878186794	0.75
19597.486618945135	750	36.438185440844514	0.0	401088	2794.770404361116	0.75
19599.691621644888	750	38.23318274109255	0.0	365161	2205.0026997519644	0.75
19604.098648162657	1200	37.82615622332511	0.0	487812	4407.026517767439	0.75
19608.870590446615	1200	37.05421393936674	0.0	575591	4771.942283958374	1.2
19614.033391413494	1200	35.89141297248464	0.0	605884	5162.800966882104	1.2
19616.69489610819	750	37.22990827778948	0.0	390680	2661.504694695153	0.3
19619.81793381704	750	38.1068705689401	0.0	345516	3123.037708849379	0.75
19625.873212451705	1200	36.05159193427539	0.0	641452	6055.278634664716	0.75
19628.51744011606	750	37.40736426992064	0.0	372093	2644.227664354749	0.3
19633.21718116276	1200	36.707623223220175	0.0	634861	4699.741046700469	0.75
19637.196293937883	1200	36.728510448094355	0.0	630203	3979.1127751258173	1.2
19644.83403538904	1200	33.09076899693589	0.0	638661	7637.7414511584675	1.2
19647.58186431131	750	34.34294007467099	0.0	331053	2747.8289222648978	0.3
19650.73056675223	750	35.19423763375076	0.0	314107	3148.7024409202336	0.75

