9213.436934860763	750	4.0	5.693969597015465	450283	5693.969597015464	0.004705182	-23.734069267166497
9215.240271455938	300	6.1966634048252285	0.0	155580	1803.336595174772	0.004705182	-0.15000000000000002
9216.72924359107	300	8.707691269693635	0.0	139857	1488.9721351315945	0.005715926	0.3
9218.312752750655	300	11.12418211010765	0.0	155432	1583.509159585983	0.004705182	0.3
9220.022673354564	300	13.414261506198569	0.0	163442	1709.920603909083	0.010915244	0.3
9221.369631785885	300	16.067303074878538	0.0	126289	1346.9584313200323	0.028810052	0.3
9222.899236649248	300	18.537698211516872	0.0	153295	1529.604863361666	0.005556972	0.3
9224.696164592542	300	20.740770268221752	0.0	173849	1796.927943295118	0.007054117	0.3
9226.322695805608	300	23.11423905515551	0.0	150710	1626.5312130662408	0.010109417	0.3
9227.90434847047	300	25.532586390292582	0.0	139105	1581.6526648629308	0.02605331	0.3
9229.47007572051	300	27.96685914025227	0.0	141840	1565.7272500403092	0.028027704	0.3
9231.074362097926	300	30.362572762836212	0.0	156148	1604.2863774160621	0.043041684	0.3
9232.63181833583	300	32.80511652493137	0.0	160746	1557.4562379048398	0.10670324	0.3
9234.349110044004	300	35.087824816757944	0.0	179801	1717.2917081734304	0.40614912	0.3
9235.832115262145	300	37.60481959861731	0.0	140051	1483.0052181406386	0.6965743	0.3
9237.441630237734	300	39.995304623028865	0.0	138313	1609.5149755884438	0.52908117	0.3
9238.858595049187	300	42.57833981157605	0.0	143509	1416.9648114528177	0.24959722	0.3
9242.932158482017	750	42.504776378746364	0.0	372963	4073.5634328296887	0.034360282	0.3
9247.256066899634	750	42.18086796112955	0.0	405596	4323.908417616812	0.004705182	0.75
9251.557953019053	750	41.87898184171018	0.0	350713	4301.8861194193705	0.004705182	0.75
9256.935014489327	750	40.50192037143634	0.0	386472	5377.0614702738385	0.004705182	0.75
9261.551777697467	750	39.88515716329728	0.0	399894	4616.76320813906	0.004705182	0.75
9266.427537477335	750	39.009397383429416	0.0	401853	4875.759779867862	0.004705182	0.75
9271.493141022755	750	37.943793838009356	0.0	343800	5065.603545420064	0.004705182	0.75
9276.88239523957	750	36.55453962119265	0.0	359903	5389.254216816695	0.004705182	0.75
9281.388359590283	750	36.04857527048085	0.0	379700	4505.9643507118	0.004705182	0.75
9286.405637420614	750	35.031297440149736	0.0	425781	5017.277830331122	0.004705182	0.75
9291.064073417636	750	34.37286144312759	0.0	277716	4658.435997022138	0.0052094297	0.75
9300.346735175232	750	29.09019968553126	0.0	400396	9282.661757596334	0.004705182	0.75
9306.344197744354	750	27.092737116407946	0.0	400508	5997.462569123318	0.012030002	0.75
9310.138743709776	750	27.2981911509858	0.0	358218	3794.545965422146	0.004705182	0.75
9313.918994881406	750	27.51793997935558	0.0	400322	3780.2511716302192	0.004705182	0.75
9318.341040476858	750	27.09589438390425	0.0	369834	4422.045595451334	0.005568227	0.75
9323.339555048535	750	26.0973798122284	0.0	412837	4998.51457167585	0.0051210364	0.75
9329.84622192833	750	23.590712932432183	0.0	401088	6506.666879796216	0.004705182	0.75
9341.06205253971	750	16.37488232105239	0.0	365161	11215.830611379795	0.004705182	0.75
9345.341680140731	300	16.09525472003072	0.0	131610	4279.627601021667	0.09947494	-0.15000000000000002
9348.671512192488	300	16.765422668274066	0.0	124011	3329.8320517566526	0.038823705	0.3
9351.498431220074	300	17.938503640688147	0.0	144254	2826.9190275859173	0.03986429	0.3
9353.61958231342	300	19.8173525473417	0.0	149991	2121.151093346448	0.060467035	0.3
9355.83894994472	300	21.59798491604248	0.0	147968	2219.367631299217	0.49291444	0.3
9361.63714847275	750	19.799786388011572	0.0	384505	5798.198528030909	0.64064205	0.3
9364.691878941698	750	20.74505591906474	0.0	372093	3054.7304689468324	0.023604983	0.75
9367.431661126011	750	22.005273734752286	0.0	438281	2739.7821843124552	0.014155981	0.75
9369.982634045327	750	23.454300815435584	0.0	398987	2550.972919316699	0.68455744	0.75
9375.612029925584	1200	21.824904935179745	0.0	638661	5629.395880255839	0.428341	0.75
9380.188942931503	1200	21.247991929258806	0.0	538612	4576.913005920937	0.011849571	1.2
9384.751498356665	1200	20.685436504097947	0.0	550906	4562.555425160857	0.011084228	1.2

