7762.86072543824	750	4.0	1.1823497891980714	450283	1182.3497891980714	-4.334104093551707
7763.285625729338	300	7.575099708901448	0.0	155580	424.9002910985534	-0.15000000000000002
7764.181488391825	750	10.679237046414586	0.0	350812	895.8626624868616	0.3
7765.911745903586	1200	12.948979534653844	0.0	617681	1730.2575117607403	0.75
7768.161029125593	1850	14.699696312647268	0.0	996749	2249.2832220065775	1.2000000000000002
7771.046025708701	2850	15.814699729539003	0.0	1224260	2884.9965831082636	1.85
7776.743838173384	4300	14.11688726485588	0.0	2157535	5697.812464683125	2.8499999999999996
7780.621206224236	2850	14.239519214004368	0.0	1638769	3877.368050851512	1.4000000000000001
7783.908704353706	2850	14.952021084533696	0.0	1348011	3287.498129470672	2.85
7788.338382035566	2850	14.522343402674123	0.0	1429765	4429.677681859571	2.85
7792.420771583454	2850	14.439953854786271	0.0	1354548	4082.3895478878526	2.85
7796.361072206138	2850	14.499653232102732	0.0	1519951	3940.3006226835387	2.85
7799.818414002593	2850	15.042311435646777	0.0	1422919	3457.3417964559544	2.85
7806.489140245029	4300	12.371585193210572	0.0	2275376	6670.726242436204	2.8499999999999996
7808.772187505873	1850	14.088537932367599	0.0	821631	2283.047260842974	-0.6000000000000001
7812.092396842246	2850	14.768328595994898	0.0	1471065	3320.2093363727	1.85
7816.24253630813	2850	14.618189130110316	0.0	1491626	4150.139465884582	2.85
7819.859834263333	2850	15.000891174907327	0.0	1358801	3617.2979552029906	2.85
7825.610308766999	4300	13.250416671241528	0.0	2220726	5750.474503665799	2.8499999999999996
7830.338822258343	2850	12.521903179897567	0.0	1336050	4728.513491343962	1.4000000000000001
7832.635718819875	1850	14.225006618365656	0.0	891604	2296.896561531911	0.8500000000000001
7835.832591750672	2850	15.028133687568634	0.0	1468126	3196.872930797023	1.85
7840.926260117402	4300	13.934465320838454	0.0	2221506	5093.66836673018	2.8499999999999996
7844.189689576839	2850	14.671035861401595	0.0	1323990	3263.429459436859	1.4000000000000001
7847.567904026533	2850	15.292821411706875	0.0	1383735	3378.2144496947203	2.85
7852.0619036694525	4300	14.79882176878794	0.0	2105231	4493.999642918933	2.8499999999999996
7855.363593608215	2850	15.49713183002574	0.0	1547572	3301.6899387621993	1.4000000000000001
7859.9455478551745	4300	14.915177583066404	0.0	1972048	4581.954246959335	2.8499999999999996
7864.676511067115	2850	14.184214371125698	0.0	1498470	4730.963211940706	1.4000000000000001
7869.391514425547	2850	13.469211012694052	0.0	1561263	4715.003358431646	2.85
7876.120781105095	2850	10.739944333145157	0.0	1341201	6729.266679548895	2.85
7878.67521747508	1200	12.185507963160594	0.0	620283	2554.436369984561	-0.44999999999999996
7881.573978712072	1850	13.28674672616911	0.0	885062	2898.7612369914855	1.2000000000000002
7886.508831133316	2850	12.351894304925843	0.0	1587293	4934.852421243266	1.85
7890.010809630906	1850	12.8499158073351	0.0	1026056	3501.9784975907437	0.8500000000000001
7894.199114016071	1850	12.661611422170148	0.0	943942	4188.304385164951	1.85
7896.943290364743	1850	13.917435073497705	0.0	728962	2744.176348672444	1.85
7903.657518250321	2850	11.20320718791998	0.0	1499009	6714.227885577724	1.85
7907.336310919022	1850	11.524414519218443	0.0	908665	3678.7926687015392	0.8500000000000001
7910.323558080496	1850	12.537167357745389	0.0	930577	2987.2471614730525	1.85
7913.06301154619	1850	13.797713892050659	0.0	858450	2739.45346569473	1.85
7917.351317242766	2850	13.509408195475128	0.0	1527299	4288.305696575532	1.85
7920.546183499042	2850	14.314541939199323	0.0	1343002	3194.8662562758045	2.85
7924.368440878378	2850	14.492284559862675	0.0	1587250	3822.2573793366487	2.85
7928.196717252406	2850	14.664008185834545	0.0	1464921	3828.2763740281302	2.85
7931.799160531674	2850	15.061564906567305	0.0	1483527	3602.44327926724	2.85
7936.613823328416	4300	14.246902109823695	0.0	1961140	4814.662796743611	2.8499999999999996
7940.876885743921	2850	13.983839694319432	0.0	1364537	4263.062415504263	1.4000000000000001

