11574.405544910876	750	4.0	3.8635903273045304	450283	3863.5903273045305	-15.863438407409479
11575.645882317122	300	6.759662593753583	0.0	155580	1240.3374062464177	-0.15000000000000002
11577.066865495874	300	9.338679415001378	0.0	139857	1420.983178752206	0.3
11578.425294445138	300	11.980250465737047	0.0	155432	1358.428949264331	0.3
11579.67350077115	300	14.732044139724767	0.0	163442	1248.2063260122802	0.3
11580.634182587797	300	17.77136232307799	0.0	126289	960.681816646775	0.3
11583.44212766224	750	18.963417248635484	0.0	352642	2807.9450744425076	0.3
11587.117147223884	750	19.28839768699031	0.0	437162	3675.019561645172	0.75
11590.002605556307	750	20.402939354567277	0.0	374758	2885.458332423037	0.75
11592.902388016659	750	21.503156894216996	0.0	362795	2899.7824603502795	0.75
11595.917788148976	750	22.487756761899444	0.0	353220	3015.400132317556	0.75
11599.793416752653	750	22.612128158221694	0.0	405134	3875.6286036777506	0.75
11603.339219527266	750	23.066325383607875	0.0	386351	3545.802774613819	0.75
11607.562613401786	750	22.842931509089357	0.0	434409	4223.393874518517	0.75
11611.042298623146	750	23.36324628772862	0.0	337059	3479.6852213607376	0.75
11612.66207438165	300	25.743470529225693	0.0	138313	1619.7757585029283	-0.15000000000000002
11615.885989352959	300	26.519555557916185	0.0	143509	3223.914971309508	0.3
11619.37945725634	300	27.026087654535164	0.0	150616	3493.4679033810194	0.3
11623.10324372088	300	27.302301189994573	0.0	165384	3723.786464540591	0.3
11626.754496966976	300	27.651047943897254	0.0	140881	3651.2532460973184	0.3
11630.525742622165	300	27.879802288708184	0.0	157671	3771.2456551890737	0.3
11634.756982238998	300	27.648562671874238	0.0	157812	4231.239616833945	0.3
11638.423904327374	300	27.981640583498827	0.0	163927	3666.922088375415	0.3
11641.812343588832	300	28.593201322039842	0.0	137654	3388.4392614589833	0.3
11644.793888373055	300	29.611656537818263	0.0	146754	2981.5447842215804	0.3
11648.158634463849	300	30.24691044702367	0.0	153938	3364.7460907945915	0.3
11653.527328094651	300	28.878216816220952	0.0	181901	5368.693630802717	0.3
11656.914203498622	300	29.491341412250513	0.0	111155	3386.8754039704404	0.3
11660.49919675549	300	29.906348155382602	0.0	153605	3584.9932568679114	0.3
11662.298474678093	300	32.107070232779854	0.0	149029	1799.2779226027487	0.3
11663.914322941726	300	34.49122196914771	0.0	157421	1615.8482636321498	0.3
11665.420278579462	300	36.98526633141195	0.0	157488	1505.9556377357585	0.3
11666.976006080844	300	39.42953883003134	0.0	143881	1555.7275013806063	0.3
11674.25299633965	750	36.15254857122399	0.0	412837	7276.990258807352	0.3
11679.668084697149	300	34.737460213726706	0.0	179328	5415.088357497286	-0.15000000000000002
11683.78928784746	300	34.61625706341541	0.0	159914	4121.203150311298	0.3
11687.261504847587	300	35.1440400632858	0.0	131610	3472.217000129609	0.3
11690.668716815273	300	35.73682809560204	0.0	124011	3407.2119676837565	0.3
11694.115105585084	300	36.290439325790416	0.0	144254	3446.388769811627	0.3
11697.932990274923	300	36.472554635950466	0.0	149991	3817.884689839954	0.3
11702.459361401734	300	35.946183509139445	0.0	147968	4526.371126811025	0.3
11706.066714480254	300	36.3388304306207	0.0	161857	3607.3530785187413	0.3
11708.477368826992	300	37.92817608388121	0.0	145210	2410.6543467394977	0.3
11711.921294055892	300	38.48425085498207	0.0	172312	3443.925228899141	0.3
11715.390666629195	300	39.014878281678364	0.0	167025	3469.372573303708	0.3
11718.573908751072	300	39.83163615980088	0.0	160064	3183.2421218774844	0.3
11721.767858685556	300	40.63768622531646	0.0	137507	3193.949934484426	0.3
11725.094312690357	300	41.31123222051637	0.0	118421	3326.4540048000936	0.3

