3807.6426686527025	750	4.0	2.1451274043719923	450283	2145.1274043719923	-8.474047838799567
3809.6621457256288	750	5.9805229270739275	0.0	398865	2019.477072926073	0.75
3814.9826735600336	750	4.65999509266922	0.0	350812	5320.527834404707	0.75
3817.2138069161238	300	6.42886173657925	0.0	155432	2231.133356089969	-0.15000000000000002
3818.9395393376294	300	8.703129315073515	0.0	163442	1725.7324215057363	0.3
3820.0352347192015	300	11.607433933501447	0.0	126289	1095.6953815720676	0.3
3821.3211064166235	300	14.321562236079124	0.0	153295	1285.8716974223232	0.3
3822.8494434134936	300	16.79322523920906	0.0	173849	1528.3369968700665	0.3
3824.065820687969	300	19.576847964733933	0.0	150710	1216.377274475127	0.3
3827.3625535759033	750	20.28011507679928	0.0	362795	3296.7328879346524	0.3
3830.5343282615772	750	21.108340391125253	0.0	353220	3171.7746856740278	0.75
3833.8683410645035	750	21.77432758819869	0.0	405134	3334.01280292656	0.75
3837.0983555584507	750	22.544313094251105	0.0	386351	3230.014493947585	0.75
3841.4877791030804	750	22.15488954962172	0.0	434409	4389.423544629383	0.75
3844.3959488770174	750	23.24671977568449	0.0	337059	2908.1697739372335	0.75
3848.345088415875	750	23.29758023682701	0.0	366214	3949.139538857482	0.75
3850.24023977045	300	25.40242888225186	0.0	143509	1895.1513545751493	-0.15000000000000002
3852.3370305109015	300	27.305638141800703	0.0	150616	2096.7907404511584	0.3
3854.142394140095	300	29.500274512607387	0.0	165384	1805.3636291933187	0.3
3855.504182885272	300	32.138485767430254	0.0	140881	1361.788745177134	0.3
3856.920219161392	300	34.72244949130999	0.0	157671	1416.036276120268	0.3
3860.267940883094	750	35.37472776960826	0.0	399894	3347.721721701726	0.3
3863.229463099746	750	36.41320555295621	0.0	401853	2961.5222166520507	0.75
3866.0137601474944	750	37.62890850520778	0.0	343800	2784.297047748427	0.75
3868.8490451387456	750	38.79362351395643	0.0	359903	2835.2849912513466	0.75
3871.830944562865	750	39.8117240898369	0.0	379700	2981.8994241195337	0.75
3877.4966060204943	1200	38.14606263220759	0.0	696376	5665.661457629309	0.75
3879.76909843888	750	39.87357021382199	0.0	277716	2272.492418385596	0.3
3884.8214870289644	1200	38.8211816237376	0.0	622896	5052.388590084385	0.75
3890.3281529298747	1200	37.314515722827345	0.0	641447	5506.665900910257	1.2
3894.1491881648903	750	37.49348048781155	0.0	358218	3821.03523501579	0.3
3898.133078127814	750	37.50959052488773	0.0	400322	3983.8899629238326	0.75
3901.094530756885	750	38.548137895816296	0.0	369834	2961.4526290714257	0.75
3903.5333635909933	750	40.10930506170824	0.0	412837	2438.832834108057	0.75
3908.7043273203435	1200	38.938341332358256	0.0	690253	5170.963729349983	0.75
3913.0943239120256	1200	38.54834474067618	0.0	598727	4389.996591682083	1.2
3917.105076368104	1200	38.537592284597366	0.0	487812	4010.752456078805	1.2
3921.4705986518698	1200	38.17207000083205	0.0	575591	4365.522283765319	1.2
3926.765850393248	1200	36.87681825945402	0.0	605884	5295.251741378027	1.2
3932.214141253667	1200	35.42852739903467	0.0	587506	5448.29086041935	1.2
3936.6835542919507	750	34.95911436075121	0.0	345516	4469.413038283463	0.3
3941.3180271491897	750	34.324641503511955	0.0	384505	4634.47285723925	0.75
3945.5280138803964	750	34.11465477230532	0.0	372093	4209.986731206635	0.75
3949.8301513086853	750	33.81251734401589	0.0	438281	4302.137428289433	0.75
3954.0859833287686	750	33.5566853239329	0.0	398987	4255.832020082984	0.75
3958.887793447147	750	32.75487520555408	0.0	393804	4801.810118378832	0.75
3963.531688348501	750	32.11098030420006	0.0	331053	4643.894901354011	0.75
3967.786965066997	750	31.855703585704113	0.0	314107	4255.276718495951	0.75

