4361.218300583916	750	4.0	3.5333118074124745	450283	3533.3118074124745	-14.44324077187364
4362.713209421631	300	6.5050911622846534	0.0	155580	1494.9088377153469	-0.15000000000000002
4364.2890371234425	300	8.929263460473335	0.0	139857	1575.827701811319	0.3
4366.313841950477	300	10.904458633439283	0.0	155432	2024.804827034051	0.3
4370.0313642244555	750	11.186936359461182	0.0	411561	3717.5222739781	0.3
4372.518803825431	750	12.69949675848575	0.0	318564	2487.439600975431	0.75
4377.064570639075	750	12.153729944841391	0.0	352642	4545.766813644361	0.75
4383.301082931631	750	9.917217652284757	0.0	437162	6236.512292556634	0.75
4384.67190625879	300	12.54639432512617	0.0	150710	1370.8233271585873	-0.15000000000000002
4385.914974442539	300	15.30332614137733	0.0	139105	1243.0681837488407	0.3
4387.245058277269	300	17.973242306647556	0.0	141840	1330.0838347297718	0.3
4389.077297384368	300	20.141003199548678	0.0	156148	1832.2391070988795	0.3
4395.5876601391055	750	17.630640444810943	0.0	386351	6510.362754737736	0.3
4398.656460894645	300	18.56183968927189	0.0	179801	3068.800755539054	-0.15000000000000002
4400.265076523032	300	20.95322406088449	0.0	140051	1608.6156283873984	0.3
4401.52539374304	300	23.692906840876088	0.0	138313	1260.3172200084061	0.3
4403.202176112957	300	26.016124470959024	0.0	143509	1676.7823699170604	0.3
4404.614742117616	300	28.603558466301283	0.0	150616	1412.5660046577402	0.3
4407.744847265497	750	29.47345331841951	0.0	405596	3130.1051478817753	0.3
4410.549659497507	750	30.66864108640941	0.0	350713	2804.8122320101043	0.75
4415.55777760369	1200	29.660522980227107	0.0	601738	5008.118106182301	0.75
4420.412706932096	1200	28.805593651821017	0.0	616206	4854.929328406088	1.2
4426.134876910351	1200	27.083423673566816	0.0	656471	5722.169978254203	1.2
4429.66243737953	750	27.55586320438642	0.0	343800	3527.560469180398	0.3
4432.528550509322	750	28.689750074595686	0.0	359903	2866.113129790736	0.75
4435.530298068829	750	29.688002515088048	0.0	379700	3001.74755950764	0.75
4441.825137204028	1200	27.393163379889543	0.0	696376	6294.839135198503	0.75
4444.566035142031	750	28.65226544188543	0.0	277716	2740.8979380041123	0.3
4448.239798254687	750	28.97850232922916	0.0	400396	3673.763112656271	0.75
4451.764301542763	750	29.453999041153377	0.0	400508	3524.503288075784	0.75
4454.732752945882	750	30.485547638035136	0.0	358218	2968.4514031182416	0.75
4458.298702417512	750	30.91959816640523	0.0	400322	3565.949471629903	0.75
4463.067421809401	1200	30.150878774515693	0.0	584349	4768.719391889539	0.75
4469.902275239558	1200	27.31602534435873	0.0	670129	6834.85343015696	1.2
4473.17926896248	750	28.039031621436436	0.0	401088	3276.993722922297	0.3
4478.196526793699	750	27.021773790217072	0.0	365161	5017.257831219365	0.75
4483.002545065878	750	26.215755518038808	0.0	321064	4806.018272178261	0.75
4486.155579708121	750	27.062720875795794	0.0	361565	3153.0346422430175	0.75
4490.210178636078	750	27.008121947838454	0.0	378327	4054.5989279573355	0.75
4492.4277824844785	300	28.790518099438053	0.0	149991	2217.603848400402	-0.15000000000000002
4498.962559410401	750	26.255741173515883	0.0	345516	6534.77692592217	0.3
4500.68200858419	300	28.53629199972651	0.0	161857	1719.4491737893707	-0.15000000000000002
4502.12516743364	300	31.093133150276557	0.0	145210	1443.1588494499565	0.3
4506.031152520147	750	31.187148063769353	0.0	438281	3905.985086507202	0.3
4509.106983922002	750	32.11131666191464	0.0	398987	3075.83140185471	0.75
4514.375607930907	1200	30.84269265300987	0.0	638661	5268.624008904774	0.75
4518.718798348116	1200	30.499502235799834	0.0	538612	4343.190417210032	1.2
4523.263503963762	1200	29.954796620154223	0.0	550906	4544.705615645614	1.2

