6701.662844196906	750	4.0	7.862962959107444	450283	7862.962959107444	-33.06074072416201
6703.228173315762	300	6.434670881144126	0.0	155580	1565.3291188558746	-0.15000000000000002
6704.630947330995	300	9.03189686591194	0.0	139857	1402.7740152321862	0.3
6706.517546813514	300	11.1452973833924	0.0	155432	1886.5994825195382	0.3
6707.984522150581	300	13.678322046325858	0.0	163442	1466.9753370665421	0.3
6711.402174541822	750	14.260669655083861	0.0	318564	3417.652391241999	0.3
6717.625344773841	750	12.037499423065816	0.0	352642	6223.170232018044	0.75
6719.029095854401	300	14.63374834250637	0.0	173849	1403.7510805594452	-0.15000000000000002
6720.236181190206	300	17.426663006701194	0.0	150710	1207.085335805177	0.3
6721.354255374708	300	20.30858882219906	0.0	139105	1118.074184502131	0.3
6722.575465287771	300	23.087378909136543	0.0	141840	1221.209913062516	0.3
6727.29626071318	750	22.366583483727208	0.0	405134	4720.795425409336	0.3
6732.176198121931	750	21.4866460749771	0.0	386351	4879.937408750107	0.75
6733.684393400248	300	23.978450796659892	0.0	179801	1508.1952783172057	-0.15000000000000002
6734.420846534999	300	27.241997661908492	0.0	140051	736.4531347514036	0.3
6736.426470966258	750	29.236373230649317	0.0	366214	2005.6244312591753	0.3
6740.814624595162	1200	28.848219601744823	0.0	617242	4388.153628904494	0.75
6745.258091187316	1200	28.404753009591232	0.0	581493	4443.466592153589	1.2
6748.975736507097	1200	28.687107689809718	0.0	639204	3717.6453197815176	1.2
6751.366327554811	1200	30.296516642095973	0.0	586839	2390.591047713746	1.2
6754.220794159019	1200	31.442050037888148	0.0	601738	2854.4666042078225	1.2
6758.17747837299	1850	31.485365823916442	0.0	955231	3956.6842139717037	1.2000000000000002
6761.967102052399	1850	31.69574214450737	0.0	968026	3789.623679409072	1.85
6766.7677675612285	1850	30.89507663567699	0.0	874175	4800.66550883038	1.85
6772.065482685528	1850	29.597361511378214	0.0	897976	5297.715124298775	1.85
6777.722581461151	1850	27.940262735754427	0.0	905935	5657.098775623788	1.85
6788.198584341147	1200	21.4642598557586	0.0	696376	10476.002879995827	0.5499999999999999
6792.503778895101	750	21.15906530180421	0.0	277716	4305.194553954394	0.3
6797.237508421514	750	20.4253357753928	0.0	400396	4733.7295264114055	0.75
6798.8010906939535	300	22.861753502952396	0.0	149029	1563.5822724404034	-0.15000000000000002
6800.113982841201	300	25.548861355705327	0.0	157421	1312.8921472470674	0.3
6801.149620321612	300	28.513223875293946	0.0	157488	1035.637480411383	0.3
6803.235566141329	750	30.42727805557625	0.0	369834	2085.9458197176978	0.3
6805.795596428447	1200	31.86724776845886	0.0	670129	2560.030287117387	0.75
6811.3176098451195	1850	30.345234351787052	0.0	1026056	5522.013416671805	1.2000000000000002
6818.831875200355	1850	26.830968996551203	0.0	943942	7514.265355235851	1.85
6822.240772146917	1200	27.422072049989616	0.0	487812	3408.8969465615887	0.5499999999999999
6826.2376146479	1200	27.425229549006623	0.0	575591	3996.842500982993	1.2
6830.9222642323575	1200	26.740579964548488	0.0	605884	4684.649584458138	1.2
6834.395566215455	750	27.26727798145205	0.0	390680	3473.3019830964363	0.3
6836.67062874059	750	28.99221545631745	0.0	345516	2275.0625251346046	0.75
6841.6327026586605	1200	28.03014153824542	0.0	641452	4962.073918072026	0.75
6844.263245619221	750	29.399598577684312	0.0	372093	2630.5429605611102	0.3
6849.571992505359	1200	28.090851691546735	0.0	634861	5308.74688613758	0.75
6854.478338176079	750	27.184506020826966	0.0	398987	4906.345670719771	0.3
6856.744220184216	750	28.918624012689644	0.0	393804	2265.882008137318	0.75
6859.396091255447	1200	30.26675294145887	0.0	538612	2651.871071230778	0.75
6862.04022711424	1200	31.622617082664995	0.0	550906	2644.135858793874	1.2

