24534.77517632617	750	4.0	2.100206826790785	450283	2100.2068267907853	0.0389056	-8.280889355200376
24537.293302431906	750	5.481873894263046	0.0	398865	2518.126105736954	0.004705182	0.75
24539.16881395996	750	7.60636236620974	0.0	350812	1875.511528053306	0.023619233	0.75
24541.062689012553	750	9.712487313614304	0.0	382355	1893.8750525954374	0.07882956	0.75
24542.86230659256	750	11.912869733607005	0.0	411561	1799.6175800072979	0.013936566	0.75
24544.336921460763	750	14.438254865405787	0.0	318564	1474.6148682012185	0.0068027424	0.75
24545.81916988591	750	16.956006440259685	0.0	352642	1482.2484251461026	0.024523864	0.75
24547.734470993517	750	19.04070533265044	0.0	437162	1915.3011076092423	0.016158061	0.75
24549.508699139184	750	21.26647718697866	0.0	374758	1774.2281456717799	0.0068383357	0.75
24551.74132591823	750	23.033850407938292	0.0	362795	2232.6267790403695	0.0058287135	0.75
24553.468146401756	750	25.30702992441152	0.0	353220	1726.82048352677	0.010473023	0.75
24555.28655784345	750	27.48861848271808	0.0	405134	1818.4114416934392	0.007920018	0.75
24556.974010175927	750	29.801166150238522	0.0	386351	1687.4523324795605	0.050532516	0.75
24558.62596886545	750	32.14920746071744	0.0	434409	1651.9586895210775	0.2770899	0.75
24560.486046229995	1200	34.2891300961731	0.0	526950	1860.07736454434	0.3456234	0.75
24562.57758631396	1200	36.19759001221138	0.0	587876	2091.5400839617214	0.004705182	1.2
24564.618169921232	1200	38.15700640494093	0.0	617242	2040.5836072704535	0.004705182	1.2
24566.836666321717	1200	39.93851000445441	0.0	581493	2218.496400486517	0.005934417	1.2
24569.683121423906	1200	41.09205490226334	0.0	639204	2846.455102191065	0.006292195	1.2
24572.29184585189	1200	42.48333047428189	0.0	586839	2608.724427981449	0.006073698	1.2
24574.83318841208	1200	43.94198791409179	0.0	601738	2541.3425601901026	0.0070329704	1.2
24577.470403685653	1200	45.304772640522735	0.0	616206	2637.215273569053	0.010528257	1.2
24580.5349018034	1200	46.24027452277518	0.0	656471	3064.498117747558	0.0139162	1.2
24583.031549572937	1200	47.74362675323816	0.0	536667	2496.6477695370177	0.019404229	1.2
24585.200912555076	1200	49.57426377110018	0.0	587236	2169.3629821379823	0.019756095	1.2
24588.935762192737	1850	49.839414133439575	0.0	905935	3734.849637660604	0.36442858	1.2000000000000002
24596.979605436023	2850	45.795570890153414	0.0	1547572	8043.843243286162	0.008275289	1.85
24600.7714490967	2850	46.003727229473945	0.0	1141971	3791.8436606794685	0.004705182	2.85
24606.499076652093	2850	44.27609967408023	0.0	1498470	5727.627555393718	0.004705182	2.85
24613.021430704197	2850	41.75374562197648	0.0	1561263	6522.354052103749	0.004705182	2.85
24624.42677836246	2850	34.34839796371405	0.0	1341201	11405.34765826243	0.004705182	2.85
24633.760892377075	1200	29.014283949099266	0.0	620283	9334.114014614785	0.142274	-0.44999999999999996
24638.143737225175	1200	28.631439100998872	0.0	584349	4382.844848100393	0.0052320324	1.2
24641.5930304205	1200	29.1821459056744	0.0	670129	3449.293195324472	0.004705182	1.2
24646.450929963616	1200	28.32424636255986	0.0	690253	4857.899543114538	0.004705182	1.2
24649.349605636235	1200	29.425570689937885	0.0	598727	2898.675672621974	0.004705182	1.2
24651.28417865204	1200	31.490997674130803	0.0	487812	1934.5730158070846	0.007449766	1.2
24654.273377671012	1200	32.50179865516164	0.0	575591	2989.1990189691596	0.03786876	1.2
24656.644421479374	1200	34.13075484679664	0.0	605884	2371.0438083650024	0.00809125	1.2
24658.48180400946	1200	36.29337231671154	0.0	587506	1837.3825300851074	0.7476336	1.2
24662.627030250846	2850	36.14814607532573	0.0	1339500	4145.226241385808	0.004705182	1.2000000000000002
24667.831060612956	2850	34.94411571321471	0.0	1527299	5204.03036211102	0.1861194	2.85
24672.231130494612	2850	34.54404583156022	0.0	1343002	4400.069881654495	0.31971905	2.85
24681.93493217261	4300	28.840244153561397	0.0	2219102	9703.801677998816	0.58724296	2.8499999999999996
24690.654822386623	4300	24.12035393955097	0.0	2124950	8719.89021401043	0.1954385	4.3
24700.01742071931	4300	18.7577556068658	0.0	2246506	9362.59833268517	0.17045519	4.3
24704.71946968518	2850	18.055706640992394	0.0	1231456	4702.048965873408	0.6921572	1.4000000000000001
24710.06110706017	2850	16.71406926600205	0.0	1364537	5341.637374990344	0.004705182	2.85

