24632.84534625483	750	4.0	6.6911010369313795	450283	6691.10103693138	0.5	-28.021734458804932
24634.684408775134	300	6.160937479695716	0.0	155580	1839.0625203042848	0.5	-0.15000000000000002
24636.053430296477	300	8.791915958355675	0.0	139857	1369.0215213400395	0.5	0.3
24637.300189626465	300	11.545156628364916	0.0	155432	1246.7593299907599	0.5	0.3
24638.476111967393	300	14.369234287440888	0.0	163442	1175.9223409240274	0.5	0.3
24641.53711525842	750	15.308230996414862	0.0	318564	3061.0032910260247	0.5	0.3
24645.436875321237	750	15.408470933599185	0.0	352642	3899.7600628156774	0.5	0.75
24655.037407240387	750	9.807939014447484	0.0	437162	9600.531919151701	0.5	0.75
24658.573812108072	300	10.271534146761358	0.0	150710	3536.404867686125	0.5	-0.15000000000000002
24662.48432311946	300	10.36102313537423	0.0	139105	3910.511011387126	0.5	0.3
24667.373167689646	300	9.472178565189937	0.0	141840	4888.844570184293	0.5	0.3
24672.566517661824	300	8.27882859301292	0.0	156148	5193.349972177019	0.5	0.3
24676.842246584714	300	8.003099670123687	0.0	160746	4275.728922889232	0.5	0.3
24681.780821944136	300	7.064524310699188	0.0	179801	4938.575359424499	0.5	0.3
24684.80117991349	300	8.044166341344262	0.0	140051	3020.357969354926	0.5	0.3
24687.18518943657	300	9.660156818259917	0.0	138313	2384.0095230843453	0.5	0.3
24689.564469703517	300	11.280876551314295	0.0	143509	2379.280266945622	0.5	0.3
24692.25492673393	300	12.590419520902906	0.0	150616	2690.4570304113895	0.5	0.3
24695.80447978399	300	13.040866470842847	0.0	165384	3549.5530500600603	0.5	0.3
24699.78464160806	300	13.060704646773953	0.0	140881	3980.1618240688936	0.5	0.3
24701.669305674528	300	15.176040580306552	0.0	157671	1884.6640664674007	0.5	0.3
24702.85494898779	300	17.990397267039373	0.0	157812	1185.643313267178	0.5	0.3
24703.916544547563	300	20.92880170727105	0.0	163927	1061.595559768326	0.5	0.3
24704.74106355214	300	24.104282702691084	0.0	137654	824.5190045799698	0.5	0.3
24707.250604849345	750	25.594741405488023	0.0	359903	2509.54129720306	0.5	0.3
24710.80139725467	1200	26.04394900016722	0.0	590335	3550.792405320801	0.5	0.75
24715.552914577125	1200	25.29243167770956	0.0	696376	4751.517322457659	0.5	1.2
24719.076273292623	1200	25.76907296221365	0.0	487160	3523.3587154959087	0.5	1.2
24722.615202511188	1200	26.230143743650995	0.0	622896	3538.9292185626555	0.5	1.2
24726.35591610022	1200	26.48943015462016	0.0	641447	3740.7135890308336	0.5	1.2
24731.268095669562	1850	25.577250585275348	0.0	873429	4912.179569344811	0.5	1.2000000000000002
24736.13125060562	1850	24.714095649219136	0.0	954453	4863.154936056213	0.5	1.85
24740.937593731647	1850	23.907752523195867	0.0	885062	4806.343126023268	0.5	1.85
24748.36032653423	1850	20.485019720610598	0.0	1035329	7422.73280258527	0.5	1.85
24756.194128730138	1850	16.651217524703817	0.0	1026056	7833.802195906781	0.5	1.85
24761.496621033428	1850	15.348725221414385	0.0	943942	5302.492303289434	0.5	1.85
24765.972441446906	1850	14.872904807934898	0.0	728962	4475.820413479486	0.5	1.85
24772.53915386987	1850	12.30619238496886	0.0	938587	6566.7124229660385	0.5	1.85
24775.48068725067	1200	13.364659004170804	0.0	605884	2941.533380798056	0.5	0.5499999999999999
24779.289943787244	1200	13.55540246759938	0.0	587506	3809.256536571424	0.5	1.2
24783.007922841716	1200	13.837423413126816	0.0	566904	3717.979054472565	0.5	1.2
24787.24790809804	1200	13.597438156800356	0.0	641452	4239.98525632646	0.5	1.2
24790.474228577	1200	14.371117677842983	0.0	599477	3226.3204789573724	0.5	1.2
24794.605231577745	1200	14.240114677094928	0.0	634861	4131.003000748056	0.5	1.2
24799.788005626688	1200	13.057340628156297	0.0	630203	5182.7740489386315	0.5	1.2
24804.898229842707	1200	11.947116412133429	0.0	638661	5110.224216022866	0.5	1.2
24808.38072046471	1200	12.464625790132331	0.0	538612	3482.4906220010985	0.5	1.2
24814.440326859585	1850	10.405019395256197	0.0	846370	6059.606394876134	0.5	1.2000000000000002

