5263.200051403735	750	4.0	1.384287999087403	450283	1384.287999087403	-5.202438396075833
5265.285842136046	1200	5.9142092676901505	0.0	611087	2085.7907323098493	0.75
5267.491853271341	1200	7.7081981323951245	0.0	571051	2206.0111352950253	1.2
5268.799914811099	750	10.400136592637065	0.0	382355	1308.0615397580598	0.3
5271.039968667141	1200	12.160082736594596	0.0	652874	2240.0538560424707	0.75
5272.750478378659	1200	14.449573025076338	0.0	520315	1710.509711518256	1.2
5274.44274909258	1200	16.757302311155808	0.0	561791	1692.27071392053	1.2
5277.047758207187	1200	18.152293196548445	0.0	709534	2605.009114607362	1.2
5278.77571913028	1200	20.42433227345629	0.0	584846	1727.9609230921546	1.2
5280.591229145288	1200	22.608822258448278	0.0	560821	1815.5100150080111	1.2
5282.500667056315	1200	24.699384347420015	0.0	607410	1909.4379110282657	1.2
5284.681328263411	1200	26.518723140324155	0.0	594078	2180.661207095858	1.2
5286.884377130825	1200	28.315674272910048	0.0	624282	2203.0488674141093	1.2
5290.505879538151	1200	28.694171865583773	0.0	687371	3621.5024073262753	1.2
5292.209652794745	1200	30.99039860899079	0.0	526950	1703.7732565929805	1.2
5294.211009611957	1200	32.98904179177919	0.0	587876	2001.3568172116052	1.2
5297.552262523682	1200	33.64778888005442	0.0	617242	3341.2529117247614	1.2
5301.73896457141	1200	33.4610868323267	0.0	581493	4186.702047727727	1.2
5308.523168591914	1200	30.676882811822253	0.0	639204	6784.204020504446	1.2
5312.299714812277	750	30.900336591460057	0.0	350713	3776.546220362195	0.3
5317.111668151902	750	30.088383251835083	0.0	386472	4811.9533396249735	0.75
5320.905377695406	750	30.29467370833165	0.0	399894	3793.709543503433	0.75
5322.716645683745	300	32.48340571999287	0.0	163927	1811.2679883387848	-0.15000000000000002
5326.222569663292	750	32.9774817404459	0.0	343800	3505.923979546965	0.3
5330.516484919993	750	32.68356648374477	0.0	359903	4293.915256701132	0.75
5334.595409471454	750	32.604641932283556	0.0	379700	4078.9245514612153	0.75
5337.649912535346	750	33.550138868391635	0.0	425781	3054.503063891915	0.75
5339.526941577129	750	35.67310982660881	0.0	277716	1877.029041782834	0.75
5342.59999413262	750	36.6000572711179	0.0	400396	3073.052555490915	0.75
5345.068022713418	750	38.132028690320325	0.0	400508	2468.0285807975743	0.75
5347.392207682855	750	39.80784372088417	0.0	358218	2324.1849694361495	0.75
5350.610961306307	1200	40.58909009743159	0.0	620283	3218.7536234525837	0.75
5354.616176738998	1200	40.58387466474159	0.0	584349	4005.2154326899954	1.2
5359.565342192046	1200	39.63470921169275	0.0	670129	4949.1654530488395	1.2
5364.388184725362	1200	38.81186667837593	0.0	690253	4822.842533316823	1.2
5370.330922634606	1200	36.86912876913275	0.0	598727	5942.737909243176	1.2
5373.633500331766	750	37.56655107197309	0.0	321064	3302.577697159663	0.3
5375.797242079816	750	39.402809323923144	0.0	361565	2163.7417480499435	0.75
5378.680471389656	750	40.519580014082734	0.0	378327	2883.2293098404093	0.75
5381.454036267241	750	41.74601513649796	0.0	390680	2773.5648775847762	0.75
5384.780485039177	1200	42.419566364562385	0.0	566904	3326.448771935578	0.75
5388.475322056144	1200	42.72472934759399	0.0	641452	3694.837016968392	1.2
5392.948482048314	1850	42.25156935542467	0.0	886255	4473.159992169323	1.2000000000000002
5398.324305214424	1850	40.875746189314114	0.0	973972	5375.823166110555	1.85
5403.46891326955	1850	39.73113813418812	0.0	958994	5144.608055125992	1.85
5409.482509940116	1850	37.71754146362284	0.0	982064	6013.596670565284	1.85
5414.052634837824	1850	37.14741656591495	0.0	830730	4570.124897707888	1.85
5418.077327571778	1200	37.12272383196038	0.0	550906	4024.692733954572	0.5499999999999999

