302.6479192211487	750	4.0	2.148641230861048	450283	2148.641230861048	-8.489157292702506
303.734611950155	300	6.913307270993737	0.0	155580	1086.6927290062629	-0.15000000000000002
304.5654413877913	300	10.082477833357409	0.0	139857	830.8294376363284	0.3
305.4197317701085	300	13.228187451040194	0.0	155432	854.2903823172147	0.3
306.26332312979895	300	16.38459609134981	0.0	163442	843.5913596903848	0.3
307.05258498428935	300	19.595334236859383	0.0	126289	789.2618544904251	0.3
308.2929923930299	300	22.354926828118813	0.0	153295	1240.4074087405702	0.3
310.29355507001105	300	24.35436415113764	0.0	173849	2000.562676981171	0.3
311.8139938691153	300	26.833925352033397	0.0	150710	1520.4387991042433	0.3
312.90747560876446	300	29.740443612384276	0.0	139105	1093.481739649124	0.3
313.6829063175386	300	32.96501290361016	0.0	141840	775.4307087741201	0.3
314.45774581474643	300	36.190173406402295	0.0	156148	774.8394972078604	0.3
315.22265479690714	300	39.425264424241576	0.0	160746	764.9089821607184	0.3
316.0666843681331	300	42.58123485301559	0.0	179801	844.0295712259875	0.3
316.8101342488633	300	45.83778497228548	0.0	140051	743.4498807301046	0.3
317.6168723317499	300	49.03104688939887	0.0	138313	806.73808288661	0.3
318.39552117051306	300	52.25239805063572	0.0	143509	778.648838763155	0.3
319.16364161590604	300	55.48427760524275	0.0	150616	768.1204453929648	0.3
320.0065906688779	300	58.641328552270885	0.0	165384	842.9490529718684	0.3
321.26929609719787	300	59.55863220600595	0.0	140881	1082.6963462649264	0.3
322.9476290474947	300	59.799470243285086	0.0	157671	759.1619627208736	0.3
323.8163260449528	300	59.62470727174402	0.0	157812	674.7629715410586	0.3
324.8890297209824	300	59.63532233698772	0.0	163927	989.3849347563006	0.3
326.28442781071624	300	59.50428272000748	0.0	137654	631.0396169802426	0.3
327.27722375612325	300	59.79006404088075	0.0	146754	714.2186791267335	0.3
328.5384541316866	300	59.518737476689246	0.0	153938	771.3265641915086	0.3
330.091796463557	300	59.957018206889934	0.0	181901	1061.7192697993087	0.3
332.06252462776587	300	59.80746565107106	0.0	111155	649.5525558188775	0.3
333.07995772237774	300	59.92933689841012	0.0	153605	878.1287526609445	0.3
333.7962780032162	300	59.85082892896636	0.0	149029	578.5079694437616	0.3
335.6222194618012	300	59.85676434107122	0.0	157421	994.0645878951364	0.3
336.5594482729829	300	59.58908841852526	0.0	157488	767.6759225459584	0.3
337.3897829945692	300	59.59869749729999	0.0	143881	490.3909212252676	0.3
337.98788999366326	300	59.5496159026835	0.0	163444	549.0815946164864	0.3
339.88290215800475	300	59.60662250365153	0.0	179328	1442.9933990319696	0.3
341.1895111416254	300	59.59432731824596	0.0	159914	1012.2951854055724	0.3
343.47486226707355	300	59.80380865937945	0.0	131610	1290.5186588665124	0.3
346.83883805450773	300	59.89423705615317	0.0	124011	909.571603226279	0.3
348.6923085035618	300	59.6847038951301	0.0	144254	1209.5331610230746	0.3
351.4567182967683	300	59.69946765209232	0.0	149991	1485.2362430377798	0.3
354.45896743243765	300	59.85292980664202	0.0	147968	1846.537845450308	0.3
358.88915374661735	300	59.42274349246227	0.0	161857	4430.186314179748	0.3
361.3900752621621	300	59.570231598889315	0.0	145210	1852.511893572948	0.3
362.70848766683974	300	59.56523021253636	0.0	172312	1005.0013863529545	0.3
363.93670675004967	300	59.702826170593745	0.0	167025	862.4040419426187	0.3
366.0370999380469	300	59.9305370877288	0.0	160064	1772.2890828649436	0.3
367.9741084876651	300	59.72608485098585	0.0	137507	1704.4522367429502	0.3
368.73835215008853	300	59.770241200211736	0.0	118421	455.8436507741114	0.3

