1453.3892261645456	750	4.0	1.6132241480558394	450283	1613.2241480558394	-6.186863836640109
1454.0093832329728	300	7.379842931572882	0.0	155580	620.1570684271185	-0.15000000000000002
1454.6154614076574	300	10.7737647568883	0.0	139857	606.0781746845805	0.3
1455.3394155536646	300	14.04981061088118	0.0	155432	723.9541460071221	0.3
1456.1383088825432	300	17.250917282002447	0.0	163442	798.8933288787346	0.3
1456.843057932094	300	20.5461682324515	0.0	126289	704.749049550947	0.3
1457.616681482953	300	23.772544681592585	0.0	153295	773.6235508589122	0.3
1458.3933125642423	300	26.99591360030342	0.0	173849	776.6310812891644	0.3
1459.1051412776405	300	30.284084886904985	0.0	150710	711.8287133984388	0.3
1459.8795534764124	300	33.50967268813337	0.0	139105	774.4121987716107	0.3
1460.5373323938409	300	36.8518937707047	0.0	141840	657.7789174286762	0.3
1461.226509683773	300	40.16271648077261	0.0	156148	689.1772899320944	0.3
1461.9673009773269	300	43.421925187218584	0.0	160746	740.7912935540219	0.3
1462.8507183280212	300	46.53850783652423	0.0	179801	883.4173506943517	0.3
1463.5597565868184	300	49.8294695777272	0.0	140051	709.0382587970297	0.3
1464.3273011542076	300	53.06192501033772	0.0	138313	767.5445673894791	0.3
1465.0169919197358	300	56.37223424480945	0.0	143509	689.6907655282679	0.3
1465.6167243293341	300	59.7725018352112	0.0	150616	599.7324095982461	0.3
1466.59220322109	300	59.65512346470574	0.0	165384	617.3783705054633	0.3
1467.7674817049412	300	59.67153451675502	0.0	140881	483.5889479507149	0.3
1469.2174886319874	300	59.50737581643239	0.0	157671	664.1587003226261	0.3
1470.2390076822203	300	59.74954038082766	0.0	157812	757.8354356047337	0.3
1471.2330110925388	300	59.839380487732434	0.0	163927	910.1598930952255	0.3
1473.2475721687185	300	59.9140217512044	0.0	137654	1425.3587365280316	0.3
1475.0609687481867	300	59.861924655146005	0.0	146754	1052.097096058405	0.3
1477.0677441178339	300	59.60418668337733	0.0	153938	1257.737971768669	0.3
1480.0693994173864	300	59.98287768964037	0.0	181901	1621.3089937369666	0.3
1481.6227146053375	300	59.771393329622505	0.0	111155	1211.4843600178579	0.3
1484.1109894259357	300	59.84817127134009	0.0	153605	1423.2220582824134	0.3
1485.5924466858587	300	59.5549690654364	0.0	149029	793.2022059036924	0.3
1487.1242618390754	300	59.66318894908776	0.0	157421	891.7801163486407	0.3
1488.6782296110384	300	59.74622262444038	0.0	157488	916.96632464738	0.3
1492.8737422964975	300	59.55070993898119	0.0	143881	2195.5126854591895	0.3
1496.4435272180212	300	59.980925017457594	0.0	163444	3069.7849215236006	0.3
1498.6934338766655	300	59.637121143784526	0.0	179328	1843.8038736730662	0.3
1500.352871995266	300	59.56545350556992	0.0	159914	1071.6676382146002	0.3
1502.232865342645	300	59.50934206727348	0.0	131610	1056.111438296448	0.3
1503.132104135738	300	59.78166364911807	0.0	124011	727.678418155406	0.3
1503.7115286429535	300	59.7477316211293	0.0	144254	533.9320279887734	0.3
1504.5212595372845	300	59.69561241837699	0.0	149991	552.119202752317	0.3
1505.1607981769744	300	59.729648929871594	0.0	147968	465.9634885053928	0.3
1505.7202369822899	300	59.751717098305825	0.0	161857	477.9318315657734	0.3
1506.4166300727702	300	59.62927406344071	0.0	145210	622.4430348651163	0.3
1507.3114413828591	300	59.87384336970377	0.0	172312	755.4306937369419	0.3
1509.167615578207	300	59.550446627705945	0.0	167025	823.396741997824	0.3
1511.9024932851726	300	59.83939644839803	0.0	160064	1711.0501793079247	0.3
1513.0345629062574	300	59.89027538268452	0.0	137507	949.1210657135007	0.3
1514.6169652695214	300	59.96054854073815	0.0	118421	929.7268419463716	0.3

