15704.852290076948	750	4.0	5.4395307625425735	450283	5439.530762542574	0.5	-22.639982278933065
15707.245916944872	300	5.606373132073677	0.0	155580	2393.6268679263235	0.5	-0.15000000000000002
15709.417542977182	300	7.4347470997634195	0.0	139857	2171.626032310258	0.5	0.3
15712.37204295735	300	8.480247119597157	0.0	155432	2954.4999801662616	0.5	0.3
15714.741856298479	300	10.110433778467936	0.0	163442	2369.8133411292224	0.5	0.3
15715.757977872623	300	13.094312204322456	0.0	126289	1016.1215741454799	0.5	0.3
15716.833244822566	300	16.019045254378536	0.0	153295	1075.2669499439207	0.5	0.3
15717.99091210944	300	18.861377967505376	0.0	173849	1157.667286873158	0.5	0.3
15720.67810830755	750	20.174181769396593	0.0	374758	2687.196198108784	0.5	0.3
15723.192281236688	750	21.66000884025886	0.0	362795	2514.172929137729	0.5	0.75
15725.786595013025	750	23.065695063919947	0.0	353220	2594.3137763389154	0.5	0.75
15728.692597876157	750	24.15969220078779	0.0	405134	2906.002863132155	0.5	0.75
15733.446210404129	750	23.40607967281803	0.0	386351	4753.612527969758	0.5	0.75
15736.90532648178	750	23.94696359516553	0.0	434409	3459.1160776524994	0.5	0.75
15740.142142909797	750	24.710147167148296	0.0	337059	3236.816428017236	0.5	0.75
15744.563631257583	750	24.28865881936368	0.0	366214	4421.488347784618	0.5	0.75
15750.339476638062	750	22.51281343888372	0.0	360831	5775.845380479959	0.5	0.75
15753.715589766061	750	23.136700310885434	0.0	372963	3376.113127998286	0.5	0.75
15757.688368182122	750	23.163921894823822	0.0	405596	3972.7784160616116	0.5	0.75
15761.053191737556	750	23.799098339391698	0.0	350713	3364.8235554321254	0.5	0.75
15763.745103291909	750	25.10718678503789	0.0	386472	2691.911554353811	0.5	0.75
15766.60909509799	750	26.243194978955657	0.0	399894	2863.99180608223	0.5	0.75
15769.423991743406	750	27.428298333540237	0.0	401853	2814.896645415419	0.5	0.75
15772.12830832701	750	28.723981749936325	0.0	343800	2704.3165836039166	0.5	0.75
15774.794008564906	750	30.058281512040704	0.0	359903	2665.700237895619	0.5	0.75
15778.972356517546	1200	29.87993355940011	0.0	590335	4178.347952640591	0.5	0.75
15788.487188311	1850	24.365101765944512	0.0	1076599	9514.8317934556	0.5	1.2000000000000002
15794.187741091322	1850	22.664548985622844	0.0	758197	5700.55278032167	0.5	1.85
15804.490853981872	1850	16.361436095073966	0.0	972798	10303.11289054888	0.5	1.85
15814.862779832278	1850	9.98951024466729	0.0	975811	10371.925850406675	0.5	1.85
15817.385340078285	750	11.466949998660475	0.0	358218	2522.5602460068158	0.5	-0.3500000000000001
15820.13069004655	750	12.72160003039752	0.0	400322	2745.349968262955	0.5	0.75
15823.092253815854	750	13.7600362610919	0.0	369834	2961.5637693056206	0.5	0.75
15826.401391516358	750	14.45089856058788	0.0	412837	3309.1377005040194	0.5	0.75
15830.936031038536	750	13.916259038409052	0.0	401088	4534.639522178828	0.5	0.75
15833.861268822093	750	14.991021254852976	0.0	365161	2925.237783556077	0.5	0.75
15837.331641684841	750	15.520648392103723	0.0	321064	3470.3728627492524	0.5	0.75
15841.787240016745	750	15.065050060199482	0.0	361565	4455.598331904242	0.5	0.75
15847.500287199182	750	13.352002877763294	0.0	378327	5713.047182436188	0.5	0.75
15850.987554840984	750	13.864735235962554	0.0	390680	3487.2676418007395	0.5	0.75
15854.359409678933	750	14.492880398014432	0.0	345516	3371.8548379481235	0.5	0.75
15857.82619573255	750	15.02609434439586	0.0	384505	3466.78605361857	0.5	0.75
15860.394722401994	750	16.45756767495389	0.0	372093	2568.52666944197	0.5	0.75
15863.493876702492	750	17.358413374453583	0.0	438281	3099.1543005003077	0.5	0.75
15868.149296151758	1200	16.702993925189322	0.0	630203	4655.419449264259	0.5	0.75
15872.862290467185	1200	15.989999609762297	0.0	638661	4712.994315427026	0.5	1.2
15879.872895714543	1850	12.97939436240261	0.0	830730	7010.605247359686	0.5	1.2000000000000002
15886.782710486717	1850	10.069579590229019	0.0	846370	6909.814772173591	0.5	1.85

