5469.628384807425	750	4.0	2.7857807865153212	450283	2785.7807865153213	-11.228857382015882
5470.890328496417	300	6.738056311008653	0.0	155580	1261.9436889913468	-0.15000000000000002
5471.661506890975	300	9.966877916450935	0.0	139857	771.1783945577192	0.3
5472.391981892287	300	13.236402915138726	0.0	155432	730.4750013122085	0.3
5473.994856915025	750	15.633527892400807	0.0	411561	1602.8750227379187	0.3
5476.922321656982	1200	16.706063150444344	0.0	520315	2927.464741956461	0.75
5479.494575842543	1200	18.13380896488344	0.0	561791	2572.2541855609056	1.2
5482.471472634672	1200	19.156912172753472	0.0	709534	2976.8967921299673	1.2
5486.418967880085	1850	19.209416927340257	0.0	852833	3947.4952454132126	1.2000000000000002
5490.880458707537	1850	18.74792609988792	0.0	913888	4461.490827452342	1.85
5496.150237812662	1850	17.478146994762692	0.0	939819	5269.779105125224	1.85
5499.1288927894875	1200	18.499492017937328	0.0	594078	2978.6549768253626	0.5499999999999999
5504.517830012169	1850	17.1105547952567	0.0	946851	5388.937222680628	1.2000000000000002
5507.729922936472	1200	17.898461870953295	0.0	687371	3212.0929243034043	0.5499999999999999
5511.763144435791	1850	17.865240371634425	0.0	821631	4033.221499318871	1.2000000000000002
5514.620442168992	1200	19.00794263843341	0.0	587876	2857.297733201015	0.5499999999999999
5517.750871930387	1200	19.877512877038942	0.0	617242	3130.4297613944677	1.2
5522.172863826983	1850	19.455520980442262	0.0	885714	4421.99189659668	1.2000000000000002
5526.452092288604	1850	19.176292518822315	0.0	987708	4279.228461619948	1.85
5530.957714897773	1850	18.670669909653093	0.0	923755	4505.622609169222	1.85
5535.146199787738	1850	18.482185019688607	0.0	891604	4188.484889964487	1.85
5541.036544397818	1850	16.591840409608675	0.0	955231	5890.344610079932	1.85
5544.2069091578505	1200	17.42147564957572	0.0	656471	3170.364760032959	0.5499999999999999
5549.097761667661	1850	16.530623139765478	0.0	874175	4890.852509810238	1.2000000000000002
5553.911854215687	1200	15.716530591740552	0.0	587236	4814.092548024925	0.5499999999999999
5558.273917839678	1200	15.35446696774887	0.0	590335	4362.063623991684	1.2
5561.682618640441	750	15.945766166985532	0.0	425781	3408.700800763338	0.3
5565.146965212615	1200	16.481419594811932	0.0	487160	3464.346572173599	0.75
5567.40110671233	750	18.22727809509667	0.0	400396	2254.1414997152615	0.3
5569.3555712946745	750	20.272813512752037	0.0	400508	1954.4645823446328	0.75
5571.694464609865	1200	21.93392019756215	0.0	570392	2338.893315189888	0.75
5574.6618663105655	1200	22.96651849686057	0.0	620283	2967.40170070158	1.2
5578.682910701419	1850	22.945474106007218	0.0	885062	4021.044390853347	1.2000000000000002
5583.671349217188	1850	21.957035590237947	0.0	1035329	4988.438515769276	1.85
5588.360669393286	1850	21.267715414140834	0.0	1026056	4689.32017609711	1.85
5592.870540137001	1850	20.757844670426177	0.0	943942	4509.870743714659	1.85
5597.987534111117	1850	19.64085069630944	0.0	728962	5116.993974116738	1.85
5604.65348608958	1850	16.97489871784661	0.0	938587	6665.951978462831	1.85
5608.806477266442	1200	16.821907540984267	0.0	605884	4152.9911768623415	0.5499999999999999
5612.839118081633	1200	16.789266725793656	0.0	587506	4032.64081519061	1.2
5619.3251868047255	1200	14.303198002700883	0.0	566904	6486.068723092773	1.2
5624.407251941183	750	13.221132866243893	0.0	384505	5082.065136456989	0.3
5625.333527557274	300	16.29485725015353	0.0	145210	926.2756160903624	-0.15000000000000002
5629.589863932762	750	16.038520874665718	0.0	438281	4256.336375487811	0.3
5634.077923775054	750	15.550461032373153	0.0	398987	4488.059842292564	0.75
5636.148110883488	300	17.480273923939624	0.0	160064	2070.187108433527	-0.15000000000000002
5639.521892740508	750	18.10649206691898	0.0	331053	3373.7818570206455	0.3
5641.888439392262	750	19.73994541516416	0.0	314107	2366.546651754818	0.75

