13469.994745708038	750	4.0	4.955564253110452	450283	4955.564253110451	0.12701903	-20.55892628837494
13473.096615904891	300	4.898129803144833	0.0	155580	3101.870196855167	0.013052458	-0.15000000000000002
13477.628685155361	300	4.366060552675044	0.0	139857	4532.06925046979	0.004705182	0.3
13482.089243227028	300	4.0	0.09449751899309194	155432	4460.558071668135	0.004705182	-0.10633933167029536
13486.291817635152	300	4.0	0.20257440812354435	163442	4202.574408123544	0.004705182	-0.5710699549312408
13488.853454115722	300	5.4383635194307365	0.0	126289	2561.6364805692638	0.004705182	0.3
13492.398202511331	300	5.893615123821788	0.0	153295	3544.7483956089477	0.004705182	0.3
13496.572545713696	300	5.719271921455934	0.0	173849	4174.343202365854	0.004705182	0.3
13500.28623371649	300	6.005583918662889	0.0	150710	3713.6880027930442	0.004705182	0.3
13504.956362004761	300	5.335455630391578	0.0	139105	4670.128288271311	0.004705182	0.3
13523.533654166104	1850	4.0	13.241836530951648	939819	18577.292161343226	0.004705182	-56.63989708309208
13526.060807551334	300	5.472846614770026	0.0	156148	2527.1533852299744	0.004705182	-1.25
13527.495557381559	300	8.038096784544217	0.0	160746	1434.7498302258086	0.004705182	0.3
13528.834612877396	300	10.699041288708118	0.0	179801	1339.0554958360985	0.004705182	0.3
13530.000224537636	300	13.533429628465209	0.0	140051	1165.6116602429108	0.004705182	0.3
13531.523825671995	300	16.00982849410639	0.0	138313	1523.6011343588195	0.004705182	0.3
13532.881885491244	300	18.651768674856616	0.0	143509	1358.0598192497725	0.004705182	0.3
13534.136292160418	300	21.397362005683107	0.0	150616	1254.406669173509	0.004705182	0.3
13535.719063766468	300	23.814590399632333	0.0	165384	1582.7716060507748	0.007868833	0.3
13537.219044548428	300	26.314609617673835	0.0	140881	1499.9807819584971	0.14021872	0.3
13538.763515737439	300	28.77013842866377	0.0	157671	1544.4711890100677	0.3476341	0.3
13540.2161716205	300	31.317482545603045	0.0	157812	1452.6558830607228	0.6781719	0.3
13543.119701150426	750	32.413953015674856	0.0	401853	2903.5295299281865	0.29791072	0.3
13550.26876870617	750	29.264885459932295	0.0	343800	7149.067555742564	0.005745877	0.75
13558.738823564656	750	24.794830601444517	0.0	359903	8470.05485848778	0.3762205	0.75
13562.421087394563	300	25.112566771537892	0.0	153938	3682.263829906624	0.26516214	-0.15000000000000002
13566.081833672506	300	25.45182049359556	0.0	181901	3660.746277942334	0.03671432	0.3
13567.699800862598	300	27.83385330350532	0.0	111155	1617.9671900902347	0.19266751	0.3
13569.476507875866	300	30.0571462902347	0.0	153605	1776.707013270621	0.20106077	0.3
13571.455650864482	300	32.07800330161998	0.0	149029	1979.1429886147216	0.5037361	0.3
13575.554007420518	750	31.97964674558374	0.0	358218	4098.35655603624	0.22449453	0.3
13580.69811407483	750	30.835540091272087	0.0	400322	5144.106654311653	0.004705182	0.75
13583.296955779106	750	32.2366983869958	0.0	369834	2598.8417042762935	0.004705182	0.75
13586.061036600286	750	33.47261756581537	0.0	412837	2764.0808211804324	0.052425906	0.75
13588.955646590453	750	34.57800757564894	0.0	401088	2894.609990166426	0.39064756	0.75
13591.405606591885	750	36.128047574217376	0.0	365161	2449.960001431562	0.65855587	0.75
13597.563279207056	1200	33.97037495904537	0.0	487812	6157.672615171999	0.10639019	0.75
13602.940323007813	1200	32.59333115828921	0.0	575591	5377.043800756162	0.06833959	1.2
13606.54495458539	1200	32.988699580712634	0.0	605884	3604.631577576579	0.010702845	1.2
13609.741753555569	1200	33.791900610534995	0.0	587506	3196.798970177638	0.004705182	1.2
13614.001306663273	1200	33.532347502830774	0.0	566904	4259.553107704221	0.005975923	1.2
13618.30498032216	1200	33.22867384394405	0.0	641452	4303.673658886717	0.0054100854	1.2
13622.42264999363	1200	33.111004172473464	0.0	599477	4117.669671470595	0.013823001	1.2
13626.542552679242	1200	32.991101486860735	0.0	634861	4119.902685612724	0.016322726	1.2
13630.555963017103	1200	32.97769114900163	0.0	630203	4013.410337859109	0.029022103	1.2
13640.631674130824	1200	26.9019800352807	0.0	638661	10075.71111372093	0.07304525	1.2
13647.7450822032	1200	23.788571962904005	0.0	538612	7113.408072376696	0.009687976	1.2
13655.356000881993	1200	20.177653284112463	0.0	550906	7610.91867879154	0.010900668	1.2

