8154.31925331261	750	4.0	1.26305294249572	450283	1263.05294249572	-4.681127652731596
8155.859537458873	1200	6.45971585373713	0.0	611087	1540.2841462628705	0.75
8157.962218210247	1200	8.357035102363625	0.0	571051	2102.680751373504	1.2
8160.674795453564	1200	9.644457859045723	0.0	617681	2712.5772433179027	1.2
8163.065238813741	1200	11.254014498868669	0.0	652874	2390.4433601770543	1.2
8164.944868877651	1200	13.374384434958174	0.0	520315	1879.6300639104945	1.2
8166.806369448118	1200	15.512883864491306	0.0	561791	1861.5005704668702	1.2
8169.48878306596	1200	16.83047024664955	0.0	709534	2682.4136178417557	1.2
8171.573947662544	1200	18.745305650065266	0.0	584846	2085.1645965842836	1.2
8173.4189239979405	1200	20.900329314669666	0.0	560821	1844.9763353956005	1.2
8175.611883926265	1200	22.707369386345082	0.0	607410	2192.959928324583	1.2
8178.050269166864	1200	24.268984145745115	0.0	594078	2438.3852405999683	1.2
8180.498994739832	1200	25.820258572777693	0.0	624282	2448.725572967422	1.2
8183.083100511854	1200	27.236152800754784	0.0	687371	2584.1057720229123	1.2
8185.580536647764	1200	28.738716664845434	0.0	526950	2497.4361359093496	1.2
8188.069828704734	1200	30.24942460787505	0.0	587876	2489.2920569703856	1.2
8190.521852387734	1200	31.797400924875507	0.0	617242	2452.0236829995415	1.2
8193.93361065408	1850	32.38564265853	0.0	885714	3411.7582663455023	1.2000000000000002
8197.474825389116	1850	32.84442792349282	0.0	987708	3541.2147350371806	1.85
8200.666481171009	1850	33.652772141599435	0.0	923755	3191.655781893389	1.85
8204.084727682914	1850	34.23452562969621	0.0	891604	3418.2465119032295	1.85
8207.313947684872	1850	35.00530562773744	0.0	955231	3229.220001958771	1.85
8213.460968511263	2850	32.85828480134617	0.0	1505760	6147.020826391274	1.85
8217.408478052703	1850	32.91077525990471	0.0	874175	3947.5095414414627	0.8500000000000001
8220.44894550719	1850	33.870307805418115	0.0	897976	3040.467454486591	1.85
8223.340072096387	1850	34.979181216220645	0.0	905935	2891.126589197464	1.85
8226.670301667751	1850	35.648951644857455	0.0	1076599	3330.229571363191	1.85
8231.086290295498	2850	35.232963017110116	0.0	1141971	4415.988627747346	1.85
8238.112297038275	2850	32.206956274334146	0.0	1498470	7026.006742775967	2.85
8241.780558735023	1850	32.53869457758584	0.0	975811	3668.2616967483136	0.8500000000000001
8246.410206322756	1850	31.90904698985386	0.0	873429	4629.647587731975	1.85
8251.29001382147	1850	31.029239491139787	0.0	954453	4879.807498714071	1.85
8254.440266791196	1200	31.878986521413996	0.0	584349	3150.2529697257883	0.5499999999999999
8256.458606743783	1200	33.86064656882566	0.0	670129	2018.339952588342	1.2
8261.382895065006	1850	32.93635824760319	0.0	1026056	4924.288321222465	1.2000000000000002
8265.886941001994	1850	32.43231231061529	0.0	943942	4504.0459369879045	1.85
8269.33340754268	1850	32.98584576992915	0.0	728962	3446.466540686136	1.85
8273.288796222583	1850	33.03045709002627	0.0	938587	3955.388679902877	1.85
8276.429999470181	1850	33.88925384242797	0.0	908665	3141.203247598298	1.85
8279.751762779404	1850	34.567490533205536	0.0	930577	3321.7633092224323	1.85
8284.450888140318	2850	33.868365172289934	0.0	1339500	4699.125360915601	1.85
8292.099593587802	2850	30.219659724806654	0.0	1527299	7648.705447483283	2.85
8295.554130562861	1850	30.765122749748066	0.0	886255	3454.5369750585887	0.8500000000000001
8299.672721718525	1850	30.64653159408312	0.0	973972	4118.591155664943	1.85
8303.405024269614	1850	30.914229042994062	0.0	958994	3732.302551089058	1.85
8307.112622155644	1850	31.206631156964733	0.0	982064	3707.5978860293303	1.85
8309.05623617194	1850	33.26301714066848	0.0	830730	1943.6140162962463	1.85
8313.11663097994	2850	33.202622332669634	0.0	1364537	4060.3948079988527	1.85

