8145.248810368546	750	4.0	2.287148895543779	450283	2287.148895543779	0.5	-9.084740250838248
8146.275485645509	300	6.973324723036945	0.0	155580	1026.6752769630546	0.5	-0.15000000000000002
8148.35586525182	750	8.892945116725517	0.0	350812	2080.379606311428	0.5	0.3
8150.278517064421	750	10.970293304124837	0.0	382355	1922.6518126006792	0.5	0.75
8152.291814927224	750	12.956995441321807	0.0	411561	2013.2978628030312	0.5	0.75
8154.86719493707	1200	14.3816154314763	0.0	520315	2575.3800098455076	0.5	0.75
8158.001500707507	1200	15.247309661039472	0.0	561791	3134.305770436829	0.5	1.2
8170.826872713374	1850	6.421937655172425	0.0	1060487	12825.372005867046	0.5	1.2000000000000002
8178.077472473524	750	4.0	0.8286621049776086	374758	7250.599760150034	0.5	-3.913247051403717
8182.2221398275415	300	4.0	0.14466735401737424	139105	4144.667354017374	0.5	-0.7720696222747092
8184.948511180521	300	5.273628647020248	0.0	141840	2726.3713529797524	0.5	0.3
8187.7041369184635	300	6.518002909077042	0.0	156148	2755.625737943205	0.5	0.3
8190.351865226791	300	7.870274600749406	0.0	160746	2647.728308327636	0.5	0.3
8193.250184614291	300	8.971955213250538	0.0	179801	2898.319387498868	0.5	0.3
8195.196927852961	300	11.02521197457902	0.0	140051	1946.7432386715168	0.5	0.3
8197.13799008481	300	13.084149742732187	0.0	138313	1941.0622318468336	0.5	0.3
8199.035103723514	300	15.18703610402719	0.0	143509	1897.1136387049983	0.5	0.3
8200.877855054187	300	17.34428477335577	0.0	150616	1842.7513306714184	0.5	0.3
8203.306874687461	300	18.915265140079946	0.0	165384	2429.0196332758264	0.5	0.3
8209.546157034845	750	16.67598279269635	0.0	350713	6239.282347383594	0.5	0.3
8218.107651295988	750	12.11448853155261	0.0	386472	8561.494261143738	0.5	0.75
8226.53727539252	750	7.6848644350205175	0.0	399894	8429.624096532092	0.5	0.75
8230.763945889494	300	7.458193938047853	0.0	163927	4226.670496972664	0.5	-0.15000000000000002
8233.832758023167	300	8.389381804374606	0.0	137654	3068.8121336732465	0.5	0.3
8236.466384724707	300	9.755755102834259	0.0	146754	2633.6267015403478	0.5	0.3
8237.892495147178	300	12.329644680363332	0.0	153938	1426.1104224709272	0.5	0.3
8239.516522095977	300	14.70561773156457	0.0	181901	1624.0269487987614	0.5	0.3
8240.499595023844	300	17.72254480369652	0.0	111155	983.0729278680549	0.5	0.3
8241.709716942223	300	20.512422885318013	0.0	153605	1210.1219183785038	0.5	0.3
8242.779071909172	300	23.443067918368804	0.0	149029	1069.3549669492113	0.5	0.3
8245.153644682427	750	25.068495145115087	0.0	358218	2374.5727732537166	0.5	0.3
8249.096762943402	1200	25.12537688414013	0.0	620283	3943.1182609749544	0.5	0.75
8252.634673889086	1200	25.587465938455143	0.0	584349	3537.9109456849915	0.5	1.2
8256.417104958235	1200	25.805034869305953	0.0	670129	3782.431069149189	0.5	1.2
8265.372678584801	1850	20.849461242740166	0.0	1026056	8955.573626565789	0.5	1.2000000000000002
8274.81696255085	1850	15.40517727668991	0.0	943942	9444.283966050256	0.5	1.85
8278.675172194531	1200	15.54696763301017	0.0	487812	3858.209643679742	0.5	0.5499999999999999
8284.014529402004	1200	14.207610425536645	0.0	575591	5339.357207473524	0.5	1.2
8288.490358829667	1200	13.731780997873324	0.0	605884	4475.8294276633205	0.5	1.2
8296.626182421165	1200	9.595957406376147	0.0	587506	8135.8235914971765	0.5	1.2
8303.168978922044	750	7.053160905497773	0.0	345516	6542.796500878374	0.5	0.3
8306.266718373	300	7.955421454541716	0.0	161857	3097.739450956057	0.5	-0.15000000000000002
8308.193328354622	300	10.028811472918457	0.0	145210	1926.6099816232572	0.5	0.3
8311.464975142246	300	10.757164685294786	0.0	172312	3271.6467876236725	0.5	0.3
8314.764808032736	300	11.457331794804288	0.0	167025	3299.8328904904974	0.5	0.3
8318.198492201309	300	12.023647626230563	0.0	160064	3433.684168573725	0.5	0.3
8319.705899209279	300	14.516240618261236	0.0	137507	1507.4070079693256	0.5	0.3
8322.102701469223	750	16.11943835831701	0.0	314107	2396.8022599442284	0.5	0.3

