20782.746402073295	750	4.0	3.5388403668140223	450283	3538.840366814022	-14.467013577300294
20784.198801143444	300	6.5476009298498035	0.0	155580	1452.399070150196	-0.15000000000000002
20785.537305225338	300	9.209096847957815	0.0	139857	1338.5040818919888	0.3
20786.907139773066	300	11.83926230022871	0.0	155432	1369.8345477291064	0.3
20788.463744820783	300	14.28265725251159	0.0	163442	1556.6050477171186	0.3
20790.010857686757	300	16.73554438653919	0.0	126289	1547.1128659724009	0.3
20791.675494513373	300	19.0709075599223	0.0	153295	1664.6368266168904	0.3
20793.268569219013	300	21.477832854285936	0.0	173849	1593.0747056363664	0.3
20795.322550173198	300	23.423851900100196	0.0	150710	2053.98095418574	0.3
20796.763619572655	300	25.982782500644003	0.0	139105	1441.069399456191	0.3
20798.123151159343	300	28.623250913956902	0.0	141840	1359.5315866871038	0.3
20799.649457495503	300	31.096944577796855	0.0	156148	1526.3063361600477	0.3
20804.063317742974	750	30.683084330327453	0.0	386351	4413.8602474694035	0.3
20807.86467835345	750	30.8817237198486	0.0	434409	3801.3606104788514	0.75
20810.402299621983	750	32.34410245131363	0.0	337059	2537.6212685349683	0.75
20813.215068691206	750	33.53133338209295	0.0	366214	2812.7690692206766	0.75
20816.401735672127	750	34.34466640117154	0.0	360831	3186.6669809214154	0.75
20820.128406593074	750	34.61799548022527	0.0	372963	3726.6709209462733	0.75
20824.13683297407	750	34.60956909922793	0.0	405596	4008.426380997336	0.75
20827.44107736389	750	35.3053247094072	0.0	350713	3304.2443898207366	0.75
20830.192699055944	750	36.553703017354174	0.0	386472	2751.621692053028	0.75
20832.608547777392	750	38.13785429590409	0.0	399894	2415.848721450079	0.75
20835.087956203384	750	39.65844586991455	0.0	401853	2479.4084259895376	0.75
20838.430870318596	1200	40.315531754700174	0.0	536667	3342.914115214375	0.75
20841.76547595446	1200	40.9809261188352	0.0	587236	3334.605635864972	1.2
20846.323381531456	1200	40.42302054184113	0.0	590335	4557.905576994068	1.2
20849.943360073044	1200	40.80304200025098	0.0	696376	3619.978541590147	1.2
20852.874300654094	1200	41.87210141920304	0.0	487160	2930.940581047946	1.2
20862.57411171299	1850	36.17229036030687	0.0	972798	9699.811058896168	1.2000000000000002
20871.698894811143	1200	31.04750726215519	0.0	641447	9124.78309815168	0.5499999999999999
20876.58523913665	750	30.16116293664674	0.0	358218	4886.344325508451	0.3
20882.101262612014	750	28.645139461284298	0.0	400322	5516.023475362439	0.75
20884.135041054516	300	30.611361018783956	0.0	143881	2033.778442500345	-0.15000000000000002
20886.43446796812	300	32.31193410518156	0.0	163444	2299.4269136023963	0.3
20888.936481054836	300	33.809921018467385	0.0	179328	2502.0130867141725	0.3
20893.470765589616	750	33.275636483684934	0.0	365161	4534.284534782453	0.3
20896.815591250222	750	33.93081082308138	0.0	321064	3344.825660603555	0.75
20902.504779928462	750	32.24162214484216	0.0	361565	5689.188678239221	0.75
20908.82463128411	750	29.92177078919154	0.0	378327	6319.851355650619	0.75
20910.181679264475	300	32.564722808828655	0.0	149991	1357.0479803628887	-0.15000000000000002
20911.414065721365	300	35.33233635193533	0.0	147968	1232.3864568933293	0.3
20914.3754501946	750	36.370951878705355	0.0	384505	2961.384473229979	0.3
20916.983784482833	750	37.76261759046984	0.0	372093	2608.3342882355146	0.75
20921.153617799017	1200	37.59278427428476	0.0	634861	4169.833316185082	0.75
20925.45781199321	1200	37.288590080094885	0.0	630203	4304.194194189869	1.2
20929.82216445028	1200	36.92423762302405	0.0	638661	4364.352457070838	1.2
20935.136888886544	1200	35.609513186760886	0.0	538612	5314.724436263164	1.2
20939.13525376218	1200	35.61114831112945	0.0	550906	3998.3648756314356	1.2

