15095.013945901734	750	4.0	3.8635903273045304	450283	3863.5903273045305	0.009742295	-15.863438407409479
15098.498708013773	750	4.515237887960503	0.0	398865	3484.762112039497	0.3895944	0.75
15099.587180744908	300	7.426765156826241	0.0	139857	1088.4727311342613	0.3055022	-0.15000000000000002
15100.75197642983	300	10.26196947190255	0.0	155432	1164.795684923692	0.013512064	0.3
15102.052864990257	300	12.961080911476493	0.0	163442	1300.8885604260586	0.057776295	0.3
15104.75098582669	750	14.262960075043699	0.0	318564	2698.120836432793	0.3411413	0.3
15106.171251013035	300	16.842694888699036	0.0	153295	1420.2651863446608	0.56785667	-0.15000000000000002
15107.5427384774	300	19.471207424334395	0.0	173849	1371.4874643646385	0.017991373	0.3
15108.686679497418	300	22.32726640431758	0.0	150710	1143.941020016816	0.06997966	0.3
15109.917331865721	300	25.09661403601468	0.0	139105	1230.6523683028959	0.14179677	0.3
15110.96308176306	300	28.05086413867427	0.0	141840	1045.7498973404115	0.1794176	0.3
15112.222882064423	300	30.79106383731254	0.0	156148	1259.8003013617304	0.3795152	0.3
15113.624059471298	300	33.389886430436334	0.0	160746	1401.1774068762024	0.61257774	0.3
15117.315135029061	750	33.6988108726741	0.0	434409	3691.0755577622313	0.6574533	0.3
15120.612790567271	750	34.40115533446421	0.0	337059	3297.6555382098977	0.01361758	0.75
15123.995226862757	750	35.01871903897854	0.0	366214	3382.4362954856742	0.006782946	0.75
15127.449404386804	750	35.56454151493209	0.0	360831	3454.177524046444	0.00497387	0.75
15131.33797723543	750	35.67596866630745	0.0	372963	3888.5728486246458	0.004705182	0.75
15138.183288365037	750	32.83065753669951	0.0	405596	6845.31112960794	0.004705182	0.75
15146.327251856323	750	28.686694045412562	0.0	350713	8143.963491286948	0.011616186	0.75
15155.890484695592	750	23.123461206142753	0.0	386472	9563.23283926981	0.34086037	0.75
15159.473348330059	300	23.540597571678106	0.0	157812	3582.8636344646484	0.32301605	-0.15000000000000002
15163.49324490272	300	23.520700999016313	0.0	163927	4019.896572661795	0.022689566	0.3
15165.974885877624	300	25.03906002411191	0.0	137654	2481.640974904403	0.012903323	0.3
15169.529446429888	300	25.484499471848203	0.0	146754	3554.560552263709	0.026058795	0.3
15174.173436200921	300	24.840509700815762	0.0	153938	4643.989771032439	0.023944853	0.3
15179.149696825796	300	23.86424907593978	0.0	181901	4976.26062487598	0.019571133	0.3
15181.396778327324	300	25.617167574413724	0.0	111155	2247.081501526056	0.039250694	0.3
15183.241317741931	300	27.772628159807113	0.0	153605	1844.5394146066135	0.073246434	0.3
15187.08614489839	750	27.92780100334711	0.0	400508	3844.82715646	0.47919223	0.3
15192.733301357868	750	26.280644543868846	0.0	358218	5647.156459478265	0.0054257116	0.75
15203.716743490466	750	19.297202411273602	0.0	400322	10983.44213259524	0.013575181	0.75
15207.467546023425	300	19.546399878313327	0.0	143881	3750.8025329602733	0.014594041	-0.15000000000000002
15211.805221961711	300	19.208723940028104	0.0	163444	4337.675938285224	0.03811747	0.3
15216.186185826058	300	18.827760075681965	0.0	179328	4380.963864346138	0.03737234	0.3
15220.61575528688	300	18.39819061485846	0.0	159914	4429.569460823508	0.041936263	0.3
15224.580716919729	300	18.433228982011293	0.0	131610	3964.9616328471684	0.02250756	0.3
15226.832362248866	300	20.181583652875712	0.0	124011	2251.6453291355815	0.03245076	0.3
15229.161452496182	300	21.852493405559237	0.0	144254	2329.0902473164733	0.18994062	0.3
15232.304522725803	300	22.709423175938696	0.0	149991	3143.07022962054	0.37949	0.3
15239.264163930391	750	19.749781971349133	0.0	345516	6959.641204589565	0.67694205	0.3
15249.187391773532	750	13.826554128209265	0.0	384505	9923.227843139868	0.25614908	0.75
15252.13003754782	300	14.88390835391873	0.0	145210	2942.645774290534	0.004905448	-0.15000000000000002
15255.584950755258	300	15.428995146482645	0.0	172312	3454.913207436086	0.015784705	0.3
15257.82270023136	300	17.191245670379065	0.0	167025	2237.749476103582	0.046096053	0.3
15260.24996171388	300	18.763984187859656	0.0	160064	2427.261482519409	0.6019374	0.3
15265.340961547117	750	17.672984354622795	0.0	331053	5090.999833236863	0.6855783	0.3
15271.38619385593	750	15.627752045809821	0.0	314107	6045.232308812972	0.022557061	0.75

