16923.20930526616	750	4.0	6.3928079957343495	450283	6392.80799573435	-26.7390743816577
16924.278392875894	300	6.93091239026107	0.0	155580	1069.0876097389298	-0.15000000000000002
16925.76416759238	300	9.445137673777062	0.0	139857	1485.7747164840077	0.3
16927.807726948166	300	11.40157831799436	0.0	155432	2043.559355782702	0.3
16929.843237801677	300	13.366067464480084	0.0	163442	2035.5108535142779	0.3
16930.81454582759	300	16.39475943856815	0.0	126289	971.3080259119344	0.3
16931.86155491255	300	19.347750353610195	0.0	153295	1047.009084957957	0.3
16935.176136802205	750	20.033168463954485	0.0	437162	3314.581889655708	0.3
16937.907705542308	750	21.301599723852792	0.0	374758	2731.568740101691	0.75
16941.622638003362	750	21.586667262799896	0.0	362795	3714.932461052895	0.75
16944.44017352524	750	22.769131740921914	0.0	353220	2817.535521877981	0.75
16947.43032993494	750	23.77897533122337	0.0	405134	2990.1564096985453	0.75
16950.214822087342	750	24.994483178817568	0.0	386351	2784.492152405802	0.75
16953.955586469958	750	25.25371879620008	0.0	434409	3740.7643826174913	0.75
16957.052170186154	750	26.157135080003336	0.0	337059	3096.5837161967415	0.75
16959.570721136606	750	27.63858412955233	0.0	366214	2518.550950451006	0.75
16961.62345911512	750	29.585846151043004	0.0	360831	2052.737978509328	0.75
16964.9361928848	1200	30.273112381356178	0.0	581493	3312.733769686825	0.75
16972.723541389445	1200	26.485763876713825	0.0	639204	7787.34850464235	1.2
16975.740804573543	750	27.468500692618978	0.0	350713	3017.263184094848	0.3
16978.371438923146	750	28.83786634301513	0.0	386472	2630.6343496038503	0.75
16980.998975341434	750	30.21032992472677	0.0	399894	2627.536418288357	0.75
16983.628513585296	750	31.580791680867765	0.0	401853	2629.5382438590045	0.75
16987.68570420457	1200	31.52360106159264	0.0	536667	4057.1906192751258	0.75
16992.283760799946	1200	30.92554446621665	0.0	587236	4598.0565953759915	1.2
16995.929747028233	1200	31.279558237932637	0.0	590335	3645.98622828401	1.2
17000.752548245455	1200	30.456757020709915	0.0	696376	4822.801217222721	1.2
17003.562898261127	1200	31.64640700503951	0.0	487160	2810.350015670407	1.2
17007.205295578646	1200	32.004009687518824	0.0	622896	3642.397317520688	1.2
17010.29592486254	1200	32.91338040362549	0.0	641447	3090.6292838933377	1.2
17019.372900291524	1850	27.836404974641113	0.0	873429	9076.975428984379	1.2000000000000002
17025.457498265434	1200	25.751807000730032	0.0	620283	6084.597973911077	0.5499999999999999
17027.810169010543	750	27.399136255620412	0.0	369834	2352.6707451096213	0.3
17030.14948181644	750	29.059823449721986	0.0	412837	2339.3128058984253	0.75
17035.29259708605	1200	27.91670818011236	0.0	690253	5143.115269609624	0.75
17038.156805968574	750	29.052499297585758	0.0	365161	2864.2088825266023	0.3
17042.09907452663	1200	29.110230739532238	0.0	487812	3942.268558053517	0.75
17054.863669361668	1200	20.34563590449435	0.0	575591	12764.594835037884	1.2
17058.55654925913	300	20.65275600703254	0.0	144254	3692.879897461813	-0.6000000000000001
17061.317694266414	300	21.89161099974867	0.0	149991	2761.1450072838725	0.3
17063.1821526565	300	24.027152609661467	0.0	147968	1864.4583900872033	0.3
17064.716877169598	300	26.49242809656313	0.0	161857	1534.7245130983404	0.3
17066.1135499102	300	29.095755355961384	0.0	145210	1396.6727406017462	0.3
17070.064901964633	750	29.144403301527205	0.0	438281	3951.3520544341773	0.3
17073.325821989034	750	29.883483277129177	0.0	398987	3260.9200243980317	0.75
17078.05657817408	1200	29.152727092083442	0.0	638661	4730.756185045737	0.75
17081.487285549596	1200	29.722019716569946	0.0	538612	3430.7073755134966	1.2
17084.10977745808	1200	31.099527808081564	0.0	550906	2622.4919084883813	1.2

