7705.117151759145	750	4.0	2.2982937896467757	450283	2298.2937896467756	-9.132663295481136
7706.006187012745	300	7.11096474639953	0.0	155580	889.0352536004698	-0.15000000000000002
7709.518679326941	1850	7.598472432202914	0.0	877771	3512.4923141966165	0.30000000000000004
7712.894500984016	1850	8.222650775128146	0.0	933276	3375.8216570747672	1.85
7715.923138319061	1850	9.194013440083115	0.0	996749	3028.63733504503	1.85
7718.42719490135	1850	10.689956857794424	0.0	801058	2504.056582288691	1.85
7723.4138243750085	2850	9.703327384136411	0.0	1388403	4986.629473658013	1.85
7730.756845068318	2850	6.36030669082569	0.0	1638769	7343.020693310722	2.85
7731.427244874927	300	9.689906884216944	0.0	150710	670.3998066087454	-2.25
7733.293939891487	1200	11.823211867658184	0.0	560821	1866.695016558758	0.29999999999999993
7736.165033623968	1850	12.95211813517637	0.0	939819	2871.0937324818156	1.2000000000000002
7737.97915698786	1200	15.137994771284854	0.0	594078	1814.123363891516	0.5499999999999999
7740.953650920096	1850	16.163500839049146	0.0	946851	2974.4939322357072	1.2000000000000002
7744.527771442092	1850	16.58938031705285	0.0	1036454	3574.120521996294	1.85
7746.371635001504	1200	18.74551675764098	0.0	526950	1843.8635594118716	0.5499999999999999
7748.275663335021	1200	20.841488424123728	0.0	587876	1904.0283335172526	1.2
7751.322006316041	1850	21.795145443103884	0.0	966699	3046.342981019844	1.2000000000000002
7753.986277934084	1200	23.130873825060604	0.0	581493	2664.2716180432785	0.5499999999999999
7756.627317197925	1200	24.48983456122028	0.0	639204	2641.039263840323	1.2
7758.974429418719	1200	26.142722340425102	0.0	586839	2347.112220795176	1.2
7760.970470361591	1200	28.14668139755447	0.0	601738	1996.0409428706307	1.2
7764.1239102812015	1850	28.99324147794325	0.0	955231	3153.4399196112213	1.2000000000000002
7766.5702977441115	1200	30.546854015033464	0.0	656471	2446.3874629097886	0.5499999999999999
7768.37864250637	1200	32.73850925277426	0.0	536667	1808.3447622592032	1.2
7771.2766923888685	1850	33.84045937027583	0.0	897976	2898.049882498431	1.2000000000000002
7774.538883753393	1850	34.57826800575172	0.0	905935	3262.1913645241098	1.85
7780.01965613896	2850	33.097495620183864	0.0	1547572	5480.772385567852	1.85
7784.4766719652225	2850	32.64047979392146	0.0	1141971	4457.015826262406	2.85
7789.28823453885	2850	31.8289172202948	0.0	1498470	4811.5625736266575	2.85
7795.9044477397065	2850	29.21270401943745	0.0	1561263	6616.213200857354	2.85
7801.665010516972	2850	27.452141242171876	0.0	1341201	5760.56277726557	2.85
7809.520224735019	2850	23.596927024125304	0.0	1497683	7855.214218046573	2.85
7819.946877302073	2850	17.170274457071482	0.0	1358081	10426.652567053821	2.85
7824.879160346288	750	16.23799141285586	0.0	412837	4932.283044215624	-1.35
7828.613240906405	750	16.503910852739292	0.0	401088	3734.0805601165666	0.75
7837.812701872681	1200	11.304449886463207	0.0	598727	9199.460966276087	0.75
7839.22172925688	300	13.895422502264253	0.0	131610	1409.0273841989533	-0.6000000000000001
7842.955536345723	750	14.161615413421528	0.0	361565	3733.807088842726	0.3
7848.089025366419	750	13.02812639272536	0.0	378327	5133.489020696167	0.75
7855.272647466693	750	9.844504292451493	0.0	390680	7183.622100273868	0.75
7859.773885943339	750	9.343265815805779	0.0	345516	4501.2384766457135	0.75
7863.589988354761	750	9.527163404384185	0.0	384505	3816.1024114215934	0.75
7866.514615005107	750	10.602536754038574	0.0	372093	2924.626650345609	0.75
7869.1576387013465	750	11.959513057798182	0.0	438281	2643.023696240392	0.75
7871.83066495477	750	13.286486804374794	0.0	398987	2673.0262534233875	0.75
7875.652376298519	1200	13.46477546062646	0.0	638661	3821.7113437483345	0.75
7878.7946116334015	1200	14.322540125743693	0.0	538612	3142.235334882766	1.2
7883.003148256299	1850	14.114003502845884	0.0	846370	4208.53662289781	1.2000000000000002

