6868.075519879409	750	4.0	0.848125509873515	450283	848.1255098735149	-2.8969396924561144
6869.925906893486	1850	6.14961298592224	0.0	957685	1850.3870140777597	0.75
6871.8112300752555	1850	8.264289804153233	0.0	877771	1885.323181769007	1.85
6873.527766700609	1850	10.547753178798622	0.0	933276	1716.5366253546108	1.85
6875.5128533718	1850	12.562666507608327	0.0	996749	1985.086671190296	1.85
6877.148608691992	1850	14.926911187415577	0.0	801058	1635.7553201927497	1.85
6879.731051417311	2850	16.344468462095957	0.0	1388403	2582.4427253196186	1.85
6882.807415999326	2850	17.26810388008203	0.0	1638769	3076.3645820139263	2.85
6885.271857044922	2850	18.803662834485323	0.0	1348011	2464.4410455967086	2.85
6887.965044206475	2850	20.110475672932544	0.0	1429765	2693.187161552778	2.85
6890.527013222758	2850	21.548506656650048	0.0	1354548	2561.9690162825	2.85
6893.467961323603	2850	22.607558555804705	0.0	1519951	2940.94810084534	2.85
6896.309880553246	2850	23.76563932616162	0.0	1422919	2841.9192296430874	2.85
6899.487386470178	2850	24.588133409231222	0.0	1578343	3177.5059169303977	2.85
6901.767559825069	2850	26.30796005433948	0.0	1231445	2280.173354891742	2.85
6905.699521675668	4300	26.37599820374128	0.0	2152483	3931.9618505982016	2.8499999999999996
6910.220663229538	4300	25.854856649871323	0.0	2289689	4521.141553869955	4.3
6914.052534338168	4300	26.02298554124143	0.0	2059512	3831.871108629895	4.3
6918.764946799165	4300	25.3105730802442	0.0	2220726	4712.412460997227	4.3
6922.745817831517	4300	25.32970204789184	0.0	2156729	3980.871032352363	4.3
6925.466203011397	2850	26.609316868012087	0.0	1415116	2720.3851798797523	1.4000000000000001
6929.48495534293	4300	26.590564536478187	0.0	2176469	4018.7523315338995	2.8499999999999996
6933.61446431332	4300	26.461055566089367	0.0	2221506	4129.5089703888225	4.3
6937.305665122752	4300	26.769854756656873	0.0	2044075	3691.200809432493	4.3
6941.150059322552	4300	26.925460556857512	0.0	2186790	3844.3941997993597	4.3
6945.329164246403	4300	26.74635563300694	0.0	2105231	4179.104923850571	4.3
6949.987387352098	4300	26.088132527311323	0.0	2395588	4658.22310569562	4.3
6953.995094890185	4300	26.08042498922501	0.0	1972048	4007.707538086312	4.3
6956.860903676238	2850	27.214616203171875	0.0	1498470	2865.8087860531346	1.4000000000000001
6960.6973150897875	4300	27.378204789621982	0.0	2164140	3836.411413549895	2.8499999999999996
6964.479907035895	4300	27.595612843514406	0.0	2113193	3782.591946107575	4.3
6968.7404249841065	4300	27.335094895302333	0.0	2147852	4260.517948212074	4.3
6972.60418582315	4300	27.471334056258915	0.0	2191074	3863.760839043419	4.3
6976.936783396614	4300	27.138736482794602	0.0	2286761	4332.597573464311	4.3
6981.403327348063	4300	26.67219253134662	0.0	2307787	4466.543951447982	4.3
6985.413979233057	4300	26.661540646352112	0.0	2143948	4010.6518849945096	4.3
6989.063039849661	4300	27.01248002974838	0.0	1919781	3649.060616603728	4.3
6993.073895785044	4300	27.00162409436438	0.0	2147467	4010.8559353839996	4.3
6996.969454163539	4300	27.10606571587001	0.0	2133870	3895.5583784943724	4.3
7001.006411271036	4300	27.069108608373405	0.0	2146120	4036.957107496603	4.3
7005.062759887079	4300	27.01275999233064	0.0	2108491	4056.3486160427624	4.3
7009.443314126229	4300	26.632205753180838	0.0	2184571	4380.5542391498	4.3
7011.800512963206	2850	28.27500691620418	0.0	1343002	2357.19883697666	1.4000000000000001
7016.1585203136565	4300	27.916999565752796	0.0	2219102	4358.007350451383	2.8499999999999996
7020.194643527413	4300	27.880876351996637	0.0	2124950	4036.1232137561606	4.3
7024.5070046783185	4300	27.568515201090754	0.0	2246506	4312.361150905883	4.3
7028.640530506238	4300	27.434989373170414	0.0	1961140	4133.525827920343	4.3
7031.17155706677	2850	28.903962812638856	0.0	1364537	2531.0265605315594	1.4000000000000001

