19016.6805260938	750	4.0	2.322935537655054	450283	2322.935537655054	-9.238622811916732
19020.15679019198	750	4.523735901820231	0.0	398865	3476.264098179768	0.75
19022.812522736243	750	5.868003357558568	0.0	350812	2655.732544261663	0.75
19025.580785993723	750	7.099740100082421	0.0	382355	2768.2632574761474	0.75
19028.191781966376	750	8.488744127426669	0.0	411561	2610.995972655752	0.75
19029.06097816096	300	11.619547932844402	0.0	126289	869.1961945822676	-0.15000000000000002
19031.418038127802	750	13.262487966000785	0.0	352642	2357.0599668436166	0.3
19034.564590544745	750	14.115935549057372	0.0	437162	3146.552416943411	0.75
19037.539666873283	750	15.140859220517815	0.0	374758	2975.076328539558	0.75
19040.56620454927	750	16.11432154452972	0.0	362795	3026.5376759880946	0.75
19043.545864016916	750	17.134662076884588	0.0	353220	2979.6594676451277	0.75
19046.23231197186	750	18.44821412193987	0.0	405134	2686.447954944719	0.75
19048.734691658396	750	19.9458344354046	0.0	386351	2502.3796865352715	0.75
19051.77491292401	750	20.905613169790364	0.0	434409	3040.221265614236	0.75
19054.003574087717	750	22.676952006083166	0.0	337059	2228.661163707196	0.75
19057.18549760417	750	23.49502848963085	0.0	366214	3181.9235164523166	0.75
19059.634060692682	750	25.046465401115842	0.0	360831	2448.563088515009	0.75
19064.532032795127	750	24.148493298670115	0.0	372963	4897.9721024457285	0.75
19069.40108284004	750	23.27944325375727	0.0	405596	4869.05004491284	0.75
19070.214963623795	300	26.465562470002514	0.0	140881	813.8807837547569	-0.15000000000000002
19071.363343387187	300	29.31718270661121	0.0	157671	1148.3797633913052	0.3
19072.265258643874	300	32.41526744992503	0.0	157812	901.9152566861743	0.3
19073.85258579453	750	34.827940299266466	0.0	401853	1587.327150658568	0.3
19076.052096893123	1200	36.62842920067132	0.0	536667	2199.511098595152	0.75
19081.2007310592	1200	35.4797950345932	0.0	587236	5148.634166078115	1.2
19086.45781703041	1200	34.222709063385686	0.0	590335	5257.085971207522	1.2
19088.80649793134	750	35.874028162454515	0.0	425781	2348.6809009311723	0.3
19090.192665990657	750	38.48786010313674	0.0	277716	1386.1680593177784	0.75
19092.029511411896	750	40.651014681898616	0.0	400396	1836.8454212381162	0.75
19094.605029855335	1200	42.07549623846357	0.0	641447	2575.5184434350454	0.75
19098.35635591504	1850	42.324170178758216	0.0	873429	3751.32605970536	1.2000000000000002
19104.696629573038	2850	39.98389652075853	0.0	1497683	6340.273657999687	1.85
19108.27152982364	1850	40.408996270161055	0.0	885062	3574.9002505974686	0.8500000000000001
19114.889211659283	2850	37.791314434515705	0.0	1587293	6617.681835645348	1.85
19118.92726822202	1850	37.7532578717763	0.0	1026056	4038.0565627394126	0.8500000000000001
19122.86258079957	1850	37.81794529422756	0.0	943942	3935.3125775487338	1.85
19125.697600601994	1850	38.982925491807855	0.0	728962	2835.019802419709	1.85
19131.921721023202	2850	36.758805070599266	0.0	1499009	6224.120421208584	1.85
19136.017794880983	1850	36.66273121281969	0.0	908665	4096.073857779571	0.8500000000000001
19140.824931287178	1850	35.85559480662528	0.0	930577	4807.136406194414	1.85
19148.236122402206	1850	32.44440369159661	0.0	858450	7411.19111502866	1.85
19152.077010731253	1200	32.603515362549004	0.0	641452	3840.888329047612	0.5499999999999999
19155.130747191703	1200	33.54977890210183	0.0	599477	3053.7364604471727	1.2
19158.33083662489	1200	34.349689468913986	0.0	634861	3200.089433187832	1.2
19161.70796262688	1200	34.972563466925244	0.0	630203	3377.126001988738	1.2
19165.280902062575	1200	35.39962403122595	0.0	638661	3572.9394356993007	1.2
19169.605076488337	1850	35.075449605463874	0.0	830730	4324.174425762077	1.2000000000000002
19174.36825926051	1850	34.31226683329157	0.0	846370	4763.182772172311	1.85

