9022.484087549332	750	4.0	4.277909780182569	450283	4277.909780182569	-17.64501205478505
9023.73307384945	300	6.75101369988408	0.0	155580	1248.98630011592	-0.15000000000000002
9025.277545522304	300	9.206542027029297	0.0	139857	1544.4716728547828	0.3
9027.047904650313	300	11.436182899020517	0.0	155432	1770.3591280087778	0.3
9028.785551576322	300	13.69853597301224	0.0	163442	1737.6469260082768	0.3
9031.433150774195	750	15.050936775138222	0.0	318564	2647.5991978740185	0.3
9034.030631654561	750	16.45345589477365	0.0	352642	2597.4808803645683	0.75
9035.311224730012	300	19.17286281932184	0.0	173849	1280.5930754518106	-0.15000000000000002
9036.981691177009	750	21.50239637232644	0.0	374758	1670.4664469953955	0.3
9039.65289265936	1200	22.831194889974668	0.0	560821	2671.2014823517734	0.75
9042.022039276315	1200	24.462048273019544	0.0	607410	2369.1466169551254	1.2
9046.252093037154	1850	24.23199451218022	0.0	917428	4230.053760839323	1.2000000000000002
9050.86746553322	1850	23.61662201611494	0.0	946851	4615.372496065279	1.85
9055.146559275898	1850	23.337528273436206	0.0	1036454	4279.093742678734	1.85
9060.40125683278	2850	22.08283071655255	0.0	1231445	5254.697556883652	1.85
9064.139557728964	1850	22.344529820367583	0.0	923170	3738.300896184965	0.8500000000000001
9067.457294789749	1850	23.026792759584264	0.0	966699	3317.737060783322	1.85
9073.266098202894	2850	21.217989346439616	0.0	1358801	5808.803413144647	1.85
9077.168132942023	1850	21.315954607310324	0.0	987708	3902.0347391292935	0.8500000000000001
9080.501957397739	1850	21.982130151594653	0.0	923755	3333.8244557156704	1.85
9084.444158532151	2850	22.039929017180363	0.0	1415116	3942.2011344142925	1.85
9089.198977082233	2850	21.285110467101042	0.0	1468126	4754.81855007932	2.85
9092.51458969563	1850	21.96949785370451	0.0	968026	3315.6126133965327	0.8500000000000001
9096.761329577155	2850	21.722757972178748	0.0	1323990	4246.73988152576	1.85
9101.3920690327	2850	21.09201851663582	0.0	1383735	4630.739455542928	2.85
9106.026244710472	2850	20.457842838862355	0.0	1480464	4634.175677773465	2.85
9111.362520739309	2850	19.121566810024195	0.0	1547572	5336.276028838157	2.85
9116.669068096608	2850	17.815019452726336	0.0	1141971	5306.54735729786	2.85
9119.821267036448	1850	18.662820512884426	0.0	972798	3152.1989398419078	0.8500000000000001
9122.429347689176	1850	20.05473986015773	0.0	975811	2608.0806527266955	1.85
9127.48081951155	2850	19.003268037784633	0.0	1341201	5051.471822373096	1.85
9130.825029111415	1850	19.659058437918855	0.0	954453	3344.209599865779	0.8500000000000001
9134.774956821277	2850	19.709130728058486	0.0	1358081	3949.9277098603666	1.85
9138.061769265223	1850	20.422318284111274	0.0	1035329	3286.812443947217	0.8500000000000001
9143.31932335435	2850	19.164764194984546	0.0	1492672	5257.554089126727	1.85
9147.442693049967	1850	19.04139449936693	0.0	943942	4123.369695617613	0.8500000000000001
9151.878959881486	2850	18.605127667847174	0.0	1139291	4436.266831519758	1.85
9155.095801825291	1850	19.388285724043875	0.0	938587	3216.8419438032993	0.8500000000000001
9158.225820231448	1850	20.25826731788773	0.0	908665	3130.0184061561426	1.85
9162.625255800076	1850	19.858831749257995	0.0	930577	4399.435568629734	1.85
9166.03015600204	1850	20.453931547294612	0.0	858450	3404.900201963383	1.85
9169.6640427244	1850	20.820044824933525	0.0	1025005	3633.886722361086	1.85
9173.718424250408	2850	20.765663298925737	0.0	1343002	4054.381526007785	1.85
9177.010652051127	1850	21.473435498208296	0.0	973972	3292.227800717444	0.8500000000000001
9180.698666981025	1850	21.785420568310162	0.0	958994	3688.014929898134	1.85
9184.86170690663	2850	21.622380642704478	0.0	1483527	4163.039925605684	1.85
9189.030816541306	2850	21.453271008027077	0.0	1231456	4169.1096346774	2.85
9193.523595072196	2850	20.96049247713665	0.0	1364537	4492.778530890429	2.85

