6368.051927169901	750	4.0	4.043612194844198	450283	4043.6121948441983	-16.63753243783005
6369.708385577012	300	6.343541592888147	0.0	155580	1656.458407111853	-0.15000000000000002
6370.977076704753	300	9.07485046514876	0.0	139857	1268.6911277393874	0.3
6372.155041425563	300	11.896885744338519	0.0	155432	1177.9647208102417	0.3
6374.6900828173475	750	13.361844352552891	0.0	411561	2535.0413917856276	0.3
6377.55987887983	750	14.492048290071539	0.0	318564	2869.7960624813513	0.75
6381.377769886277	750	14.674157283624506	0.0	352642	3817.8910064470333	0.75
6386.62057383419	750	13.43135333571216	0.0	437162	5242.803947912346	0.75
6391.447762161466	750	12.604165008435185	0.0	374758	4827.188327276974	0.75
6392.845646324367	300	15.206280845533934	0.0	139105	1397.884162901251	-0.15000000000000002
6393.873240953196	300	18.17868621670557	0.0	141840	1027.5946288283606	0.3
6394.869297622776	300	21.18262954712564	0.0	156148	996.0566695799367	0.3
6397.408717495963	750	22.643209673938617	0.0	386351	2539.41987318702	0.3
6400.678282822579	750	23.373644347322895	0.0	434409	3269.5653266157256	0.75
6403.813492919174	750	24.23843425072787	0.0	337059	3135.2100965950244	0.75
6407.692404358424	750	24.359522811478033	0.0	366214	3878.9114392498373	0.75
6410.042565090739	750	26.009362079163335	0.0	360831	2350.160732314697	0.75
6412.703243248892	750	27.348683921010263	0.0	372963	2660.6781581530745	0.75
6418.325326813062	750	25.726600356840105	0.0	405596	5622.083564170154	0.75
6423.774160290034	750	24.277766879866984	0.0	350713	5448.833476973122	0.75
6427.572026645116	750	24.479900524784746	0.0	386472	3797.8663550822375	0.75
6429.434758966199	300	26.617168203701986	0.0	157812	1862.732321082759	-0.15000000000000002
6430.9892086109	300	29.06271855900003	0.0	163927	1554.4496447019549	0.3
6433.562389776152	750	30.489537393748808	0.0	343800	2573.181165251223	0.3
6438.038706704039	750	30.013220465861018	0.0	359903	4476.316927887791	0.75
6443.563221033036	750	28.488706136864792	0.0	379700	5524.514328996225	0.75
6449.220462551965	750	26.831464617935328	0.0	425781	5657.241518929462	0.75
6451.777792536529	300	28.27413463337189	0.0	111155	2557.329984563439	-0.15000000000000002
6455.948212410087	300	28.103714759813684	0.0	153605	4170.419873558207	0.3
6458.126143225169	300	29.92578394473123	0.0	149029	2177.930815082453	0.3
6461.192036771286	750	30.859890398613594	0.0	358218	3065.893546117636	0.3
6464.775761794079	750	31.276165375820597	0.0	400322	3583.725022792994	0.75
6468.66666273545	750	31.385264434449557	0.0	369834	3890.9009413710423	0.75
6473.896310044147	750	30.155617125752176	0.0	412837	5229.647308697382	0.75
6479.3489454298815	750	28.70298174001849	0.0	401088	5452.635385733685	0.75
6481.036767015611	750	31.01516015428908	0.0	365161	1687.8215857294088	0.75
6482.274903281229	750	33.77702388867148	0.0	321064	1238.1362656175993	0.75
6484.708919960536	1200	35.343007209363876	0.0	575591	2434.0166793076055	0.75
6487.372822148426	1200	36.6791050214733	0.0	605884	2663.902187890578	1.2
6491.290697353001	1850	36.761229816898805	0.0	930577	3917.875204574489	1.2000000000000002
6494.263500087476	1850	37.788427082422956	0.0	858450	2972.802734475853	1.85
6499.34808035044	2850	36.703846819459244	0.0	1527299	5084.580262963708	1.85
6513.822606071771	2850	26.229321098128505	0.0	1343002	14474.525721330738	2.85
6516.519671526399	1200	27.53225564350031	0.0	634861	2697.0654546281958	-0.44999999999999996
6519.074325811776	1200	28.977601358123447	0.0	630203	2554.6542853768638	1.2
6521.571311412268	1200	30.480615757631895	0.0	638661	2496.985600491552	1.2
6523.6136251256885	1200	32.43830204421205	0.0	538612	2042.3137134198423	1.2
6526.684648674395	1850	33.367278495505644	0.0	846370	3071.02354870641	1.2000000000000002

