13658.299434754981	750	4.0	2.943433872988283	450283	2943.4338729882834	0.13364054	-11.906765653849618
13660.080365706652	750	6.219069048327484	0.0	398865	1780.930951672515	0.1351138	0.75
13661.849900598603	750	8.449534156378364	0.0	350812	1769.534891949121	0.004705182	0.75
13663.916602132276	750	10.38283262270498	0.0	382355	2066.701533673385	0.04647671	0.75
13666.14961649599	750	12.14981825899194	0.0	411561	2233.014363713041	0.03280444	0.75
13667.849707187635	750	14.44972756734608	0.0	318564	1700.090691645859	0.017388953	0.75
13669.712648143864	750	16.58678661111628	0.0	352642	1862.9409562297988	0.06915693	0.75
13671.757209112173	750	18.542225642807672	0.0	437162	2044.5609683086088	0.12037142	0.75
13673.668224167941	750	20.631210587040293	0.0	374758	1911.015055767381	0.01929885	0.75
13675.297915940882	750	23.001518814098706	0.0	362795	1629.6917729415864	0.01274666	0.75
13676.734008500365	750	25.565426254615247	0.0	353220	1436.0925594834575	0.006063337	0.75
13678.481001419428	750	27.818433335551642	0.0	405134	1746.9929190636049	0.035716124	0.75
13680.237951945506	750	30.06148280947455	0.0	386351	1756.9505260770923	0.1591018	0.75
13682.152942730478	750	32.14649202450275	0.0	434409	1914.9907849718004	0.3121911	0.75
13683.490421100812	750	34.80901365416845	0.0	337059	1337.478370334295	0.6839636	0.75
13686.289894258338	1200	36.00954049664273	0.0	587876	2799.4731575257283	0.15926206	0.75
13689.142801289614	1200	37.15663346536489	0.0	617242	2852.9070312778413	0.0063746986	1.2
13691.624097177173	1200	38.675337577805166	0.0	581493	2481.295887559726	0.004705182	1.2
13694.754899110429	1200	39.54453564454953	0.0	639204	3130.8019332556264	0.004705182	1.2
13698.180189370223	1200	40.11924538475583	0.0	586839	3425.290259793706	0.004705182	1.2
13701.914265243999	1200	40.3851695109808	0.0	601738	3734.07587377503	0.004705182	1.2
13706.43400288138	1200	39.86543187359956	0.0	616206	4519.737637381233	0.004705182	1.2
13709.533034346154	1200	40.766400408825795	0.0	656471	3099.0314647737705	0.0065925387	1.2
13711.913477112108	1200	42.38595764287099	0.0	536667	2380.4427659548046	0.004705182	1.2
13714.487175327278	1200	43.812259427701086	0.0	587236	2573.6982151699017	0.004705182	1.2
13716.978515882813	1200	45.32091887216736	0.0	590335	2491.340555533723	0.005574301	1.2
13720.161906634696	1200	46.13752812028416	0.0	696376	3183.3907518832066	0.012224642	1.2
13722.260263704342	1200	48.03917105063721	0.0	487160	2098.357069646944	0.03497961	1.2
13725.07046310801	1200	49.2289716469699	0.0	622896	2810.199403667308	0.06773387	1.2
13727.720455832534	1200	50.57897892244633	0.0	641447	2649.9927245235704	0.18679601	1.2
13733.48276376826	2850	48.8166709867211	0.0	1341201	5762.307935725232	0.17209727	1.2000000000000002
13740.519467522723	2850	45.77996723225691	0.0	1497683	7036.703754464193	0.004705182	2.85
13746.975710947316	2850	43.32372380766449	0.0	1358081	6456.243424592416	0.004705182	2.85
13755.741237129216	2850	38.55819762576616	0.0	1587293	8765.526181898336	0.004705182	2.85
13766.939186130241	2850	31.36024862474074	0.0	1492672	11197.94900102542	0.004705182	2.85
13771.779901877726	1200	30.51953287725663	0.0	598727	4840.715747484111	0.7107109	-0.44999999999999996
13777.531136525102	1200	28.768298229880315	0.0	487812	5751.234647376315	0.004705182	1.2
13783.292077980555	1200	27.007356774426935	0.0	575591	5760.941455453379	0.004705182	1.2
13788.239293623788	1200	26.06014113119344	0.0	605884	4947.215643233496	0.004705182	1.2
13796.745044729578	1200	21.554390025403652	0.0	587506	8505.751105789786	0.004705182	1.2
13802.665165873965	750	19.63426888101653	0.0	345516	5920.1211443871225	0.396563	0.3
13810.843947877498	750	15.45548687748322	0.0	384505	8178.782003533309	0.012880809	0.75
13816.946519268826	750	13.352915486156832	0.0	372093	6102.571391326391	0.0124853095	0.75
13825.940011443206	750	8.359423311775197	0.0	438281	8993.492174381634	0.009844149	0.75
13828.192831657314	300	10.106603097668373	0.0	167025	2252.820214106825	0.004705182	-0.15000000000000002
13830.104573964563	300	12.194860790418359	0.0	160064	1911.7423072500123	0.044309594	0.3
13831.541087733534	300	14.758347021448264	0.0	137507	1436.5137689700955	0.27547196	0.3
13832.275470601127	300	18.023964153857413	0.0	118421	734.3828675908497	0.691037	0.3

