24304.913478314746	750	4.0	2.943433872988283	450283	2943.4338729882834	-11.906765653849618
24305.727291695115	300	7.18618661963313	0.0	155580	813.8133803668703	-0.15000000000000002
24306.3829692754	300	10.53050903934787	0.0	139857	655.6775802852611	0.3
24308.17375290097	750	12.739725413777185	0.0	382355	1790.7836255706845	0.3
24310.395177360195	750	14.518300954550906	0.0	411561	2221.424459226278	0.75
24312.17538366803	750	16.738094646718586	0.0	318564	1780.2063078323197	0.75
24313.98548828295	750	18.927990031796945	0.0	352642	1810.1046149216413	0.75
24316.32213822285	750	20.591340091894253	0.0	437162	2336.64993990269	0.75
24320.379521268474	1850	20.533957046270828	0.0	852833	4057.383045623426	0.75
24324.110488591836	1850	20.80298972291328	0.0	913888	3730.967323357549	1.85
24328.261600003316	1850	20.651878311431616	0.0	939819	4151.111411481665	1.85
24332.22284403368	1850	20.690634281068537	0.0	917428	3961.2440303630797	1.85
24336.560990971055	1850	20.352487343696207	0.0	946851	4338.146937372329	1.85
24341.42623789337	1850	19.487240421380836	0.0	1036454	4865.246922315372	1.85
24346.33836139304	1850	18.57511692171177	0.0	821631	4912.123499669065	1.85
24352.717881765024	1850	16.195596549727835	0.0	923170	6379.5203719839365	1.85
24357.067130624648	1850	15.846347690100949	0.0	966699	4349.248859626885	1.85
24360.90109661882	1850	16.012381695928205	0.0	885714	3833.965994172743	1.85
24365.27986480406	1850	15.633613510689095	0.0	987708	4378.768185239111	1.85
24369.121055483345	1850	15.792422831404487	0.0	923755	3841.190679284607	1.85
24372.974461548445	1850	15.939016766304205	0.0	891604	3853.406065100283	1.85
24377.062883728155	1850	15.850594586592521	0.0	955231	4088.4221797116843	1.85
24381.406081639292	1850	15.507396675454098	0.0	968026	4343.197911138423	1.85
24385.51016813564	1850	15.403310179109585	0.0	874175	4104.086496344513	1.85
24389.80868686152	1850	15.104791453226929	0.0	897976	4298.518725882658	1.85
24394.399934261393	1850	14.513544053357313	0.0	905935	4591.247399869616	1.85
24400.182657494915	1850	12.730820819834738	0.0	1076599	5782.723233522575	1.85
24406.784635612024	1850	10.128842702722988	0.0	758197	6601.978117111751	1.85
24409.01797995784	750	11.895498356907838	0.0	400396	2233.34434581515	-0.3500000000000001
24411.872038808076	750	13.041439506672305	0.0	400508	2854.0588502355326	0.75
24414.499603212564	750	14.413875102182962	0.0	358218	2627.564404489344	0.75
24417.784699006497	750	15.12877930825109	0.0	400322	3285.0957939318714	0.75
24421.91302464956	750	15.000453665187152	0.0	369834	4128.325643063939	0.75
24426.364060527267	750	14.54941778748364	0.0	412837	4451.035877703512	0.75
24430.564071649947	750	14.349406664801247	0.0	401088	4200.011122682392	0.75
24433.49264724419	750	15.420831070555613	0.0	365161	2928.575594245635	0.75
24436.34703157814	750	16.566446736604934	0.0	321064	2854.384333950679	0.75
24442.763256077953	750	14.15022223679602	0.0	361565	6416.2244998089145	0.75
24448.599535977384	750	12.313942337361912	0.0	378327	5836.279899434108	0.75
24456.939566060486	750	7.973912254259347	0.0	390680	8340.030083102565	0.75
24459.92126066302	300	8.99221765172531	0.0	147968	2981.6946025340367	-0.15000000000000002
24462.43686482182	300	10.476613492927271	0.0	161857	2515.6041587980394	0.3
24464.726046295367	300	12.1874320193795	0.0	145210	2289.181473547772	0.3
24468.401179137032	300	12.512299177714006	0.0	172312	3675.1328416654937	0.3
24472.19609128118	300	12.717387033567425	0.0	167025	3794.912144146579	0.3
24474.426228551132	300	14.48724976361683	0.0	160064	2230.137269950596	0.3
24478.12523063635	750	14.788247678397067	0.0	331053	3699.002085219762	0.3
24479.852260991975	750	17.06121732277243	0.0	314107	1727.0303556246424	0.75

