20337.307687429104	750	4.0	3.995068697861578	450283	3995.068697861578	-16.428795400804784
20338.799959516437	300	6.507727912669612	0.0	155580	1492.2720873303876	-0.15000000000000002
20340.072055570497	300	9.235631858607427	0.0	139857	1272.0960540621852	0.3
20341.486838522036	300	11.820848907070088	0.0	155432	1414.7829515373378	0.3
20344.92025950342	750	12.38742792568922	0.0	411561	3433.420981380868	0.3
20347.574354791665	750	13.733332637443578	0.0	318564	2654.0952882456418	0.75
20350.479107223986	750	14.828580205121089	0.0	352642	2904.75243232249	0.75
20355.53544738055	750	13.772240048556972	0.0	437162	5056.340156564116	0.75
20362.70209623069	750	10.605591198417704	0.0	374758	7166.64885013927	0.75
20365.02775239103	300	12.279935038077594	0.0	139105	2325.6561603401087	-0.15000000000000002
20366.921432980274	300	14.386254448835366	0.0	141840	1893.6805892422271	0.3
20372.504547401993	750	12.80314002711424	0.0	405134	5583.114421721127	0.3
20377.084246697155	750	12.223440731954822	0.0	386351	4579.6992951594175	0.75
20381.70146097946	750	11.60622644964856	0.0	434409	4617.214282306262	0.75
20384.779381907443	750	12.528305521665978	0.0	337059	3077.9209279825827	0.75
20388.762980829397	750	12.544706599716239	0.0	366214	3983.598921949739	0.75
20392.663272421534	750	12.64441500757722	0.0	360831	3900.2915921390204	0.75
20397.78038423739	750	11.527303191720778	0.0	372963	5117.111815856443	0.75
20406.50909096349	750	6.7985964656198465	0.0	405596	8728.70672610093	0.75
20408.31190099345	300	8.995786435661682	0.0	140881	1802.8100299581658	-0.15000000000000002
20410.86642918251	300	10.441258246596842	0.0	157671	2554.528189064839	0.3
20412.956783387704	300	12.350904041401995	0.0	157812	2090.354205194847	0.3
20421.85847165058	750	7.449215778529618	0.0	401853	8901.688262872376	0.3
20426.254543011455	300	7.053144417649503	0.0	137654	4396.071360880115	-0.15000000000000002
20429.920425979584	300	7.387261449522119	0.0	146754	3665.882968127385	0.3
20434.055139548487	300	7.252547880618674	0.0	153938	4134.713568903445	0.3
20438.38801376357	300	6.919673665533943	0.0	181901	4332.874215084731	0.3
20440.64107215269	300	8.666615276413719	0.0	111155	2253.058389120223	0.3
20443.749850110577	300	9.557837318529531	0.0	153605	3108.7779578841864	0.3
20447.555282238576	300	9.752405190527552	0.0	149029	3805.432128001979	0.3
20450.909333033218	300	10.398354395883311	0.0	157421	3354.050794644241	0.3
20455.33315194086	300	9.974535488240686	0.0	157488	4423.818907642623	0.3
20458.894692213846	300	10.412995215256355	0.0	143881	3561.540272984332	0.3
20462.05023477134	300	11.257452657761384	0.0	163444	3155.542557494972	0.3
20465.54306287574	300	11.76462455336356	0.0	179328	3492.828104397822	0.3
20468.182977440723	300	13.124709988382365	0.0	159914	2639.9145649811962	0.3
20470.160441500408	300	15.147245928698805	0.0	131610	1977.4640596835588	0.3
20476.796939959462	750	12.510747469642034	0.0	361565	6636.498459056771	0.3
20485.165934609155	750	8.141752819950403	0.0	378327	8368.994649691631	0.75
20487.3461626427	300	9.96152478640404	0.0	149991	2180.2280335463643	-0.15000000000000002
20489.413505474677	300	11.894181954432286	0.0	147968	2067.342831971753	0.3
20491.13412162168	300	14.173565807426838	0.0	161857	1720.6161470054483	0.3
20492.4612674478	300	16.846419981306557	0.0	145210	1327.1458261202781	0.3
20496.559868185766	750	16.7478192433384	0.0	438281	4098.600737968154	0.3
20500.124781732204	750	17.182905696899194	0.0	398987	3564.9135464392098	0.75
20503.23560811145	750	18.072079317656513	0.0	393804	3110.8263792426783	0.75
20505.974495571016	750	19.333191858088735	0.0	331053	2738.887459567777	0.75
20508.86226864475	750	20.445418784356796	0.0	314107	2887.7730737319407	0.75

