22054.634359658805	750	4.0	3.383176362969059	450283	3383.176362969059	0.004705182	-13.797658360766953
22060.23906790257	750	4.0	1.6047082437637228	398865	5604.708243763723	0.6329347	-6.150245448184008
22061.45010668565	300	6.788961216917923	0.0	139857	1211.0387830820769	0.004705182	-0.15000000000000002
22062.62623904641	300	9.612828856158764	0.0	155432	1176.1323607591607	0.0048431796	0.3
22063.882002039554	300	12.357065863014622	0.0	163442	1255.76299314414	0.010948317	0.3
22064.80134865796	300	15.437719244612355	0.0	126289	919.3466184022667	0.1746056	0.3
22065.858977189462	300	18.38009071310886	0.0	153295	1057.6285315034936	0.05415052	0.3
22067.29000003684	300	20.949067865733475	0.0	173849	1431.0228473753862	0.043476887	0.3
22068.568520310346	300	23.67054759222713	0.0	150710	1278.520273506345	0.05717622	0.3
22069.740123332267	300	26.498944570305873	0.0	139105	1171.603021921254	0.061997667	0.3
22070.94468765707	300	29.29438024550248	0.0	141840	1204.5643248033916	0.31598717	0.3
22072.23490393243	300	32.00416397014124	0.0	156148	1290.2162753612386	0.45277333	0.3
22075.57068539852	750	32.668382504047116	0.0	386351	3335.7814660941285	0.69423056	0.3
22081.01775083294	750	31.221317069628384	0.0	434409	5447.06543441873	0.02169795	0.75
22085.557727576434	750	30.681340326136443	0.0	337059	4539.97674349194	0.2335853	0.75
22088.166405404452	750	32.07266249811861	0.0	366214	2608.6778280178323	0.16237968	0.75
22090.704220903735	750	33.53484699883339	0.0	360831	2537.815499285221	0.0063356212	0.75
22093.209793449274	750	35.02927445329381	0.0	372963	2505.5725455395786	0.004705182	0.75
22096.020102963666	750	36.218964938902104	0.0	405596	2810.3095143917053	0.006010383	0.75
22098.772531621278	750	37.466536281291226	0.0	350713	2752.4286576108793	0.011461957	0.75
22102.172116185913	750	38.06695171665309	0.0	386472	3399.5845646381395	0.013875241	0.75
22104.706428523037	750	39.53263937953029	0.0	399894	2534.312337122799	0.008763573	0.75
22107.13080997046	750	41.10825793211235	0.0	401853	2424.381447417937	0.18517397	0.75
22109.583657178293	750	42.65541072427451	0.0	343800	2452.8472078378395	0.6934115	0.75
22112.020018413838	750	44.21904948872912	0.0	359903	2436.361235545385	0.6721315	0.75
22114.723451365608	750	45.5156165369601	0.0	379700	2703.4329517690185	0.4853472	0.75
22119.393765720855	1200	44.845302181712654	0.0	696376	4670.31435524744	0.31711483	0.75
22122.823508872352	1200	45.41555903021726	0.0	487160	3429.7431514953996	0.004705182	1.2
22127.387367985826	1200	44.85169991674304	0.0	622896	4563.859113474219	0.004705182	1.2
22131.91797771195	1200	44.321090190618335	0.0	641447	4530.609726124703	0.004705182	1.2
22139.221713083138	1200	41.01735481943269	0.0	570392	7303.735371185649	0.004705182	1.2
22146.26109062042	1200	37.97797728214993	0.0	620283	7039.377537282757	0.014601228	1.2
22150.92279084854	1200	37.31627705402881	0.0	584349	4661.70022812112	0.022689115	1.2
22155.95572828303	1200	36.283339619542076	0.0	670129	5032.9374344867365	0.0066418773	1.2
22161.670383921723	1200	34.568683980848	0.0	690253	5714.6556386940765	0.004705182	1.2
22169.727502095277	1200	30.51156580729502	0.0	598727	8057.118173552979	0.004705182	1.2
22173.86401133421	1200	30.37505656836239	0.0	487812	4136.50923893263	0.041162502	1.2
22177.858737916635	1200	30.38032998594047	0.0	575591	3994.7265824219226	0.009524317	1.2
22181.892177962804	1200	30.34688993977105	0.0	605884	4033.4400461694195	0.005240253	1.2
22186.68902698748	1200	29.55004091509398	0.0	587506	4796.849024677065	0.004705182	1.2
22190.635508324736	1200	29.603559577835608	0.0	566904	3946.481337258374	0.004705182	1.2
22194.64034755713	1200	29.59872034544053	0.0	641452	4004.8392323950807	0.0047209985	1.2
22198.77933575601	1200	29.459732146561276	0.0	599477	4138.98819887925	0.0062247817	1.2
22202.962833302954	1200	29.276234599622047	0.0	634861	4183.497546939228	0.005274761	1.2
22207.429228903333	1200	28.809838999241162	0.0	630203	4466.395600380884	0.015219236	1.2
22212.065913115162	1200	28.173154787411736	0.0	638661	4636.684211829427	0.01778979	1.2
22215.989737955428	1200	28.24932994714377	0.0	538612	3923.824840267964	0.025387976	1.2
22222.257755175688	1200	25.981312726886564	0.0	550906	6268.0172202572085	0.01237419	1.2

