23826.244655862312	750	4.0	2.752351768226307	450283	2752.351768226307	0.01324111	-11.085112603373119
23829.07370057942	750	5.17095528289082	0.0	398865	2829.0447171091805	0.04929792	0.75
23831.327223484088	750	6.917432378227826	0.0	350812	2253.5229046629934	0.19943361	0.75
23831.982143454356	300	10.2625124079601	0.0	155432	654.9199702677256	0.6828719	-0.15000000000000002
23832.854525211893	750	13.390130650422117	0.0	411561	872.3817575379828	0.09379915	0.3
23836.285868539893	750	13.958787322424701	0.0	318564	3431.343327997416	0.696757	0.75
23840.796230631666	750	13.448425230653804	0.0	352642	4510.362091770898	0.21850535	0.75
23842.965931158597	300	15.27872470372426	0.0	173849	2169.700526929545	0.4058421	-0.15000000000000002
23845.383739817447	300	16.860916044869484	0.0	150710	2417.808658854776	0.13547678	0.3
23846.935792758082	300	19.30886310423653	0.0	139105	1552.0529406329517	0.025910888	0.3
23848.154520823533	300	22.090135038783306	0.0	141840	1218.7280654532256	0.010289513	0.3
23849.20442120751	300	25.04023465480928	0.0	156148	1049.900383974024	0.101093724	0.3
23850.350478942702	300	27.894176919614257	0.0	160746	1146.057735195022	0.13572565	0.3
23851.902870603204	300	30.341785259115	0.0	179801	1552.3916604992573	0.1822665	0.3
23853.709986390255	300	32.53466947206318	0.0	140051	1807.1157870518234	0.43534958	0.3
23858.47837127762	750	31.766284584699513	0.0	366214	4768.384887363668	0.49661878	0.3
23864.073258584867	750	30.171397277450467	0.0	360831	5594.887307249046	0.14619063	0.75
23865.796068260355	750	32.44858760196072	0.0	372963	1722.8096754897492	0.30934107	0.75
23867.385690451065	750	34.858965411255035	0.0	405596	1589.6221907056786	0.0090518845	0.75
23870.19208897484	1200	36.05256688747802	0.0	586839	2806.398523777012	0.47756305	0.75
23876.19665650039	1200	34.04799936193087	0.0	601738	6004.56752554715	0.022224681	1.2
23878.18846631805	750	36.05618954427195	0.0	399894	1991.809817658923	0.6946015	0.3
23883.738159157518	1200	34.50649670480176	0.0	656471	5549.692839470189	0.40054503	0.75
23891.10909435913	1200	31.135561503192005	0.0	536667	7370.935201609757	0.29722786	1.2
23894.69570180655	750	31.548954055770153	0.0	359903	3586.6074474218494	0.26612416	0.3
23896.88741343826	750	33.357242424062804	0.0	379700	2191.7116317073514	0.008509058	0.75
23906.30747175558	1200	27.937184106744464	0.0	696376	9420.058317318337	0.6157392	0.75
23909.6645663043	750	28.580089558023822	0.0	277716	3357.094548720644	0.09971398	0.3
23915.645300761727	750	26.599355100599468	0.0	400396	5980.7344574243525	0.004705182	0.75
23919.336794528805	750	26.90786133352211	0.0	400508	3691.4937670773584	0.004705182	0.75
23922.790847428932	750	27.4538084333949	0.0	358218	3454.052900127207	0.007713713	0.75
23925.437914495593	750	28.806741366736823	0.0	400322	2647.067066658077	0.005068158	0.75
23928.48965759013	750	29.75499827220042	0.0	369834	3051.743094536403	0.12923212	0.75
23930.926779770376	750	31.317876091953817	0.0	412837	2437.122180246604	0.22335783	0.75
23933.76052745433	750	32.48412840799491	0.0	401088	2833.747683958906	0.62361515	0.75
23939.27222590411	1200	30.972429958214693	0.0	598727	5511.698449780218	0.51194507	0.75
23942.858248893474	1200	31.386406968851308	0.0	487812	3586.0229893633855	0.033637743	1.2
23947.847451154703	1200	30.397204707624418	0.0	575591	4989.202261226887	0.0069468506	1.2
23952.98228070708	1200	29.262375155246463	0.0	605884	5134.829552377956	0.00920093	1.2
23958.45100390746	1200	27.793651954866917	0.0	587506	5468.723200379545	0.0071875732	1.2
23962.645095634514	1200	27.599560227816	0.0	566904	4194.091727050915	0.01006168	1.2
23966.77273754937	1200	27.47191831295603	0.0	641452	4127.641914859971	0.004705182	1.2
23972.308391142735	1200	25.936264719596114	0.0	599477	5535.653593359914	0.004705182	1.2
23978.81838414833	1200	23.426271713998666	0.0	634861	6509.993005597446	0.0052052643	1.2
23984.95542642659	1200	21.289229435738523	0.0	630203	6137.042278260146	0.007290851	1.2
23990.657520897257	1200	19.58713496506909	0.0	638661	5702.094470669431	0.008827365	1.2
23999.88834398188	1200	14.356311880450882	0.0	538612	9230.823084618209	0.008518524	1.2
24003.517365754502	750	14.727290107823793	0.0	314107	3629.0217726270903	0.03393423	0.3

