13756.40153087279	750	4.0	3.704434403261277	450283	3704.4344032612767	-15.17906793402349
13757.573848500053	300	6.827682372737972	0.0	155580	1172.3176272620274	-0.15000000000000002
13758.390311882937	300	10.011218989852685	0.0	139857	816.4633828852868	0.3
13760.53255582506	750	11.868975047729032	0.0	382355	2142.2439421236522	0.3
13762.599227572648	750	13.802303300142022	0.0	411561	2066.671747587012	0.75
13765.579856605578	1200	14.821674267212156	0.0	520315	2980.6290329298645	0.75
13768.832427279747	1200	15.569103593043183	0.0	561791	3252.5706741689733	1.2
13771.886471737736	750	16.515059135054972	0.0	437162	3054.04445798821	0.3
13775.52633229642	1200	16.875198576372068	0.0	584846	3639.8605586829076	0.75
13778.722663109313	1200	17.678867763480277	0.0	560821	3196.3308128917884	1.2
13781.847206545926	1200	18.554324326866237	0.0	607410	3124.5434366140407	1.2
13785.301208861929	1200	19.10032201086366	0.0	594078	3454.0023160025758	1.2
13788.36981154708	1200	20.03171932571233	0.0	624282	3068.6026851513316	1.2
13791.051113586167	1200	21.350417286625305	0.0	687371	2681.302039087023	1.2
13794.876434618825	1850	21.52509625396703	0.0	821631	3825.321032658276	1.2000000000000002
13798.701421690937	1850	21.700109181855517	0.0	923170	3824.98707211151	1.85
13802.4220103837	1850	21.979520489094288	0.0	966699	3720.588692761229	1.85
13806.110352181462	1850	22.291178691331545	0.0	885714	3688.3417977627437	1.85
13809.991444806337	1850	22.410086066456206	0.0	987708	3881.0926248753394	1.85
13814.472695000677	2850	21.928835872116455	0.0	1336050	4481.25019433975	1.85
13817.908084451494	1850	22.493446421299307	0.0	891604	3435.389450817146	0.8500000000000001
13825.287913164904	2850	19.113617707887467	0.0	1468126	7379.828713411839	1.85
13831.016245941339	1850	17.38528493145352	0.0	968026	5728.332776433948	0.8500000000000001
13835.214512754179	1850	17.187018118613857	0.0	874175	4198.266812839661	1.85
13840.415214497185	1850	15.986316375609029	0.0	897976	5200.701743004828	1.85
13842.933806945715	1200	17.46772392707882	0.0	590335	2518.59244853021	0.5499999999999999
13848.251582991114	1200	16.149947881680202	0.0	696376	5317.776045398619	1.2
13850.358834584871	1200	18.042696287922546	0.0	487160	2107.2515937576527	1.2
13854.13099756425	1200	18.27053330854389	0.0	622896	3772.1629793786574	1.2
13857.126724843196	1200	19.274806029598317	0.0	641447	2995.7272789455765	1.2
13861.68916463539	1850	18.71236623740465	0.0	873429	4562.439792193666	1.2000000000000002
13864.740680180228	1200	19.660850692567898	0.0	620283	3051.5155448367523	0.5499999999999999
13869.60816684516	1850	18.79336402763291	0.0	885062	4867.486664934988	1.2000000000000002
13873.20082860117	1200	19.20070227162481	0.0	670129	3592.6617560081004	0.5499999999999999
13876.862245337614	1200	19.53928553518151	0.0	690253	3661.416736443303	1.2
13879.427297439595	1200	20.97423343319901	0.0	598727	2565.0521019824987	1.2
13881.891740477766	1850	22.50979039502939	0.0	728962	2464.443038169617	1.2000000000000002
13884.741639248025	1850	23.659891624770182	0.0	938587	2849.898770259211	1.85
13887.88768919265	1850	24.513841680143546	0.0	908665	3146.049944626636	1.85
13893.039752639163	2850	23.36177823363051	0.0	1402287	5152.063446513033	1.85
13897.974317219236	2850	22.42721365355795	0.0	1339500	4934.56458007256	2.85
13904.830369788171	2850	19.57116108462044	0.0	1527299	6856.052568937509	2.85
13907.753896392898	1850	20.64763447989398	0.0	886255	2923.5266047264595	0.8500000000000001
13911.186962595111	1850	21.214568277680954	0.0	973972	3433.0662022130255	1.85
13918.267490585744	1850	18.134040287048084	0.0	958994	7080.527990632873	1.85
13923.890097853982	1850	16.511433018809615	0.0	982064	5622.607268238467	1.85
13927.502360898585	1850	16.899169974207435	0.0	830730	3612.26304460218	1.85
13932.639818901054	1850	15.761711971737078	0.0	846370	5137.4580024703555	1.85

