12027.61523829416	750	4.0	1.7282306058808998	450283	1728.2306058809	0.004705182	-6.681391605287869
12029.409430578678	750	6.205807715481606	0.0	398865	1794.1922845183947	0.004705182	0.75
12031.160474734339	750	8.454763559820275	0.0	350812	1751.0441556613293	0.004705182	0.75
12032.81860799957	750	10.796630294589859	0.0	382355	1658.1332652304168	0.011261362	0.75
12034.608092102195	750	13.007146191966463	0.0	411561	1789.4841026233955	0.005321729	0.75
12035.743055546873	750	15.872182747288894	0.0	318564	1134.9634446775688	0.0051434725	0.75
12036.538139672897	750	19.07709862126419	0.0	352642	795.0841260247032	0.009532287	0.75
12037.943007868347	1200	21.672230425814703	0.0	709534	1404.8681954494855	0.32734564	0.75
12039.064295308151	1200	24.550942986009424	0.0	584846	1121.2874398052813	0.004705182	1.2
12040.316966244516	1200	27.298272049644435	0.0	560821	1252.6709363649898	0.0077407532	1.2
12041.796443584695	1200	29.81879470946536	0.0	607410	1479.4773401790726	0.029357646	1.2
12043.09892133403	1200	32.5163169601299	0.0	594078	1302.4777493354618	0.13710152	1.2
12046.091164560648	2850	33.52407373351141	0.0	1422919	2992.243226618492	0.21627903	1.2000000000000002
12049.130242145164	2850	34.4849961489955	0.0	1578343	3039.077584515912	0.017650455	2.85
12051.61902588301	2850	35.99621241114938	0.0	1231445	2488.783737846122	0.14186423	2.85
12054.326454004	2850	37.28878429015893	0.0	1471065	2707.4281209904475	0.04853142	2.85
12057.427716819808	2850	38.18752147435269	0.0	1491626	3101.262815806233	0.13195151	2.85
12060.47700908052	2850	39.13822921364058	0.0	1358801	3049.292260712112	0.18051425	2.85
12064.396363102058	2850	39.21887519210178	0.0	1537156	3919.354021538806	0.13371274	2.85
12068.117817778664	2850	39.49742051549607	0.0	1336050	3721.4546766057088	0.07491414	2.85
12071.436510525893	2850	40.17872776826626	0.0	1415116	3318.6927472298057	0.048261806	2.85
12075.235692570212	2850	40.379545723948254	0.0	1468126	3799.1820443180054	0.0602094	2.85
12079.91580050203	2850	39.69943779212991	0.0	1505760	4680.107931818337	0.031054556	2.85
12083.084925175333	2850	40.530313118827095	0.0	1323990	3169.124673302827	0.0136110075	2.85
12086.164701552589	2850	41.450536741572655	0.0	1383735	3079.7763772544345	0.026212242	2.85
12091.816110162512	2850	39.79912813164943	0.0	1480464	5651.408609923221	0.047109958	2.85
12097.068283778692	2850	38.54695451546931	0.0	1547572	5252.173616180125	0.004705182	2.85
12099.663131287598	2850	39.952107006564596	0.0	1141971	2594.8475089047142	0.009175448	2.85
12103.212798456478	2850	40.40243983768559	0.0	1498470	3549.66716887901	0.026490346	2.85
12106.508065716944	2850	41.10717257721736	0.0	1561263	3295.2672604682275	0.07295752	2.85
12110.803792410417	4300	40.811445883745456	0.0	2113193	4295.726693471901	0.5823371	2.8499999999999996
12115.20478167151	4300	40.41045662265358	0.0	2147852	4400.989261091886	0.004705182	4.3
12121.730657295575	4300	37.88458099858719	0.0	2191074	6525.875624066384	0.004705182	4.3
12127.61334578244	4300	36.001892511721614	0.0	2286761	5882.68848686558	0.004708564	4.3
12133.711071060681	4300	33.904167233480536	0.0	2307787	6097.725278241079	0.004705182	4.3
12139.037652689061	4300	32.577585605100275	0.0	2143948	5326.581628380261	0.004705182	4.3
12147.64034546949	4300	27.974892824672146	0.0	1919781	8602.692780428128	0.004705182	4.3
12154.906160059778	2850	24.70907823438436	0.0	1499009	7265.814590287786	0.5596729	1.4000000000000001
12159.079319332108	2850	24.53591896205416	0.0	1427478	4173.159272330198	0.004705182	2.85
12162.573375089634	2850	25.041863204527168	0.0	1402287	3494.055757526995	0.004705182	2.85
12167.650388763595	2850	23.964849530565363	0.0	1339500	5077.013673961801	0.030290991	2.85
12180.394389401079	2850	15.220848893082447	0.0	1527299	12744.000637482915	0.004705182	2.85
12182.702726352476	1200	16.91251194168462	0.0	599477	2308.336951397825	0.030858267	-0.44999999999999996
12185.759316793688	1200	17.85592150047292	0.0	634861	3056.5904412117025	0.034049794	1.2
12188.42278665975	1200	19.192451634409217	0.0	630203	2663.469866063704	0.0105503695	1.2
12192.01521809922	2850	19.600020194938953	0.0	1483527	3592.4314394702615	0.5658781	1.2000000000000002
12194.509994033926	2850	21.105244260235207	0.0	1231456	2494.7759347037454	0.09632101	2.85
12197.575826423992	2850	22.03941187016852	0.0	1364537	3065.8323900666837	0.56339	2.85

