7316.786453380571	750	4.0	2.184991174137217	450283	2184.991174137217	-8.645462048790034
7317.466624748494	300	7.319828632077841	0.0	155580	680.1713679221592	-0.15000000000000002
7324.0802419046395	2850	4.70621147593143	0.0	1300868	6613.617156146411	0.30000000000000027
7334.847570511081	750	4.0	6.061117130510289	382355	10767.328606441719	-27.412803661194243
7338.93319356993	300	4.0	0.08562305884892112	163442	4085.623058848921	-0.5181791530503608
7341.20749586796	300	5.725697701970885	0.0	126289	2274.3022980291144	0.3
7344.9649262725125	750	5.96826729741754	0.0	352642	3757.430404553345	0.3
7349.991585200178	750	4.941608369752724	0.0	437162	5026.6589276648165	0.75
7352.404427582793	300	6.528765987137005	0.0	150710	2412.842382615719	-0.15000000000000002
7354.5028027538065	300	8.430390816123527	0.0	139105	2098.375171013478	0.3
7355.856925039749	300	11.076268530181395	0.0	141840	1354.1222859421316	0.3
7358.133759732482	750	12.79943383744825	0.0	405134	2276.8346927331436	0.3
7360.121864087688	750	14.811329482242359	0.0	386351	1988.1043552058916	0.75
7363.465310889879	1200	15.467882680050469	0.0	687371	3343.446802191892	0.75
7365.467043797904	750	17.46614977202607	0.0	337059	2001.7329080243987	0.3
7368.877858310685	1200	18.05533525924432	0.0	587876	3410.814512781751	0.75
7371.099134658057	750	19.834058911873953	0.0	360831	2221.276347370365	0.3
7374.264849684847	750	20.66834388508347	0.0	372963	3165.715026790482	0.75
7379.882827084052	750	19.05036648587776	0.0	405596	5617.97739920571	0.75
7381.4280836526605	300	21.505109917269543	0.0	140881	1545.2565686082162	-0.15000000000000002
7385.105453383983	750	21.827740185946983	0.0	386472	3677.3697313225593	0.3
7387.254126112767	750	23.679067457162876	0.0	399894	2148.6727287841054	0.75
7389.009530821724	750	25.92366274820691	0.0	401853	1755.4047089559635	0.75
7390.379127628361	750	28.554065941569668	0.0	343800	1369.5968066372436	0.75
7392.187688263112	750	30.74550530681759	0.0	359903	1808.5606347520784	0.75
7395.191073934663	1200	31.74211963526715	0.0	590335	3003.3856715504394	0.75
7400.829075040038	1850	30.104118529891487	0.0	1076599	5638.001105375665	1.2000000000000002
7404.901425575	1850	30.031767994929826	0.0	758197	4072.3505349616626	1.85
7408.831231983567	1850	30.10196158636341	0.0	972798	3929.8064085664146	1.85
7413.078372894453	1850	29.85482067547641	0.0	975811	4247.140910887001	1.85
7417.561089243769	1850	29.372104326161185	0.0	873429	4482.716349315227	1.85
7421.77555739146	1850	29.157636178470128	0.0	954453	4214.468147691054	1.85
7425.012553872581	1850	29.920639697349227	0.0	885062	3236.9964811209024	1.85
7428.192105835717	1850	30.7410877342139	0.0	1035329	3179.551963135328	1.85
7435.065709133311	2850	27.86748443661908	0.0	1492672	6873.603297594817	1.85
7439.712356627433	2850	27.22083694249635	0.0	1439896	4646.64749412273	2.85
7443.301645231501	2850	27.631548338428445	0.0	1139291	3589.288604067907	2.85
7448.352970225749	2850	26.580223344180215	0.0	1499009	5051.324994248231	2.85
7454.781135338381	2850	24.152058231548676	0.0	1427478	6428.165112631542	2.85
7460.306800740599	2850	22.626392829330772	0.0	1402287	5525.665402217904	2.85
7465.167979285732	2850	21.765214284197853	0.0	1339500	4861.17854513292	2.85
7470.239948171996	2850	20.693245397933932	0.0	1527299	5071.968886263918	2.85
7476.844130599817	2850	18.089062970113215	0.0	1343002	6604.182427820717	2.85
7485.770887940163	2850	13.162305629766106	0.0	1587250	8926.75734034711	2.85
7492.5967066201865	2850	10.33648694974284	0.0	1464921	6825.818680023267	2.85
7508.346285292513	2850	4.0	5.413091722583451	1483527	15749.57867232629	-20.426294407108838
7509.989206844686	300	6.3570784478258675	0.0	137507	1642.9215521741328	-2.25
7515.056336758801	1200	5.289948533711437	0.0	550906	5067.129914114431	0.29999999999999993

