12691.897858760294	750	4.0	5.558065529459364	450283	5558.065529459364	-23.149681776675266
12694.705577892142	300	5.192280868151962	0.0	155580	2807.719131848038	-0.15000000000000002
12696.091110226758	300	7.8067485335352504	0.0	139857	1385.5323346167118	0.3
12697.65565491428	300	10.24220384601217	0.0	155432	1564.5446875230796	0.3
12699.882407722893	300	12.015451037399814	0.0	163442	2226.7528086123575	0.3
12701.556468580946	300	14.34139017934634	0.0	126289	1674.0608580534742	0.3
12703.624814498688	300	16.273044261605317	0.0	153295	2068.3459177410227	0.3
12706.343894392216	300	17.553964368077075	0.0	173849	2719.0798935282405	0.3
12709.115100301311	300	18.78275845898064	0.0	150710	2771.2059090964344	0.3
12711.246289733654	300	20.651569026636313	0.0	139105	2131.1894323443303	0.3
12712.535443206167	300	23.36241555412385	0.0	141840	1289.1534725124627	0.3
12713.673635389627	300	26.224223370664696	0.0	156148	1138.192183459156	0.3
12714.74260861471	300	29.155250145580887	0.0	160746	1068.9732250838097	0.3
12717.942852365304	750	29.955006394985983	0.0	434409	3200.2437505949	0.3
12720.475853026992	750	31.42200573329814	0.0	337059	2533.0006616878463	0.75
12723.016690135211	750	32.8811686250784	0.0	366214	2540.837108219732	0.75
12725.692872075373	750	34.204986684914985	0.0	360831	2676.1819401634243	0.75
12728.260516103957	750	35.637342656331924	0.0	372963	2567.644028583064	0.75
12733.157529174056	1200	34.74032958623285	0.0	639204	4897.013070099069	0.75
12735.675599357595	750	36.222259402692245	0.0	350713	2518.070183540603	0.3
12740.25533118419	1200	35.64252757609857	0.0	601738	4579.731826593672	0.75
12745.18067584806	1200	34.71718291222809	0.0	616206	4925.3446638704845	1.2
12749.132219360921	750	34.76563939936542	0.0	401853	3951.5435128626686	0.3
12752.717492701619	750	35.18036605866892	0.0	343800	3585.273340696499	0.75
12757.727829633686	750	34.17002912659991	0.0	359903	5010.336932069016	0.75
12761.204562072819	750	34.693296687467054	0.0	379700	3476.732439132848	0.75
12764.15171509152	750	35.74614366876571	0.0	425781	2947.153018701345	0.75
12766.041383308604	750	37.856475451683075	0.0	277716	1889.668217082641	0.75
12769.022441904408	750	38.87541685587798	0.0	400396	2981.0585958050933	0.75
12775.168617865915	1200	36.729240894371934	0.0	641447	6146.175961506047	0.75
12781.13734349893	1200	34.760515261357696	0.0	570392	5968.725633014244	1.2
12785.087345820437	750	34.810512939849694	0.0	400322	3950.002321508002	0.3
12788.198139274795	750	35.699719485491265	0.0	369834	3110.79345435843	0.75
12792.308452115834	750	35.58940664445132	0.0	412837	4110.312841039944	0.75
12796.087182771178	750	35.81067598910781	0.0	401088	3778.7306553435196	0.75
12799.360642153542	750	36.537216606742994	0.0	365161	3273.459382364815	0.75
12803.01700185456	750	36.88085690572596	0.0	321064	3656.3597010170292	0.75
12807.677832191755	750	36.220026568530066	0.0	361565	4660.830337195894	0.75
12814.29652385442	750	33.60133490586679	0.0	378327	6618.6916626632765	0.75
12819.90604255431	750	31.99181620597718	0.0	390680	5609.518699889619	0.75
12823.298142330457	750	32.59971642983042	0.0	345516	3392.0997761467556	0.75
12827.649986526172	750	32.24787223411466	0.0	384505	4351.844195715762	0.75
12831.599207599227	750	32.29865116106127	0.0	372093	3949.2210730533902	0.75
12836.042831982364	750	31.855026777922042	0.0	438281	4443.6243831392285	0.75
12841.107054723176	750	30.790804037112196	0.0	398987	5064.222740809846	0.75
12845.995023437577	750	29.902835322708604	0.0	393804	4887.968714403594	0.75
12849.786380871596	750	30.111477888691397	0.0	331053	3791.3574340172104	0.75
12852.181773248627	750	31.716085511659113	0.0	314107	2395.392377032282	0.75

