6036.948965375433	750	4.0	8.215266709904062	450283	8215.266709904063	-34.57564685258747
6039.978027221854	300	4.97093815357864	0.0	155580	3029.0618464213608	-0.15000000000000002
6042.431694003721	300	6.517271371711869	0.0	139857	2453.6667818667706	0.3
6044.587643697576	300	8.361321677856907	0.0	155432	2155.9496938549614	0.3
6046.717048410265	300	10.231916965167043	0.0	163442	2129.404712689864	0.3
6048.290814805535	300	12.658150569897952	0.0	126289	1573.7663952690905	0.3
6049.656132022484	300	15.292833352949737	0.0	153295	1365.3172169482154	0.3
6051.235351713373	300	17.713613662059643	0.0	173849	1579.2196908900933	0.3
6052.579751653688	300	20.369213721744813	0.0	150710	1344.3999403148302	0.3
6055.585698733152	750	21.363266642280802	0.0	362795	3005.947079464011	0.3
6058.9181542909	750	22.030811084532615	0.0	353220	3332.455557748189	0.75
6063.520030929228	750	21.42893444620483	0.0	405134	4601.8766383277825	0.75
6067.479290631101	750	21.469674744331165	0.0	386351	3959.2597018736674	0.75
6070.965005594141	750	21.98395978129223	0.0	434409	3485.7149630389335	0.75
6074.196514636506	750	22.75245073892662	0.0	337059	3231.5090423656156	0.75
6079.046787897795	750	21.90217747763717	0.0	366214	4850.273261289447	0.75
6081.898140734705	750	23.050824640728774	0.0	360831	2851.352836908397	0.75
6084.992944231908	750	23.956021143525117	0.0	372963	3094.8034972036553	0.75
6088.751757369449	750	24.197208005984336	0.0	405596	3758.813137540783	0.75
6093.022538841761	750	23.92642653367178	0.0	350713	4270.781472312554	0.75
6096.382787400247	750	24.566177975184704	0.0	386472	3360.2485584870774	0.75
6099.751366716373	750	25.19759865905922	0.0	399894	3368.579316125479	0.75
6103.600317748792	750	25.348647626640275	0.0	401853	3848.951032418947	0.75
6106.9606554751235	750	25.98830990030846	0.0	343800	3360.3377263318157	0.75
6110.743327743373	750	26.205637632059226	0.0	359903	3782.6722682492377	0.75
6116.728175741537	750	24.220789633895627	0.0	379700	5984.847998163596	0.75
6119.039772553306	300	25.90919282212652	0.0	181901	2311.596811769107	-0.15000000000000002
6120.88700673926	300	28.061958636172513	0.0	111155	1847.234185954006	0.3
6122.558610905186	300	30.390354470246972	0.0	153605	1671.6041659255397	0.3
6126.187824104429	750	30.76114127100419	0.0	400508	3629.2131992427844	0.3
6129.08218403777	750	31.86678133766232	0.0	358218	2894.3599333418692	0.75
6132.5905661780025	750	32.35839919743019	0.0	400322	3508.3821402321337	0.75
6138.457506790008	1200	30.49145858542503	0.0	584349	5866.940612005157	0.75
6142.131525363867	750	30.817440011564976	0.0	412837	3674.018573860053	0.3
6148.270811242898	1200	28.678154132533745	0.0	690253	6139.285879031233	0.75
6151.668070525853	750	29.280894849578697	0.0	365161	3397.2592829550467	0.3
6154.896766068995	750	30.052199306437053	0.0	321064	3228.6955431416445	0.75
6158.366367649587	750	30.582597725845282	0.0	361565	3469.601580591769	0.75
6162.959990866368	750	29.988974509064512	0.0	378327	4593.623216780773	0.75
6166.762828841154	750	30.186136534278173	0.0	390680	3802.8379747863396	0.75
6170.389841418085	750	30.55912395734761	0.0	345516	3627.012576930562	0.75
6176.133170818116	750	28.815794557316522	0.0	384505	5743.329400031084	0.75
6181.387914058408	750	27.561051317024354	0.0	372093	5254.7432402921695	0.75
6183.065239766902	300	29.883725608529385	0.0	172312	1677.3257084949673	-0.15000000000000002
6187.714687653364	750	29.234277722066786	0.0	398987	4649.447886462602	0.3
6192.174263931926	750	28.774701443504988	0.0	393804	4459.576278561798	0.75
6197.004479213421	750	27.94448616201004	0.0	331053	4830.215281494944	0.75
6198.791494536123	300	30.157470839309322	0.0	118421	1787.0153227007183	-0.15000000000000002

