6953.22879102716	750	4.0	4.043612194844198	450283	4043.6121948441983	-16.63753243783005
6954.885249434271	300	6.343541592888147	0.0	155580	1656.458407111853	-0.15000000000000002
6958.893185276979	1200	6.335605750179055	0.0	571051	4007.9358427090924	0.29999999999999993
6964.405341975592	1200	4.823449051566377	0.0	617681	5512.156698612677	1.2
6968.738120852858	750	4.490670174300326	0.0	411561	4332.7788772660515	0.3
6970.438374061053	300	6.790416966105322	0.0	126289	1700.2532081950035	-0.15000000000000002
6977.396841596718	1200	4.0	0.16805056955981673	561791	6958.467535665139	-0.422617449107212
6978.759357292579	300	6.637484304139471	0.0	173849	1362.5156958605296	-0.6000000000000001
6979.722900165279	300	9.673941431439417	0.0	150710	963.5428727000532	0.3
6983.615502120569	1200	9.781339476149277	0.0	560821	3892.601955290139	0.29999999999999993
6986.16827931705	750	11.228562279667335	0.0	353220	2552.7771964819444	0.3
6990.79104691565	750	10.605794681067229	0.0	405134	4622.767598600104	0.75
6992.192461826572	300	13.204379770145577	0.0	160746	1401.414910921652	-0.15000000000000002
6995.072878991431	750	14.32396260528726	0.0	434409	2880.4171648583165	0.3
6997.474448260506	750	15.922393336211769	0.0	337059	2401.569269075492	0.75
7002.4879991086555	750	14.908842488061639	0.0	366214	5013.550848150131	0.75
7004.533255030333	300	16.863586566384022	0.0	143509	2045.255921677613	-0.15000000000000002
7006.836991644508	300	18.559849952209262	0.0	150616	2303.736614174763	0.3
7011.680280815568	750	17.7165607811496	0.0	405596	4843.289171059659	0.3
7013.159838888264	300	20.237002708453385	0.0	140881	1479.558072696212	-0.15000000000000002
7014.936030880727	300	22.460810715991173	0.0	157671	1776.191992462212	0.3
7018.166524122432	750	23.230317474286284	0.0	399894	3230.4932417048894	0.3
7022.683635874542	750	22.713205722176077	0.0	401853	4517.111752110205	0.75
7025.237637232221	300	24.159204364497644	0.0	137654	2554.001357678435	-0.15000000000000002
7027.712062783556	300	25.68477881316222	0.0	146754	2474.425551335421	0.3
7031.845085805174	750	25.55175579154392	0.0	379700	4133.023021618303	0.3
7040.887310821963	750	20.509530774754843	0.0	425781	9042.225016789076	0.75
7042.671084938858	300	22.72575665785931	0.0	111155	1783.7741168955308	-0.15000000000000002
7046.21889713458	750	23.17794446213725	0.0	400396	3547.81219572206	0.3
7049.812611446255	750	23.584230150463096	0.0	400508	3593.7143116741536	0.75
7053.601545961177	750	23.79529563554099	0.0	358218	3788.9345149221053	0.75
7058.564736781597	750	22.832104815120918	0.0	400322	4963.190820420074	0.75
7064.059777973871	750	21.33706362284693	0.0	369834	5495.0411922739895	0.75
7066.031500811605	750	23.36534078511255	0.0	412837	1971.7228377343768	0.75
7068.783262067682	1200	24.613579529035203	0.0	690253	2751.7612560773505	0.75
7071.33918139219	1200	26.057660204527373	0.0	598727	2555.9193245078304	1.2
7073.641700178269	1200	27.75514141844822	0.0	487812	2302.5187860791534	1.2
7077.27666403438	1850	28.12017756233743	0.0	938587	3634.9638561107886	1.2000000000000002
7080.382461240766	1850	29.014380355950774	0.0	908665	3105.797206386657	1.85
7085.247615726718	2850	28.149225869998475	0.0	1402287	4865.154485952296	1.85
7099.763057972722	2850	17.6337836239956	0.0	1339500	14515.442246002875	2.85
7105.849597288928	2850	15.547244307789104	0.0	1527299	6086.539316206498	2.85
7110.643883970685	2850	14.752957626031622	0.0	1343002	4794.286681757483	2.85
7117.550227109039	2850	11.846614487678046	0.0	1587250	6906.343138353576	2.85
7127.742754544795	2850	5.654087051921931	0.0	1464921	10192.527435756114	2.85
7131.012288114401	1200	6.384553482316931	0.0	638661	3269.533569605	-0.44999999999999996
7135.798550605574	1850	5.598290991144002	0.0	830730	4786.262491172929	1.2000000000000002
7138.153126313519	1200	7.243715283198485	0.0	550906	2354.575707945517	0.5499999999999999

