20153.712028894854	750	4.0	3.383176362969059	450283	3383.176362969059	-13.797658360766953
20155.837360832054	300	5.874668062799087	0.0	155580	2125.331937200913	-0.15000000000000002
20158.177603880296	300	7.534425014556251	0.0	139857	2340.2430482428354	0.3
20160.00564962899	300	9.706379265862852	0.0	155432	1828.0457486933983	0.3
20161.205847294783	300	12.506181600070137	0.0	163442	1200.1976657927155	0.3
20163.540252013718	750	14.171776881136289	0.0	318564	2334.4047189338476	0.3
20166.076683683983	750	15.635345210867849	0.0	352642	2536.4316702684405	0.75
20169.627309267857	750	16.08471962699558	0.0	437162	3550.6255838722686	0.75
20172.8819279586	750	16.830100936253153	0.0	374758	3254.618690742428	0.75
20176.0310766691	750	17.68095222575186	0.0	362795	3149.1487105012925	0.75
20181.47379028325	750	16.238238611605404	0.0	353220	5442.713614146455	0.75
20185.570804500843	750	16.141224394009583	0.0	405134	4097.014217595821	0.75
20188.404402750417	750	17.307626144437965	0.0	386351	2833.5982495716185	0.75
20191.239854470412	750	18.472174424442223	0.0	434409	2835.4517199957404	0.75
20193.4018166202	750	20.310212274653818	0.0	337059	2161.9621497884027	0.75
20196.22829496962	750	21.483733925237438	0.0	366214	2826.4783494163835	0.75
20199.237057558414	750	22.47497133644043	0.0	360831	3008.7625887970066	0.75
20202.182884924106	750	23.529143970749402	0.0	372963	2945.8273656910283	0.75
20204.569728991126	750	25.142299903731583	0.0	405596	2386.84406701782	0.75
20210.70339103821	1850	23.00863785664849	0.0	923755	6133.66204708309	0.75
20216.71071590271	1850	21.001312992144538	0.0	891604	6007.3248645039575	1.85
20223.333196341744	1850	18.3788325531102	0.0	955231	6622.480439034335	1.85
20230.35267282167	1850	15.35935607318565	0.0	968026	7019.476479924554	1.85
20239.99543130853	1850	9.716597586325193	0.0	874175	9642.758486860455	1.85
20245.150754156846	750	8.561274738009942	0.0	359903	5155.32284831525	-0.3500000000000001
20246.63240781359	300	11.079621081265856	0.0	153938	1481.6536567440867	-0.15000000000000002
20247.992512727767	300	13.719516167090154	0.0	181901	1360.104914175701	0.3
20250.004527467947	750	15.707501426910726	0.0	277716	2012.014740179427	0.3
20253.000128919877	750	16.7118999749804	0.0	400396	2995.6014519303235	0.75
20256.226328270488	750	17.485700624369798	0.0	400508	3226.1993506106037	0.75
20259.346329843742	750	18.365699051117797	0.0	358218	3120.0015732519996	0.75
20263.020943385873	750	18.69108550898419	0.0	400322	3674.613542133607	0.75
20268.90800944189	750	16.804019452967566	0.0	369834	5887.066056016623	0.75
20272.4133445811	750	17.298684313758724	0.0	412837	3505.3351392088402	0.75
20275.200111859653	750	18.511917035202938	0.0	401088	2786.7672785557825	0.75
20277.700805086464	750	20.01122380839226	0.0	365161	2500.693226810679	0.75
20279.776705030094	750	21.93532386476258	0.0	321064	2075.89994362968	0.75
20282.586115153295	750	23.12591374156283	0.0	361565	2809.4101231997524	0.75
20285.824331520493	750	23.887697374363842	0.0	378327	3238.216367198986	0.75
20288.713644834144	750	24.998384060711842	0.0	390680	2889.3133136519964	0.75
20294.055761897966	1850	23.656266996891357	0.0	858450	5342.117063820487	0.75
20300.96334018877	1850	20.748688706090057	0.0	1025005	6907.578290801304	1.85
20307.084975209662	1850	18.627053685195172	0.0	886255	6121.6350208948825	1.85
20314.17016581573	1850	15.54186307912715	0.0	973972	7085.190606068023	1.85
20324.098893570856	1850	9.613135324003048	0.0	958994	9928.727755124102	1.85
20327.92847496307	750	9.783553931786603	0.0	393804	3829.581392216445	-0.3500000000000001
20332.420985688444	750	9.291043206413724	0.0	331053	4492.510725372878	0.75
20333.31261873124	300	12.39941016361665	0.0	118421	891.6330427970727	-0.15000000000000002

