14197.318965309032	750	4.0	2.287148895543779	450283	2287.148895543779	0.008880681	-9.084740250838248
14199.736817056773	750	5.582148252258925	0.0	398865	2417.8517477410755	0.005590483	0.75
14201.58576968081	750	7.733195628221291	0.0	350812	1848.9526240376335	0.019801104	0.75
14203.584842548838	750	9.734122760194085	0.0	382355	1999.072868027208	0.07540765	0.75
14205.519774103574	750	11.79919120545749	0.0	411561	1934.9315547365961	0.021393128	0.75
14207.158195212975	750	14.160770096056668	0.0	318564	1638.4211094008222	0.008962028	0.75
14208.957295510165	750	16.361669798866714	0.0	352642	1799.100297189954	0.049452808	0.75
14212.739895010965	750	16.579070298067965	0.0	437162	3782.5995007987494	0.07970913	0.75
14216.524873985767	750	16.794091323266453	0.0	374758	3784.9789748015096	0.5591158	0.75
14222.085363926035	750	15.233601382998467	0.0	362795	5560.489940267986	0.677233	0.75
14224.879147066438	300	16.43981824259394	0.0	141840	2793.7831404045273	0.04556798	-0.15000000000000002
14227.469906027032	300	17.849059282000287	0.0	156148	2590.7589605936537	0.004705182	0.3
14231.385589711686	300	17.933375597345478	0.0	160746	3915.6836846548076	0.004705182	0.3
14235.94229041028	300	17.376674898752047	0.0	179801	4556.700698593431	0.004705182	0.3
14238.561100765672	300	18.757864543360093	0.0	140051	2618.810355391954	0.004705182	0.3
14240.956675346235	300	20.36228996279648	0.0	138313	2395.5745805636143	0.004705182	0.3
14243.28160463341	300	22.037360675620974	0.0	143509	2324.9292871755065	0.004705182	0.3
14245.722459093993	300	23.596506215036605	0.0	150616	2440.8544605843654	0.004705182	0.3
14247.984030562404	300	25.334934746625695	0.0	165384	2261.5714684109125	0.004705182	0.3
14249.991398978755	300	27.327566330275882	0.0	140881	2007.3684163498117	0.008649815	0.3
14251.900664888057	300	29.41830042097407	0.0	157671	1909.2659093018149	0.018105807	0.3
14254.120705381705	300	31.198259927326056	0.0	157812	2220.040493648011	0.10464592	0.3
14256.108979613264	300	33.20998569576661	0.0	163927	1988.2742315594428	0.29537684	0.3
14262.766592674547	750	30.552372634484296	0.0	343800	6657.613061282315	0.67503315	0.3
14270.903693666554	750	26.415271642475833	0.0	359903	8137.100992008465	0.4557101	0.75
14274.083577895222	300	27.23538741380885	0.0	153938	3179.884228666982	0.4929093	-0.15000000000000002
14277.867036481943	300	27.451928827087453	0.0	181901	3783.458586721396	0.06496451	0.3
14280.795842633392	300	28.523122675640355	0.0	111155	2928.8061514470974	0.25246388	0.3
14284.71846466023	300	28.60050064879921	0.0	153605	3922.622026841148	0.192298	0.3
14287.60786304107	300	29.711102267960452	0.0	149029	2889.398380838752	0.49579576	0.3
14291.426988639067	750	29.89197666996329	0.0	358218	3819.1255979971615	0.67565155	0.3
14294.539790378873	750	30.779174930156696	0.0	400322	3112.801739806598	0.004705182	0.75
14296.99737813177	750	32.32158717725964	0.0	369834	2457.587752897061	0.007195416	0.75
14299.763229143622	750	33.5557361654078	0.0	412837	2765.8510118518393	0.19502907	0.75
14304.010316591575	1200	33.30864871745292	0.0	690253	4247.087447954876	0.6902287	0.75
14307.386450079963	1200	33.9325152290652	0.0	598727	3376.1334883877184	0.004725326	1.2
14310.810176591345	1200	34.508788717682485	0.0	487812	3423.726511382721	0.0065097855	1.2
14316.191716810343	1200	33.12724849868707	0.0	575591	5381.540218995414	0.004705182	1.2
14321.111110244836	1200	32.20785506419319	0.0	605884	4919.3934344938825	0.004886698	1.2
14327.869209568225	1200	29.449755740805028	0.0	587506	6758.09932338816	0.004705182	1.2
14331.99604038411	1200	29.322924924918993	0.0	566904	4126.8308158860345	0.008789001	1.2
14337.518542214773	1200	27.800423094254793	0.0	641452	5522.501830664202	0.004705182	1.2
14343.742480002655	1200	25.576485306373907	0.0	599477	6223.9377878808855	0.004705182	1.2
14353.660499511054	1200	19.658465797974618	0.0	634861	9918.019508399286	0.006770274	1.2
14364.494199270386	1200	12.82476603864239	0.0	630203	10833.69975933223	0.6967213	1.2
14371.451985002883	750	9.866980306146154	0.0	393804	6957.785732496234	0.04799595	0.3
14372.721599466386	300	12.59736584264428	0.0	137507	1269.6144635018743	0.42709044	-0.15000000000000002
14374.907404200356	750	14.411561108672641	0.0	314107	2185.8047339716377	0.23253037	0.3

