691.3877042130656	750	4.0	2.2982937896467757	450283	2298.2937896467756	-9.132663295481136
692.276739466666	300	7.11096474639953	0.0	155580	889.0352536004698	-0.15000000000000002
693.0519899250892	300	10.3357142879764	0.0	139857	775.2504584231306	0.3
693.7965043218643	300	13.59119989120118	0.0	155432	744.5143967752188	0.3
694.4881223767974	300	16.899581836268144	0.0	163442	691.6180549330365	0.3
694.9917957808514	300	20.395908432214082	0.0	126289	503.6734040540663	0.3
695.6062725305286	300	23.78143168253692	0.0	153295	614.4767496771595	0.3
696.3146457983611	300	27.07305841470446	0.0	173849	708.3732678324618	0.3
696.9548432212381	300	30.43286099182737	0.0	150710	640.1974228770879	0.3
697.56720066479	300	33.82050354827551	0.0	139105	612.3574435518556	0.3
698.1583399054668	300	37.229364307598594	0.0	141840	591.1392406769178	0.3
698.7925008511563	300	40.59520336190915	0.0	156148	634.1609456894466	0.3
699.4112762846565	300	43.97642792840897	0.0	160746	618.7754335001883	0.3
700.054162681355	300	47.3335415317104	0.0	179801	642.8863966985567	0.3
700.557681826497	300	50.83002238656844	0.0	140051	503.5191451419665	0.3
701.0328756756373	300	54.354828537428055	0.0	138313	475.19384914038494	0.3
701.5246070544569	300	57.86309715860858	0.0	143509	491.7313788194701	0.3
702.4312594445603	300	59.83736922662595	0.0	150616	525.7279319826285	0.3
703.3604176209257	300	59.758252381803686	0.0	165384	579.1168448222652	0.3
704.0292215971568	300	59.68887105470966	0.0	140881	569.3813270940321	0.3
705.2355125447167	300	59.55543694364825	0.0	157671	633.4341110614022	0.3
706.3348054539576	300	59.78721887387705	0.0	157812	768.2180697711993	0.3
707.0556096624575	300	59.717354151212014	0.0	163927	569.8647226650319	0.3
707.5536468284982	300	59.723805339708996	0.0	137654	493.5488115030158	0.3
708.4335568090132	300	59.65609449337036	0.0	146754	567.7108463386378	0.3
709.5372635969877	300	59.60034066167128	0.0	153938	555.7538316990772	0.3
710.5365515965929	300	59.95967314000645	0.0	181901	640.6675216648324	0.3
711.4463966008957	300	59.82906093882521	0.0	111155	630.6122011812457	0.3
712.5326355851138	300	59.51555784352695	0.0	153605	813.5030952982585	0.3
713.368579912428	300	59.96395360522976	0.0	149029	551.6042382971887	0.3
714.4607747143392	300	59.71002618683271	0.0	157421	753.9274183970584	0.3
715.6077579520178	300	59.645668374150375	0.0	157488	564.3578126823313	0.3
716.2419689043682	300	59.54487552467341	0.0	143881	600.7928494769651	0.3
717.4835103846966	300	59.89581384069578	0.0	163444	649.0616839776293	0.3
718.8164517573417	300	59.57058309069872	0.0	179328	825.2307499970655	0.3
719.430709101675	300	59.96730973940611	0.0	159914	603.2733512926036	0.3
721.811209832283	300	59.937551303872425	0.0	131610	529.7584355336845	0.3
722.6704072338879	300	59.773323745807055	0.0	124011	664.2275580653671	0.3
723.5183722424496	300	59.6068262109961	0.0	144254	666.4975348109618	0.3
724.3969885925037	300	59.88325173469435	0.0	149991	723.5744763017517	0.3
725.7024791488927	300	59.538027374476094	0.0	147968	845.2243602182575	0.3
727.2373260832439	300	59.665737047885756	0.0	161857	872.2903265903349	0.3
729.1117001234762	300	59.6648283126501	0.0	145210	1000.9087352356474	0.3
732.3288061510127	300	59.52300800388019	0.0	172312	2141.820308769916	0.3
735.4677596438894	300	59.926174140825104	0.0	167025	2096.8338630550875	0.3
737.4654802953605	300	59.61337355350033	0.0	160064	1812.800587324772	0.3
740.8104415697373	300	59.94335299638516	0.0	137507	1670.0205571151673	0.3
745.0139279089618	300	59.739866657160825	0.0	118421	2203.4863392243333	0.3

