9136.862564461522	750	4.0	3.995068697861578	450283	3995.068697861578	-16.428795400804784
9138.354836548851	300	6.507727912669612	0.0	155580	1492.2720873303876	-0.15000000000000002
9139.626932602914	300	9.235631858607427	0.0	139857	1272.0960540621852	0.3
9141.041715554451	300	11.820848907070088	0.0	155432	1414.7829515373378	0.3
9142.587136964743	300	14.27542749677892	0.0	163442	1545.4214102911674	0.3
9143.634090023967	300	17.228474437554695	0.0	126289	1046.9530592242274	0.3
9144.88129178614	300	19.98127267538223	0.0	153295	1247.201762172467	0.3
9148.468744247422	750	20.393820214100714	0.0	437162	3587.4524612815153	0.3
9151.896819442747	750	20.96574501877431	0.0	374758	3428.0751953264034	0.75
9156.593963229205	750	20.268601232315522	0.0	362795	4697.143786458785	0.75
9159.856566140334	300	21.00599832118775	0.0	141840	3262.60291112777	-0.15000000000000002
9162.879189890577	300	21.98337457094424	0.0	156148	3022.6237502435138	0.3
9165.49631372404	300	23.366250737480904	0.0	160746	2617.1238334633344	0.3
9167.675747219988	300	25.18681724153308	0.0	179801	2179.4334959478206	0.3
9170.119847053707	300	26.742717407813217	0.0	140051	2444.0998337198657	0.3
9171.815960626718	300	29.046603834801676	0.0	138313	1696.1135730115395	0.3
9173.70561565433	300	31.156948807189824	0.0	143509	1889.6550276118546	0.3
9175.544803764691	300	33.31776069682617	0.0	150616	1839.1881103636542	0.3
9177.443235597899	300	35.41932886361779	0.0	165384	1898.4318332083794	0.3
9181.172487764434	750	35.690076697083974	0.0	350713	3729.2521665338136	0.3
9184.756278460494	750	36.106286001021374	0.0	386472	3583.7906960625955	0.75
9189.117527445182	750	35.745037016334365	0.0	399894	4361.248984687017	0.75
9193.524536903768	750	35.33802755775045	0.0	401853	4407.00945858391	0.75
9198.5788790037	750	34.28368545781693	0.0	343800	5054.342099933518	0.75
9206.453892551994	750	30.408671909522496	0.0	359903	7875.013548294433	0.75
9208.436300297677	300	32.42626416383964	0.0	153938	1982.4077456828554	-0.15000000000000002
9211.281970577324	300	33.580593884193256	0.0	181901	2845.670279646384	0.3
9212.777965062396	300	36.084599399119675	0.0	111155	1495.994485073589	0.3
9215.175484577248	300	37.68707988426792	0.0	153605	2397.5195148517505	0.3
9226.221412148841	750	30.641152312674365	0.0	400508	11045.927571593556	0.3
9230.156289369608	300	30.70627509190683	0.0	157421	3934.877220767537	-0.15000000000000002
9234.419664437957	300	30.442900023556735	0.0	157488	4263.37506835009	0.3
9237.88382588958	300	30.978738571933526	0.0	143881	3464.1614516232116	0.3
9241.14449522003	300	31.718069241481142	0.0	163444	3260.6693304523815	0.3
9245.104190137788	300	31.75837432372449	0.0	179328	3959.6949177566516	0.3
9248.898876953206	300	31.963687508306066	0.0	159914	3794.6868154184217	0.3
9251.893550039715	300	32.969014421798924	0.0	131610	2994.673086507143	0.3
9255.470590322744	300	33.39197413876864	0.0	124011	3577.0402830302837	0.3
9259.024651262622	300	33.83791319889044	0.0	144254	3554.0609398781958	0.3
9261.922807094803	300	34.939757366710595	0.0	149991	2898.1558321798434	0.3
9264.773582345875	300	36.08898211563795	0.0	147968	2850.7752510726536	0.3
9267.627530674974	300	37.23503378653915	0.0	161857	2853.948329098799	0.3
9269.851478763081	300	39.011085698431216	0.0	145210	2223.94808810793	0.3
9272.455088096991	300	40.40747636452125	0.0	172312	2603.609333909965	0.3
9282.12035135943	750	34.74221310208175	0.0	398987	9665.263262439501	0.3
9284.796628465636	300	36.0659359958771	0.0	160064	2676.27710620465	-0.15000000000000002
9286.813108453927	300	38.04945600758589	0.0	137507	2016.4799882912032	0.3
9288.492956325978	300	40.369608135535124	0.0	118421	1679.847872050764	0.3

