18735.13466222882	750	4.0	12.266701258043659	450283	12266.701258043659	-51.99681540958773
18739.76658275908	300	4.0	0.6319205302601922	155580	4631.920530260192	-2.867258280118827
18742.81441442541	300	4.952168333667658	0.0	139857	3047.8316663323417	0.3
18746.083890862647	300	5.682691896429397	0.0	155432	3269.4764372382615	0.3
18749.441166283454	300	6.325416475623024	0.0	163442	3357.275420806372	0.3
18751.5689317485	300	8.19765101057458	0.0	126289	2127.765465048444	0.3
18753.77425821666	300	9.99232454241477	0.0	153295	2205.326468159809	0.3
18755.970619282336	300	11.795963476741463	0.0	173849	2196.3610656733085	0.3
18757.778625612296	300	13.987957146781996	0.0	150710	1808.006329959466	0.3
18759.450363815355	300	16.316218943722877	0.0	139105	1671.7382030591195	0.3
18760.896966741693	300	18.86961601738669	0.0	141840	1446.6029263361888	0.3
18762.514955553226	300	21.251627205851133	0.0	156148	1617.9888115355566	0.3
18764.256922500474	300	23.509660258605173	0.0	160746	1741.9669472459561	0.3
18766.164056451198	300	25.602526307880897	0.0	179801	1907.1339507242762	0.3
18769.6940795615	750	26.072503197575177	0.0	337059	3530.023110305718	0.3
18774.14481477706	750	25.621767982017133	0.0	366214	4450.735215558045	0.75
18778.699061893	750	25.06752086607829	0.0	360831	4554.247115938843	0.75
18781.245185303873	300	26.52139745520525	0.0	150616	2546.1234108730387	-0.15000000000000002
18783.17086380416	300	28.595718954916958	0.0	165384	1925.6785002882946	0.3
18784.81630694333	300	30.95027581575189	0.0	140881	1645.4431391650662	0.3
18786.419098593666	300	33.34748416541279	0.0	157671	1602.7916503391027	0.3
18788.17793663741	300	35.588646121671864	0.0	157812	1758.8380437409223	0.3
18790.109247441465	300	37.65733531761411	0.0	163927	1931.3108040577597	0.3
18791.666071385644	300	40.100511373435594	0.0	137654	1556.8239441785158	0.3
18793.3435974302	300	42.42298532887999	0.0	146754	1677.526044555607	0.3
18795.366387273396	300	44.400195485682275	0.0	153938	2022.789843197708	0.3
18798.266078856337	300	45.50050390274088	0.0	181901	2899.691582941399	0.3
18800.312054712624	300	47.45452804645693	0.0	111155	2045.9758562839506	0.3
18802.259792298988	300	49.50679046009446	0.0	153605	1947.7375863624675	0.3
18803.492551632826	300	52.274031126257334	0.0	149029	1232.7593338371244	0.3
18804.575786367455	300	55.190796391628105	0.0	157421	1083.2347346292295	0.3
18805.650668416158	300	58.11591434292354	0.0	157488	1074.882048704567	0.3
18808.381115259384	750	59.38546749969802	0.0	369834	2730.4468432255253	0.3
18811.51553156678	750	59.80983639970344	0.0	412837	3075.631099994581	0.75
18814.724211455366	750	59.509889116309346	0.0	401088	2799.947283394096	0.75
18817.72387391627	750	59.80442418370313	0.0	365161	2705.4649326062104	0.75
18820.68335577206	750	59.626782072408815	0.0	321064	2177.6421112943144	0.75
18824.286279013708	750	59.55124032403175	0.0	361565	2575.541748377065	0.75
18828.263476544347	750	59.57404279339183	0.0	378327	2977.1975306399204	0.75
18830.47395559613	750	59.96609270795522	0.0	390680	2107.9500854366097	0.75
18832.864452027814	750	59.592109037287486	0.0	345516	2373.983670667735	0.75
18836.860495771165	1200	59.596065293932966	0.0	641452	3996.043743354513	0.75
18840.987569542645	1200	59.46899152245313	0.0	599477	4127.073771479836	1.2
18845.226674282578	1200	59.229886782524495	0.0	634861	4239.104739928629	1.2
18850.583308841153	1200	57.87325222394791	0.0	630203	5356.6345585765885	1.2
18853.771737060968	750	58.68482400413224	0.0	393804	3188.4282198156748	0.3
18856.58164501835	750	59.874916046753505	0.0	331053	2309.907957378729	0.75
18861.40288980697	750	59.053671258130926	0.0	314107	4821.244788622579	0.75

