11283.984491260837	750	4.0	3.974865311257283	450283	3974.865311257283	-16.341920838406317
11287.823901006892	1200	4.1605902539448225	0.0	611087	3839.4097460551775	0.75
11290.469520381379	1200	5.514970879456616	0.0	571051	2645.619374488207	1.2
11293.280402206512	1200	6.704089054324043	0.0	617681	2810.881825132573	1.2
11296.066273993518	1200	7.9182172673179245	0.0	652874	2785.8717870061187	1.2
11299.947157281156	1200	8.037333979678868	0.0	520315	3880.8832876390575	1.2
11302.297914083792	1200	9.6865771770436	0.0	561791	2350.7568026352683	1.2
11305.849313804305	1200	10.135177456530567	0.0	709534	3551.399720513035	1.2
11308.806552417376	1200	11.177938843458112	0.0	584846	2957.238613072454	1.2
11311.446730955953	1200	12.537760304881642	0.0	560821	2640.1785385764706	1.2
11314.779415878025	1200	13.205075382809381	0.0	607410	3332.6849220722597	1.2
11318.067881163583	1200	13.916610097252763	0.0	594078	3288.46528555662	1.2
11321.085594698769	1200	14.89889656206645	0.0	624282	3017.7135351863103	1.2
11324.585929066267	1200	15.398562194567676	0.0	687371	3500.334367498775	1.2
11326.738096372705	1200	17.246394888129807	0.0	526950	2152.1673064378697	1.2
11329.4550835231	1200	18.529407737734424	0.0	587876	2716.987150395386	1.2
11332.28835376558	1200	19.696137495255417	0.0	617242	2833.270242479003	1.2
11335.522266106978	1200	20.462225153855652	0.0	581493	3233.912341399766	1.2
11339.135494560282	1200	20.84899670055222	0.0	639204	3613.2284533034326	1.2
11341.842844396073	1200	22.14164686476049	0.0	586839	2707.349835791732	1.2
11344.426244527738	1200	23.558246733095547	0.0	601738	2583.400131664942	1.2
11347.05039630875	1200	24.93409495208352	0.0	616206	2624.1517810120267	1.2
11349.3685805553	1200	26.6159107055341	0.0	656471	2318.1842465494174	1.2
11351.118956038696	1200	28.86553522213883	0.0	536667	1750.375483395271	1.2
11354.535043808673	1850	29.44944745216155	0.0	897976	3416.0877699772846	1.2000000000000002
11357.992882331731	1850	29.991608929103048	0.0	905935	3457.8385230584995	1.85
11362.241943160529	1850	29.742548100305488	0.0	1076599	4249.06082879756	1.85
11366.079396823232	1850	29.905094437602823	0.0	758197	3837.453662702666	1.85
11371.0814431821	1850	28.903048078733736	0.0	972798	5002.046358869087	1.85
11375.29440848669	1850	28.69008277414281	0.0	975811	4212.965304590929	1.85
11378.101243678777	1200	29.88324758205641	0.0	570392	2806.835192086398	0.5499999999999999
11380.46386704535	1200	31.520624215481675	0.0	620283	2362.6233665747345	1.2
11383.889814692528	1200	32.094676568304614	0.0	584349	3425.947647177061	1.2
11392.124548098747	1200	27.85994316208451	0.0	670129	8234.733406220104	1.2
11395.979951954116	1200	28.00453930671538	0.0	690253	3855.4038553691325	1.2
11399.677518072273	1200	28.306973188558032	0.0	598727	3697.566118157344	1.2
11402.449993786347	1200	29.53449747448251	0.0	487812	2772.475714075526	1.2
11404.567523931071	750	31.416967329759704	0.0	361565	2117.530144722805	0.3
11406.67154756133	750	33.31294369950253	0.0	378327	2104.023630257175	0.75
11410.928038143546	1200	33.056453117286814	0.0	587506	4256.490582215719	0.75
11415.829371336062	1200	32.15511992477102	0.0	566904	4901.3331925157945	1.2
11424.697416941155	1200	27.287074319677195	0.0	641452	8868.045605093825	1.2
11427.371543190493	750	28.61294807033946	0.0	372093	2674.126249337737	0.3
11430.886927166099	750	29.09756409473384	0.0	438281	3515.3839756056177	0.75
11433.922158902518	750	30.062332358313384	0.0	398987	3035.231736420458	0.75
11439.777049035443	750	28.207442225388263	0.0	393804	5854.890132925119	0.75
11443.346776684757	750	28.637714576073144	0.0	331053	3569.72764931512	0.75
11446.905424418235	750	29.07906684259461	0.0	314107	3558.6477334785345	0.75

