16637.257068790266	750	4.0	3.5333118074124745	450283	3533.3118074124745	0.5	-14.44324077187364
16638.75197762798	300	6.5050911622846534	0.0	155580	1494.9088377153469	0.5	-0.15000000000000002
16642.75622338514	750	6.50084540512849	0.0	350812	4004.245757156163	0.5	0.3
16646.225451603103	750	7.031617187163648	0.0	382355	3469.228217964842	0.5	0.75
16649.717368132202	750	7.5397006580657875	0.0	411561	3491.9165290978613	0.5	0.75
16654.53849489684	750	6.7185738934298245	0.0	318564	4821.126764635963	0.5	0.75
16659.266054789714	750	5.991014000555843	0.0	352642	4727.559892873981	0.5	0.75
16660.832463226678	300	8.424605563591165	0.0	173849	1566.408436964678	0.5	-0.15000000000000002
16662.15759188088	300	11.09947690938659	0.0	150710	1325.1286542045734	0.5	0.3
16663.571055169097	300	13.686013621170888	0.0	139105	1413.4632882157016	0.5	0.3
16665.252553006118	300	16.004515784153213	0.0	141840	1681.4978370176761	0.5	0.3
16672.427157132224	750	12.82991165804578	0.0	405134	7174.604126107431	0.5	0.3
16676.986192491873	750	12.270876298397248	0.0	386351	4559.035359648532	0.5	0.75
16681.108038692073	750	12.149030098195707	0.0	434409	4121.846200201541	0.5	0.75
16683.726901775077	750	13.530167015194962	0.0	337059	2618.863083000747	0.5	0.75
16686.708574893848	750	14.548493896423567	0.0	366214	2981.673118771396	0.5	0.75
16689.669490860375	750	15.587577929893495	0.0	360831	2960.91596653007	0.5	0.75
16692.849861612456	750	16.40720717781153	0.0	372963	3180.3707520819685	0.5	0.75
16696.00357144775	750	17.253497342519456	0.0	405596	3153.709835292074	0.5	0.75
16698.983348863196	750	18.27371992707241	0.0	350713	2979.777415447046	0.5	0.75
16704.843717810392	1200	16.41335097988025	0.0	601738	5860.368947192159	0.5	0.75
16709.616177451473	1200	15.64089133879848	0.0	616206	4772.459641081767	0.5	1.2
16715.457588415018	1200	13.799480375251422	0.0	656471	5841.4109635470595	0.5	1.2
16720.496990386004	1200	12.76007840426763	0.0	536667	5039.401970983792	0.5	1.2
16725.751189331888	1200	11.505879458384115	0.0	587236	5254.198945883514	0.5	1.2
16730.693583911696	1200	10.563484878575743	0.0	590335	4942.394579808372	0.5	1.2
16736.463478340273	1200	8.793590449997941	0.0	696376	5769.894428577802	0.5	1.2
16741.449771291285	1200	7.807297498988111	0.0	487160	4986.292951009829	0.5	1.2
16747.192363042428	1200	6.064705747842494	0.0	622896	5742.591751145617	0.5	1.2
16751.042559057754	750	6.21450973251642	0.0	400508	3850.1960153260743	0.5	0.3
16756.846755660492	750	4.410313129780012	0.0	358218	5804.196602736408	0.5	0.75
16758.822319540763	300	6.434749249506959	0.0	157488	1975.5638802730525	0.5	-0.15000000000000002
16760.145035163587	300	9.112033626685658	0.0	143881	1322.7156228213025	0.5	0.3
16761.60739675718	300	11.64967203309018	0.0	163444	1462.361593595476	0.5	0.3
16763.263177529687	300	13.993891260582613	0.0	179328	1655.7807725075672	0.5	0.3
16765.142549013708	300	16.114519776560577	0.0	159914	1879.3714840220366	0.5	0.3
16770.24840084945	750	15.008667940819628	0.0	321064	5105.85183574095	0.5	0.3
16776.017622646254	750	13.239446144016819	0.0	361565	5769.221796802807	0.5	0.75
16779.75108720124	750	13.505981589032995	0.0	378327	3733.4645549838247	0.5	0.75
16782.821191212242	750	14.435877578029357	0.0	390680	3070.104011003637	0.5	0.75
16785.523856008884	750	15.733212781384827	0.0	345516	2702.664796644531	0.5	0.75
16788.68737258212	750	16.569696208148414	0.0	384505	3163.5165732364107	0.5	0.75
16791.929583607132	750	17.327485183133458	0.0	372093	3242.211025014961	0.5	0.75
16795.306108979552	750	17.95095981071226	0.0	438281	3376.5253724211993	0.5	0.75
16798.690810989403	750	18.566257800861596	0.0	398987	3384.70200985066	0.5	0.75
16802.31622874593	750	18.94084004433561	0.0	393804	3625.4177565259906	0.5	0.75
16809.361584058788	1850	15.895484731479108	0.0	830730	7045.3553128565	0.5	0.75
16816.879651566476	1850	12.377417223790003	0.0	846370	7518.067507689105	0.5	1.85

