20433.454291369566	750	4.0	7.947206251782381	450283	7947.2062517823815	0.007727882	-33.42298688266424
20436.212683893733	300	5.241607475832228	0.0	155580	2758.392524167771	0.004705182	-0.15000000000000002
20439.379732535715	300	6.07455883384848	0.0	139857	3167.048641983749	0.004705182	0.3
20443.9056115282	300	5.548679841364558	0.0	155432	4525.878992483921	0.004705182	0.3
20446.620051547514	300	6.834239822051922	0.0	163442	2714.4400193126367	0.004705182	0.3
20449.161279955977	300	8.293011413587552	0.0	126289	2541.2284084643697	0.004705182	0.3
20452.402501399538	300	9.051789970024087	0.0	153295	3241.2214435634646	0.004705182	0.3
20455.786883543664	300	9.667407825900725	0.0	173849	3384.3821441233636	0.004705182	0.3
20458.56936484796	300	10.88492652160276	0.0	150710	2782.481304297964	0.004705182	0.3
20461.98475806681	300	11.469533302755298	0.0	139105	3415.39321884746	0.004705182	0.3
20466.570620803537	300	10.883670566026595	0.0	141840	4585.862736728704	0.004705182	0.3
20470.853992124317	300	10.600299245246603	0.0	156148	4283.371320779992	0.004705182	0.3
20475.974193771064	300	9.48009759850249	0.0	160746	5120.2016467441135	0.004705182	0.3
20480.969643811033	300	8.484647558536341	0.0	179801	4995.4500399661465	0.004705182	0.3
20484.17955078163	300	9.274740587940252	0.0	140051	3209.9069705960896	0.004705182	0.3
20486.471588682543	300	10.982702687027935	0.0	138313	2292.037900912317	0.004705182	0.3
20487.955150744587	300	13.499140624984948	0.0	143509	1483.5620620429872	0.004705182	0.3
20489.935195706203	300	15.51909566336796	0.0	150616	1980.0449616169876	0.004705182	0.3
20493.115219377978	300	16.339071991592878	0.0	165384	3180.0236717750818	0.004705182	0.3
20496.08625817568	300	17.36803319389052	0.0	140881	2971.0387977023593	0.004705182	0.3
20499.352202360158	300	18.102089009415828	0.0	157671	3265.9441844746907	0.004705182	0.3
20502.407922763014	300	19.04636860655997	0.0	157812	3055.7204028558604	0.004705182	0.3
20505.11611810414	300	20.338173265434783	0.0	163927	2708.1953411251857	0.004705182	0.3
20506.727656306284	300	22.726635063288555	0.0	137654	1611.5382021462294	0.0047629997	0.3
20508.268450105217	300	25.1858412643585	0.0	146754	1540.793798930055	0.01985566	0.3
20509.747149457027	300	27.707141912550142	0.0	153938	1478.6993518083589	0.10385747	0.3
20513.666994236894	750	27.78729713268073	0.0	425781	3919.8447798694124	0.6355794	0.3
20516.361038291714	750	29.09325307786046	0.0	277716	2694.0440548202714	0.0075109764	0.75
20520.54255364376	750	28.911737725812053	0.0	400396	4181.515352048405	0.004705182	0.75
20525.729053088027	750	27.725238281548705	0.0	400508	5186.4994442633515	0.004705182	0.75
20530.032780510508	750	27.421510859070086	0.0	358218	4303.727422478615	0.004705182	0.75
20537.663763801007	750	23.790527568570862	0.0	400322	7630.983290499225	0.004705182	0.75
20541.933568822948	750	23.52072254663219	0.0	369834	4269.8050219386705	0.04327713	0.75
20545.73900697765	750	23.715284391932457	0.0	412837	3805.4381546997365	0.004705182	0.75
20549.366423654057	750	24.087867715524663	0.0	401088	3627.416676407793	0.005505968	0.75
20554.40098123951	750	23.053310130073143	0.0	365161	5034.557585451519	0.013489628	0.75
20559.375730337222	750	22.078561032359545	0.0	321064	4974.749097713598	0.00511579	0.75
20563.875616054658	750	21.578675314922663	0.0	361565	4499.885717436882	0.004705182	0.75
20568.20205056157	750	21.252240808011262	0.0	378327	4326.4345069114015	0.0050374516	0.75
20571.988758218784	750	21.46553315079793	0.0	390680	3786.7076572133296	0.004928324	0.75
20574.660695483773	750	22.793595885808514	0.0	345516	2671.9372649894176	0.015827466	0.75
20577.282822026933	750	24.17146934264778	0.0	384505	2622.1265431607353	0.23189685	0.75
20585.07584567848	1200	20.3784456911039	0.0	599477	7793.023651543882	0.63689375	0.75
20593.690602160274	750	15.7636892093071	0.0	438281	8614.756481796798	0.68202984	0.3
20602.100622402442	750	11.353668967139946	0.0	398987	8410.020242167155	0.06898403	0.75
20605.476999465	300	11.977291904581135	0.0	160064	3376.3770625588113	0.1490222	-0.15000000000000002
20608.346924701582	300	13.107366667997937	0.0	137507	2869.925236583198	0.1106465	0.3
20610.167627817013	300	15.286663552568116	0.0	118421	1820.7031154298202	0.033485185	0.3

