529.3559250291457	750	4.0	2.148641230861048	450283	2148.641230861048	0.004705182	-8.489157292702506
531.7247779650971	750	5.631147064048715	0.0	398865	2368.8529359512845	0.004705182	0.75
533.571807077262	750	7.784117951883809	0.0	350812	1847.0291121649057	0.013584086	0.75
537.3668994260968	750	7.989025603048906	0.0	382355	3795.092348834903	0.06051033	0.75
538.8749512557985	300	10.48097377334725	0.0	163442	1508.0518297016563	0.69682443	-0.15000000000000002
539.6102687350506	300	13.74565629409512	0.0	126289	735.317479252129	0.3527506	0.3
541.2730195391891	750	16.082905489956495	0.0	352642	1662.750804138625	0.547139	0.3
543.3556738766389	750	18.000251152506838	0.0	437162	2082.6543374496596	0.19204389	0.75
545.2320199101115	750	20.123905119034312	0.0	374758	1876.3460334725246	0.05642092	0.75
547.7244591322656	750	21.631465896880275	0.0	362795	2492.4392221540365	0.048237517	0.75
549.6271846957632	750	23.728740333382625	0.0	353220	1902.7255634976502	0.13741718	0.75
551.3086275037543	750	26.047297525391443	0.0	405134	1681.4428079911863	0.01778815	0.75
553.1405955019077	750	28.215329527238193	0.0	386351	1831.967998153248	0.018830879	0.75
554.9142796714647	750	30.441645357681157	0.0	434409	1773.6841695570379	0.03457266	0.75
557.4154723735509	1200	31.94045265559496	0.0	526950	2501.192702086199	0.6414206	0.75
559.94461872796	1200	33.41130630118576	0.0	587876	2529.1463544091985	0.052116703	1.2
562.477707296758	1200	34.87821773238779	0.0	617242	2533.0885687979667	0.009352899	1.2
565.429485539868	1200	35.92643948927769	0.0	581493	2951.7782431100973	0.004705182	1.2
568.1513620101438	1200	37.20456301900183	0.0	639204	2721.876470275858	0.0050982223	1.2
570.7882428778818	1200	38.567682151263924	0.0	586839	2636.8808677379134	0.004705182	1.2
573.3145970784785	1200	40.041327950667174	0.0	601738	2526.354200596749	0.004705182	1.2
577.270960128816	1200	40.08496490032975	0.0	616206	3956.363050337421	0.004705182	1.2
581.7620040678673	1200	39.59392096127844	0.0	656471	4491.04393905131	0.004705182	1.2
584.1155483723522	1200	41.24037665679343	0.0	536667	2353.544304485008	0.004705182	1.2
586.1352456241659	1200	43.22067940497986	0.0	587236	2019.697251813569	0.004705182	1.2
587.8646178739282	1200	45.49130715521755	0.0	590335	1729.372249762316	0.012457693	1.2
591.4591423046368	1200	45.89678272450891	0.0	696376	3594.524430708641	0.753261	1.2
594.0105484996377	1200	47.345376529507945	0.0	487160	2551.406195000963	0.092198215	1.2
596.6640413009961	1200	48.69188372814966	0.0	622896	2653.4928013582858	0.07611372	1.2
598.6589916582797	1200	50.69693337086607	0.0	641447	1994.9503572835868	0.35470507	1.2
603.6073675351377	2850	49.748557494008026	0.0	1341201	4948.375876858045	0.0075950786	1.2000000000000002
611.6401269102286	2850	45.715798118917235	0.0	1497683	8032.759375090791	0.004705182	2.85
622.5545903365278	2850	38.80133469261791	0.0	1358081	10914.46342629933	0.004705182	2.85
640.101975274293	2850	25.253949754852773	0.0	1587293	17547.384937765135	0.27216062	2.85
643.5817328380207	1200	25.774192191125053	0.0	690253	3479.7575637277187	0.024615202	-0.44999999999999996
646.1320473437657	1200	27.22387768537995	0.0	598727	2550.314505745103	0.004705182	1.2
647.5178575283024	1200	29.838067500843273	0.0	487812	1385.8101845366766	0.004705182	1.2
650.4062631790051	1200	30.949661850140593	0.0	575591	2888.4056507026808	0.5644906	1.2
656.6286057664925	1200	28.7273192626533	0.0	605884	6222.342587487297	0.555126	1.2
658.4365144990513	1200	30.919410530094297	0.0	587506	1807.9087325590006	0.0047167437	1.2
659.7545999130749	1200	33.60132511607085	0.0	566904	1318.0854140234435	0.3006254	1.2
663.8296996235396	2850	33.526225405606176	0.0	1527299	4075.099710464678	0.004705182	1.2000000000000002
670.0300826822189	4300	31.325842346926848	0.0	2121928	6200.38305867933	0.58859813	2.8499999999999996
693.9034065026424	4300	11.452518526503333	0.0	2219102	23873.323820423517	0.004705182	4.3
699.864129239948	300	9.491795789197738	0.0	167025	5960.722737305594	0.004705182	-3.7
702.284194240703	300	11.071730788442718	0.0	160064	2420.0650007550216	0.004705182	0.3
703.625295226733	300	13.730629802412748	0.0	137507	1341.1009860299696	0.022492332	0.3
705.831919962639	750	15.524005066506733	0.0	314107	2206.624735906015	0.7025648	0.3

