22578.74815742384	750	4.0	4.799754461958953	450283	4799.754461958953	0.5877948	-19.888944186423497
22580.170147651625	300	6.578009772220171	0.0	155580	1421.9902277798294	0.019197855	-0.15000000000000002
22581.372156340534	300	9.376001083309369	0.0	139857	1202.0086889108015	0.049210455	0.3
22582.902347693358	300	11.845809730486824	0.0	155432	1530.1913528225455	0.007179434	0.3
22584.62408913728	300	14.124068286566814	0.0	163442	1721.7414439200097	0.029467203	0.3
22585.91707310222	300	16.831084321623113	0.0	126289	1292.9839649437026	0.053675253	0.3
22587.233834358263	300	19.514323065579724	0.0	153295	1316.7612560433888	0.010963351	0.3
22589.212063733812	300	21.536093690030583	0.0	173849	1978.229375549142	0.01757258	0.3
22592.663255646014	300	22.08490177783134	0.0	150710	3451.191912199239	0.014278643	0.3
22596.110861071316	300	22.63729635252904	0.0	139105	3447.6054253022985	0.006371235	0.3
22599.45846801576	300	23.289689408083053	0.0	141840	3347.6069444459904	0.004705182	0.3
22602.599981032083	300	24.148176391762494	0.0	156148	3141.5130163205604	0.004705182	0.3
22605.38032741073	300	25.367830013110833	0.0	160746	2780.3463786516572	0.004705182	0.3
22607.714896598292	300	27.033260825550737	0.0	179801	2334.5691875600974	0.004705182	0.3
22609.082850755614	300	29.665306668226346	0.0	140051	1367.9541573243926	0.0075904233	0.3
22610.60012227411	300	32.14803514972852	0.0	138313	1517.2715184978235	0.036952544	0.3
22612.60282073115	300	34.14533669268884	0.0	143509	2002.6984570396776	0.089784294	0.3
22614.63839280615	300	36.10976461768891	0.0	150616	2035.5720749999327	0.15017173	0.3
22616.976478173397	300	37.771679250441245	0.0	165384	2338.0853672476655	0.6600754	0.3
22623.312227370785	750	35.43593005305555	0.0	350713	6335.749197385697	0.5416807	0.3
22630.769297814262	750	31.978859609576496	0.0	386472	7457.070443479054	0.15831786	0.75
22634.101645867635	300	32.64651155620139	0.0	157812	3332.3480533751035	0.34986636	-0.15000000000000002
22636.75064998526	300	33.99750743857444	0.0	163927	2649.004117626956	0.26390743	0.3
22638.82964426094	300	35.91851316289569	0.0	137654	2078.994275678742	0.6742606	0.3
22641.323226330904	300	37.424931092932255	0.0	146754	2493.5820699634437	0.6744786	0.3
22647.348577708653	750	35.3995797151806	0.0	379700	6025.351377751645	0.36524603	0.3
22652.152338146596	750	34.5958192772387	0.0	425781	4803.760437941909	0.0050825654	0.75
22654.921074753976	750	35.827082669857035	0.0	277716	2768.7366073816574	0.004705182	0.75
22660.060483011643	750	34.68767441218978	0.0	400396	5139.408257667259	0.004705182	0.75
22664.531462219762	750	34.2166952040718	0.0	400508	4470.979208117985	0.004705182	0.75
22668.31760152073	750	34.43055590310876	0.0	358218	3786.1393009630387	0.008726606	0.75
22672.708252117613	750	34.039905306224995	0.0	400322	4390.650596883765	0.012954994	0.75
22676.376532921287	750	34.37162450254831	0.0	369834	3668.2808036766924	0.023063298	0.75
22679.925429875602	750	34.82272754823713	0.0	412837	3548.8969543111693	0.060051687	0.75
22687.38650424469	750	31.361653179150487	0.0	401088	7461.0743690866475	0.37481076	0.75
22692.884600547637	750	29.863556876201706	0.0	365161	5498.096302948781	0.009371914	0.75
22697.8914422914	750	28.856715132442652	0.0	321064	5006.841743759056	0.015647303	0.75
22702.43935180437	750	28.308805619470206	0.0	361565	4547.909512972446	0.0075013665	0.75
22705.703048921412	750	29.045108502423318	0.0	378327	3263.697117046889	0.014746136	0.75
22709.601321533315	750	29.146835890520965	0.0	390680	3898.272611902353	0.238973	0.75
22715.35427878325	750	27.393878640588234	0.0	345516	5752.957249932731	0.39687166	0.75
22720.180008682863	750	26.568148740972298	0.0	384505	4825.729899615935	0.029947469	0.75
22726.968749746527	750	23.77940767730627	0.0	372093	6788.741063666029	0.085904	0.75
22733.6892275023	750	21.05892992153458	0.0	438281	6720.477755771687	0.010666619	0.75
22740.00030856098	750	18.74784886285264	0.0	398987	6311.081058681942	0.009457405	0.75
22742.79331816493	750	19.95483925890002	0.0	393804	2793.0096039526225	0.006137287	0.75
22744.93806309994	750	21.8100943238918	0.0	331053	2144.7449350082165	0.65923804	0.75
22749.02479592807	1200	21.723361495758123	0.0	550906	4086.732828133676	0.42906305	0.75

