23753.919110925064	750	4.0	6.6911010369313795	450283	6691.10103693138	-28.021734458804932
23755.758173445367	300	6.160937479695716	0.0	155580	1839.0625203042848	-0.15000000000000002
23757.127194966706	300	8.791915958355675	0.0	139857	1369.0215213400395	0.3
23758.373954296698	300	11.545156628364916	0.0	155432	1246.7593299907599	0.3
23761.617069536234	750	12.302041388826252	0.0	411561	3243.115239538663	0.3
23765.218440283035	750	12.700670642027816	0.0	318564	3601.3707467984354	0.75
23770.76093413149	750	11.158176793574581	0.0	352642	5542.493848453237	0.75
23775.660531576017	300	10.258579349044059	0.0	173849	4899.597444530522	-0.15000000000000002
23779.331543159824	300	10.587567765239422	0.0	150710	3671.0115838046377	0.3
23783.04499447045	300	10.874116454614395	0.0	139105	3713.451310625026	0.3
23787.924194838783	300	9.9949160862817	0.0	141840	4879.200368332695	0.3
23793.24625501556	300	8.67285590949938	0.0	156148	5322.060176782321	0.3
23797.494894940264	300	8.424215984796763	0.0	160746	4248.639924702617	0.3
23802.53558997038	300	7.383520954681594	0.0	179801	5040.695030115169	0.3
23805.555947939734	300	8.363162985326667	0.0	140051	3020.357969354926	0.3
23808.009105695863	300	9.910005229198733	0.0	138313	2453.1577561279355	0.3
23810.39479832182	300	11.524312603241166	0.0	143509	2385.692625957567	0.3
23813.055667415556	300	12.863443509507881	0.0	150616	2660.869093733286	0.3
23816.51822812849	300	13.400882796572903	0.0	165384	3462.560712934977	0.3
23820.437774264356	300	13.481336660707015	0.0	140881	3919.546135865888	0.3
23822.627923595825	300	15.29118732923636	0.0	157671	2190.149331470654	0.3
23823.830048894422	300	18.089062030635134	0.0	157812	1202.1252986012246	0.3
23826.34256006373	750	19.57655086132682	0.0	401853	2512.511169308316	0.3
23828.678508721954	750	21.24060220310274	0.0	343800	2335.9486582240806	0.75
23830.786546834996	750	23.13256409006384	0.0	359903	2108.038113038895	0.75
23833.30734757773	750	24.611763347327592	0.0	379700	2520.800742736249	0.75
23840.767066687364	1850	21.15204423769441	0.0	1076599	7459.719109633185	0.75
23844.87156523557	1850	21.04754568948803	0.0	758197	4104.498548206379	1.85
23850.654889420668	1850	19.26422150438991	0.0	972798	5783.324185098122	1.85
23855.669481414247	1850	18.249629510813993	0.0	975811	5014.591993575917	1.85
23860.28247712348	1850	17.636633801581382	0.0	873429	4612.99570923261	1.85
23866.684711269456	1850	15.234399655603276	0.0	954453	6402.2341459781055	1.85
23874.527995861536	1850	11.391115063527723	0.0	885062	7843.284592075553	1.85
23880.172012263032	1850	9.747098662029407	0.0	1035329	5644.0164014983175	1.85
23882.40938878984	750	11.509722135221338	0.0	401088	2237.3765268080674	-0.3500000000000001
23884.476522170386	750	13.442588754674341	0.0	365161	2067.1333805469967	0.75
23886.616002303705	750	15.303108621357278	0.0	321064	2139.4801333170626	0.75
23889.701061463395	750	16.218049461669775	0.0	361565	3085.0591596875015	0.75
23892.185275083626	750	17.73383584143467	0.0	378327	2484.2136202351066	0.75
23894.468175598577	750	19.450935326483705	0.0	390680	2282.900514950966	0.75
23896.12189751882	750	21.797213406239134	0.0	345516	1653.7219202445722	0.75
23898.276307605953	750	23.642803319109742	0.0	384505	2154.4100871293913	0.75
23904.160922512725	1850	21.758188412338253	0.0	886255	5884.614906771491	0.75
23910.28533210579	1850	19.63377881927484	0.0	973972	6124.409593063411	1.85
23916.056601117594	1850	17.862509807469518	0.0	958994	5771.269011805322	1.85
23924.351083635574	1850	13.568027289488283	0.0	982064	8294.482517981236	1.85
23929.745996748537	1850	12.173114176526134	0.0	830730	5394.91311296215	1.85
23935.88777706166	1850	10.031333863404935	0.0	846370	6141.780313121199	1.85

