8898.145213720612	750	4.0	2.566216384271528	450283	2566.216384271528	0.5	-10.28473045236757
8900.053980417462	750	6.09123330315046	0.0	398865	1908.7666968495396	0.5	0.75
8901.27180663874	750	8.873407081871683	0.0	350812	1217.8262212787765	0.5	0.75
8903.390333852072	1200	10.754879868541119	0.0	617681	2118.5272133305643	0.5	0.75
8905.410974217431	1200	12.73423950318014	0.0	652874	2020.6403653609782	0.5	1.2
8908.055808735995	1850	14.08940498461783	0.0	801058	2644.8345185623084	0.5	1.2000000000000002
8911.185729731651	1850	14.959483988961104	0.0	905515	3129.920995656728	0.5	1.85
8914.650561628809	1850	15.494652091803353	0.0	1060487	3464.8318971577505	0.5	1.85
8920.901280644588	2850	13.243933076024835	0.0	1348011	6250.719015778518	0.5	1.85
8926.506590558345	2850	11.638623162268939	0.0	1429765	5605.309913755895	0.5	2.85
8931.868803342524	2850	10.276410378089182	0.0	1354548	5362.212784179757	0.5	2.85
8935.814224863661	1850	10.33098885695328	0.0	917428	3945.4215211359024	0.5	0.8500000000000001
8940.750035948484	1850	9.395177772131728	0.0	946851	4935.811084821551	0.5	1.85
8946.237859153789	1850	7.907354566826023	0.0	1036454	5487.823205305705	0.5	1.85
8951.578658052118	1850	6.566555668496294	0.0	821631	5340.798898329729	0.5	1.85
8958.851093857193	1200	4.0	0.7058801365787721	587876	7272.435805075066	0.5	-2.4852845872887204
8960.06139436881	300	6.78969948838473	0.0	143509	1210.30051161527	0.5	-0.6000000000000001
8961.282092563804	300	9.5690012933891	0.0	150616	1220.698194995631	0.5	0.3
8962.686042873098	300	12.165050984095798	0.0	165384	1403.9503092933014	0.5	0.3
8964.058932608865	300	14.792161248327993	0.0	140881	1372.8897357678047	0.5	0.3
8965.594202265283	300	17.256891591910797	0.0	157671	1535.269656417195	0.5	0.3
8970.38363887436	750	16.467454982835054	0.0	399894	4789.436609075744	0.5	0.3
8974.668263535916	750	16.182830321280065	0.0	401853	4284.62466155499	0.5	0.75
8977.307022189589	750	17.544071667605778	0.0	343800	2638.7586536742856	0.5	0.75
8979.440736168353	750	19.410357688841707	0.0	359903	2133.7139787640713	0.5	0.75
8981.645000468343	750	21.20609338885089	0.0	379700	2204.2642999908217	0.5	0.75
8985.2329952393	1200	21.618098617895754	0.0	696376	3587.9947709551348	0.5	0.75
8987.582491537185	1200	23.26860232000971	0.0	487160	2349.496297886046	0.5	1.2
8992.104569022697	1850	22.74652483449937	0.0	972798	4522.07748551034	0.5	1.2000000000000002
8997.225959766716	1850	21.62513409048083	0.0	975811	5121.390744018536	0.5	1.85
9002.48695645969	1850	20.364137397506713	0.0	873429	5260.996692974117	0.5	1.85
9008.469007775335	1850	18.382086081861743	0.0	954453	5982.0513156449715	0.5	1.85
9018.775495999618	1850	12.075597857579668	0.0	885062	10306.488224282077	0.5	1.85
9022.130866399997	750	12.720227457199012	0.0	412837	3355.370400380655	0.5	-0.3500000000000001
9024.739994802667	750	14.111099054530204	0.0	401088	2609.1284026688095	0.5	0.75
9026.91942996727	750	15.931663889925202	0.0	365161	2179.435164605	0.5	0.75
9029.53041026622	750	17.320683590978042	0.0	321064	2610.9802989471605	0.5	0.75
9032.419529719178	750	18.43156413801873	0.0	361565	2889.1194529593117	0.5	0.75
9035.12343976732	750	19.7276540898774	0.0	378327	2703.910048141329	0.5	0.75
9040.007374194207	1200	18.84371966299115	0.0	587506	4883.93442688625	0.5	0.75
9044.517391603185	1200	18.333702254013847	0.0	566904	4510.017408977302	0.5	1.2
9051.022616124197	1200	15.82847773300128	0.0	641452	6505.224521012565	0.5	1.2
9057.13198223266	1200	13.719111624538881	0.0	599477	6109.3661084624	0.5	1.2
9061.712262448287	1200	13.138831408912942	0.0	634861	4580.280215625939	0.5	1.2
9068.05561726677	1200	10.795476590431106	0.0	630203	6343.354818481835	0.5	1.2
9075.77292144273	1200	7.078172414468901	0.0	638661	7717.304175962205	0.5	1.2
9078.82294119624	750	8.028152660958575	0.0	331053	3050.0197535103257	0.5	0.3
9082.977076682995	750	7.874017174202705	0.0	314107	4154.135486755871	0.5	0.75

