492.91898466868963	750	4.0	2.3226168467032533	450283	2322.6168467032535	-9.237252440823989
493.9348319579372	300	6.984152710752376	0.0	155580	1015.8472892476235	-0.15000000000000002
495.0729037900369	300	9.84608087865267	0.0	139857	1138.0718320997075	0.3
496.2233013567886	300	12.69568331190099	0.0	155432	1150.3975667516793	0.3
497.37588222788924	300	15.543102440800322	0.0	163442	1152.5808711006675	0.3
498.18666742995356	300	18.732317238735988	0.0	126289	810.7852020643321	0.3
499.2185390036658	300	21.70044566502379	0.0	153295	1031.8715737122013	0.3
500.4768847933769	300	24.442099875312685	0.0	173849	1258.345789711103	0.3
501.77696090363605	300	27.14202376505354	0.0	150710	1300.0761102591425	0.3
503.027190347295	300	29.891794321394606	0.0	139105	1250.2294436589345	0.3
504.33777011382773	300	32.58121455486189	0.0	141840	1310.5797665327186	0.3
506.0378556128523	300	34.88112905583729	0.0	156148	1700.0854990245946	0.3
507.5426798742209	300	37.37630479446875	0.0	160746	1504.8242613685434	0.3
510.20084562161645	300	38.71813904707317	0.0	179801	2658.1657473955775	0.3
512.454918739288	300	40.46406592940161	0.0	140051	2254.0731176715594	0.3
516.1403383715857	300	40.77864629710396	0.0	138313	3685.4196322976572	0.3
519.3689193867176	300	41.550065281972	0.0	143509	3228.581015131951	0.3
520.8192009848448	300	44.09978368384478	0.0	150616	1450.2815981272277	0.3
522.3690611030156	300	46.549923565674	0.0	165384	1549.8601181707763	0.3
523.5399453001644	300	49.37903936852521	0.0	140881	1170.8841971487848	0.3
524.7723487384994	300	52.146635930190136	0.0	157671	1232.4034383350752	0.3
526.1436394426752	300	54.775345226014394	0.0	157812	1371.2907041757444	0.3
527.4623347151189	300	57.45664995357069	0.0	163927	1318.695272443705	0.3
529.1563728979606	300	59.6326142610161	0.0	137654	1324.0356925545846	0.3
532.8374078419085	300	59.93209803898569	0.0	146754	1700.5162220304092	0.3
535.8969135462464	300	59.92760459542546	0.0	153938	2004.4934435602352	0.3
538.6858485222132	300	59.60064316153104	0.0	181901	1826.9614338944239	0.3
540.5047986670637	300	59.81715492214185	0.0	111155	783.4882393891793	0.3
542.473434463706	300	59.56556797180139	0.0	153605	1251.5869503404579	0.3
544.3795690674448	300	59.92602509783291	0.0	149029	1139.5428739684796	0.3
547.0318823440024	300	59.72316429583932	0.0	157421	1202.8608019935934	0.3
549.3934188771815	300	59.51212223313169	0.0	157488	1711.0420627076276	0.3
552.0039600607032	300	59.74709887185665	0.0	143881	1265.0233612750385	0.3
553.6582309000385	300	59.69272246821227	0.0	163444	1554.3764036443843	0.3
557.6312183354488	300	59.719735032802056	0.0	179328	2472.987435410217	0.3
560.8671753648244	300	59.57819743461478	0.0	159914	2141.537598187276	0.3
562.3543580827674	300	59.76181574828757	0.0	131610	1316.3816863272084	0.3
564.0225667834842	300	59.50311188513696	0.0	124011	1258.7038631506066	0.3
567.6369751776275	300	59.59066012594842	0.0	144254	1912.4517591885422	0.3
569.3326486458316	300	59.57880168547376	0.0	149991	1511.8584404746532	0.3
570.8092503033139	300	59.79240846584738	0.0	147968	786.3932196263842	0.3
572.033781070885	300	59.72024719598974	0.0	161857	1072.161269857634	0.3
573.1523107333792	300	59.73216719959942	0.0	145210	988.0799963903266	0.3
577.0376861721319	300	59.729704275274976	0.0	172312	2002.4629243244383	0.3
579.4552238481488	300	59.832391660980704	0.0	167025	1397.312614294274	0.3
580.8946501662979	300	59.947791042267376	0.0	160064	1384.6006187133346	0.3
582.4895041685982	300	59.657776871835196	0.0	137507	1290.0141704321773	0.3
583.9227424564708	300	59.63857768183287	0.0	118421	1019.1991900023229	0.3

