4769.036479939873	750	4.0	2.7720774829579558	450283	2772.077482957956	-11.169933176719208
4771.589417574598	750	5.44706236527567	0.0	398865	2552.9376347243297	0.75
4773.330486999212	750	7.705992940661611	0.0	350812	1741.069424614059	0.75
4774.791538413364	750	10.2449415265102	0.0	382355	1461.0514141514122	0.75
4776.917683999239	1200	12.118795940635222	0.0	652874	2126.1455858749778	0.75
4779.2979214081	1200	13.73855853177371	0.0	520315	2380.23740886151	1.2
4780.889548104004	1200	16.146931835869886	0.0	561791	1591.6266959038262	1.2
4786.170540658766	1850	14.86593928110775	0.0	1060487	5280.992554762136	1.2000000000000002
4791.160457642019	1850	13.876022297855656	0.0	852833	4989.916983252094	1.85
4799.529245239241	1850	9.507234700633363	0.0	913888	8368.787597222292	1.85
4803.723622787405	1200	9.312857152469547	0.0	607410	4194.377548163818	0.5499999999999999
4810.0873280327405	1200	6.949151907133852	0.0	594078	6363.705245335695	1.2
4817.179752592032	750	4.0	0.1432726521575678	386351	7092.42455929142	-0.3160724042775415
4819.883045831264	750	5.296706760767625	0.0	434409	2703.2932392323746	0.75
4821.431555143357	750	7.748197448674419	0.0	337059	1548.5093120932072	0.75
4823.0054141101045	750	10.174338481927382	0.0	366214	1573.8589667470358	0.75
4824.492010973518	750	12.687741618514	0.0	360831	1486.5968634133824	0.75
4825.558525943284	750	15.6212266487481	0.0	372963	1066.5149697658987	0.75
4833.5961868563145	1850	11.583565735717944	0.0	987708	8037.660913030156	0.75
4835.996875642978	1200	13.182876949055064	0.0	586839	2400.6887866628804	0.5499999999999999
4837.750088843051	1200	15.429663748981783	0.0	601738	1753.2132000732825	1.2
4840.432379560506	1850	16.747373031527577	0.0	955231	2682.290717454209	1.2000000000000002
4842.839869007259	1850	18.339883584774913	0.0	968026	2407.4894467526633	1.85
4845.3482001723705	1850	19.831552419663502	0.0	874175	2508.331165111412	1.85
4848.531595073058	1850	20.648157518975577	0.0	897976	3183.394900687926	1.85
4857.123336480132	1850	16.056416111901623	0.0	905935	8591.741407073952	1.85
4868.3086105767115	1850	8.871142015322208	0.0	1076599	11185.274096579415	1.85
4880.3909668520655	1200	4.0	3.2112142600312126	487160	12082.35627535342	-13.258221318134215
4883.538263954026	750	4.852702898039073	0.0	400396	3147.2971019609263	0.3
4884.528748086277	300	7.862218765787794	0.0	149029	990.4841322512784	-0.15000000000000002
4885.466104112528	300	10.924862739536696	0.0	157421	937.3560262510995	0.3
4886.303352576687	300	14.087614275377504	0.0	157488	837.2484641591927	0.3
4887.988853517438	750	16.402113334627547	0.0	369834	1685.5009407499604	0.3
4890.279831774353	1200	18.11113507771171	0.0	670129	2290.9782569158347	0.75
4893.0791375621	1200	19.311829289965207	0.0	690253	2799.3057877465058	1.2
4895.190957467939	1200	21.200009384125003	0.0	598727	2111.8199058402047	1.2
4899.245118305879	1850	21.14584854618481	0.0	728962	4054.160837940194	1.2000000000000002
4903.410391365407	1850	20.980575486657827	0.0	938587	4165.273059526979	1.85
4907.216098246657	1850	21.17486860540881	0.0	908665	3805.706881249017	1.85
4910.937385673281	1850	21.45358117878413	0.0	930577	3721.287426624679	1.85
4914.628874447211	1850	21.76209240485339	0.0	858450	3691.4887739307387	1.85
4917.947304324602	1200	22.44366252746329	0.0	641452	3318.4298773901023	0.5499999999999999
4921.570532001593	1850	22.820434850472306	0.0	886255	3623.2276769909845	1.2000000000000002
4924.759829769481	1850	23.631137082584377	0.0	973972	3189.29776788793	1.85
4927.944961717704	1850	24.446005134361208	0.0	958994	3185.1319482231693	1.85
4931.809078302903	1850	24.58188854916208	0.0	982064	3864.116585199123	1.85
4935.24949838475	1850	25.14146846731479	0.0	830730	3440.4200818472927	1.85
4939.513416863148	1850	24.877549988917554	0.0	846370	4263.918478397234	1.85

