3650.7665763536625	750	4.0	8.215266709904062	450283	8215.266709904063	-34.57564685258747
3653.7956382000843	300	4.97093815357864	0.0	155580	3029.0618464213608	-0.15000000000000002
3656.2493049819514	300	6.517271371711869	0.0	139857	2453.6667818667706	0.3
3658.405254675806	300	8.361321677856907	0.0	155432	2155.9496938549614	0.3
3660.534659388496	300	10.231916965167043	0.0	163442	2129.404712689864	0.3
3662.108425783765	300	12.658150569897952	0.0	126289	1573.7663952690905	0.3
3663.473743000713	300	15.292833352949737	0.0	153295	1365.3172169482154	0.3
3665.052962691603	300	17.713613662059643	0.0	173849	1579.2196908900933	0.3
3666.397362631918	300	20.369213721744813	0.0	150710	1344.3999403148302	0.3
3667.596958491846	300	23.169617861816537	0.0	139105	1199.5958599282799	0.3
3668.7761444313214	300	25.990431922341035	0.0	141840	1179.1859394755	0.3
3672.5352900381463	750	26.231286315516456	0.0	405134	3759.145606824579	0.3
3676.6210874069707	750	26.145488946692073	0.0	386351	4085.7973688243846	0.75
3679.009100667977	300	27.757475685685858	0.0	179801	2388.013261006215	-0.15000000000000002
3680.437707664829	300	30.328868688833854	0.0	140051	1428.6069968520073	0.3
3681.71356552478	300	33.05301082888268	0.0	138313	1275.8578599511832	0.3
3684.5903839926923	750	34.1761923609699	0.0	360831	2876.8184679127735	0.3
3688.1002934254434	750	34.6662829282188	0.0	372963	3509.9094327511057	0.75
3693.380692229134	750	33.38588412452839	0.0	405596	5280.398803690403	0.75
3696.0532296001693	750	34.71334675349304	0.0	350713	2672.537371035349	0.75
3699.281385458115	750	35.485190895547085	0.0	386472	3228.1558579459556	0.75
3703.048380544256	750	35.71819580940636	0.0	399894	3766.9950861407287	0.75
3707.8193233527672	750	34.947253000895344	0.0	401853	4770.942808511014	0.75
3710.682005739727	750	36.08457061393546	0.0	343800	2862.6823869598893	0.75
3713.722823998839	750	37.04375235482345	0.0	359903	3040.8182591120167	0.75
3717.393005115186	750	37.37357123847656	0.0	379700	3670.181116346885	0.75
3721.517718542498	750	37.24885781116449	0.0	425781	4124.713427312067	0.75
3724.462712010427	750	38.30386434323564	0.0	277716	2944.9934679288494	0.75
3730.656507675148	750	36.11006867851436	0.0	400396	6193.79566472128	0.75
3736.025345965522	750	34.74123038814045	0.0	400508	5368.838290373911	0.75
3739.3017276510263	750	35.46484870263576	0.0	358218	3276.3816855046857	0.75
3742.4908650500893	750	36.27571130357348	0.0	400322	3189.137399062286	0.75
3745.6739493335517	750	37.09262702011066	0.0	369834	3183.0842834628197	0.75
3749.767386035287	750	36.999190318375796	0.0	412837	4093.4367017348636	0.75
3753.719658986278	750	37.046917367384644	0.0	401088	3952.272950991154	0.75
3756.894618993983	750	37.871957359679215	0.0	365161	3174.9600077054242	0.75
3759.8190644341494	750	38.94751191951309	0.0	321064	2924.4454401661246	0.75
3763.0935018559508	750	39.67307449771148	0.0	361565	3274.437421801613	0.75
3766.7323833838977	750	40.034192969764604	0.0	378327	3638.8815279468768	0.75
3770.494672005212	750	40.271904348450505	0.0	390680	3762.2886213141037	0.75
3774.4072768923515	750	40.359299461311096	0.0	345516	3912.6048871394105	0.75
3778.446653945149	750	40.319922408513676	0.0	384505	4039.3770527974193	0.75
3782.280468088762	750	40.48610826490083	0.0	372093	3833.8141436128394	0.75
3787.087683438724	750	39.67889291493882	0.0	438281	4807.2153499620135	0.75
3794.3824174489123	750	36.384158904750585	0.0	398987	7294.734010188234	0.75
3798.2846787305184	750	36.4818976231444	0.0	393804	3902.2612816061874	0.75
3801.995035051962	750	36.77154130170096	0.0	331053	3710.3563214434434	0.75
3805.4975412483304	750	37.269035105332456	0.0	314107	3502.5061963684993	0.75

