1955.2090821324296	750	4.0	6.619212714537035	450283	6619.212714537035	0.04353519	-27.71261467250925
1957.3200444766806	300	5.8890376557490836	0.0	155580	2110.9623442509164	0.004705182	-0.15000000000000002
1959.1261064804696	300	8.082975651959863	0.0	139857	1806.0620037892206	0.004705182	0.3
1961.8436943915854	300	9.365387740844167	0.0	155432	2717.587911115697	0.004705182	0.3
1964.4598625953156	300	10.749219537113932	0.0	163442	2616.1682037302335	0.004705182	0.3
1966.0589160298725	300	13.150166102556996	0.0	126289	1599.0534345569358	0.005230073	0.3
1968.0826390804186	300	15.126443052010968	0.0	153295	2023.723050546029	0.004705182	0.3
1971.2792291386822	300	15.929852993747614	0.0	173849	3196.590058263353	0.004705182	0.3
1974.3008086917962	300	16.9082734406336	0.0	150710	3021.579553114015	0.004705182	0.3
1976.1774867791457	300	19.03159535328397	0.0	139105	1876.6780873496273	0.004705182	0.3
1978.5137443170702	300	20.695337815359544	0.0	141840	2336.2575379244277	0.004705182	0.3
1980.532062956866	300	22.67701917556383	0.0	156148	2018.3186397957147	0.004705182	0.3
1982.5940582989872	300	24.615023833442507	0.0	160746	2061.9953421213213	0.004879321	0.3
1984.8357312462579	300	26.373350886171785	0.0	179801	2241.6729472707243	0.006392775	0.3
1986.4671665275323	300	28.74191560489749	0.0	140051	1631.435281274297	0.008819678	0.3
1988.1657444771204	300	31.043337655309355	0.0	138313	1698.5779495881313	0.023457598	0.3
1990.249338658554	300	32.9597434738759	0.0	143509	2083.594181433456	0.084586635	0.3
1991.578505647629	300	35.630576484800784	0.0	150616	1329.1669890751227	0.13600838	0.3
1994.8851046096306	750	36.32397752279934	0.0	405596	3306.5989620014457	0.51891905	0.3
1998.600145628111	750	36.60893650431901	0.0	350713	3715.0410184803263	0.004705182	0.75
2002.0095695944906	750	37.19951253793932	0.0	386472	3409.423966379689	0.004705182	0.75
2005.1505031147026	750	38.05857901772734	0.0	399894	3140.9335202119846	0.004705182	0.75
2007.9170179501755	750	39.29206418225437	0.0	401853	2766.514835472971	0.008517723	0.75
2010.7162249904588	750	40.4928571419711	0.0	343800	2799.207040283272	0.058566064	0.75
2013.4025385721084	750	41.806543560321714	0.0	359903	2686.31358164939	0.061490946	0.75
2016.418358268309	750	42.79072386412122	0.0	379700	3015.819696200493	0.44177443	0.75
2019.8550645088958	750	43.35401762353421	0.0	425781	3436.706240587001	0.589567	0.75
2024.7899013289982	1200	42.419180803431935	0.0	487160	4934.836820102285	0.6914849	0.75
2031.7597447844928	1200	39.44933734793743	0.0	622896	6969.843455494503	0.07851759	1.2
2042.2096682692843	1200	32.999413863145826	0.0	641447	10449.923484791601	0.22188598	1.2
2047.7742183065402	750	31.434863825889966	0.0	358218	5564.550037255861	0.35250798	0.3
2051.763402057082	750	31.445680075347962	0.0	400322	3989.183750542005	0.005153156	0.75
2054.518585084239	750	32.69049704819123	0.0	369834	2755.1830271567255	0.015632851	0.75
2058.0385852682284	750	33.17049686420199	0.0	412837	3520.00018398924	0.29784882	0.75
2063.7056490618984	750	31.503433070532	0.0	401088	5667.063793669992	0.5556453	0.75
2069.1768126308134	750	30.032269501616867	0.0	365161	5471.163568915139	0.038387064	0.75
2073.116704112197	750	30.0923780202332	0.0	321064	3939.8914813836655	0.031571146	0.75
2077.5998149024445	750	29.60926722998584	0.0	361565	4483.11079024736	0.01939568	0.75
2081.8652915138123	750	29.343790618618062	0.0	378327	4265.476611367777	0.021898327	0.75
2086.173122025754	750	29.03596010667651	0.0	390680	4307.830511941553	0.07847708	0.75
2090.075746709871	750	29.13333542255921	0.0	345516	3902.624684117301	0.21394515	0.75
2095.9267222077624	750	27.282359924667986	0.0	384505	5850.975497891219	0.22986208	0.75
2101.6477232853777	750	25.561358847052784	0.0	372093	5721.001077615207	0.047661923	0.75
2107.873473027726	750	23.335609104704215	0.0	438281	6225.749742348568	0.02923086	0.75
2113.2749523778098	750	21.934129754620525	0.0	398987	5401.479350083689	0.037617434	0.75
2118.6484555940906	750	20.560626538339427	0.0	393804	5373.503216281095	0.030124744	0.75
2123.466500096989	750	19.742582035441192	0.0	331053	4818.044502898234	0.030779868	0.75
2129.071070583543	750	18.138011548886656	0.0	314107	5604.570486554537	0.011755948	0.75

