24272.29044891928	750	4.0	5.693969597015465	450283	5693.969597015464	-23.734069267166497
24274.093785514455	300	6.1966634048252285	0.0	155580	1803.336595174772	-0.15000000000000002
24277.61923926204	750	6.671209657238485	0.0	350812	3525.4537475867423	0.3
24281.462365187024	750	6.828083732255571	0.0	382355	3843.125924982915	0.75
24285.737524705848	750	6.552924213428134	0.0	411561	4275.159518827437	0.75
24289.104241924	750	7.1862069952798215	0.0	318564	3366.717218148312	0.75
24292.39638617304	750	7.894062746240032	0.0	352642	3292.1442490397894	0.75
24299.745494843475	1200	4.544954075805369	0.0	709534	7349.1086704346635	0.75
24301.524721314516	300	6.765727604763919	0.0	150710	1779.2264710414504	-0.6000000000000001
24303.124024790366	300	9.166424128915843	0.0	139105	1599.3034758480778	0.3
24306.730450850973	750	9.559998068307282	0.0	353220	3606.426060608558	0.3
24308.667193674944	300	11.62325524433606	0.0	156148	1936.742823971223	-0.15000000000000002
24314.212667205393	750	10.0777817138885	0.0	386351	5545.473530447561	0.3
24316.65832732083	300	11.632121598453102	0.0	179801	2445.6601154353975	-0.15000000000000002
24318.34975593458	300	13.940692984701355	0.0	140051	1691.4286137517456	0.3
24319.83788201413	300	16.452566905154903	0.0	138313	1488.1260795464511	0.3
24324.164255700398	750	16.126193218886165	0.0	360831	4326.373686268739	0.3
24326.172118989434	300	18.11832992984962	0.0	150616	2007.8632890365452	-0.15000000000000002
24328.561903795264	300	19.728545124018876	0.0	165384	2389.7848058307454	0.3
24334.265803916427	750	18.024645002854925	0.0	350713	5703.900121163949	0.3
24336.288069205162	300	20.0023797141238	0.0	157671	2022.2652887311228	-0.15000000000000002
24338.279369136497	300	22.01107978278642	0.0	157812	1991.2999313373787	0.3
24340.135555505993	300	24.154893413291486	0.0	163927	1856.1863694949352	0.3
24344.11676007127	750	24.173688848012535	0.0	343800	3981.204565278952	0.3
24346.32576680766	300	25.96468211162452	0.0	146754	2209.006736388016	-0.15000000000000002
24353.509704390148	750	22.780744529131145	0.0	379700	7183.937582493375	0.3
24358.034719060448	300	22.25572985883449	0.0	181901	4525.014670296656	-0.15000000000000002
24360.55204941379	300	23.738399505492932	0.0	111155	2517.3303533415556	0.3
24365.80822228033	750	22.482226638951506	0.0	400396	5256.172866541425	0.3
24370.16678779158	750	22.123661127703553	0.0	400508	4358.565511247954	0.75
24373.35684537205	750	22.933603547232842	0.0	358218	3190.057580470712	0.75
24378.27807651725	750	22.012372402033346	0.0	400322	4921.231145199495	0.75
24382.91881984679	750	21.371629072492826	0.0	369834	4640.743329540519	0.75
24390.726904084357	750	17.56354483492351	0.0	412837	7808.084237569318	0.75
24403.26559752361	750	9.024851395674203	0.0	401088	12538.693439249306	0.75
24407.60508543232	300	8.685363486962867	0.0	159914	4339.487908711335	-0.15000000000000002
24410.180255585285	300	10.11019333399763	0.0	131610	2575.170152965238	0.3
24411.947858096348	300	12.342590822933724	0.0	124011	1767.6025110639061	0.3
24417.65307174777	750	10.63737717151114	0.0	378327	5705.213651422584	0.3
24422.07730441275	750	10.213144506531961	0.0	390680	4424.232664979179	0.75
24424.56284604187	750	11.727602877409634	0.0	345516	2485.541629122326	0.75
24426.80845167819	750	13.481997241087527	0.0	384505	2245.6056363221064	0.75
24429.60619412365	750	14.684254795627588	0.0	372093	2797.7424454599395	0.75
24434.977173642223	1200	13.313275277056709	0.0	634861	5370.979518570878	0.75
24440.190809600062	1200	12.099639319217252	0.0	630203	5213.635957839458	1.2
24446.98671046014	1200	9.30373845913859	0.0	638661	6795.900860078662	1.2
24456.775784320784	1200	4.0	0.48533540150158294	538612	9789.073860640172	-0.8869422264568068
24458.80923429085	300	5.966550029933674	0.0	118421	2033.4499700663262	-0.6000000000000001

