13730.949827098899	750	4.0	1.26305294249572	450283	1263.05294249572	-4.681127652731596
13731.390732043878	300	7.559095055021564	0.0	155580	440.9049449784362	-0.15000000000000002
13732.296199089502	750	10.653628009398217	0.0	350812	905.4670456233465	0.3
13734.373019671719	1200	12.576807427180025	0.0	617681	2076.820582218191	0.75
13738.552728608129	1850	12.397098490770496	0.0	996749	4179.70893640953	1.2000000000000002
13741.398377637786	1850	13.55144946111281	0.0	801058	2845.6490296576844	1.85
13746.269693220102	2850	12.680133878798138	0.0	1388403	4871.315582314672	1.85
13749.825334205474	1850	13.124492893424131	0.0	1060487	3555.6409853740083	0.8500000000000001
13754.876358547004	2850	12.07346855189524	0.0	1348011	5051.02434152889	1.85
13758.393984778528	1850	12.555842320371966	0.0	913888	3517.6262315232766	0.8500000000000001
13762.43935808153	1850	12.510469017368528	0.0	939819	4045.3733030034364	1.85
13766.208326561173	1850	12.741500537725434	0.0	917428	3768.9684796430943	1.85
13769.890866864633	1850	13.058960234265589	0.0	946851	3682.5403034598457	1.85
13775.771188113918	2850	11.178638984980642	0.0	1578343	5880.321249284947	1.85
13778.57527149041	1850	12.374555608488455	0.0	821631	2804.083376492187	0.8500000000000001
13781.863880100083	1850	13.085946998815517	0.0	923170	3288.6086096729377	1.85
13787.172183244977	2850	11.777643853920868	0.0	1491626	5308.3031448946485	1.85
13791.289326359056	1850	11.660500739841368	0.0	885714	4117.143114079501	0.8500000000000001
13795.209947577487	1850	11.739879521410819	0.0	987708	3920.6212184305477	1.85
13798.294188242533	1850	12.655638856364554	0.0	923755	3084.2406650462653	1.85
13801.056035558942	1850	13.893791539954602	0.0	891604	2761.847316409952	1.85
13806.018889559755	2850	12.93093753914241	0.0	1468126	4962.854000812192	1.85
13811.302609954775	1850	11.647217144122507	0.0	968026	5283.720395019905	0.8500000000000001
13814.616614426845	1850	12.333212672052268	0.0	874175	3314.00447207024	1.85
13817.97751762661	1850	12.972309472286208	0.0	897976	3360.90319976606	1.85
13822.764372755573	1850	12.185454343322588	0.0	905935	4786.85512896362	1.85
13828.165108014166	1850	10.784719084729742	0.0	1076599	5400.735258592846	1.85
13831.158285653602	1200	11.79154144529418	0.0	487160	2993.177639435562	0.5499999999999999
13834.474846093995	1850	12.474981004900256	0.0	972798	3316.560440393925	1.2000000000000002
13838.851307287008	1850	12.098519811889073	0.0	975811	4376.461193011181	1.85
13843.374612360136	1850	11.575214738759577	0.0	873429	4523.305073129495	1.85
13847.422121578673	1850	11.5277055202225	0.0	954453	4047.509218537078	1.85
13850.900072221677	1850	12.049754877218039	0.0	885062	3477.950643004463	1.85
13854.460224961518	1850	12.489602137379146	0.0	1035329	3560.1527398388916	1.85
13858.035675558169	1850	12.914151540727392	0.0	1026056	3575.450596651753	1.85
13861.506792651853	1850	13.443034447043743	0.0	943942	3471.11709368365	1.85
13867.165851693453	2850	11.783975405443037	0.0	1139291	5659.059041600704	1.85
13871.335719331848	1850	11.614107767048935	0.0	938587	4169.867638394101	0.8500000000000001
13875.275811598052	1850	11.674015500842936	0.0	908665	3940.092266206001	1.85
13878.786394552766	1850	12.163432546130903	0.0	930577	3510.5829547120343	1.85
13882.20561579366	1850	12.744211305236526	0.0	858450	3419.2212408943756	1.85
13884.94278186619	1850	14.00704523270779	0.0	1025005	2737.166072528735	1.85
13888.978525212846	2850	13.971301886049858	0.0	1343002	4035.7433466579328	1.85
13893.497326036575	2850	13.452501062321732	0.0	1587250	4518.800823728127	2.85
13897.734215850225	2850	13.215611248670486	0.0	1464921	4236.889813651245	2.85
13903.527058871117	2850	11.422768227778572	0.0	1483527	5792.843020891915	2.85
13907.149736164973	1850	11.800090933923585	0.0	830730	3622.6772938549866	0.8500000000000001
13909.616407073074	1850	13.333420025822235	0.0	846370	2466.670908101349	1.85

