20050.850059369906	750	4.0	6.08032816050688	450283	6080.3281605068805	-25.395411090179586
20053.205010870304	300	5.645048499601703	0.0	155580	2354.951500398297	-0.15000000000000002
20058.942890431477	750	4.0	0.0928310615739465	350812	5737.8795611756495	-0.0991735647679699
20061.65510768179	300	5.287782749689917	0.0	155432	2712.2172503100824	-0.15000000000000002
20068.684355443747	750	4.0	1.7414650122671782	411561	7029.2477619570955	-7.188299552748866
20070.21747576273	300	6.466879681015954	0.0	126289	1533.120318984045	-0.15000000000000002
20073.832039838377	750	6.85231560536741	0.0	352642	3614.5640756485445	0.3
20077.73691473357	750	6.947440710175573	0.0	437162	3904.874895191837	0.75
20080.931700633097	750	7.752654810649826	0.0	374758	3194.7858995257475	0.75
20082.120901569615	300	10.56345387413022	0.0	139105	1189.2009365196047	-0.15000000000000002
20085.256852420294	750	11.427503023454955	0.0	353220	3135.950850675265	0.3
20089.502990945963	750	11.181364497788243	0.0	405134	4246.138525666714	0.75
20091.105541777204	300	13.578813666546479	0.0	160746	1602.5508312417635	-0.15000000000000002
20096.056613000666	750	12.627742443084509	0.0	434409	4951.071223461969	0.3
20098.95940325094	300	13.724952192810935	0.0	140051	2902.7902502735737	-0.15000000000000002
20101.361880721783	300	15.322474721968263	0.0	138313	2402.4774708426717	0.3
20103.592826896336	300	17.091528547415145	0.0	143509	2230.9461745531166	0.3
20105.838114680675	300	18.846240763078438	0.0	150616	2245.2877843367105	0.3
20111.60874035538	750	17.07561508837416	0.0	405596	5770.625674704276	0.3
20114.270771636006	300	18.413583807748626	0.0	140881	2662.031280625536	-0.15000000000000002
20117.328998208333	300	19.355357235422378	0.0	157671	3058.226572326247	0.3
20119.041688883313	300	21.642666560443796	0.0	157812	1712.6906749785858	0.3
20121.12504329198	300	23.559312151774375	0.0	163927	2083.35440866942	0.3
20123.947586673192	300	24.736768770563287	0.0	137654	2822.5433812110873	0.3
20126.539052446264	300	26.145302997491136	0.0	146754	2591.465773072153	0.3
20132.2685411397	750	24.415814304057616	0.0	379700	5729.488693433524	0.3
20138.127278268472	750	22.557077175284082	0.0	425781	5858.737128773531	0.75
20139.445639641435	300	25.23871580232128	0.0	111155	1318.3613729628023	-0.15000000000000002
20143.118579578648	750	25.565775865105746	0.0	400396	3672.9399372155362	0.3
20147.522192923545	750	25.162162520210373	0.0	400508	4403.613344895372	0.75
20154.009010692746	750	22.675344751009685	0.0	358218	6486.8177692006875	0.75
20162.80043110365	750	17.88392434010576	0.0	400322	8791.420410903924	0.75
20170.298425272882	750	14.385930170875634	0.0	369834	7497.994169230127	0.75
20174.274456329782	300	14.409899113977003	0.0	163444	3976.031056898631	-0.15000000000000002
20178.45643304671	300	14.227922397047271	0.0	179328	4181.976716929733	0.3
20184.71636101542	750	11.967994428337759	0.0	365161	6259.927968709512	0.3
20187.22302287086	300	13.46133257289786	0.0	131610	2506.6618554398997	-0.15000000000000002
20194.463181932973	750	10.221173510785913	0.0	361565	7240.159062111947	0.3
20196.421648025615	300	12.262707418146324	0.0	144254	1958.46609263959	-0.15000000000000002
20201.901559105496	750	10.78279633826345	0.0	390680	5479.911079882873	0.3
20207.495468484143	750	9.188886959615543	0.0	345516	5593.909378647908	0.75
20214.27259201108	750	6.41176343268029	0.0	384505	6777.123526935252	0.75
20219.602301896288	750	5.082053547471639	0.0	372093	5329.709885208651	0.75
20223.95900423008	750	4.7253512136780635	0.0	438281	4356.702333793575	0.75
20227.42192927173	750	5.26242617202678	0.0	398987	3462.925041651284	0.75
20230.75747168473	750	5.926883759027458	0.0	393804	3335.542412999321	0.75
20233.638938634263	750	7.045416809495178	0.0	331053	2881.466949532279	0.75
20239.281776595137	1200	5.402578848621153	0.0	550906	5642.837960874025	0.75

