9871.123636556147	750	4.0	4.997202366246414	450283	4997.202366246414	-20.73797017485958
9873.276998306434	300	5.846638249714482	0.0	155580	2153.3617502855177	-0.15000000000000002
9876.395150419921	300	6.728486136226441	0.0	139857	3118.1521134880413	0.3
9880.766767176297	300	6.35686937985117	0.0	155432	4371.6167563752715	0.3
9885.194989667369	300	5.928646888778943	0.0	163442	4428.222491072226	0.3
9888.246346707398	300	6.877289848750208	0.0	126289	3051.3570400287354	0.3
9890.867726876753	300	8.255909679394989	0.0	153295	2621.38016935522	0.3
9892.571745715615	300	10.551890840533298	0.0	173849	1704.0188388616891	0.3
9894.05239584125	300	13.071240714897634	0.0	150710	1480.6501256356646	0.3
9895.407411660275	300	15.716224895873086	0.0	139105	1355.0158190245468	0.3
9896.909094210325	300	18.214542345823435	0.0	141840	1501.6825500496527	0.3
9900.211093900452	750	18.91254265569475	0.0	405134	3301.9996901286877	0.3
9903.264662896154	750	19.858973659993868	0.0	386351	3053.5689957008804	0.75
9906.510967121649	750	20.612669434498542	0.0	434409	3246.3042254953275	0.75
9908.804061138015	750	22.319575418133336	0.0	337059	2293.094016365205	0.75
9910.952336770872	750	24.171299785277487	0.0	366214	2148.275632855851	0.75
9912.632201382377	750	26.49143517377031	0.0	360831	1679.8646115071767	0.75
9915.600937920928	1200	27.522698635220546	0.0	581493	2968.7365385497665	0.75
9918.705060913517	1200	28.41857564263239	0.0	639204	3104.1229925881576	1.2
9924.773303865839	1850	26.350332690309223	0.0	923755	6068.242952323168	1.2000000000000002
9929.191122136705	1200	25.93251441944412	0.0	601738	4417.818270865105	0.5499999999999999
9933.725460462158	1200	25.398176093991278	0.0	616206	4534.338325452842	1.2
9938.317139892784	1200	24.806496663363017	0.0	656471	4591.679430628262	1.2
9941.999224719593	750	25.124411836554525	0.0	343800	3682.0848268084915	0.3
9947.724409179651	750	23.39922737649793	0.0	359903	5725.184460056597	0.75
9953.976911609032	750	21.146724947117324	0.0	379700	6252.502429380605	0.75
9957.231502808885	300	21.892133747263053	0.0	181901	3254.5911998542724	-0.15000000000000002
9959.850069215106	300	23.273567341042586	0.0	111155	2618.5664062204664	0.3
9963.619916429423	300	23.503720126726332	0.0	153605	3769.8472143162503	0.3
9967.197890198693	300	23.925746357455658	0.0	149029	3577.973769270677	0.3
9970.613202154778	300	24.510434401371313	0.0	157421	3415.3119560843443	0.3
9973.126962647948	300	25.996673908200272	0.0	157488	2513.7604931710416	0.3
9976.003987265238	300	27.11964929090932	0.0	143881	2877.024617290953	0.3
9979.79797945109	300	27.325657105056834	0.0	163444	3793.992185852484	0.3
9984.394961225467	300	26.72867533067934	0.0	179328	4596.981774377494	0.3
9987.99841327645	300	27.125223279696606	0.0	159914	3603.4520509827325	0.3
9990.466876559516	300	28.65675999662935	0.0	131610	2468.463283067258	0.3
9992.315296768427	300	30.808339787718538	0.0	124011	1848.4202089108126	0.3
9997.605681296145	750	29.51795526000047	0.0	378327	5290.384527718068	0.3
10001.888531825272	750	29.23510473087401	0.0	390680	4282.850529126458	0.75
10006.364745939081	750	28.75889061706465	0.0	345516	4476.214113809356	0.75
10012.795036920288	750	26.328599635858502	0.0	384505	6430.290981206146	0.75
10014.998592946347	300	28.125043609801118	0.0	145210	2203.556026057382	-0.15000000000000002
10016.681861687117	300	30.44177486903139	0.0	172312	1683.2687407697276	0.3
10019.31843372368	750	31.80520283246633	0.0	398987	2636.5720365650623	0.3
10022.124683386983	750	32.998953169163606	0.0	393804	2806.249663302724	0.75
10025.79762925431	1200	33.32600730183722	0.0	538612	3672.945867326389	0.75
10029.914721419895	1200	33.20891513625196	0.0	550906	4117.092165585257	1.2

