5694.8139583418515	750	4.0	3.974865311257283	450283	3974.865311257283	-16.341920838406317
5695.9910773652755	300	6.822880976576757	0.0	155580	1177.1190234232433	-0.15000000000000002
5696.873267188228	300	9.94069115362493	0.0	139857	882.1898229518268	0.3
5697.879746759241	300	12.934211582611233	0.0	155432	1006.4795710136967	0.3
5700.078457406804	750	14.735500935048588	0.0	411561	2198.710647562646	0.3
5702.408249814013	1200	16.405708527839447	0.0	520315	2329.7924072091396	0.75
5704.941971824649	1200	17.871986517203947	0.0	561791	2533.7220106355016	1.2
5708.926731395329	1200	17.88722694652457	0.0	709534	3984.759570679374	1.2
5711.998058180821	1200	18.815900161031546	0.0	584846	3071.326785493023	1.2
5714.702362731239	1200	20.111595610613453	0.0	560821	2704.3045504180945	1.2
5717.778531817384	1200	21.035426524468267	0.0	607410	3076.169086145183	1.2
5720.626161068992	1200	22.187797272860397	0.0	594078	2847.629251607871	1.2
5723.676284705982	1200	23.13767363587028	0.0	624282	3050.1236369901153	1.2
5727.571524174403	1200	23.24243416744985	0.0	687371	3895.2394684204287	1.2
5730.328714154293	1200	24.485244187559424	0.0	526950	2757.1899798904287	1.2
5733.360707012506	1200	25.453251329346212	0.0	587876	3031.9928582132106	1.2
5736.197356191756	1200	26.616602150096966	0.0	617242	2836.6491792492434	1.2
5738.649936147908	1200	28.164022193944408	0.0	581493	2452.5799561525573	1.2
5743.168433653638	1850	27.645524688214245	0.0	987708	4518.497505730163	1.2000000000000002
5748.287517123805	1850	26.526441218047626	0.0	923755	5119.08347016662	1.85
5751.298611461011	1200	27.515346880841076	0.0	601738	3011.094337206548	0.5499999999999999
5754.231566023961	1200	28.582392317891298	0.0	616206	2932.954562949776	1.2
5758.18870725972	1850	28.62525108213175	0.0	968026	3957.141235759548	1.2000000000000002
5761.175731417074	1850	29.638226924778422	0.0	874175	2987.0241573533317	1.85
5764.398399776814	1850	30.415558565038744	0.0	897976	3222.6683597396777	1.85
5767.728749034665	1850	31.085209307187135	0.0	905935	3330.3492578516075	1.85
5774.1153054924835	2850	28.698652849369775	0.0	1547572	6386.556457817357	1.85
5777.8711138886965	1850	28.942844453155786	0.0	758197	3755.8083962139895	0.8500000000000001
5782.8855860544845	1850	27.928372287368074	0.0	972798	5014.4721657877135	1.85
5787.100215036822	1850	27.71374330502965	0.0	975811	4214.628982338424	1.85
5790.87232787532	1850	27.941630466531898	0.0	873429	3772.112838497751	1.85
5799.2326336460665	1850	23.581324695785657	0.0	954453	8360.30577074624	1.85
5804.003498297544	1200	22.810460044307366	0.0	584349	4770.864651478294	0.5499999999999999
5807.8534794418165	1200	22.96047890003461	0.0	670129	3849.9811442727537	1.2
5811.835638422069	1200	22.978319919782066	0.0	690253	3982.158980252545	1.2
5813.889452888815	750	24.924505453036048	0.0	365161	2053.8144667460188	0.3
5816.697410744371	1200	26.116547597479435	0.0	487812	2807.9578555566104	0.75
5820.742794751484	1200	26.07116359036659	0.0	575591	4045.3840071128448	1.2
5825.609858582362	1200	25.204099759489097	0.0	605884	4867.063830877495	1.2
5833.909778357485	1200	20.90417998436575	0.0	587506	8299.919775123346	1.2
5836.788293819039	750	22.025664522812296	0.0	345516	2878.515461553457	0.3
5839.808892491555	750	23.00506585029692	0.0	384505	3020.598672515373	0.75
5842.574760686408	750	24.23919765544352	0.0	372093	2765.8681948533986	0.75
5847.3438820718775	750	23.47007626997385	0.0	438281	4769.121385469674	0.75
5852.507336492354	750	22.306621849497194	0.0	398987	5163.454420476653	0.75
5857.069092398554	750	21.74486594329677	0.0	393804	4561.755906200425	0.75
5859.566503784436	750	23.247454557414827	0.0	331053	2497.4113858819437	0.75
5861.831024855651	750	24.982933486199524	0.0	314107	2264.521071215304	0.75

