3158.997538390733	750	4.0	3.9247822452337946	450283	3924.7822452337946	-16.126563654505315
3160.3489346839483	300	6.648603706784821	0.0	155580	1351.3962932151785	-0.15000000000000002
3161.401071747958	300	9.596466642774697	0.0	139857	1052.1370640101254	0.3
3162.7841973746295	300	12.213341016103536	0.0	155432	1383.1256266711605	0.3
3164.2222700970237	300	14.775268293708956	0.0	163442	1438.0727223945805	0.3
3165.1590283558858	300	17.838510034847047	0.0	126289	936.7582588619088	0.3
3167.615698681791	750	19.381839708942056	0.0	352642	2456.6703259049905	0.3
3170.172960597262	750	20.824577793471175	0.0	437162	2557.2619154708864	0.75
3172.2622938406253	750	22.735244550107776	0.0	374758	2089.3332433633973	0.75
3174.453037319091	750	24.544501071641903	0.0	362795	2190.743478465872	0.75
3177.1793390649345	750	25.81819932579834	0.0	353220	2726.301745843564	0.75
3181.340151789725	750	25.657386601008085	0.0	405134	4160.812724790252	0.75
3183.5973476485024	750	27.400190742230606	0.0	386351	2257.1958587774798	0.75
3185.9117650189482	750	29.0857733717848	0.0	434409	2314.417370445809	0.75
3188.4625255530177	750	30.535012837715108	0.0	337059	2550.7605340696896	0.75
3191.751605528699	750	31.245932862033595	0.0	366214	3289.0799756815154	0.75
3196.4562378386913	750	30.5413005520415	0.0	360831	4704.6323099920955	0.75
3200.8707750985077	750	30.126763292224897	0.0	372963	4414.537259816605	0.75
3205.527953127561	750	29.469585263171314	0.0	405596	4657.178029053584	0.75
3207.0339411199657	300	31.96359727076662	0.0	140881	1505.9879924046943	-0.15000000000000002
3208.6306654836308	300	34.366872907101296	0.0	157671	1596.7243636653222	0.3
3212.5486138099454	750	34.44892458078668	0.0	399894	3917.948326314606	0.3
3215.807420958301	750	35.19011743243138	0.0	401853	3258.807148355306	0.75
3219.0930590016733	750	35.90447938905899	0.0	343800	3285.638043372383	0.75
3227.171285088303	750	31.826253302429244	0.0	359903	8078.22608662975	0.75
3231.3255571675318	300	31.67198122320031	0.0	153938	4154.272079228931	-0.15000000000000002
3233.7882353485797	300	33.20930304215214	0.0	181901	2462.678181048175	0.3
3235.1403188293075	300	35.857219561424586	0.0	111155	1352.0834807275548	0.3
3237.1180756270414	300	37.87946276369021	0.0	153605	1977.7567977343742	0.3
3239.2878124644863	300	39.709725926245405	0.0	149029	2169.7368374448124	0.3
3243.960544254848	750	39.036994135883276	0.0	358218	4672.731790362127	0.3
3249.103589380172	750	37.89394901056001	0.0	400322	5143.045125323267	0.75
3252.209383158587	750	38.78815523214494	0.0	369834	3105.7937784150713	0.75
3257.0685627144117	750	37.92897567632013	0.0	412837	4859.179555824809	0.75
3262.706584471494	750	36.29095391923812	0.0	401088	5638.021757082012	0.75
3265.8102165629894	750	37.187321827743126	0.0	365161	3103.632091494993	0.75
3271.9961173549436	750	35.00142103578865	0.0	321064	6185.900791954473	0.75
3277.190830596676	750	33.806707794056635	0.0	361565	5194.713241732016	0.75
3279.8258166170704	750	35.171721773661965	0.0	378327	2634.986020394675	0.75
3282.738376574555	750	36.25916181617723	0.0	390680	2912.55995748473	0.75
3284.71710303553	750	38.28043535520247	0.0	345516	1978.7264609747672	0.75
3286.8292861437044	750	40.168252247027574	0.0	384505	2112.1831081748946	0.75
3290.155157916264	1200	40.84238047446753	0.0	599477	3325.8717725600436	0.75
3299.1651883731656	1850	35.83235001756615	0.0	973972	9010.03045690138	1.2000000000000002
3302.2652023465607	1200	36.73233604417137	0.0	630203	3100.0139733947785	0.5499999999999999
3308.658775501698	1200	34.33876288903361	0.0	638661	6393.573155137752	1.2
3310.6753995598942	750	36.322138830837844	0.0	331053	2016.6240581957684	0.3
3313.416897771157	1200	37.58064061957511	0.0	550906	2741.498211262739	0.75

