8866.887134908127	750	4.0	5.8396300502769165	450283	5839.630050276916	-24.36040921619074
8869.127353283873	300	5.759781624254254	0.0	155580	2240.2183757457465	-0.15000000000000002
8870.55544511808	300	8.331689790048644	0.0	139857	1428.0918342056093	0.3
8871.89870401553	300	10.988430892596813	0.0	155432	1343.2588974518294	0.3
8873.331040923955	300	13.556093984173181	0.0	163442	1432.3369084236328	0.3
8876.191892009812	750	14.695242898316847	0.0	318564	2860.8510858563354	0.3
8879.776743189046	750	15.110391719081992	0.0	352642	3584.851179234854	0.75
8883.903180669291	750	14.983954238837205	0.0	437162	4126.437480244787	0.75
8887.50984479002	750	15.377290118109416	0.0	374758	3606.664120727789	0.75
8890.735060082163	750	16.152074825964206	0.0	362795	3225.215292145209	0.75
8894.738058103983	750	16.149076804143245	0.0	353220	4002.9980218209625	0.75
8898.923636040046	750	15.963498868080991	0.0	405134	4185.5779360622555	0.75
8902.231841597328	750	16.655293310800353	0.0	386351	3308.205557280639	0.75
8907.433757651064	750	15.453377257064396	0.0	434409	5201.916053735956	0.75
8912.41816687978	750	14.468968028350558	0.0	337059	4984.409228713838	0.75
8914.164778614666	300	16.72235629346278	0.0	138313	1746.6117348877774	-0.15000000000000002
8915.876198378148	300	19.010936529981322	0.0	143509	1711.4197634814595	0.3
8917.969414907458	300	20.9177200006704	0.0	150616	2093.21652931092	0.3
8920.393881490096	300	22.49325341803378	0.0	165384	2424.4665826366195	0.3
8922.12207554663	300	24.765059361501237	0.0	140881	1728.1940565325467	0.3
8923.716477220827	300	27.170657687304097	0.0	157671	1594.4016741971404	0.3
8927.186882561848	300	27.700252346283403	0.0	157812	3470.4053410206934	0.3
8929.107560303735	300	29.779574604397087	0.0	163927	1920.6777418863167	0.3
8932.96882139886	750	29.91831350927127	0.0	343800	3861.2610951258134	0.3
8937.756417755423	750	29.13071715270779	0.0	359903	4787.596356563484	0.75
8944.001620510044	750	26.885514398087835	0.0	379700	6245.202754619954	0.75
8945.618512384042	300	29.26862252408987	0.0	181901	1616.8918739979617	-0.15000000000000002
8947.453661446943	750	31.43347346118851	0.0	277716	1835.14906290136	0.3
8950.414621855794	750	32.47251305233934	0.0	400396	2960.9604088491733	0.75
8953.389784391658	750	33.497350516474455	0.0	400508	2975.162535864885	0.75
8957.425141619931	1200	33.46199328820051	0.0	570392	4035.3572282739456	0.75
8961.908399219625	1200	32.97873568850816	0.0	620283	4483.257599692346	1.2
8966.143434886968	1200	32.74370002116594	0.0	584349	4235.035667342222	1.2
8971.121779468478	1200	31.76535543965472	0.0	670129	4978.34458151122	1.2
8976.490729645879	1200	30.396405262255946	0.0	690253	5368.950177398774	1.2
8981.989746244624	1200	28.897388663509712	0.0	598727	5499.016598746234	1.2
8988.527157932398	1200	26.359976975735037	0.0	487812	6537.411687774674	1.2
8991.920238735102	750	26.96689617303139	0.0	361565	3393.0808027036474	0.3
8995.057492539154	750	27.829642368978405	0.0	378327	3137.2538040529816	0.75
8997.56455678751	750	29.322578120621902	0.0	390680	2507.064248356503	0.75
9000.00470511722	750	30.882429790913058	0.0	345516	2440.1483297088444	0.75
9005.99726783422	1200	28.88986707391239	0.0	641452	5992.562717000666	0.75
9011.912340901245	1200	26.97479400688866	0.0	599477	5915.0730670237335	1.2
9016.494813050025	750	26.392321858107223	0.0	438281	4582.472148781435	0.3
9019.9079056973	750	26.979229210831704	0.0	398987	3413.092647275522	0.75
9023.722210034171	750	27.164924873961873	0.0	393804	3814.3043368698295	0.75
9026.985102541192	750	27.902032366941054	0.0	331053	3262.8925070208206	0.75
9029.734430038792	750	29.152704869338745	0.0	314107	2749.3274976023085	0.75

