13498.853699461402	750	4.0	4.3779972098671385	450283	4377.997209867139	-18.075388002428696
13500.111977225315	300	6.741722236087304	0.0	155580	1258.2777639126964	-0.15000000000000002
13501.156953058651	300	9.696746402752327	0.0	139857	1044.975833334976	0.3
13502.342000979277	300	12.511698482125855	0.0	155432	1185.0479206264713	0.3
13503.616596898866	300	15.237102562534885	0.0	163442	1274.5959195909713	0.3
13506.14742782354	750	16.706271637861615	0.0	318564	2530.8309246732692	0.3
13508.936659089666	750	17.917040371735002	0.0	352642	2789.231266126614	0.75
13512.269466040225	750	18.584233421175625	0.0	437162	3332.8069505593794	0.75
13514.990469064694	750	19.863230396707696	0.0	374758	2721.0030244679306	0.75
13517.365550865523	750	21.488148595878886	0.0	362795	2375.0818008288065	0.75
13519.700380083072	750	23.153319378331904	0.0	353220	2334.8292175469833	0.75
13522.723663827981	750	24.130035633422057	0.0	405134	3023.283744909849	0.75
13525.647180706812	750	25.206518754591837	0.0	386351	2923.516878830217	0.75
13529.69550329118	750	25.158196170225207	0.0	434409	4048.3225843666287	0.75
13532.969305179746	750	25.884394281659493	0.0	337059	3273.801888565713	0.75
13536.134349525999	750	26.719349935405127	0.0	366214	3165.0443462543667	0.75
13539.610740984024	750	27.24295847738051	0.0	360831	3476.391458024621	0.75
13543.894182635988	750	26.959516825417644	0.0	372963	4283.441651962859	0.75
13549.288261640806	750	25.565437820599808	0.0	405596	5394.079004817839	0.75
13550.771062494752	300	28.082636966653517	0.0	140881	1482.8008539462905	-0.15000000000000002
13552.126699503464	300	30.726999957942375	0.0	157671	1355.637008711143	0.3
13553.606944380193	300	33.24675508121303	0.0	157812	1480.2448767293465	0.3
13556.89517867994	750	33.95852078146655	0.0	401853	3288.2342997464852	0.3
13560.124650354912	750	34.72904910649507	0.0	343800	3229.471674971477	0.75
13563.061589845653	750	35.792109615755464	0.0	359903	2936.9394907396063	0.75
13566.232781453988	750	36.62091800742041	0.0	379700	3171.191608335057	0.75
13569.904681203676	750	36.94901825773152	0.0	425781	3671.8997496888883	0.75
13572.333640340816	750	38.52005912059186	0.0	277716	2428.959137139654	0.75
13575.382553126887	750	39.471146334521634	0.0	400396	3048.912786070228	0.75
13578.282777816461	750	40.57092164494671	0.0	400508	2900.2246895749295	0.75
13583.019421362018	1200	39.83427809938941	0.0	570392	4736.643545557302	0.75
13589.146743545176	1200	37.706955916230804	0.0	620283	6127.3221831586	1.2
13591.741306036933	750	39.1123934244748	0.0	369834	2594.562491756007	0.3
13594.665294459446	750	40.188405001962025	0.0	412837	2923.9884225127753	0.75
13600.316291040268	1200	38.537408421139915	0.0	690253	5650.9965808221095	0.75
13603.906421427195	750	38.94727803421303	0.0	365161	3590.1303869268895	0.3
13608.601495944737	1200	38.25220351667004	0.0	487812	4695.074517542983	0.75
13612.608347067879	750	38.24535239352668	0.0	361565	4006.8511231433677	0.3
13616.397831634991	750	38.455867826415535	0.0	378327	3789.484567111145	0.75
13620.113966026765	750	38.73973343463964	0.0	390680	3716.134391775891	0.75
13623.780055931946	750	39.07364352945976	0.0	345516	3666.0899051798747	0.75
13627.638243954112	750	39.21545550729417	0.0	384505	3858.188022165591	0.75
13631.135096741185	750	39.71860272022263	0.0	372093	3496.8527870715457	0.75
13634.88154718028	750	39.972152281127265	0.0	438281	3746.4504390953557	0.75
13640.201059555568	1200	38.65263990583895	0.0	630203	5319.512375288317	0.75
13646.415281804399	1200	36.43841765700991	0.0	638661	6214.222248829041	1.2
13649.157888906575	750	37.695810554832256	0.0	331053	2742.6071021776493	0.3
13655.430542584692	1200	35.42315687671411	0.0	550906	6272.65367811815	0.75

