16444.47816012242	750	4.0	8.793419615156727	450283	8793.419615156727	-37.06170434517393
16447.47852142968	300	4.999638692742964	0.0	155580	3000.361307257036	-0.15000000000000002
16450.10725806073	300	6.370902061693952	0.0	139857	2628.7366310490115	0.3
16452.58651902518	300	7.89164109724028	0.0	155432	2479.2609644536724	0.3
16454.996505740553	300	9.481654381865631	0.0	163442	2409.9867153746472	0.3
16456.99199120714	300	11.486168915281535	0.0	126289	1995.4854665840983	0.3
16459.26831679633	300	13.209843326092562	0.0	153295	2276.3255891889726	0.3
16461.810972036183	300	14.667188086239829	0.0	173849	2542.655239852732	0.3
16464.03409943077	300	16.44406069165086	0.0	150710	2223.1273945889648	0.3
16466.042364119534	300	18.435796002888004	0.0	139105	2008.2646887628573	0.3
16468.023493960394	300	20.454666162028737	0.0	141840	1981.1298408592681	0.3
16470.116768661333	300	22.36139146108724	0.0	156148	2093.274700941496	0.3
16472.492167109373	300	23.9859930130511	0.0	160746	2375.3984480361405	0.3
16475.348492958077	300	25.129667164346053	0.0	179801	2856.325848705047	0.3
16477.352460215712	300	27.125699906709723	0.0	140051	2003.9672576363284	0.3
16479.86509890624	300	28.61306121618041	0.0	138313	2512.638690529316	0.3
16482.19332785121	300	30.284832271209286	0.0	143509	2328.228944971123	0.3
16484.267089695495	300	32.21107042692549	0.0	150616	2073.7618442838	0.3
16486.63965910448	300	33.83850101794149	0.0	165384	2372.5694089839944	0.3
16488.678979220003	300	35.79918090241856	0.0	140881	2039.3201155229278	0.3
16491.20255047487	300	37.27560964755129	0.0	157671	2523.571254867276	0.3
16494.31527506951	300	38.162885052910696	0.0	157812	3112.7245946405956	0.3
16497.322610763607	300	39.155549358816	0.0	163927	3007.3356940946915	0.3
16499.479730140167	300	40.998429982256795	0.0	137654	2157.119376559213	0.3
16501.47697660057	300	43.00118352185239	0.0	146754	1997.2464604043992	0.3
16503.712341643306	300	44.765818479115175	0.0	153938	2235.365042737222	0.3
16506.343310199143	300	46.13484992328156	0.0	181901	2630.9685558336164	0.3
16508.063137715733	300	48.415022406691016	0.0	111155	1719.8275165905438	0.3
16510.505914071713	300	49.972246050709764	0.0	153605	2442.7763559812547	0.3
16512.88985241487	300	51.588307707551046	0.0	149029	2383.9383431587175	0.3
16515.37803368064	300	53.10012644178254	0.0	157421	2488.181265768504	0.3
16517.979780604303	300	54.49837951811988	0.0	157488	2601.746923662667	0.3
16520.350771249487	300	56.12738887293584	0.0	143881	2370.9906451840466	0.3
16523.064792980957	300	57.41336714146512	0.0	163444	2714.0217314707093	0.3
16525.9110119156	300	58.56714820682249	0.0	179328	2846.2189346426353	0.3
16528.587922222447	300	59.8902378999736	0.0	159914	2676.9103068488907	0.3
16531.85830505178	300	59.641637304748414	0.0	131610	2248.6005952251817	0.3
16535.78629051169	300	59.713651844839696	0.0	124011	1927.985459908719	0.3
16539.131893809983	300	59.530734071350324	0.0	144254	2182.9177734893774	0.3
16541.69510971392	300	59.79046888178395	0.0	149991	1740.265189566374	0.3
16544.536227234476	300	59.8463854976931	0.0	147968	1444.0833840908501	0.3
16548.132670493436	300	59.881680888944544	0.0	161857	1464.7046087485508	0.3
16550.046760943063	300	59.60550507973555	0.0	145210	1776.175809208994	0.3
16553.677077364777	300	59.97518865802359	0.0	172312	2130.3164217119624	0.3
16557.187936644856	300	59.86887445855098	0.0	167025	2106.314199472613	0.3
16560.17687273472	300	59.991678996921046	0.0	160064	2377.1954616299327	0.3
16564.33867729862	300	59.82987443302311	0.0	137507	2661.8045638979356	0.3
16566.54719041546	300	59.68739044167058	0.0	118421	2142.483991352527	0.3

