20063.057400832167	750	4.0	5.84241140162946	450283	5842.41140162946	-24.372369027006677
20064.7906815779	300	6.266719254268797	0.0	155580	1733.2807457312028	-0.15000000000000002
20065.99196964698	300	9.065431185188647	0.0	139857	1201.2880690801505	0.3
20067.293183621765	300	11.76421721040178	0.0	155432	1301.2139747868682	0.3
20068.633251798652	300	14.424149033514515	0.0	163442	1340.0681768872635	0.3
20070.99870268385	750	16.058698148316054	0.0	318564	2365.450885198462	0.3
20073.38307620309	750	17.674324629076867	0.0	352642	2384.3735192391878	0.75
20076.353077825413	750	18.704323006754894	0.0	437162	2970.00162232197	0.75
20078.705121526575	750	20.35227930559364	0.0	374758	2352.0437011612544	0.75
20080.93879344092	750	22.118607391247252	0.0	362795	2233.671914346389	0.75
20084.700967155757	1200	22.356433676409797	0.0	607410	3762.173714837456	0.75
20088.380034545735	1200	22.677366286433557	0.0	594078	3679.0673899762387	1.2
20091.735059379902	1200	23.322341452267548	0.0	624282	3355.0248341660085	1.2
20097.27175928478	1200	21.785641547391506	0.0	687371	5536.699904876041	1.2
20105.183982760085	1200	17.873418072085133	0.0	526950	7912.223475306375	1.2
20109.803410233326	750	17.253990598847057	0.0	366214	4619.427473238076	0.3
20117.355522195016	750	13.701878637159876	0.0	360831	7552.111961687181	0.75
20119.2688872583	300	15.788513573877239	0.0	150616	1913.3650632826377	-0.15000000000000002
20121.09150824517	300	17.965892587004358	0.0	165384	1822.6209868728822	0.3
20122.48036008639	300	20.577040745783858	0.0	140881	1388.8518412204992	0.3
20123.891635097396	300	23.165765734778194	0.0	157671	1411.2750110056677	0.3
20125.406834266767	300	25.65056656540864	0.0	157812	1515.1991693695566	0.3
20129.87468462473	750	25.182716207445303	0.0	401853	4467.850357963333	0.3
20133.186113283773	750	25.8712875484032	0.0	343800	3311.4286590421084	0.75
20136.37460776216	750	26.682793070014274	0.0	359903	3188.4944783889214	0.75
20138.923401021428	750	28.133999810748907	0.0	379700	2548.793259265368	0.75
20141.54122383786	750	29.516176994316538	0.0	425781	2617.82281643237	0.75
20143.25602706486	750	31.801373767315923	0.0	277716	1714.8032270006156	0.75
20145.665288358283	750	33.39211247389366	0.0	400396	2409.261293422259	0.75
20150.118449887446	1200	32.93895094473036	0.0	641447	4453.161529163309	0.75
20152.907748960013	1200	34.149651872163346	0.0	570392	2789.2990725670143	1.2
20156.416607150775	1200	34.64079368140279	0.0	620283	3508.8581907605503	1.2
20161.3961851996	1200	33.66121563257603	0.0	584349	4979.578048826762	1.2
20166.18939804299	1200	32.86800278918921	0.0	670129	4793.2128433868165	1.2
20171.663565352246	1200	31.393835479930903	0.0	690253	5474.167309258309	1.2
20174.369265081743	750	32.68813575043224	0.0	365161	2705.699729498663	0.3
20177.543204275124	750	33.51419655705411	0.0	321064	3173.939193378121	0.75
20180.22228119908	750	34.835119633100426	0.0	361565	2679.0769239536885	0.75
20182.89493653987	750	36.1624642923108	0.0	378327	2672.6553407896236	0.75
20185.171666634982	750	37.88573419719922	0.0	390680	2276.7300951115812	0.75
20187.763152002375	750	39.29424882980242	0.0	345516	2591.4853673968014	0.75
20190.727746557157	750	40.32965427501961	0.0	384505	2964.59455478281	0.75
20193.3387697031	750	41.71863112907998	0.0	372093	2611.023145939634	0.75
20195.850256776695	750	43.207144055483084	0.0	438281	2511.487073596895	0.75
20200.823366962944	1200	42.23403386923531	0.0	630203	4973.110186247775	0.75
20204.667775454145	750	42.38962537803214	0.0	393804	3844.4084912031717	0.3
20208.73743033192	750	42.31997050025606	0.0	331053	4069.654877776082	0.75
20212.239230798576	750	42.818170033601206	0.0	314107	3501.8004666548545	0.75

