23319.949512650885	750	4.0	4.146410706663652	450283	4146.4107066636525	0.5	-17.079566038653706
23321.06981515304	300	6.879697497844862	0.0	155580	1120.3025021551377	0.5	-0.15000000000000002
23322.098758314663	300	9.850754336222511	0.0	139857	1028.9431616223508	0.5	0.3
23323.21970372435	300	12.729808926533472	0.0	155432	1120.945409689039	0.5	0.3
23326.004051176187	750	13.945461474697433	0.0	411561	2784.34745183604	0.5	0.3
23330.143047937057	1200	13.806464713825383	0.0	520315	4138.996760872051	0.5	0.75
23334.449901031177	1200	13.499611619705043	0.0	561791	4306.853094120339	0.5	1.2
23343.112872975365	1200	8.836639675519494	0.0	709534	8662.971944185549	0.5	1.2
23352.004100487247	750	4.0	0.054587836361815786	374758	8891.22751188131	0.5	0.06527230364419218
23353.962740478728	300	6.041360008520691	0.0	139105	1958.6399914793094	0.5	-0.15000000000000002
23355.98784267215	300	8.016257815098687	0.0	141840	2025.1021934220043	0.5	0.3
23358.81235075047	300	9.19174973677823	0.0	156148	2824.508078320457	0.5	0.3
23360.722231447442	300	11.28186903980641	0.0	160746	1909.88069697182	0.5	0.3
23362.353301995423	300	13.65079849182634	0.0	179801	1631.070547980071	0.5	0.3
23363.646349431227	300	16.35775105602157	0.0	140051	1293.0474358047704	0.5	0.3
23364.975307182063	300	19.02879330518534	0.0	138313	1328.9577508362313	0.5	0.3
23368.266680069373	750	19.737420417877306	0.0	360831	3291.372887308032	0.5	0.3
23371.601733622738	750	20.402366864511176	0.0	372963	3335.053553366132	0.5	0.75
23376.605352817453	750	19.398747669794314	0.0	405596	5003.619194716862	0.5	0.75
23383.213725280795	750	16.79037520645205	0.0	350713	6608.372463342259	0.5	0.75
23388.461498118926	750	15.542602368320782	0.0	386472	5247.772838131269	0.5	0.75
23393.42737295725	750	14.57672752999945	0.0	399894	4965.874838321332	0.5	0.75
23399.660118468375	750	12.343982018875142	0.0	401853	6232.745511124309	0.5	0.75
23404.434702164945	750	11.56939832230478	0.0	343800	4774.583696570362	0.5	0.75
23406.65521053324	300	13.348889954005243	0.0	146754	2220.508368299537	0.5	-0.15000000000000002
23410.410206703877	300	13.593893783371165	0.0	153938	3754.9961706340778	0.5	0.3
23416.21510154616	300	11.78899894108669	0.0	181901	5804.894842284472	0.5	0.3
23419.262950763394	300	12.741149723854033	0.0	111155	3047.849217232658	0.5	0.3
23422.454589437362	300	13.549511049886728	0.0	153605	3191.6386739673026	0.5	0.3
23424.146114701627	300	15.857985785621386	0.0	149029	1691.525264265343	0.5	0.3
23426.042827992806	300	17.961272494447176	0.0	157421	1896.713291174207	0.5	0.3
23428.209705166308	300	19.79439532094358	0.0	157488	2166.8771735036003	0.5	0.3
23430.147124021525	300	21.856976465724117	0.0	143881	1937.4188552194612	0.5	0.3
23431.962971016826	300	24.041129470423886	0.0	163444	1815.8469953002302	0.5	0.3
23437.062295873482	750	22.94180461377149	0.0	401088	5099.324856652396	0.5	0.3
23440.826793260007	750	23.177307227244913	0.0	365161	3764.4973865265792	0.5	0.75
23444.355863561424	750	23.64823692582608	0.0	321064	3529.0703014188343	0.5	0.75
23452.052830895962	1200	19.951269591289755	0.0	575591	7696.967334536328	0.5	0.75
23459.51725161536	1200	16.48684887188958	0.0	605884	7464.42071940017	0.5	1.2
23466.943835729602	1200	13.060264757648165	0.0	587506	7426.584114241418	0.5	1.2
23470.8242321506	750	13.179868336650028	0.0	345516	3880.3964209981373	0.5	0.3
23473.63170309013	750	14.372397397118242	0.0	384505	2807.4709395317855	0.5	0.75
23476.210533512985	750	15.79356697426172	0.0	372093	2578.8304228565207	0.5	0.75
23479.958893433875	750	16.04520705337312	0.0	438281	3748.3599208886	0.5	0.75
23483.260055728966	750	16.744044758285636	0.0	398987	3301.1622950874853	0.5	0.75
23486.50335270449	750	17.500747782757934	0.0	393804	3243.2969755276995	0.5	0.75
23493.76206238071	1850	14.242038106540967	0.0	830730	7258.709676216968	0.5	0.75
23501.466042977587	1850	10.538057509662302	0.0	846370	7703.980596878666	0.5	1.85

