12451.843305878963	750	4.0	1.5823407749373364	450283	1582.3407749373364	-6.054065332230546
12452.40504596073	300	7.438259918233034	0.0	155580	561.7400817669663	-0.15000000000000002
12454.008336382702	750	9.834969496261765	0.0	350812	1603.2904219712689	0.3
12456.477593888822	1200	11.365711990142966	0.0	617681	2469.2575061188	0.75
12460.32942206541	1850	11.513883813554445	0.0	996749	3851.828176588521	1.2000000000000002
12463.424595547516	1850	12.418710331447274	0.0	801058	3095.1734821071705	1.85
12467.35101239692	1850	12.492293482042852	0.0	905515	3926.41684940442	1.85
12471.341949540452	1850	12.501356338509567	0.0	1060487	3990.9371435332873	1.85
12475.135125562214	1850	12.708180316749997	0.0	852833	3793.1760217595684	1.85
12478.396755220982	1850	13.446550657982284	0.0	913888	3261.629658767713	1.85
12484.587266496457	2850	11.256039382506327	0.0	1354548	6190.511275475958	1.85
12488.452897097559	1850	11.390408781403513	0.0	917428	3865.6306011028123	0.8500000000000001
12492.892726000815	1850	10.95057987814792	0.0	946851	4439.828903255593	1.85
12495.505880915709	1200	12.337424963255266	0.0	687371	2613.1549148926547	0.5499999999999999
12499.22250261753	1850	12.62080326143567	0.0	821631	3716.6217018195957	1.2000000000000002
12503.111641073026	1850	12.731664805939475	0.0	923170	3889.1384554961955	1.85
12509.69090621493	1850	10.152399664034577	0.0	966699	6579.265141904898	1.85
12512.830047187213	1200	11.013258691752295	0.0	581493	3139.1409722822823	0.5499999999999999
12517.331751035583	1850	10.511554843383227	0.0	987708	4501.7038483690685	1.2000000000000002
12520.828886967318	1200	11.014418911647379	0.0	586839	3497.1359317358474	0.5499999999999999
12528.46185096702	1850	7.381454911946504	0.0	891604	7632.963999700875	1.2000000000000002
12531.18499260107	750	8.658313277897133	0.0	399894	2723.1416340493715	-0.3500000000000001
12535.267576780883	750	8.575729098081696	0.0	401853	4082.584179815436	0.75
12538.609896455935	750	9.233409423031484	0.0	343800	3342.319675050212	0.75
12543.062963732025	1200	8.780342146942008	0.0	587236	4453.067276089476	0.75
12546.2987687815	750	9.544537097466465	0.0	379700	3235.8050494755416	0.3
12551.652924124603	1200	8.190381754363958	0.0	696376	5354.155343102507	0.75
12556.415079124998	750	7.4282267539678255	0.0	277716	4762.155000396134	0.3
12564.283689193999	750	4.0	0.4403833150337014	400396	7868.610069001526	-1.1436482546449158
12565.94220577747	300	6.341483416529184	0.0	149029	1658.5165834708157	-0.15000000000000002
12567.60710086781	300	8.676588326190219	0.0	157421	1664.8950903389664	0.3
12571.505199370005	750	8.778489823992938	0.0	400322	3898.0985021972783	0.3
12576.873672670457	750	7.410016523541731	0.0	369834	5368.473300451208	0.75
12579.98825861273	750	8.295430581269274	0.0	412837	3114.5859422724566	0.75
12582.5477229197	750	9.735966274298162	0.0	401088	2559.4643069711124	0.75
12585.786075054826	1200	10.497614139173173	0.0	598727	3238.3521351249883	0.75
12589.177760832988	1200	11.105928361010928	0.0	487812	3391.6857781622434	1.2
12596.738385506977	1850	7.5453036870227965	0.0	938587	7560.624673988133	1.2000000000000002
12599.07129302126	750	9.212396172739977	0.0	378327	2332.9075142828206	-0.3500000000000001
12602.36703576915	1200	9.916653424850455	0.0	587506	3295.74274788952	0.75
12605.65697204175	1200	10.626717152249391	0.0	566904	3289.936272601065	1.2
12609.934344158692	1200	10.349345035306728	0.0	641452	4277.372116942665	1.2
12613.671023154933	1200	10.612666039066095	0.0	599477	3736.6789962406333	1.2
12618.060276723421	1200	10.223412470577689	0.0	634861	4389.253568488407	1.2
12622.62398772298	1200	9.65970147101955	0.0	630203	4563.710999558139	1.2
12625.641521033484	1200	10.642168160517311	0.0	638661	3017.533310502239	1.2
12630.454315151357	1200	9.829374042641852	0.0	538612	4812.79411787546	1.2
12634.556452124561	1200	9.727237069436931	0.0	550906	4102.136973204921	1.2

