6707.987564553542	750	4.0	3.9127276647253035	450283	3912.7276647253034	-16.074728958318804
6709.419157573649	300	6.568406979893699	0.0	155580	1431.593020106301	-0.15000000000000002
6710.585658326947	300	9.401906226594866	0.0	139857	1166.500753298834	0.3
6711.734103654706	300	12.253460898835879	0.0	155432	1148.4453277589848	0.3
6712.867372290765	300	15.120192262777211	0.0	163442	1133.2686360586692	0.3
6714.70249856953	750	17.28506598401304	0.0	318564	1835.1262787641672	0.3
6716.979523793957	750	19.008040759585654	0.0	352642	2277.0252244273875	0.75
6720.872688589229	750	19.11487596431319	0.0	437162	3893.1647952724666	0.75
6724.584162817091	750	19.40340173645145	0.0	374758	3711.4742278617355	0.75
6728.874089129799	750	19.11347542374349	0.0	362795	4289.926312707962	0.75
6732.368835413971	750	19.61872913957158	0.0	353220	3494.7462841719102	0.75
6733.37919319667	300	22.60837135687264	0.0	156148	1010.3577826989384	-0.15000000000000002
6735.658388340898	750	24.32917621264482	0.0	386351	2279.1951442278178	0.3
6738.297753014356	750	25.689811539186934	0.0	434409	2639.3646734578906	0.75
6740.281862018187	750	27.70570253535607	0.0	337059	1984.1090038308628	0.75
6742.443858843143	750	29.54370571040002	0.0	366214	2161.9968249560497	0.75
6745.882113863766	1200	30.105450689777136	0.0	617242	3438.2550206228857	0.75
6749.460298993032	1200	30.527265560511424	0.0	581493	3578.1851292657116	1.2
6754.131250546676	1200	29.856314006866626	0.0	639204	4670.9515536448	1.2
6757.347568498539	750	30.63999605500395	0.0	350713	3216.317951862675	0.3
6762.469625550772	750	29.51793900277109	0.0	386472	5122.057052232858	0.75
6766.866242144765	750	29.12132240877823	0.0	399894	4396.616593992861	0.75
6772.5909117731135	750	27.39665278043048	0.0	401853	5724.669628347751	0.75
6774.530659836962	300	29.456904716582198	0.0	137654	1939.7480638482798	-0.15000000000000002
6775.742065506359	300	32.245499047185284	0.0	146754	1211.4056693969146	0.3
6778.883470977994	750	33.10409357555064	0.0	379700	3141.4054716346395	0.3
6782.747511598137	750	33.24005295540677	0.0	425781	3864.0406201438764	0.75
6785.186459052415	750	34.8011055011289	0.0	277716	2438.9474542778667	0.75
6788.67399359082	750	35.31357096272357	0.0	400396	3487.534538405328	0.75
6792.310106702015	750	35.67745785152851	0.0	400508	3636.1131111950617	0.75
6796.825734153848	750	35.16183039969548	0.0	358218	4515.627451833023	0.75
6805.006013722595	750	30.981550830948766	0.0	400322	8180.27956874672	0.75
6812.607660532248	750	27.379904021295395	0.0	369834	7601.646809653371	0.75
6816.0759053976735	300	27.911659155870378	0.0	163444	3468.2448654250175	-0.15000000000000002
6819.890026842621	300	28.09753771092249	0.0	179328	3814.1214449478857	0.3
6823.729564143277	300	28.258000410266778	0.0	159914	3839.5373006557115	0.3
6827.642895226407	300	28.344669327136668	0.0	131610	3913.3310831301096	0.3
6832.105208958403	300	27.88235559514172	0.0	124011	4462.3137319949465	0.3
6837.018541287757	300	26.9690232657861	0.0	144254	4913.332329355622	0.3
6839.855998290906	300	28.131566262637055	0.0	149991	2837.4570031490452	0.3
6842.213712101226	300	29.773852452318227	0.0	147968	2357.7138103188254	0.3
6844.618308512467	300	31.369256041077268	0.0	161857	2404.596411240961	0.3
6846.453414487927	300	33.534150065617226	0.0	145210	1835.1059754600358	0.3
6848.13053950891	300	35.85702504463431	0.0	172312	1677.1250209829109	0.3
6851.1275861905215	750	36.85997836302233	0.0	398987	2997.0466816119815	0.3
6855.139439696911	750	36.84812485663302	0.0	393804	4011.853506389312	0.75
6859.396364343851	750	36.591200209692644	0.0	331053	4256.924646940376	0.75
6867.2273943695345	750	32.76017018400974	0.0	314107	7831.030025682906	0.75

