25060.96080613147	750	4.0	1.256359210868177	450283	1256.359210868177	0.004705182	-4.652344606733161
25062.269679564237	750	6.691126567228839	0.0	398865	1308.8734327711609	0.004705182	0.75
25063.511346441563	750	9.449459689903751	0.0	350812	1241.6668773250879	0.004705182	0.75
25064.764517779277	750	12.196288352190816	0.0	382355	1253.171337712936	0.004705182	0.75
25065.871964724083	750	15.088841407384717	0.0	411561	1107.446944806099	0.104699925	0.75
25067.45754028479	1200	17.50326584667774	0.0	520315	1585.575560706977	0.6123879	0.75
25070.72471125324	1200	18.236094878230503	0.0	561791	3267.170968447237	0.035691455	1.2
25072.11474940424	750	20.846056727227587	0.0	437162	1390.038151002916	0.20926435	0.3
25074.38969776803	1200	22.57110836344081	0.0	584846	2274.948363786779	0.45713943	0.75
25076.51782711269	1200	24.442979018781294	0.0	560821	2128.1293446595155	0.03284107	1.2
25079.411282036126	1200	25.54952409534479	0.0	607410	2893.454923436503	0.017016523	1.2
25082.13462313843	1200	26.826182993038486	0.0	594078	2723.3411023063045	0.0863301	1.2
25084.022145553194	1200	28.938660578277645	0.0	624282	1887.5224147608385	0.027839692	1.2
25086.530607188328	1200	30.43019894314118	0.0	687371	2508.4616351364693	0.004705182	1.2
25088.658492911964	1200	32.30231321950553	0.0	526950	2127.885723635647	0.004705182	1.2
25091.152785022892	1200	33.80802110857931	0.0	587876	2494.2921109262147	0.004705182	1.2
25092.982087865843	1200	35.97871826562832	0.0	617242	1829.3028429509893	0.004705182	1.2
25094.49099250157	1200	38.469813629902156	0.0	581493	1508.9046357261677	0.0071070697	1.2
25095.914933358352	1200	41.045872773121296	0.0	639204	1423.9408567808648	0.03241364	1.2
25098.988159285906	2850	41.972646845566075	0.0	1336050	3073.2259275552196	0.05726461	1.2000000000000002
25102.991273956854	2850	41.96953217461937	0.0	1415116	4003.1146709467043	0.008516654	2.85
25106.987027014286	2850	41.97377911718832	0.0	1468126	3995.7530574310417	0.008172657	2.85
25112.07033197628	2850	40.89047415519528	0.0	1505760	5083.304961993047	0.0143706435	2.85
25115.802797877233	2850	41.15800825424138	0.0	1323990	3732.4659009538955	0.007909717	2.85
25119.57553241397	2850	41.385273717505584	0.0	1383735	3772.734536735798	0.014046885	2.85
25123.598495886145	2850	41.36231024533196	0.0	1480464	4022.9634721736243	0.010705444	2.85
25129.429177397615	2850	39.53162873386037	0.0	1547572	5830.681511471587	0.013340686	2.85
25134.910953063983	2850	38.04985306749405	0.0	1141971	5481.775666366326	0.004705182	2.85
25150.808175969152	2850	26.152630162324737	0.0	1498470	15897.22290516931	0.004705182	2.85
25165.601637051812	1200	15.35916907966354	0.0	641447	14793.461082661199	0.015634539	-0.44999999999999996
25168.434491397107	300	16.526314734367855	0.0	157421	2832.8543452956847	0.004705182	-0.6000000000000001
25171.01348227308	300	17.94732385839735	0.0	157488	2578.990875970501	0.116487436	0.3
25172.09639531931	300	20.86441081216608	0.0	143881	1082.9130462312694	0.39521125	0.3
25174.913278031116	750	22.04752810036218	0.0	412837	2816.882711803906	0.14740707	0.3
25177.0624472412	750	23.898358890280022	0.0	401088	2149.1692100821565	0.22039445	0.75
25179.65114378992	1200	25.30966234155685	0.0	598727	2588.6965487231705	0.4312306	0.75
25182.193819869484	1200	26.766986261994873	0.0	487812	2542.6760795619784	0.004705182	1.2
25185.636809084313	1200	27.323997047164177	0.0	575591	3442.9892148306963	0.004705182	1.2
25188.390048174882	1200	28.570757956595525	0.0	605884	2753.2390905686525	0.0050003827	1.2
25193.027377608454	1200	27.9334285230247	0.0	587506	4637.329433570827	0.0320495	1.2
25198.01696749673	1200	26.94383863475174	0.0	566904	4989.589888272959	0.005998921	1.2
25202.514377079588	1200	26.44642905189308	0.0	641452	4497.409582858657	0.004705182	1.2
25207.165320284665	1200	25.79548584681491	0.0	599477	4650.943205078171	0.005958707	1.2
25211.258636940314	1200	25.702169191164447	0.0	634861	4093.3166556504625	0.004705182	1.2
25216.93052045278	1200	24.030285678699133	0.0	630203	5671.883512465316	0.0063652666	1.2
25224.710473558927	1200	20.250332572551734	0.0	638661	7779.953106147397	0.004705182	1.2
25232.354559648265	1200	16.606246483215386	0.0	538612	7644.086089336349	0.020790834	1.2
25236.995192827344	750	15.96561330413543	0.0	314107	4640.633179079956	0.6437974	0.3

