5579.667517714818	750	4.0	2.7720774829579558	450283	2772.077482957956	-11.169933176719208
5582.220455349542	750	5.44706236527567	0.0	398865	2552.9376347243297	0.75
5583.961524774157	750	7.705992940661611	0.0	350812	1741.069424614059	0.75
5585.422576188308	750	10.2449415265102	0.0	382355	1461.0514141514122	0.75
5586.68741803759	750	12.980099677228496	0.0	411561	1264.8418492817027	0.75
5588.0814728775185	750	15.586044837299495	0.0	318564	1394.0548399290028	0.75
5590.343948655701	1200	17.323569059116824	0.0	561791	2262.475778182668	0.75
5592.87727191034	1200	18.790245804478044	0.0	709534	2533.323254638782	1.2
5595.900225082197	1200	19.767292632620425	0.0	584846	3022.953171857618	1.2
5599.065487805807	1200	20.6020299090107	0.0	560821	3165.262723609725	1.2
5602.808606710795	1200	20.858911004022875	0.0	607410	3743.1189049878235	1.2
5606.193324164696	750	21.47419355012226	0.0	405134	3384.7174539006187	0.3
5610.229027914095	750	21.438489800722426	0.0	386351	4035.703749399833	0.75
5612.686475594081	750	22.981042120737474	0.0	434409	2457.4476799849504	0.75
5615.517633685804	750	24.149884029014498	0.0	337059	2831.1580917229767	0.75
5619.481160337353	750	24.186357377465637	0.0	366214	3963.5266515488634	0.75
5627.143549308864	750	20.523968405955355	0.0	360831	7662.388971510283	0.75
5628.53832465217	300	23.129193062648877	0.0	150616	1394.7753433064797	-0.15000000000000002
5629.651293430293	300	26.01622428452566	0.0	165384	1112.968778123217	0.3
5630.533333578842	300	29.134184135977048	0.0	140881	882.0401485486126	0.3
5631.4443036329385	300	32.22321408188022	0.0	157671	910.9700540968219	0.3
5633.146553471211	750	34.52096424360826	0.0	399894	1702.2498382719646	0.3
5635.785395134489	1200	35.882122580329884	0.0	656471	2638.8416632783815	0.75
5638.939223894044	1850	36.72829382077488	0.0	874175	3153.8287595550064	1.2000000000000002
5646.717453457177	1850	32.9500642576418	0.0	897976	7778.229563133085	1.85
5648.465079865868	1200	35.20243784895106	0.0	590335	1747.6264086907347	0.5499999999999999
5650.417312706323	1200	37.25020500849522	0.0	696376	1952.2328404558355	1.2
5652.587333394711	1850	39.0801843201081	0.0	758197	2170.020688387123	1.2000000000000002
5654.9392831320865	1850	40.728234582732085	0.0	972798	2351.949737376013	1.85
5665.546754993635	4300	34.12076272118413	0.0	2164140	10607.471861547952	1.8499999999999996
5675.50901285034	1850	28.15850486447935	0.0	873429	9962.257856704782	-0.6000000000000001
5687.435437544272	1200	20.23208017054747	0.0	620283	11926.42469393188	0.5499999999999999
5692.951303827175	750	18.716213887644138	0.0	369834	5515.866282903332	0.3
5694.152770489207	300	21.514747225612563	0.0	163444	1201.466662031578	-0.15000000000000002
5695.336436855947	300	24.331080858872085	0.0	179328	1183.6663667404778	0.3
5696.326738054816	300	27.340779660003232	0.0	159914	990.3011988688523	0.3
5697.92124119567	750	29.746276519149742	0.0	321064	1594.5031408534903	0.3
5699.508676618495	750	32.158841096324565	0.0	361565	1587.4354228251752	0.75
5701.488827516478	1200	34.17869019834232	0.0	605884	1980.1508979822436	0.75
5705.10129254494	1850	34.56622516987915	0.0	930577	3612.465028463178	1.2000000000000002
5709.047949328649	1850	34.61956838616975	0.0	858450	3946.656783709391	1.85
5713.944856343329	1850	33.72266137149089	0.0	1025005	4896.907014678866	1.85
5717.777123490165	1850	33.89039422465508	0.0	886255	3832.26714683581	1.85
5721.630445304296	1850	34.03707241052421	0.0	973972	3853.3218141308726	1.85
5725.7682857552145	1850	33.89923195960589	0.0	958994	4137.840450918318	1.85
5730.339329260814	1850	33.32818845400604	0.0	982064	4571.043505599854	1.85
5733.551920833867	1850	34.11559688095277	0.0	830730	3212.591573053272	1.85
5736.441011239585	1850	35.22650647523437	0.0	846370	2889.0904057183975	1.85

