1767.6219047153727	750	4.0	2.4304790559882594	450283	2430.4790559882595	-9.701059940749515
1768.6917925578045	300	6.930112157568032	0.0	155580	1069.8878424319682	-0.15000000000000002
1769.8219316685563	300	9.79997304681631	0.0	139857	1130.1391107517218	0.3
1770.9427379046388	300	12.679166810733745	0.0	155432	1120.8062360825668	0.3
1772.0191364571851	300	15.602768258187512	0.0	163442	1076.3985525462326	0.3
1772.9273968277375	300	18.694507887634966	0.0	126289	908.2603705525495	0.3
1773.8910773383352	300	21.730827377037425	0.0	153295	963.6805105975407	0.3
1775.0064346105814	300	24.615470104790973	0.0	173849	1115.357272246454	0.3
1775.9327135932408	300	27.689191122131657	0.0	150710	926.2789826593147	0.3
1776.7788022240536	300	30.843102491318994	0.0	139105	846.0886308126653	0.3
1777.65061046781	300	33.97129424756245	0.0	141840	871.8082437565522	0.3
1779.0758908045916	300	36.54601391078114	0.0	156148	1425.2803367813046	0.3
1780.4544100616097	300	39.16749465376314	0.0	160746	1378.5192570179997	0.3
1782.5378049609083	300	41.08409975446442	0.0	179801	2083.3948992987243	0.3
1783.8101961456755	300	43.811708569697466	0.0	140051	1272.3911847669513	0.3
1784.8726820567422	300	46.74922265863052	0.0	138313	1062.4859110669506	0.3
1785.8996378551274	300	49.72226686024539	0.0	143509	1026.9557983851269	0.3
1787.109405160392	300	52.512499554981005	0.0	150616	1209.767305264389	0.3
1788.2666643538187	300	55.3552403615542	0.0	165384	1157.2591934268053	0.3
1790.3178549535244	300	57.30404976184839	0.0	140881	2051.1905997058057	0.3
1792.9390827174916	300	58.68282199788135	0.0	157671	2621.2277639670438	0.3
1795.2048479204434	300	59.73376798265885	0.0	157812	1949.0540152224999	0.3
1800.5072915656933	300	58.43132433740913	0.0	163927	5302.443645249718	0.3
1803.878717133697	300	59.05989876940556	0.0	137654	3371.425568003578	0.3
1807.2972933297128	300	59.641322573389466	0.0	146754	2918.5761960160876	0.3
1811.383479585301	300	59.55513631780124	0.0	153938	3586.1862555882217	0.3
1815.6820957862396	300	59.25652011686262	0.0	181901	4298.616200938623	0.3
1817.995745562055	300	59.641674746217824	0.0	111155	2114.8453706447876	0.3
1821.8072029205525	300	59.540348274304215	0.0	153605	1601.3264719136123	0.3
1823.9995629512255	300	59.82923363550969	0.0	149029	1711.1146387945287	0.3
1826.2521529102937	300	59.918561337614854	0.0	157421	1410.6722978948278	0.3
1829.016100031481	300	59.51754663145792	0.0	157488	2401.0147061569387	0.3
1830.4418704683621	300	59.63112768248264	0.0	143881	886.418948975278	0.3
1831.778493577271	300	59.93249188153107	0.0	163444	1198.6358009515666	0.3
1832.9677874909676	300	59.58683848806134	0.0	179328	845.6533934697399	0.3
1834.0078438756793	300	59.953630551069	0.0	159914	633.2079369923391	0.3
1835.0953410236757	300	59.84330630108059	0.0	131610	610.3242499884146	0.3
1836.8294645394315	300	59.69983096835644	0.0	124011	643.4753327241453	0.3
1838.3998317876212	300	59.94997140712745	0.0	144254	749.859561228983	0.3
1839.985137644666	300	59.577572274435425	0.0	149991	872.3991326920219	0.3
1841.0535253868054	300	59.929831818142134	0.0	147968	647.7404562932959	0.3
1843.614700518541	300	59.56456789969741	0.0	161857	1865.263918444726	0.3
1846.4089876835044	300	59.780379871361205	0.0	145210	1284.188028336204	0.3
1849.8618277681678	300	59.629009411843064	0.0	172312	2151.3704595181407	0.3
1851.5720646648965	300	59.59962580955121	0.0	167025	1029.3836022918485	0.3
1855.4435153374664	300	59.72817513698147	0.0	160064	2371.450672569747	0.3
1858.3640473899993	300	59.629061055718275	0.0	137507	2099.114081263191	0.3
1859.7838149143975	300	59.72488634115415	0.0	118421	904.1747145641187	0.3

