16175.488555805812	750	4.0	4.782926972877741	450283	4782.926972877741	-19.816585983374285
16177.233840041952	300	6.254715763859471	0.0	155580	1745.2842361405292	-0.15000000000000002
16179.196587160071	300	8.291968645740148	0.0	139857	1962.7471181193237	0.3
16181.334346742458	300	10.154209063352807	0.0	155432	2137.75958238734	0.3
16183.210643078904	300	12.277912726907294	0.0	163442	1876.2963364455136	0.3
16184.325968542094	300	15.162587263716606	0.0	126289	1115.3254631906873	0.3
16187.083796295256	750	16.40475951055643	0.0	352642	2757.8277531601734	0.3
16190.963962924801	750	16.524592881010534	0.0	437162	3880.166629545899	0.75
16194.249669578954	750	17.23888622685727	0.0	374758	3285.7066541532604	0.75
16198.812370033105	750	16.676185772706514	0.0	362795	4562.700454150756	0.75
16204.906801188621	750	14.58175461719047	0.0	353220	6094.431155516046	0.75
16208.25305006187	750	15.235505743940994	0.0	405134	3346.248873249474	0.75
16211.162638959022	750	16.32591684678832	0.0	386351	2909.5888971526733	0.75
16214.319991251328	750	17.168564554481847	0.0	434409	3157.352292306476	0.75
16216.741446645668	750	18.747109160143957	0.0	337059	2421.455394337889	0.75
16219.761092281962	750	19.727463523850552	0.0	366214	3019.645636293406	0.75
16222.592490131588	750	20.89606567422368	0.0	360831	2831.39784962687	0.75
16225.638270976428	750	21.850284829385117	0.0	372963	3045.7808448385645	0.75
16231.625993899534	750	19.862561906278724	0.0	405596	5987.722923106394	0.75
16234.196467854033	750	21.292087951778818	0.0	350713	2570.473954499908	0.75
16237.622757105897	750	21.86579869991733	0.0	386472	3426.289251861487	0.75
16241.077421790706	750	22.41113401510761	0.0	399894	3454.664684809718	0.75
16246.070353500983	750	21.418202304830118	0.0	401853	4992.931710277495	0.75
16252.448908189486	750	19.039647616325507	0.0	343800	6378.554688504609	0.75
16258.462046382236	750	17.026509423577675	0.0	359903	6013.138192747832	0.75
16261.627026936985	750	17.861528868827534	0.0	379700	3164.9805547501373	0.75
16265.242775833198	750	18.245779972616877	0.0	425781	3615.748896210657	0.75
16267.926137730523	750	19.562418075291603	0.0	277716	2683.3618973252733	0.75
16271.552525305688	750	19.936030500125717	0.0	400396	3626.387575165886	0.75
16277.207597132829	750	18.280958672985534	0.0	400508	5655.071827140186	0.75
16283.02613340988	750	16.462422395933128	0.0	358218	5818.536277052406	0.75
16293.598339999597	750	9.89021580621568	0.0	400322	10572.206589717449	0.75
16296.554065997041	300	10.934489808770836	0.0	143881	2955.725997444843	-0.15000000000000002
16299.900794473535	300	11.58776133227724	0.0	163444	3346.728476493595	0.3
16304.863304687678	300	10.625251118132411	0.0	179328	4962.510214144831	0.3
16308.463776177065	300	11.024779628746554	0.0	159914	3600.4714893858577	0.3
16309.926199146226	300	13.562356659586552	0.0	131610	1462.422969160001	0.3
16310.816914286688	300	16.67164151912546	0.0	124011	890.7151404610925	0.3
16313.082439788855	750	18.406116016958205	0.0	378327	2265.5255021672574	0.3
16315.540911938417	750	19.947643867397613	0.0	390680	2458.4721495605927	0.75
16317.239455372646	750	22.249100433166696	0.0	345516	1698.5434342309177	0.75
16322.326200558855	1850	21.1623552469593	0.0	1025005	5086.745186207395	0.75
16327.327564499035	1850	20.160991306779014	0.0	886255	5001.3639401802875	1.85
16334.99752701393	1850	16.491028791885533	0.0	973972	7669.962514893483	1.85
16339.795178748001	1850	15.693377057813485	0.0	958994	4797.651734072045	1.85
16345.316202567778	1850	14.172353238039797	0.0	982064	5521.023819773689	1.85
16350.505160905239	1850	12.983394900578118	0.0	830730	5188.95833746168	1.85
16355.425622338524	1850	12.062933467292046	0.0	846370	4920.461433286071	1.85

