6550.165601139296	750	4.0	6.602941104200595	450283	6602.941104200595	-27.642646748062557
6551.786849307873	300	6.378751831422763	0.0	155580	1621.2481685772375	-0.15000000000000002
6553.421840101813	300	8.743761037482852	0.0	139857	1634.990793939913	0.3
6555.3837793453795	300	10.78182179391646	0.0	155432	1961.9392435663906	0.3
6557.421730499947	300	12.743870639348641	0.0	163442	2037.9511545678201	0.3
6559.145084151318	300	15.020516987977592	0.0	126289	1723.353651371049	0.3
6562.117659681766	300	16.04794145752979	0.0	153295	2972.575530447798	0.3
6563.911587645893	300	18.254013493403146	0.0	173849	1793.9279641266485	0.3
6565.516787393952	300	20.648813745344214	0.0	150710	1605.1997480589303	0.3
6567.25966810926	300	22.90593303003619	0.0	139105	1742.8807153080222	0.3
6568.886105102019	300	25.279496037276587	0.0	141840	1626.4369927596035	0.3
6570.263976903873	300	27.901624235422688	0.0	156148	1377.8718018538968	0.3
6572.914096843013	750	29.251504296283112	0.0	386351	2650.1199391395767	0.3
6576.2763465143125	750	29.889254624982726	0.0	434409	3362.249671300389	0.75
6579.216785752503	750	30.94881538679167	0.0	337059	2940.439238191054	0.75
6582.129368365632	750	32.03623277366253	0.0	366214	2912.5826131291415	0.75
6585.117127753946	750	33.048473385348636	0.0	360831	2987.7593883138893	0.75
6588.137046358945	750	34.028554780349836	0.0	372963	3019.9186049988007	0.75
6592.039824111073	750	34.12577702822169	0.0	405596	3902.777752128146	0.75
6595.251396251136	750	34.91420488815912	0.0	350713	3211.5721400625744	0.75
6598.816747382593	750	35.34885375670169	0.0	386472	3565.3511314574275	0.75
6602.286201228696	750	35.87939991059936	0.0	399894	3469.453846102328	0.75
6605.300581965057	750	36.865019174237766	0.0	401853	3014.380736361589	0.75
6608.645364271964	750	37.520236867330574	0.0	343800	3344.7823069071856	0.75
6611.371074321981	750	38.7945268173139	0.0	359903	2725.7100500166744	0.75
6616.156964002127	1200	38.008637137167995	0.0	590335	4785.8896801459105	0.75
6621.341903563025	1200	36.8236975762695	0.0	696376	5184.939560898492	1.2
6625.9117589552325	1200	36.253842184062044	0.0	487160	4569.855392207462	1.2
6631.1711336097	750	34.994467529594935	0.0	400396	5259.374654467108	0.3
6636.813734108882	750	33.35186703041271	0.0	400508	5642.600499182221	0.75
6640.881204965987	750	33.28439617330789	0.0	358218	4067.470857104827	0.75
6647.808057253445	750	30.35754388584989	0.0	400322	6926.852287458	0.75
6649.735868566224	300	32.429732573071966	0.0	143881	1927.8113127779259	-0.15000000000000002
6653.114020592136	750	33.05158054716025	0.0	412837	3378.1520259117156	0.3
6656.335098302168	750	33.830502837127824	0.0	401088	3221.077710032425	0.75
6659.606499751173	750	34.55910138812312	0.0	365161	3271.401449004708	0.75
6662.907722879158	750	35.25787826013773	0.0	321064	3301.2231279853922	0.75
6669.726808192351	750	32.438792946945085	0.0	361565	6819.085313192644	0.75
6677.754905164997	750	28.41069597429856	0.0	378327	8028.0969726465255	0.75
6680.456526562051	300	29.709074577244596	0.0	149991	2701.6213970539666	-0.15000000000000002
6683.03420935965	300	31.131391779644918	0.0	147968	2577.6827975996766	0.3
6686.021285794551	300	32.14431534474475	0.0	161857	2987.0764349001734	0.3
6687.530847691994	300	34.63475344730161	0.0	145210	1509.5618974431313	0.3
6689.0992503168545	300	37.06635082243996	0.0	172312	1568.4026248616594	0.3
6692.287877096756	750	37.8777240425379	0.0	398987	3188.626779902055	0.3
6695.651733078871	750	38.51386806042342	0.0	393804	3363.855982114483	0.75
6699.46890125208	1200	38.696699887214095	0.0	538612	3817.1681732093175	0.75
6704.074836888817	1200	38.09076425047776	0.0	550906	4605.935636736333	1.2

