12053.09204725433	750	4.0	7.862962959107444	450283	7862.962959107444	0.5	-33.06074072416201
12054.657376373185	300	6.434670881144126	0.0	155580	1565.3291188558746	0.5	-0.15000000000000002
12056.060150388417	300	9.03189686591194	0.0	139857	1402.7740152321862	0.5	0.3
12057.946749870938	300	11.1452973833924	0.0	155432	1886.5994825195382	0.5	0.3
12059.413725208004	300	13.678322046325858	0.0	163442	1466.9753370665421	0.5	0.3
12060.3220988942	300	16.76994836013036	0.0	126289	908.373686195497	0.5	0.3
12066.607932449495	750	14.484114804833707	0.0	352642	6285.833555296655	0.5	0.3
12068.982938208932	300	16.109109045397332	0.0	173849	2375.005759436374	0.5	-0.15000000000000002
12070.22445552381	300	18.867591730520804	0.0	150710	1241.5173148765323	0.5	0.3
12071.349258339638	300	21.7427889146928	0.0	139105	1124.802815828002	0.5	0.3
12072.48639895624	300	24.605648298091708	0.0	141840	1137.1406166010904	0.5	0.3
12076.67207348999	750	24.419973764341716	0.0	405134	4185.6745337499915	0.5	0.3
12084.047101333634	1200	21.0449459206986	0.0	624282	7375.02784364312	0.5	0.75
12087.975660136419	1200	21.11638711791257	0.0	687371	3928.5588027860267	0.5	1.2
12091.841476224645	1200	21.250571029687595	0.0	526950	3865.8160882249763	0.5	1.2
12096.245816035213	1200	20.8462312191194	0.0	587876	4404.3398105681945	0.5	1.2
12099.980042243675	1200	21.112005010657526	0.0	617242	3734.226208461873	0.5	1.2
12102.402045021601	1200	22.69000223273137	0.0	581493	2422.0027779261545	0.5	1.2
12105.371631085676	1200	23.72041616865494	0.0	639204	2969.586064076433	0.5	1.2
12107.727992077576	1200	25.36405517675516	0.0	586839	2356.360991899778	0.5	1.2
12110.38153515328	1200	26.71051210105127	0.0	601738	2653.5430757038903	0.5	1.2
12114.4109822103	1850	26.681065044028973	0.0	955231	4029.4470570222957	0.5	1.2000000000000002
12119.856394123439	1850	25.235653130890995	0.0	968026	5445.411913137978	0.5	1.85
12124.697912535066	1850	24.394134719264137	0.0	874175	4841.518411626858	0.5	1.85
12132.574231509343	1850	20.517815744987313	0.0	897976	7876.318974276822	0.5	1.85
12146.02988063807	1850	11.062166616260239	0.0	905935	13455.649128727075	0.5	1.85
12150.561785722533	750	10.530261531797976	0.0	425781	4531.905084462263	0.5	-0.3500000000000001
12152.407930610678	750	12.684116643654686	0.0	277716	1846.1448881432893	0.5	0.75
12154.581520137379	750	14.51052711695233	0.0	400396	2173.5895267023575	0.5	0.75
12156.123995037311	750	16.968052217020325	0.0	400508	1542.4748999320018	0.5	0.75
12157.556485713323	750	19.535561541007922	0.0	358218	1432.490676012404	0.5	0.75
12159.49536434135	750	21.596682912980548	0.0	400322	1938.8786280273732	0.5	0.75
12164.912529840029	1850	20.179517414302282	0.0	885062	5417.165498678268	0.5	0.75
12173.486652458756	1850	15.605394795574965	0.0	1035329	8574.122618727317	0.5	1.85
12180.77806216508	1850	12.313985089249938	0.0	1026056	7291.4097063250265	0.5	1.85
12185.85593174115	1200	11.236115513181787	0.0	598727	5077.869576068151	0.5	0.5499999999999999
12189.17991742935	1200	11.912129824980187	0.0	487812	3323.9856882015984	0.5	1.2
12193.78467242647	1200	11.307374827860766	0.0	575591	4604.754997119422	0.5	1.2
12196.294021516569	750	12.798025737762185	0.0	378327	2509.349090098581	0.5	0.3
12199.58738174994	750	13.504665504392202	0.0	390680	3293.360233369982	0.5	0.75
12204.032418464372	750	13.05962878995996	0.0	345516	4445.036714432241	0.5	0.75
12207.022361140025	750	14.069686114306954	0.0	384505	2989.9426756530056	0.5	0.75
12208.994767766937	750	16.097279487396005	0.0	372093	1972.4066269109492	0.5	0.75
12211.94927781138	1200	17.142769442953874	0.0	634861	2954.510044442128	0.5	0.75
12214.892138795438	1200	18.199908458896047	0.0	630203	2942.8609840578292	0.5	1.2
12219.161747255619	1200	17.930299998712965	0.0	638661	4269.60846018308	0.5	1.2
12234.782869077073	1850	6.309178177258831	0.0	830730	15621.121821454135	0.5	1.2000000000000002
12235.62784589595	300	9.46420135838242	0.0	118421	844.9768188764128	0.5	-1.25

