1368.1293138518508	750	4.0	5.460500454044817	450283	5460.500454044817	-22.730151952392713
1369.42886847745	300	6.700445374400823	0.0	155580	1299.5546255991767	-0.15000000000000002
1370.5663581804229	300	9.562955671427938	0.0	139857	1137.489702972886	0.3
1371.760670542419	300	12.368643309431896	0.0	155432	1194.3123619960415	0.3
1374.5306427999456	750	13.598671051905258	0.0	411561	2769.972257526638	0.3
1377.3273216646073	750	14.801992187243327	0.0	318564	2796.678864661932	0.75
1379.7188744319888	750	16.410439419862005	0.0	352642	2391.5527673813217	0.75
1382.9327313196688	750	17.196582532181797	0.0	437162	3213.8568876802074	0.75
1386.1444602956944	750	17.984853556156335	0.0	374758	3211.7289760254657	0.75
1388.8428682113283	750	19.286445640522405	0.0	362795	2698.407915633928	0.75
1391.4254707198963	750	20.703843131954525	0.0	353220	2582.6025085678802	0.75
1396.6421715040037	750	19.48714234784706	0.0	405134	5216.7007841074665	0.75
1402.2787865394855	750	17.850527312365422	0.0	386351	5636.6150354816355	0.75
1405.2667272428057	300	18.862586609045202	0.0	179801	2987.9407033202187	-0.15000000000000002
1407.3989168029452	300	20.730397048905704	0.0	140051	2132.1895601395004	0.3
1408.7645107522096	300	23.3648030996414	0.0	138313	1365.593949264305	0.3
1410.0459445998854	300	26.08336925196559	0.0	143509	1281.4338476758078	0.3
1411.290768033349	300	28.838545818502226	0.0	150616	1244.8234334633632	0.3
1416.203989237598	750	27.92532461425308	0.0	405596	4913.221204249147	0.3
1420.2326439263632	750	27.89666992548802	0.0	350713	4028.6546887650575	0.75
1425.756283834006	750	26.37303001784524	0.0	386472	5523.639907642777	0.75
1427.1234937779755	300	29.00582007387584	0.0	157812	1367.2099439694048	-0.15000000000000002
1430.4245446510888	750	29.70476920076254	0.0	401853	3301.0508731132986	0.3
1434.4398530550093	750	29.68946079684196	0.0	343800	4015.308403920584	0.75
1441.0858171044104	750	27.043496747440983	0.0	359903	6645.964049400976	0.75
1442.8608060742513	300	29.268507777600167	0.0	153938	1774.9889698408163	-0.15000000000000002
1446.74196107719	750	29.387352774661252	0.0	425781	3881.155002938914	0.3
1449.6976744944782	750	30.43163935737309	0.0	277716	2955.713417288162	0.75
1453.7378671927306	750	30.39144665912065	0.0	400396	4040.1926982524374	0.75
1456.453537941877	750	31.67577590997437	0.0	400508	2715.670749146281	0.75
1459.9996544607814	1200	32.12965939106997	0.0	570392	3546.1165189044	0.75
1463.854868045275	1200	32.274445806576026	0.0	620283	3855.213584493942	1.2
1467.9350590142433	1200	32.19425483760785	0.0	584349	4080.1909689681734	1.2
1472.1476025323836	1200	31.98171131946734	0.0	670129	4212.543518140513	1.2
1476.7857507009687	1200	31.3435631508824	0.0	690253	4638.148168584941	1.2
1480.456142449724	1200	31.673171402127274	0.0	598727	3670.3917487551266	1.2
1483.0371105185889	1200	33.09220333326232	0.0	487812	2580.968068864956	1.2
1490.161519743932	1850	29.967794107919136	0.0	938587	7124.409225343179	1.2000000000000002
1493.6347136469958	1200	30.494600204855576	0.0	605884	3473.193903063562	0.5499999999999999
1496.8375162306515	1200	31.291797621199752	0.0	587506	3202.802583655823	1.2
1500.4035659511676	1200	31.725747900683867	0.0	566904	3566.0497205158854	1.2
1504.154122653317	1200	31.975191198534525	0.0	641452	3750.556702149342	1.2
1510.9287044738103	1850	29.200609378041122	0.0	886255	6774.581820493403	1.2000000000000002
1517.6004929966334	1200	26.52882085521778	0.0	634861	6671.78852282334	0.5499999999999999
1521.488443145638	750	26.640870706213242	0.0	398987	3887.9501490045395	0.3
1525.1868620533778	750	26.94245179847359	0.0	393804	3698.418907739651	0.75
1528.2516703945005	750	27.877643457350853	0.0	331053	3064.8083411227367	0.75
1531.0958385261729	750	29.033475325678427	0.0	314107	2844.1681316724234	0.75

