5174.766283523882	750	4.0	2.148641230861048	450283	2148.641230861048	-8.489157292702506
5175.852976252889	300	6.913307270993737	0.0	155580	1086.6927290062629	-0.15000000000000002
5176.683805690525	300	10.082477833357409	0.0	139857	830.8294376363284	0.3
5180.323824386879	1200	10.44245913700379	0.0	617681	3640.0186963536194	0.29999999999999993
5185.618487907434	1200	9.14779561644808	0.0	652874	5294.663520555709	1.2
5187.94581272372	1200	10.82047080016234	0.0	520315	2327.32481628574	1.2
5190.76442597538	1200	12.001857548503402	0.0	561791	2818.6132516589387	1.2
5196.404313530854	1850	10.361969993029222	0.0	1060487	5639.887555474181	1.2000000000000002
5198.98617720419	1200	11.78010631969254	0.0	584846	2581.8636733366798	0.5499999999999999
5203.223543361416	1850	11.542740162467183	0.0	913888	4237.366157225357	1.2000000000000002
5206.968858459434	1850	11.797425064448559	0.0	939819	3745.315098018625	1.85
5211.297070996577	1850	11.469212527306313	0.0	917428	4328.212537142244	1.85
5215.397244001051	1850	11.369039522832283	0.0	946851	4100.173004474031	1.85
5220.555985593791	1850	10.21029793009293	0.0	1036454	5158.741592739354	1.85
5223.967408856906	1200	10.798874666978437	0.0	526950	3411.423263114493	0.5499999999999999
5227.612228822192	1200	11.154054701692067	0.0	587876	3644.819965286369	1.2
5231.11704645652	1850	11.649237067363746	0.0	966699	3504.8176343283203	1.2000000000000002
5234.025493788268	1850	12.740789735615389	0.0	885714	2908.4473317483566	1.85
5239.3742430741895	1850	11.392040449693551	0.0	987708	5348.7492859218355	1.85
5242.756475491439	1850	12.009808032444795	0.0	923755	3382.2324172487574	1.85
5246.401942170966	1850	12.364341352917519	0.0	891604	3645.4666795272756	1.85
5249.7562888389775	1850	13.00999468490563	0.0	955231	3354.3466680118895	1.85
5258.299529238468	2850	8.466754285415908	0.0	1505760	8543.240399489723	1.85
5261.398602628237	750	9.36768089564678	0.0	343800	3099.073389769128	-1.35
5266.923272878237	1200	7.843010645647185	0.0	587236	5524.6702499995945	0.75
5268.906521405824	750	9.85976211806119	0.0	379700	1983.2485275859947	0.3
5275.297519058604	1200	7.468764465280645	0.0	696376	6390.997652780544	0.75
5281.779670182187	750	4.986613341697572	0.0	277716	6482.151123583074	0.3
5283.786952489071	300	6.979331034813573	0.0	153605	2007.2823068839987	-0.15000000000000002
5285.05198513982	300	9.714298384064518	0.0	149029	1265.0326507490552	0.3
5288.126659270555	1200	10.639624253330076	0.0	570392	3074.674130734441	0.29999999999999993
5290.833778954715	1200	11.932504569170069	0.0	620283	2707.1196841600063	1.2
5293.349834122936	1850	13.416449400948531	0.0	885062	2516.055168221537	1.2000000000000002
5303.574978788881	2850	7.191304735004199	0.0	1587293	10225.144665944332	1.85
5304.531208196507	750	10.235075327377727	0.0	401088	956.2294076264745	-1.35
5306.069544612452	1200	12.696738911433236	0.0	598727	1538.3364159444895	0.75
5308.218101685616	1850	14.548181838269855	0.0	728962	2148.557073163382	1.2000000000000002
5311.983030445854	2850	14.783253078030524	0.0	1499009	3764.9287602393315	1.85
5317.961366261347	2850	12.804917262537943	0.0	1427478	5978.33581549258	2.85
5329.201044393501	1850	5.565239130384191	0.0	930577	11239.678132153753	0.8500000000000001
5330.554534497612	300	8.2117490262736	0.0	147968	1353.4901041105907	-1.25
5334.5903941440565	750	8.175889379829044	0.0	384505	4035.859646444554	0.3
5344.53030601544	750	4.0	1.7640224915552225	372093	9939.911871384267	-6.835296713687456
5347.471574661105	300	5.058731354335512	0.0	172312	2941.268645664488	-0.15000000000000002
5349.080593855657	300	7.449712159784202	0.0	167025	1609.0191945513104	0.3
5351.725113039359	750	8.80519297608191	0.0	393804	2644.5191837022912	0.3
5353.470970036647	750	11.059335978794515	0.0	331053	1745.8569972873968	0.75
5356.716483304238	1850	11.813822711202846	0.0	846370	3245.5132675916707	0.75

