21473.298956449813	750	4.0	4.665178135276565	450283	4665.178135276565	-19.31026598168923
21474.797791017703	300	6.501165432110702	0.0	155580	1498.8345678892972	-0.15000000000000002
21476.239319999615	300	9.059636450196395	0.0	139857	1441.5289819143081	0.3
21479.29860250744	300	10.000353942372927	0.0	155432	3059.282507823468	0.3
21483.363603013975	300	9.935353435839435	0.0	163442	4065.000506533491	0.3
21486.287143009962	300	11.011813439851737	0.0	126289	2923.539995987698	0.3
21489.148851101258	300	12.15010534855435	0.0	153295	2861.708091297388	0.3
21492.551913734093	300	12.747042715718758	0.0	173849	3403.0626328355916	0.3
21495.469680286817	300	13.829276162996456	0.0	150710	2917.766552722302	0.3
21498.065649571476	300	15.233306878338324	0.0	139105	2595.969284658131	0.3
21501.503648456237	300	15.795307993574422	0.0	141840	3437.9988847639015	0.3
21506.699030042753	300	14.599926407058215	0.0	156148	5195.381586516208	0.3
21510.929137523883	300	14.369818925929478	0.0	160746	4230.107481128735	0.3
21514.710066337328	300	14.588890112485023	0.0	179801	3780.9288134444546	0.3
21518.196470955976	300	15.102485493839552	0.0	140051	3486.404618645471	0.3
21522.479176192614	300	14.819780257200604	0.0	138313	4282.705236638948	0.3
21527.562304950894	300	13.736651498923296	0.0	143509	5083.128758277308	0.3
21530.90324713669	300	14.395709313123865	0.0	150616	3340.942185799432	0.3
21532.410727044822	300	16.88822940499606	0.0	165384	1507.4799081278047	0.3
21533.308303049576	300	19.990653400240554	0.0	140881	897.5760047555111	0.3
21534.201486188136	300	23.09747026167943	0.0	157671	893.1831385611233	0.3
21535.039865660437	300	26.259090789380675	0.0	157812	838.3794722987542	0.3
21538.348361085536	1200	26.950595364281153	0.0	656471	3308.4954250995247	0.29999999999999993
21542.21946315142	1850	27.07949329839643	0.0	874175	3871.102065884722	1.2000000000000002
21546.815954397407	1850	26.483002052410114	0.0	897976	4596.491245986314	1.85
21551.44299591235	1850	25.855960537463975	0.0	905935	4627.041514946137	1.85
21559.426110873857	1850	21.872845575957573	0.0	1076599	7983.114961506401	1.85
21565.5746121684	1850	19.724344281415043	0.0	758197	6148.501294542531	1.85
21571.131693984327	1200	18.167262465487642	0.0	622896	5557.0818159274	0.5499999999999999
21576.250024752986	1200	17.048931696827673	0.0	641447	5118.330768659968	1.2
21579.3373355045	750	17.961620945311683	0.0	358218	3087.3107515159913	0.3
21582.706037479922	750	18.59291896989148	0.0	400322	3368.701975420206	0.75
21585.46390879592	750	19.835047653894616	0.0	369834	2757.871315996862	0.75
21588.417974967902	750	20.880981481911512	0.0	412837	2954.066171983103	0.75
21591.210599556747	750	22.088356893065015	0.0	401088	2792.6245888464996	0.75
21595.349178643693	1200	21.949777806120718	0.0	598727	4138.579086944298	0.75
21599.499981042354	1850	21.798975407459256	0.0	728962	4150.802398661461	1.2000000000000002
21602.41795355389	1200	22.88100289592439	0.0	575591	2917.9725115348656	0.5499999999999999
21605.556322204706	1200	23.74263424510651	0.0	605884	3138.368650817879	1.2
21610.355785110594	1850	22.943171339219948	0.0	930577	4799.462905886562	1.2000000000000002
21613.708967154365	1850	23.589989295448493	0.0	858450	3353.182043771457	1.85
21619.612456872615	1850	21.68649957719633	0.0	1025005	5903.489718252165	1.85
21624.432861512567	1850	20.866094937243613	0.0	886255	4820.404639952719	1.85
21629.044104069482	1850	20.25485238032813	0.0	973972	4611.24255691548	1.85
21633.340177245776	1850	19.958779204032613	0.0	958994	4296.073176295519	1.85
21637.6294045389	1850	19.66955191091005	0.0	982064	4289.227293122561	1.85
21641.80975874745	1850	19.489197702360027	0.0	830730	4180.354208550027	1.85
21646.06210021053	1850	19.2368562392828	0.0	846370	4252.341463077226	1.85

