8721.462048661315	750	4.0	2.8275693741498356	450283	2827.5693741498358	-11.408548308844292
8722.294649057838	300	7.167399603477153	0.0	155580	832.600396522847	-0.15000000000000002
8723.009900099432	300	10.452148561881389	0.0	139857	715.2510415957636	0.3
8724.696330586701	750	12.765718074611508	0.0	382355	1686.4304872698822	0.3
8730.060542028605	750	11.401506632709653	0.0	411561	5364.211441901854	0.75
8735.08750921726	750	10.374539444055827	0.0	318564	5026.967188653827	0.75
8737.876291925744	300	11.585756735568966	0.0	153295	2788.7827084868604	-0.15000000000000002
8741.41199818043	300	12.05005048088311	0.0	173849	3535.7062546858565	0.3
8743.644985697036	300	13.817062964276047	0.0	150710	2232.9875166070624	0.3
8746.166910157497	300	15.295138503815323	0.0	139105	2521.924460460722	0.3
8756.535449211218	750	8.926599450096218	0.0	353220	10368.539053719107	0.3
8760.144148622723	300	9.317900038590547	0.0	156148	3608.699411505669	-0.15000000000000002
8763.476419830356	300	9.985628830957426	0.0	160746	3332.27120763312	0.3
8766.52758049632	300	10.934468164993012	0.0	179801	3051.160665964415	0.3
8769.198310653986	300	12.26373800732774	0.0	140051	2670.7301576652712	0.3
8771.930946583365	300	13.531102077950155	0.0	138313	2732.635929377583	0.3
8775.136669817171	300	14.32537884414278	0.0	143509	3205.7232338073763	0.3
8783.23395663531	750	10.228092026005513	0.0	372963	8097.286818137267	0.3
8786.105481356159	300	11.35656730515569	0.0	165384	2871.5247208498226	-0.15000000000000002
8788.729303778538	300	12.732744882775936	0.0	140881	2623.8224223797533	0.3
8791.688317101914	300	13.773731559399177	0.0	157671	2959.0133233767597	0.3
8802.753626241898	750	6.708422419415928	0.0	399894	11065.309139983248	0.3
8804.919422327008	300	8.542626334306375	0.0	163927	2165.7960851095545	-0.15000000000000002
8806.171412699194	300	11.290635962120577	0.0	137654	1251.990372185796	0.3
8807.473831895526	300	13.988216765788868	0.0	146754	1302.4191963317091	0.3
8811.035201213746	750	14.426847447568349	0.0	379700	3561.369318220519	0.3
8815.536394543842	750	13.925654117474474	0.0	425781	4501.193330093875	0.75
8818.698239836143	750	14.763808825172225	0.0	277716	3161.8452923022496	0.75
8824.24336753595	750	13.218681125365219	0.0	400396	5545.127699807005	0.75
8827.301238210617	750	14.16081045069849	0.0	400508	3057.8706746667312	0.75
8829.69947445416	750	15.762574207153419	0.0	358218	2398.2362435450705	0.75
8832.680460335556	750	16.781588325758417	0.0	400322	2980.985881395001	0.75
8836.276959625467	750	17.185089035847703	0.0	369834	3596.499289910712	0.75
8842.789476711068	750	14.672571950246935	0.0	412837	6512.51708560077	0.75
8850.23023069546	750	11.231817965855255	0.0	401088	7440.75398439168	0.75
8855.124098441212	750	10.337950220101087	0.0	365161	4893.867745754166	0.75
8858.018898396496	750	11.443150264818271	0.0	321064	2894.7999552828155	0.75
8861.006192176888	750	12.45585648442628	0.0	361565	2987.2937803919913	0.75
8863.299449296694	750	14.16259936461983	0.0	378327	2293.25711980645	0.75
8865.457677282342	750	16.00437137897128	0.0	390680	2158.2279856485525	0.75
8866.966297310519	750	18.495751350794997	0.0	345516	1508.6200281762808	0.75
8882.119580599901	1850	7.3424680614102	0.0	1025005	15153.283289384795	0.75
8884.740452845468	300	8.721595815845923	0.0	145210	2620.872245564276	-1.25
8887.50406945384	300	9.957979207471972	0.0	172312	2763.6166083739513	0.3
8891.653337422871	300	9.808711238441752	0.0	167025	4149.267969030219	0.3
8896.88664412842	300	8.575404532892378	0.0	160064	5233.306705549374	0.3
8900.412246478667	300	9.049802182646287	0.0	137507	3525.6023502460916	0.3
8903.116125091932	300	10.345923569381016	0.0	118421	2703.87861326527	0.3

