6229.469881243872	750	4.0	5.693969597015465	450283	5693.969597015464	-23.734069267166497
6231.273217839046	300	6.1966634048252285	0.0	155580	1803.336595174772	-0.15000000000000002
6232.762189974178	300	8.707691269693635	0.0	139857	1488.9721351315945	0.3
6234.345699133764	300	11.12418211010765	0.0	155432	1583.509159585983	0.3
6236.055619737674	300	13.414261506198569	0.0	163442	1709.920603909083	0.3
6237.402578168993	300	16.067303074878538	0.0	126289	1346.9584313200323	0.3
6238.932183032355	300	18.537698211516872	0.0	153295	1529.604863361666	0.3
6240.72911097565	300	20.740770268221752	0.0	173849	1796.927943295118	0.3
6242.355642188717	300	23.11423905515551	0.0	150710	1626.5312130662408	0.3
6243.937294853579	300	25.532586390292582	0.0	139105	1581.6526648629308	0.3
6245.5030221036195	300	27.96685914025227	0.0	141840	1565.7272500403092	0.3
6247.107308481036	300	30.362572762836212	0.0	156148	1604.2863774160621	0.3
6250.760912493916	750	30.708968749955748	0.0	386351	3653.6040128804625	0.3
6255.178456052683	750	30.29142519118912	0.0	434409	4417.543558766628	0.75
6258.97832765695	750	30.491553586922244	0.0	337059	3799.8716042668743	0.75
6262.87850228825	750	30.59137895562154	0.0	366214	3900.174631300701	0.75
6267.238375840899	750	30.23150540297344	0.0	360831	4359.873552648101	0.75
6272.444437922274	750	29.025443321598694	0.0	372963	5206.062081374744	0.75
6274.620151589423	300	30.84972965444955	0.0	165384	2175.713667149144	-0.15000000000000002
6276.2742804121435	300	33.195600831728605	0.0	140881	1654.1288227209504	0.3
6277.936000076046	300	35.53388116782559	0.0	157671	1661.7196639030146	0.3
6282.913436525779	750	34.55644471809305	0.0	399894	4977.436449732543	0.3
6289.167209393767	750	32.30267185010509	0.0	401853	6253.772867987951	0.75
6291.294027352417	300	34.17585389145497	0.0	137654	2126.817958650118	-0.15000000000000002
6293.214729687556	300	36.25515155631502	0.0	146754	1920.702335139959	0.3
6295.171105327151	300	38.2987759167212	0.0	153938	1956.375639593821	0.3
6299.899553431149	750	37.570327812722944	0.0	425781	4728.448103998258	0.3
6303.723784372218	750	37.74609687165378	0.0	277716	3824.230941069157	0.75
6311.355793470525	750	34.11408777334669	0.0	400396	7632.009098307094	0.75
6315.104369165516	300	34.36551207835644	0.0	149029	3748.5756949902516	-0.15000000000000002
6318.552532879487	300	34.91734836438473	0.0	157421	3448.1637139717154	0.3
6321.005645761546	300	36.46423548232678	0.0	157488	2453.112882057945	0.3
6322.673164057114	300	38.79671718675859	0.0	143881	1667.5182955681853	0.3
6324.353376549898	300	41.116504693975294	0.0	163444	1680.2124927832983	0.3
6328.602699454701	750	40.86718178917249	0.0	401088	4249.322904802799	0.3
6332.2368315021995	750	41.23304974167414	0.0	365161	3634.13204749836	0.75
6336.153321739156	750	41.31655950471716	0.0	321064	3916.4902369569786	0.75
6340.730760120145	750	40.739121123727685	0.0	361565	4577.438380989471	0.75
6347.7951276824915	750	37.6747535613812	0.0	378327	7064.36756234649	0.75
6359.958899170588	750	29.5109820732851	0.0	390680	12163.771488096101	0.75
6364.375507112451	300	29.094374131422352	0.0	147968	4416.60794186275	-0.15000000000000002
6367.630829113662	300	29.8390521302114	0.0	161857	3255.3220012109527	0.3
6369.686918014095	300	31.782963229778456	0.0	145210	2056.088900432944	0.3
6372.278600821966	300	33.19128042190697	0.0	172312	2591.68280787149	0.3
6374.921254384497	300	34.54862685937589	0.0	167025	2642.6535625310803	0.3
6377.298576102707	300	36.17130514116677	0.0	160064	2377.321718209117	0.3
6380.371631460765	750	37.09824978310903	0.0	331053	3073.0553580577366	0.3
6382.566240479915	750	38.903640763958045	0.0	314107	2194.6090191509857	0.75

