12610.706551224697	750	4.0	2.600378850967279	450283	2600.378850967279	0.5	-10.431629059159299
12612.660636662398	750	6.045914562300093	0.0	398865	1954.0854376999066	0.5	0.75
12616.01184408382	1200	6.694707140878743	0.0	571051	3351.207421421351	0.5	0.75
12620.748049971939	1200	5.958501252760209	0.0	617681	4736.205888118533	0.5	1.2
12626.15525033627	1200	4.551300888429786	0.0	652874	5407.200364330423	0.5	1.2
12628.859782159132	750	5.846769065566723	0.0	318564	2704.5318228630636	0.5	0.3
12633.16517246593	750	5.541378758769854	0.0	352642	4305.390306796869	0.5	0.75
12634.403493445263	300	8.30305777943737	0.0	173849	1238.3209793324831	0.5	-0.15000000000000002
12635.506367556087	300	11.200183668612443	0.0	150710	1102.8741108249292	0.5	0.3
12636.658014164856	300	14.04853705984527	0.0	139105	1151.646608767173	0.5	0.3
12639.54413212112	750	15.162419103581122	0.0	353220	2886.117956264148	0.5	0.3
12642.779306327688	750	15.927244897014047	0.0	405134	3235.174206567075	0.5	0.75
12647.606091283535	1200	15.100459941168301	0.0	624282	4826.784955845745	0.5	0.75
12660.524652942371	1200	6.181898282332267	0.0	687371	12918.561658836034	0.5	1.2
12662.05631865766	300	8.65023256704137	0.0	140051	1531.6657152908965	0.5	-0.6000000000000001
12663.528176972788	300	11.17837425191469	0.0	138313	1471.8583151266814	0.5	0.3
12665.013388869109	300	13.693162355593937	0.0	143509	1485.211896320752	0.5	0.3
12666.386853701815	300	16.319697522887576	0.0	150616	1373.4648327063585	0.5	0.3
12668.616326039475	300	18.09022518522806	0.0	165384	2229.472337659517	0.5	0.3
12673.275753802758	750	17.43079742194465	0.0	350713	4659.427763283408	0.5	0.3
12676.071337663594	750	18.635213561108372	0.0	386472	2795.5838608362787	0.5	0.75
12678.650522995631	750	20.056028229073586	0.0	399894	2579.1853320347855	0.5	0.75
12680.692229950133	750	22.014321274570776	0.0	401853	2041.7069545028112	0.5	0.75
12682.897626885693	750	23.808924339011018	0.0	343800	2205.396935559759	0.5	0.75
12685.653414785633	750	25.05313643907197	0.0	359903	2755.7878999390455	0.5	0.75
12689.20286269713	750	25.503688527574834	0.0	379700	3549.4479114971364	0.5	0.75
12692.502733347812	750	26.203817876891602	0.0	425781	3299.870650683236	0.5	0.75
12694.32238241916	750	28.38416880554497	0.0	277716	1819.6490713466287	0.5	0.75
12696.6103931452	750	30.096158079504225	0.0	400396	2288.0107260407444	0.5	0.75
12698.882184906877	750	31.82436631782588	0.0	400508	2271.7917616783434	0.5	0.75
12702.222410781458	1200	32.484140443245536	0.0	570392	3340.2258745803424	0.5	0.75
12706.276564167529	1200	32.429987057173406	0.0	620283	4054.153386072135	0.5	1.2
12709.954902402878	1200	32.751648821824475	0.0	584349	3678.3382353489296	0.5	1.2
12714.746167804611	1200	31.96038342009016	0.0	670129	4791.265401734313	0.5	1.2
12720.441322137693	1850	30.265229087009935	0.0	1026056	5695.154333080226	0.5	1.2000000000000002
12728.126378560091	1850	26.580172664612284	0.0	943942	7685.056422397653	0.5	1.85
12734.783528162452	1850	23.92302306225177	0.0	728962	6657.149602360513	0.5	1.85
12739.967553823011	1850	22.738997401691982	0.0	938587	5184.0256605597915	0.5	1.85
12744.231211382326	1850	22.475339842376698	0.0	908665	4263.657559315281	0.5	1.85
12748.514754032529	1850	22.191797192175127	0.0	930577	4283.542650201572	0.5	1.85
12752.039681601835	1850	22.66686962286837	0.0	858450	3524.927569306756	0.5	1.85
12755.942633587203	1850	22.763917637500445	0.0	1025005	3902.951985367925	0.5	1.85
12759.109520819284	1850	23.597030405420703	0.0	886255	3166.8872320797404	0.5	1.85
12762.27351712514	1850	24.433034099563294	0.0	973972	3163.99630585741	0.5	1.85
12765.438009245978	1850	25.268541978725672	0.0	958994	3164.4921208376204	0.5	1.85
12770.390973082143	2850	24.315578142559986	0.0	1483527	4952.963836165687	0.5	1.85
12777.577551887256	4300	21.12899933744791	0.0	1961140	7186.578805112073	0.5	2.8499999999999996
12783.386967208535	4300	19.319584016168825	0.0	2155012	5809.415321279086	0.5	4.3

