23285.449457206156	750	4.0	2.322935537655054	450283	2322.935537655054	0.099492356	-9.238622811916732
23288.925721304335	750	4.523735901820231	0.0	398865	3476.264098179768	0.0061535602	0.75
23290.157624101532	300	7.291833104623161	0.0	139857	1231.9027971970702	0.68546623	-0.15000000000000002
23291.294826716257	300	10.154630489896487	0.0	155432	1137.2026147266756	0.036792662	0.3
23292.51506837652	300	12.934388829638273	0.0	163442	1220.241660258212	0.22406812	0.3
23293.49815640646	300	15.95130079969809	0.0	126289	983.0880299401828	0.6559048	0.3
23294.621693497233	300	18.827763708922923	0.0	153295	1123.5370907751683	0.14512317	0.3
23295.779533202534	300	21.669924003622455	0.0	173849	1157.839705300471	0.10591843	0.3
23296.785489258757	300	24.66396794740139	0.0	150710	1005.9560562210635	0.3918915	0.3
23297.706054337687	300	27.743402868469246	0.0	139105	920.5650789321456	0.35715953	0.3
23300.086154601657	750	29.36330260450162	0.0	353220	2380.1002639676267	0.6192396	0.3
23302.81296952918	750	30.636487676979936	0.0	405134	2726.8149275216815	0.032029737	0.75
23305.95172945929	750	31.497727746865625	0.0	386351	3138.759930114314	0.0074455407	0.75
23309.509923483325	750	31.939533722833975	0.0	434409	3558.194024031651	0.008437575	0.75
23312.380667563724	750	33.06878964243212	0.0	337059	2870.744080401855	0.0056049745	0.75
23314.89266744762	750	34.556789758539175	0.0	366214	2511.999883892946	0.004705182	0.75
23317.17849713065	750	36.270960075506366	0.0	360831	2285.8296830328113	0.004705182	0.75
23319.805627527665	750	37.64382967849159	0.0	372963	2627.130397014772	0.011938274	0.75
23322.516527336044	750	38.93292987011531	0.0	405596	2710.8998083762876	0.013346306	0.75
23325.04293076144	750	40.40652644472132	0.0	350713	2526.4034253939913	0.056311484	0.75
23328.160843341757	750	41.2886138644041	0.0	386472	3117.912580317224	0.08962697	0.75
23332.56848873372	750	40.88096847244016	0.0	399894	4407.645391963937	0.07775436	0.75
23337.909826780433	750	39.539630425723935	0.0	401853	5341.33804671623	0.017435765	0.75
23340.2884579512	750	41.16099925496106	0.0	343800	2378.6311707628715	0.0076355753	0.75
23341.988409935988	750	43.461047270171505	0.0	359903	1699.9519847895551	0.21249431	0.75
23344.36734355165	1200	45.08211365450774	0.0	590335	2378.9336156637646	0.15459214	0.75
23348.979423624423	1200	44.47003358173756	0.0	696376	4612.080072770182	0.004705182	1.2
23353.978802764184	1200	43.470654441973444	0.0	487160	4999.379139764116	0.004705182	1.2
23357.951005790055	1200	43.498451416103244	0.0	622896	3972.2030258701975	0.005488736	1.2
23360.914206624064	1200	44.53525058209462	0.0	641447	2963.2008340086236	0.004705182	1.2
23363.203363269626	1200	46.24609393653101	0.0	570392	2289.1566455636043	0.005673811	1.2
23365.75778287906	1200	47.69167432710077	0.0	620283	2554.419609430239	0.025727298	1.2
23371.57256851806	2850	45.876888688100706	0.0	1358081	5814.785639000066	0.75714	1.2000000000000002
23378.120885957018	2850	43.32857124914145	0.0	1587293	6548.317438959264	0.004705182	2.85
23384.263627461572	2850	41.18582974458728	0.0	1492672	6142.741504554164	0.004705182	2.85
23390.04654440753	2850	39.402912798627455	0.0	1439896	5782.916945959828	0.004705182	2.85
23394.60323781698	2850	38.84621938917683	0.0	1139291	4556.69340945062	0.004705182	2.85
23400.824212173415	2850	36.62524503274352	0.0	1499009	6220.974356433308	0.004705182	2.85
23407.507525457007	2850	33.94193174915258	0.0	1427478	6683.313283590944	0.004705182	2.85
23418.124107129777	2850	27.32535007637989	0.0	1402287	10616.581672772689	0.004705182	2.85
23425.03051433401	2850	24.41894287214949	0.0	1339500	6906.407204230398	0.016715797	2.85
23433.27419230888	2850	20.175264897275607	0.0	1527299	8243.677974873885	0.004705182	2.85
23440.29514098052	2850	17.15431622563652	0.0	1343002	7020.948671639086	0.004705182	2.85
23449.855253106274	2850	11.594204099883259	0.0	1587250	9560.112125753263	0.0054361583	2.85
23453.62012232277	1200	11.829334883389773	0.0	630203	3764.8692164934846	0.004718055	-0.44999999999999996
23456.561963556524	1200	12.887493649633273	0.0	638661	2941.8412337565	0.004705182	1.2
23458.930771830976	1200	14.518685375183415	0.0	538612	2368.8082744498574	0.004705182	1.2
23461.272482827768	1200	16.176974378391566	0.0	550906	2341.7109967918477	0.005356739	1.2

