20238.358413397604	750	4.0	6.8100179178166504	450283	6810.017917816651	-28.533077046611595
20239.52272869792	300	6.835684699681131	0.0	155580	1164.3153003188686	-0.15000000000000002
20240.480862249344	300	9.877551148259398	0.0	139857	958.1335514217336	0.3
20241.609925692235	300	12.748487705369673	0.0	155432	1129.0634428897242	0.3
20242.90470283089	300	15.453710566715028	0.0	163442	1294.7771386546447	0.3
20245.176320350336	750	17.182093047266804	0.0	318564	2271.6175194482216	0.3
20249.119102163557	1200	17.239311234048902	0.0	561791	3942.781813217901	0.75
20252.254072224398	750	18.104341173207118	0.0	437162	3134.9700608417825	0.3
20257.208673843932	1200	17.149739553673612	0.0	584846	4954.601619533506	0.75
20261.674917209548	1200	16.683496188057184	0.0	560821	4466.243365616428	1.2
20264.463079158075	750	17.895334239529138	0.0	353220	2788.1619485280467	0.3
20267.607552840793	750	18.75086055681388	0.0	405134	3144.4736827152533	0.75
20270.75882224843	750	19.59959114917634	0.0	386351	3151.2694076375396	0.75
20274.336059566504	750	20.0223538310999	0.0	434409	3577.2373180764425	0.75
20280.424729804097	1200	17.933683593505062	0.0	526950	6088.670237594837	0.75
20285.47757290827	750	16.880840489334442	0.0	366214	5052.84310417062	0.3
20288.78263677812	750	17.575776619482127	0.0	360831	3305.063869852314	0.75
20292.14442984355	750	18.213983554054348	0.0	372963	3361.793065427781	0.75
20296.301628390724	750	18.056785006879757	0.0	405596	4157.198547174591	0.75
20299.875454036526	750	18.482959361075363	0.0	350713	3573.8256458043934	0.75
20303.44374152224	750	18.914671875363858	0.0	386472	3568.2874857115025	0.75
20307.427985786886	750	18.930427610718105	0.0	399894	3984.244264645755	0.75
20310.900644569258	750	19.45776882834266	0.0	401853	3472.658782375446	0.75
20314.148875963427	750	20.209537434173974	0.0	343800	3248.231394168689	0.75
20319.53045070507	750	18.827962692529553	0.0	359903	5381.574741644422	0.75
20324.01935208696	750	18.339061310638005	0.0	379700	4488.901381891546	0.75
20325.983675537933	300	20.374737859666276	0.0	181901	1964.32345097173	-0.15000000000000002
20328.95020177065	750	21.408211626947015	0.0	277716	2966.52623271926	0.3
20333.25365452309	750	21.10475887451112	0.0	400396	4303.452752435891	0.75
20337.8994263302	750	20.45898706740114	0.0	400508	4645.771807109983	0.75
20346.74005406283	750	15.6183593347755	0.0	358218	8840.62773262564	0.75
20350.23457502011	300	16.123838377495833	0.0	157488	3494.520957279666	-0.15000000000000002
20353.100377857012	300	17.258035540593657	0.0	143881	2865.802836902177	0.3
20355.491411382893	300	18.867002014712497	0.0	163444	2391.033525881159	0.3
20356.84752803502	300	21.51088536258011	0.0	179328	1356.1166521323842	0.3
20358.008073223984	300	24.350340173617074	0.0	159914	1160.5451889630376	0.3
20360.216133322574	750	26.14228007503001	0.0	321064	2208.060098587065	0.3
20366.073220971586	1200	24.285192426019012	0.0	575591	5857.087649010994	0.75
20370.009499209667	1200	24.34891418793468	0.0	605884	3936.2782380843323	1.2
20373.418843487056	1200	24.9395699105495	0.0	587506	3409.3442773851816	1.2
20377.043193045505	1200	25.315220352100233	0.0	566904	3624.3495584492653	1.2
20382.172244931848	1200	24.18616846575853	0.0	641452	5129.051886341703	1.2
20387.07966790253	1200	23.278745495077438	0.0	599477	4907.422970681095	1.2
20392.914802943713	1200	21.443610453891726	0.0	634861	5835.135041185712	1.2
20397.688630437235	1200	20.669782960371226	0.0	630203	4773.827493520498	1.2
20403.374794188894	1200	18.983619208711694	0.0	638661	5686.163751659532	1.2
20407.401735633168	1200	18.95667776443684	0.0	538612	4026.941444274855	1.2
20412.282140924064	1200	18.07627247354448	0.0	550906	4880.4052908923595	1.2

