8193.28089381439	750	4.0	4.549356298858494	450283	4549.356298858494	-18.812232085091523
8194.76770289038	300	6.513190924009408	0.0	155580	1486.8090759905917	-0.15000000000000002
8195.688645853872	300	9.59224796051802	0.0	139857	920.942963491389	0.3
8196.845023500906	300	12.435870313484033	0.0	155432	1156.3776470339874	0.3
8199.937053107136	750	13.343840707253666	0.0	411561	3092.029606230367	0.3
8202.626872574432	750	14.654021239957672	0.0	318564	2689.819467295993	0.75
8205.984531198425	750	15.296362615964641	0.0	352642	3357.658623993031	0.75
8209.848138330273	750	15.43275548411765	0.0	437162	3863.6071318469913	0.75
8213.085681288221	750	16.195212526167996	0.0	374758	3237.5429579496536	0.75
8216.198374427422	750	17.082519386968265	0.0	362795	3112.693139199729	0.75
8219.371909943118	750	17.908983871272078	0.0	353220	3173.535515696188	0.75
8223.297321229615	750	17.983572584775384	0.0	405134	3925.411286496694	0.75
8227.356572026707	750	17.924321787682874	0.0	386351	4059.25079709251	0.75
8232.768587058878	750	16.51230675551216	0.0	434409	5412.015032170715	0.75
8235.593439828079	750	17.687453986311144	0.0	337059	2824.8527692010134	0.75
8238.566688313136	750	18.714205501252746	0.0	366214	2973.2484850583996	0.75
8242.345525146686	750	18.935368667703944	0.0	360831	3778.836833548799	0.75
8246.64933565737	750	18.631558157019647	0.0	372963	4303.810510684297	0.75
8251.457815713902	750	17.82307810048746	0.0	405596	4808.480056532187	0.75
8254.40813522978	750	18.87275858460897	0.0	350713	2950.319515878493	0.75
8257.311426264405	750	19.96946754998499	0.0	386472	2903.291034623981	0.75
8260.044963661448	750	21.235930152940703	0.0	399894	2733.537397044288	0.75
8263.161200552197	750	22.11969326219227	0.0	401853	3116.2368907484292	0.75
8265.831811167456	750	23.449082646932794	0.0	343800	2670.6106152594784	0.75
8268.600835323577	750	24.680058490811742	0.0	359903	2769.024156121053	0.75
8271.646505422279	750	25.634388392108857	0.0	379700	3045.6700987028853	0.75
8274.709201110323	750	26.57169270406423	0.0	425781	3062.6956880446264	0.75
8276.64639974452	750	28.63449406986708	0.0	277716	1937.1986341971499	0.75
8281.655527521358	1200	27.62536629303031	0.0	622896	5009.127776836767	0.75
8285.436723685705	750	27.844170128681714	0.0	400508	3781.196164348597	0.3
8288.44289568899	750	28.837998125398155	0.0	358218	3006.172003283561	0.75
8293.802120851546	1200	27.478772962840555	0.0	620283	5359.2251625576	0.75
8299.592559224731	750	25.68833458965565	0.0	369834	5790.438373184905	0.3
8305.566858274075	750	23.714035540311603	0.0	412837	5974.299049344048	0.75
8308.330750401137	300	24.95014341324929	0.0	179328	2763.8921270623114	-0.15000000000000002
8310.695063249848	300	26.585830564537666	0.0	159914	2364.3128487116223	0.3
8312.412250280922	300	28.868643533463757	0.0	131610	1717.1870310739114	0.3
8313.926134616935	300	31.354759197450065	0.0	124011	1513.8843360136923	0.3
8317.954670460625	750	31.326223353760973	0.0	378327	4028.535843689094	0.3
8322.279092801391	750	31.001801012994704	0.0	390680	4324.4223407662685	0.75
8325.356679074423	750	31.9242147399623	0.0	345516	3077.586273032404	0.75
8328.426696690982	750	32.85419712340465	0.0	384505	3070.0176165576513	0.75
8333.46749745928	1200	31.81339635510581	0.0	599477	5040.800768298844	0.75
8339.791498482475	1200	29.489395331910906	0.0	634861	6324.0010231949	1.2
8343.896775763153	750	29.384118051232992	0.0	398987	4105.277280677913	0.3
8349.577952833595	750	27.70294098079102	0.0	393804	5681.1770704419705	0.75
8355.073840223775	750	26.207053590611288	0.0	331053	5495.88739017973	0.75
8357.526129554797	300	27.75476425958777	0.0	118421	2452.28933102352	-0.15000000000000002

