15555.90189770056	750	4.0	5.460500454044817	450283	5460.500454044817	-22.730151952392713
15557.201452326159	300	6.700445374400823	0.0	155580	1299.5546255991767	-0.15000000000000002
15558.338942029131	300	9.562955671427938	0.0	139857	1137.489702972886	0.3
15559.533254391128	300	12.368643309431896	0.0	155432	1194.3123619960415	0.3
15560.729960194227	300	15.171937506333434	0.0	163442	1196.7058030984626	0.3
15562.8615798178	750	17.040317882759663	0.0	318564	2131.6196235737693	0.3
15565.891163481056	750	18.010734219504602	0.0	352642	3029.5836632550604	0.75
15568.763616925478	750	19.138280775082297	0.0	437162	2872.4534444223086	0.75
15571.788227934712	750	20.113669765846865	0.0	374758	3024.611009235432	0.75
15574.880201466472	750	21.021696234086253	0.0	362795	3091.9735317606146	0.75
15577.445019995608	750	22.45687770495134	0.0	353220	2564.8185291349164	0.75
15581.242022479659	750	22.659875220898986	0.0	405134	3797.0024840523524	0.75
15586.424275366744	750	21.477622333813834	0.0	386351	5182.252887085153	0.75
15593.158264663281	750	18.743633037277	0.0	434409	6733.9892965368335	0.75
15597.021734682521	750	18.8801630180375	0.0	337059	3863.4700192394976	0.75
15598.202459426222	300	21.699438274336387	0.0	138313	1180.7247437011135	-0.15000000000000002
15599.449707914606	300	24.45218978595272	0.0	143509	1247.248488383666	0.3
15600.896535653477	300	27.005362047080173	0.0	150616	1446.8277388725467	0.3
15606.363281367114	750	25.538616333444658	0.0	405596	5466.745713635516	0.3
15610.786989436665	750	25.11490826389253	0.0	350713	4423.708069552124	0.75
15615.146776136502	750	24.75512156405462	0.0	386472	4359.786699837915	0.75
15616.393064557742	300	27.5088331428151	0.0	157812	1246.2884212395177	-0.15000000000000002
15617.848889205952	300	30.053008494604864	0.0	163927	1455.8246482102359	0.3
15621.630024112206	750	30.271873588351806	0.0	343800	3781.134906253056	0.3
15628.428338538595	750	27.473559161963877	0.0	359903	6798.314426387929	0.75
15630.349633954818	300	29.552263745740703	0.0	153938	1921.295416223171	-0.15000000000000002
15631.945620213444	300	31.956277487115177	0.0	181901	1595.9862586255247	0.3
15633.039499094737	300	34.86239860582137	0.0	111155	1093.878881293808	0.3
15634.547585989349	300	37.35431171121116	0.0	153605	1508.0868946102134	0.3
15636.112150893247	300	39.78974680731317	0.0	149029	1564.5649038979802	0.3
15640.10601103243	750	39.79588666813013	0.0	358218	3993.860139183048	0.3
15643.282731007235	750	40.61916669332531	0.0	400322	3176.7199748048156	0.75
15645.633366736238	750	42.26853096432418	0.0	369834	2350.635729001135	0.75
15648.179237289572	750	43.72266041098931	0.0	412837	2545.87055333486	0.75
15650.720922695578	750	45.18097500498219	0.0	401088	2541.68540600713	0.75
15653.095442935017	750	46.80645476554556	0.0	365161	2374.5202394366283	0.75
15656.434147992577	1200	47.4677497079849	0.0	487812	3338.7050575606645	0.75
15660.137351017758	1200	47.764546682803804	0.0	575591	3703.203025181092	1.2
15664.158356496971	1200	47.74354120359174	0.0	605884	4021.0054792120654	1.2
15667.949672538138	1200	47.95222516242612	0.0	587506	3791.3160411656213	1.2
15670.93936840913	1200	48.96252929143315	0.0	566904	2989.6958709929695	1.2
15676.229266820228	1200	47.67263088033706	0.0	641452	5289.898411096087	1.2
15679.912386817849	1200	47.989510882716104	0.0	599477	3683.1199976209637	1.2
15683.395999301445	1200	48.50589839911981	0.0	634861	3483.6124835962896	1.2
15687.081501719878	1200	48.820395980685035	0.0	630203	3685.502418434779	1.2
15690.910026084852	1200	48.991871615712164	0.0	638661	3828.524364972866	1.2
15694.334276018195	1200	49.56762168236921	0.0	538612	3424.2499333429573	1.2
15698.77873815053	1200	49.12315955003393	0.0	550906	4444.4621323352785	1.2

