13908.757385166131	750	4.0	4.594934407378574	450283	4594.934407378574	-19.008217951727868
13909.740847877614	300	7.016537288516239	0.0	155580	983.462711483761	-0.15000000000000002
13912.367798695312	750	8.38958647082037	0.0	350812	2626.950817695868	0.3
13917.405300531056	750	7.352084635074738	0.0	382355	5037.501835745632	0.75
13920.76315558857	750	7.994229577561267	0.0	411561	3357.85505751347	0.75
13924.838156160931	750	7.919229005197752	0.0	318564	4075.000572363515	0.75
13929.756768407346	750	7.0006167587847425	0.0	352642	4918.61224641301	0.75
13933.011999562446	300	7.745385603683533	0.0	173849	3255.2311551012094	-0.15000000000000002
13936.89660710864	300	7.860778057489406	0.0	150710	3884.607546194127	0.3
13939.89493145016	300	8.862453715968721	0.0	139105	2998.324341520685	0.3
13942.18699726503	300	10.570387901098853	0.0	141840	2292.0658148698676	0.3
13943.89915988795	300	12.858225278179603	0.0	156148	1712.1626229192498	0.3
13945.322150477692	300	15.43523468843578	0.0	160746	1422.9905897438216	0.3
13946.85653422369	300	17.900850942437604	0.0	179801	1534.3837459981776	0.3
13948.073689938556	300	20.683695227572514	0.0	140051	1217.1557148650902	0.3
13951.302361442958	750	21.45502372317017	0.0	366214	3228.6715044023395	0.3
13955.176005577236	750	21.5813795888927	0.0	360831	3873.644134277474	0.75
13959.74846119185	750	21.00892397428008	0.0	372963	4572.455614612619	0.75
13963.964515387326	750	20.792869778802732	0.0	405596	4216.054195477348	0.75
13971.426222998396	750	17.3311621677339	0.0	350713	7461.707611068832	0.75
13976.316471909457	300	16.44091325667291	0.0	157671	4890.248911060991	-0.15000000000000002
13981.013331650996	300	15.744053515131741	0.0	157812	4696.859741541167	0.3
13985.572750004167	300	15.184635161961218	0.0	163927	4559.418353170525	0.3
13990.013917142971	300	14.743468023156565	0.0	137654	4441.167138804652	0.3
13993.56920792291	300	15.188177243218288	0.0	146754	3555.2907799382783	0.3
13995.68471820076	300	17.072666965367972	0.0	153938	2115.510277850318	0.3
13997.187267511732	300	19.57011765439596	0.0	181901	1502.5493109720073	0.3
13998.097307347829	300	22.66007781829942	0.0	111155	910.0398360965412	0.3
13999.383225783064	300	25.374159383064427	0.0	153605	1285.9184352349967	0.3
14000.722392896872	300	28.034992269255117	0.0	149029	1339.1671138093122	0.3
14003.660386425236	750	29.09699874089101	0.0	358218	2937.9935283641057	0.3
14009.15885709276	750	27.598528073366378	0.0	400322	5498.470667524631	0.75
14011.557382227333	750	29.2000029387933	0.0	369834	2398.525134573081	0.75
14014.365780416754	750	30.391604749371904	0.0	412837	2808.398189421393	0.75
14017.1141354459	750	31.64324972022637	0.0	401088	2748.355029145534	0.75
14019.443138406337	750	33.31424675978863	0.0	365161	2329.0029604377373	0.75
14021.575306451556	750	35.18207871457054	0.0	321064	2132.168045218088	0.75
14025.422452193694	1200	35.33493297243261	0.0	575591	3847.1457421379296	0.75
14029.41022340945	1200	35.34716175667729	0.0	605884	3987.771215755314	1.2
14032.609938812766	1200	36.147446353360024	0.0	587506	3199.715403317268	1.2
14035.804939891881	1200	36.95244527424652	0.0	566904	3195.0010791134987	1.2
14040.254556371687	1200	36.502828794440575	0.0	641452	4449.616479805945	1.2
14044.41752174038	1200	36.33986342574762	0.0	599477	4162.965368692955	1.2
14048.54097940434	1200	36.21640576178614	0.0	634861	4123.457663961481	1.2
14052.437913498694	1200	36.319471667433945	0.0	630203	3896.934094352193	1.2
14056.634740333897	1200	36.12264483223139	0.0	638661	4196.826835202557	1.2
14059.951499623137	1200	36.80588554299097	0.0	538612	3316.7592892404155	1.2
14063.681375101665	1200	37.076010064463304	0.0	550906	3729.875478527665	1.2

