16006.852314339298	750	4.0	5.8396300502769165	450283	5839.630050276916	-24.36040921619074
16009.092532715043	300	5.759781624254254	0.0	155580	2240.2183757457465	-0.15000000000000002
16010.52062454925	300	8.331689790048644	0.0	139857	1428.0918342056093	0.3
16011.8638834467	300	10.988430892596813	0.0	155432	1343.2588974518294	0.3
16013.296220355125	300	13.556093984173181	0.0	163442	1432.3369084236328	0.3
16014.497647532624	300	16.354666806674782	0.0	126289	1201.4271774984013	0.3
16017.839212964522	750	17.0131013747769	0.0	352642	3341.565431897877	0.3
16021.956734885769	750	16.895579453530555	0.0	437162	4117.521921246349	0.75
16025.675314345779	750	17.17699999352089	0.0	374758	3718.5794600096656	0.75
16029.033286598711	750	17.81902774059002	0.0	362795	3357.9722529308724	0.75
16032.484750307734	750	18.367564031565806	0.0	353220	3451.463709024214	0.75
16037.32181926031	750	17.530495078990253	0.0	405134	4837.068952575551	0.75
16040.453377391106	750	18.398936948195296	0.0	386351	3131.55813079496	0.75
16044.623589593928	750	18.228724745372595	0.0	434409	4170.212202822704	0.75
16049.639629813077	750	17.21268452622473	0.0	337059	5016.040219147862	0.75
16054.520003911599	750	16.332310427702616	0.0	366214	4880.374098522113	0.75
16056.261996120013	300	18.590318219289024	0.0	143509	1741.9922084135949	-0.15000000000000002
16058.476191057567	300	20.376123281734866	0.0	150616	2214.194937554161	0.3
16060.790703670766	300	22.061610668535987	0.0	165384	2314.5126131988764	0.3
16062.42943631771	300	24.422878021591256	0.0	140881	1638.732646944734	0.3
16064.10213724229	300	26.75017709701194	0.0	157671	1672.7009245793147	0.3
16068.018008494002	300	26.834305845297575	0.0	157812	3915.8712517143667	0.3
16069.322723341633	300	29.52959099766801	0.0	163927	1304.714847629567	0.3
16070.808377723588	300	32.04393661571326	0.0	137654	1485.6543819547508	0.3
16072.695909774257	300	34.156404565043424	0.0	146754	1887.5320506698265	0.3
16074.726080124883	300	36.126234214416726	0.0	153938	2030.1703506267022	0.3
16077.164454882712	300	37.68785945658944	0.0	181901	2438.3747578272782	0.3
16078.987281678557	300	39.86503266074327	0.0	111155	1822.8267958461786	0.3
16081.8468705079	300	41.00544383140008	0.0	153605	2859.588829343182	0.3
16084.096158899532	300	42.75615543976621	0.0	149029	2249.2883916338724	0.3
16085.631464795923	300	45.220849543376616	0.0	157421	1535.3058963895971	0.3
16086.760053816783	300	48.09226052251748	0.0	157488	1128.5890208591347	0.3
16087.730288397128	300	51.12202594217243	0.0	143881	970.2345803450493	0.3
16088.86004906812	300	53.99226527118171	0.0	163444	1129.7606709907195	0.3
16091.937469225715	750	54.91484511358466	0.0	401088	3077.420157597046	0.3
16094.624480452801	750	56.22783388649903	0.0	365161	2687.0112270856343	0.75
16096.873292805067	750	57.97902153423518	0.0	321064	2248.812352263847	0.75
16099.467506054334	750	59.384808284967306	0.0	361565	2594.2132492678707	0.75
16103.291893783176	750	59.56042055612569	0.0	378327	2824.387728841622	0.75
16106.364141780867	750	59.87890136135651	0.0	390680	2681.5191947691756	0.75
16109.03582503096	750	59.818424142769956	0.0	345516	2560.477218586561	0.75
16113.343774033008	750	59.510475140721205	0.0	384505	2807.9490020487465	0.75
16117.191712487895	750	59.57608344455588	0.0	372093	2934.391696165325	0.75
16121.369008761147	750	59.3987871713034	0.0	438281	4177.296273252481	0.75
16127.189208347612	750	57.57858758483787	0.0	398987	5820.199586465525	0.75
16130.848401925563	750	57.91939400688727	0.0	393804	3659.193577950597	0.75
16133.57623623407	750	59.19155969838056	0.0	331053	2727.834308506721	0.75
16135.718550157191	750	59.69943798426853	0.0	314107	1992.121714112028	0.75

