0.8872836624630916	750	4.0	0.8872836624630916	450283	887.2836624630917	-3.065319748591294
1.7425251308645149	750	7.144758531598576	0.0	398865	855.2414684014233	0.75
2.514174594118642	750	10.37310906834445	0.0	350812	771.6494632541267	0.75
4.534693455748882	1850	12.35259020671421	0.0	933276	2020.5188616302405	0.75
6.729566111513392	1850	14.1577175509497	0.0	996749	2194.8726557645095	1.85
8.3846302215443	1850	16.502653440918788	0.0	801058	1655.064110030909	1.85
10.132569654123646	1850	18.75471400833944	0.0	905515	1747.9394325793462	1.85
12.17320385136207	1850	20.714079811101016	0.0	1060487	2040.6341972384241	1.85
14.374859509434994	1850	22.512424153028093	0.0	852833	2201.655658072925	1.85
16.258123602386753	1850	24.629160060076334	0.0	913888	1883.2640929517574	1.85
18.427943896199974	1850	26.459339766263113	0.0	939819	2169.82029381322	1.85
20.432310195218093	1850	28.454973467244994	0.0	917428	2004.3662990181224	1.85
22.78682928768911	1850	30.100454374773978	0.0	946851	2354.5190924710164	1.85
25.367067972966243	1850	31.520215689496844	0.0	1036454	2580.238685277136	1.85
27.336190725749038	1850	33.55109293671405	0.0	821631	1969.1227527827946	1.85
29.787370159295623	1850	35.099913503167464	0.0	923170	2451.1794335465843	1.85
32.29540453098735	1850	36.59187913147574	0.0	966699	2508.034371691727	1.85
34.17720665127346	1850	38.710077011189625	0.0	885714	1881.8021202861091	1.85
45.242073310482496	4300	31.64521035198059	0.0	2220726	11064.866659209038	1.8499999999999996
62.56313171168123	4300	18.324151950781857	0.0	2156729	17321.058401198734	4.3
65.00504308514671	1850	19.88224057731637	0.0	891604	2441.9113734654848	-0.6000000000000001
67.89073761085595	1850	20.996546051607133	0.0	955231	2885.694525709238	1.85
71.08176408638819	1850	21.80551957607489	0.0	968026	3191.026475532241	1.85
73.27749441405066	1850	23.609789248412415	0.0	874175	2195.730327662472	1.85
76.01975729755277	1850	24.867526364910315	0.0	897976	2742.2628835021023	1.85
78.7510179429651	1850	26.13626571949798	0.0	905935	2731.2606454123356	1.85
84.13186442557797	1850	24.75541923688511	0.0	1076599	5380.84648261287	1.85
88.03095386402336	1850	24.856329798439727	0.0	758197	3899.089438445384	1.85
91.36058377071446	1850	25.526699891748645	0.0	972798	3329.629906691083	1.85
94.0852811444835	1850	26.802002517979595	0.0	975811	2724.6973737690505	1.85
97.21992007956969	1850	27.667363582893405	0.0	873429	3134.6389350861905	1.85
101.08008630222176	1850	27.80719736024135	0.0	954453	3860.166222652058	1.85
104.14510326769596	1850	28.742180394767143	0.0	885062	3065.0169654742062	1.85
107.11214029691125	1850	29.77514336555185	0.0	1035329	2967.0370292152957	1.85
111.4119186870886	1850	29.475364975374493	0.0	1026056	4299.7783901773555	1.85
113.50298435581492	1850	31.38429930664819	0.0	943942	2091.0656687263045	1.85
115.40987671130371	1850	33.477406951159416	0.0	728962	1906.892355488781	1.85
120.20912357048996	4300	32.67816009197315	0.0	2147467	4799.246859186262	1.8499999999999996
125.03479944523025	4300	31.852484217232856	0.0	2133870	4825.675874740292	4.3
130.06246807060532	4300	30.824815591857792	0.0	2146120	5027.668625375067	4.3
134.83878905139858	4300	30.04849461106454	0.0	2108491	4776.320980793253	4.3
139.64440231231896	4300	29.24288135014414	0.0	2184571	4805.6132609204	4.3
144.42957290039203	4300	28.45771076207108	0.0	2121928	4785.17058807306	4.3
149.2942164116754	4300	27.593067250787712	0.0	2219102	4864.643511283368	4.3
154.52288912159415	4300	26.36439454086897	0.0	2124950	5228.672709918741	4.3
160.5702327612991	4300	24.31705090116399	0.0	2246506	6047.343639704981	4.3
164.7679213843127	4300	24.1193622781504	0.0	1961140	4197.688623013589	4.3
168.9282999522791	4300	23.95898371018401	0.0	2155012	4160.378567966393	4.3

