5217.793826493559	750	4.0	2.148641230861048	450283	2148.641230861048	-8.489157292702506
5218.880519222566	300	6.913307270993737	0.0	155580	1086.6927290062629	-0.15000000000000002
5221.879673232262	1200	7.9141532612973915	0.0	571051	2999.154009696345	0.29999999999999993
5227.508433849878	1200	6.285392643681024	0.0	617681	5628.760617616367	1.2
5230.49723684369	1200	7.296589649869057	0.0	652874	2988.802993811967	1.2
5234.412312802191	1850	7.381513691368379	0.0	801058	3915.075958500678	1.2000000000000002
5239.328714582277	1850	6.465111911283099	0.0	905515	4916.40178008528	1.85
5241.35373286089	750	8.440093632669308	0.0	437162	2025.0182786137914	-0.3500000000000001
5243.7914713649725	1200	10.002355128587093	0.0	584846	2437.738504082215	0.75
5246.597161805226	1200	11.1966646883325	0.0	560821	2805.6904402545924	1.2
5248.981287850076	1200	12.812538643482466	0.0	607410	2384.126044850036	1.2
5251.37057298292	1200	14.423253510639592	0.0	594078	2389.285132842873	1.2
5254.59918227915	1200	15.194644214409042	0.0	624282	3228.6092962305497	1.2
5257.594479518915	1200	16.199346974643433	0.0	687371	2995.297239765608	1.2
5259.919396209427	1200	17.874430284131773	0.0	526950	2324.9166905116604	1.2
5262.649489044195	1200	19.144337449363455	0.0	587876	2730.09283476832	1.2
5266.8299659879485	1200	18.963860505610086	0.0	617242	4180.4769437533705	1.2
5269.631423442778	750	20.16240305078068	0.0	372963	2801.4574548294077	0.3
5271.511779767154	750	22.282046726404882	0.0	405596	1880.3563243757949	0.75
5272.834107166358	750	24.9597193272004	0.0	350713	1322.327399204481	0.75
5274.854453049513	1200	26.939373444046144	0.0	601738	2020.3458831542546	0.75
5276.762498977225	1200	29.0313275163334	0.0	616206	1908.0459277127443	1.2
5280.636613492007	1200	29.15721300155126	0.0	656471	3874.114514782141	1.2
5283.1032002900865	1200	30.690626203472352	0.0	536667	2466.586798078909	1.2
5285.414745928444	1200	32.37908056511539	0.0	587236	2311.545638356966	1.2
5289.013908222471	1850	32.779918271087546	0.0	905935	3599.162294027844	1.2000000000000002
5292.761602622717	1850	33.03222387084203	0.0	1076599	3747.694400245516	1.85
5296.666928470249	1850	33.12689802330943	0.0	758197	3905.3258475326056	1.85
5306.626262725511	2850	27.167563768047753	0.0	1498470	9959.334255261674	1.85
5314.694349173739	1850	23.099477319818615	0.0	975811	8068.086448229138	0.8500000000000001
5321.459144542577	1200	20.334681950981125	0.0	570392	6764.795368837492	0.5499999999999999
5328.102248290658	750	17.691578202900295	0.0	400322	6643.103748080831	0.3
5330.314935986637	750	19.478890506922475	0.0	369834	2212.6876959778197	0.75
5333.137988654201	1200	20.655837839358195	0.0	670129	2823.0526675642777	0.75
5335.566052507294	1200	22.227773986264594	0.0	690253	2428.0638530936008	1.2
5338.007494060393	1200	23.786332433166532	0.0	598727	2441.4415530980627	1.2
5343.996657623828	1200	21.797168869731582	0.0	487812	5989.16356343495	1.2
5347.077182732986	1850	22.716643760572385	0.0	938587	3080.525109159198	1.2000000000000002
5349.278771434661	1850	24.515055058897563	0.0	908665	2201.5887016748197	1.85
5351.933180936891	1850	25.86064555666681	0.0	930577	2654.409502230753	1.85
5353.998872399978	1850	27.79495409358093	0.0	858450	2065.691463085881	1.85
5357.194305335484	1850	28.59952115807361	0.0	1025005	3195.432935507319	1.85
5367.934046071216	2850	21.859780422342606	0.0	1343002	10739.740735731006	1.85
5391.165196719528	2850	4.0	1.371370225969	1587250	23231.150648311606	-3.046891971666699
5392.604937956995	300	6.560258762532242	0.0	167025	1439.7412374677576	-2.25
5396.303445888389	1200	6.861750831137361	0.0	638661	3698.507931394881	0.29999999999999993
5398.61809257958	1200	8.547104139947145	0.0	538612	2314.646691190216	1.2
5400.423725249255	1200	10.741471470271945	0.0	550906	1805.6326696752008	1.2

