18107.03837369929	750	4.0	5.84241140162946	450283	5842.41140162946	-24.372369027006677
18108.771654445023	300	6.266719254268797	0.0	155580	1733.2807457312028	-0.15000000000000002
18109.9729425141	300	9.065431185188647	0.0	139857	1201.2880690801505	0.3
18111.27415648889	300	11.76421721040178	0.0	155432	1301.2139747868682	0.3
18112.614224665776	300	14.424149033514515	0.0	163442	1340.0681768872635	0.3
18114.979675550974	750	16.058698148316054	0.0	318564	2365.450885198462	0.3
18117.364049070213	750	17.674324629076867	0.0	352642	2384.3735192391878	0.75
18120.334050692534	750	18.704323006754894	0.0	437162	2970.00162232197	0.75
18122.686094393695	750	20.35227930559364	0.0	374758	2352.0437011612544	0.75
18124.919766308045	750	22.118607391247252	0.0	362795	2233.671914346389	0.75
18128.68194002288	1200	22.356433676409797	0.0	607410	3762.173714837456	0.75
18132.36100741286	1200	22.677366286433557	0.0	594078	3679.0673899762387	1.2
18135.716032247026	1200	23.322341452267548	0.0	624282	3355.0248341660085	1.2
18141.252732151905	1200	21.785641547391506	0.0	687371	5536.699904876041	1.2
18149.16495562721	1200	17.873418072085133	0.0	526950	7912.223475306375	1.2
18153.78438310045	750	17.253990598847057	0.0	366214	4619.427473238076	0.3
18161.33649506214	750	13.701878637159876	0.0	360831	7552.111961687181	0.75
18163.249860125423	300	15.788513573877239	0.0	150616	1913.3650632826377	-0.15000000000000002
18165.072481112293	300	17.965892587004358	0.0	165384	1822.6209868728822	0.3
18166.461332953513	300	20.577040745783858	0.0	140881	1388.8518412204992	0.3
18167.87260796452	300	23.165765734778194	0.0	157671	1411.2750110056677	0.3
18172.131637534338	750	22.906736164958843	0.0	399894	4259.029569819352	0.3
18176.080643343	750	22.957730356295546	0.0	401853	3949.005808663295	0.75
18179.440081697147	750	23.59829200215118	0.0	343800	3359.4383541443663	0.75
18181.950474836827	750	25.087898862472077	0.0	359903	2510.3931396791027	0.75
18184.25900030969	750	26.77937338961242	0.0	379700	2308.525472859657	0.75
18186.97163173637	750	28.06674196292658	0.0	425781	2712.6314266858403	0.75
18189.84988870229	1200	29.188484997005148	0.0	487160	2878.2569659214346	0.75
18194.202925198282	1200	28.835448501014234	0.0	622896	4353.036495990913	1.2
18197.355245923747	1200	29.68312777555209	0.0	641447	3152.3207254621448	1.2
18200.624447786387	1200	30.41392591291079	0.0	570392	3269.201862641296	1.2
18205.982626730758	1200	29.05574696853909	0.0	620283	5358.178944371704	1.2
18210.114407097484	1200	28.923966601814463	0.0	584349	4131.780366724626	1.2
18215.461685109753	1200	27.576688589546627	0.0	670129	5347.278012267837	1.2
18221.240649618816	1200	25.797724080483977	0.0	690253	5778.964509062648	1.2
18223.981786006443	750	27.05658769285769	0.0	365161	2741.1363876262885	0.3
18226.28692189188	750	28.75145180742122	0.0	321064	2305.1358854364744	0.75
18229.79484686749	1200	29.243526831808886	0.0	575591	3507.9249756123327	0.75
18234.43024103832	1200	28.608132660976064	0.0	605884	4635.394170832821	1.2
18238.249783785952	1200	28.788589913346936	0.0	587506	3819.5427476291284	1.2
18242.03820910962	1200	29.00016458967509	0.0	566904	3788.425323671844	1.2
18247.8852301293	1200	27.153143569997766	0.0	641452	5847.021019677328	1.2
18252.363271290604	750	26.675102408696393	0.0	372093	4478.041161301375	0.3
18256.559791544347	750	26.47858215495333	0.0	438281	4196.520253743064	0.75
18259.00161457472	750	28.03675912457863	0.0	398987	2441.8230303746977	0.75
18261.35393121998	750	29.684442479319785	0.0	393804	2352.316645258849	0.75
18264.52950523359	1200	30.50886846571061	0.0	538612	3175.5740136091745	0.75
18267.591404060728	1200	31.446969638571975	0.0	550906	3061.8988271386334	1.2

