23594.558832055078	750	4.0	3.7572090788844412	450283	3757.209078884441	-15.405999039203095
23595.789566669002	300	6.76926538607515	0.0	155580	1230.7346139248493	-0.15000000000000002
23596.854881697	300	9.703950358079696	0.0	139857	1065.3150279954539	0.3
23598.13661165832	300	12.422220396759094	0.0	155432	1281.729961320603	0.3
23599.72165239666	300	14.837179658417623	0.0	163442	1585.0407383414722	0.3
23604.661469624716	750	13.897362430360035	0.0	318564	4939.817228057587	0.3
23609.097547310117	750	13.461284744959254	0.0	352642	4436.077685400782	0.75
23610.107061063758	300	16.45177099131664	0.0	173849	1009.513753642616	-0.15000000000000002
23613.277530216496	750	17.281301838580344	0.0	374758	3170.469152736298	0.3
23617.863418047433	750	16.6954140076439	0.0	362795	4585.8878309364445	0.75
23621.788716442996	750	16.770115612082417	0.0	353220	3925.2983955614823	0.75
23625.31547825177	750	17.24335380330567	0.0	405134	3526.76180877675	0.75
23631.270319737345	750	15.288512317730081	0.0	386351	5954.841485575588	0.75
23635.933375155648	300	14.625456899428572	0.0	179801	4663.055418301507	-0.15000000000000002
23639.077352948632	300	15.481479106442718	0.0	140051	3143.9777929858556	0.3
23643.312416990346	300	15.246415064726516	0.0	138313	4235.064041716202	0.3
23647.395604904777	300	15.163227150295436	0.0	143509	4083.1879144310797	0.3
23650.895433372953	300	15.663398682123095	0.0	150616	3499.82846817234	0.3
23654.351797007188	300	16.20703504788613	0.0	165384	3456.363634236965	0.3
23658.731756547826	300	15.827075507245716	0.0	140881	4379.959540640415	0.3
23664.225879041252	300	14.332953013821152	0.0	157671	5494.122493424564	0.3
23669.880882652975	300	12.677949402097605	0.0	157812	5655.003611723548	0.3
23675.13950579215	300	11.419326262922572	0.0	163927	5258.623139175033	0.3
23678.626457156293	300	11.932374898779846	0.0	137654	3486.951364142726	0.3
23681.605229294695	300	12.953602760377867	0.0	146754	2978.7721384019783	0.3
23684.834955371825	300	13.723876683247266	0.0	153938	3229.7260771306032	0.3
23687.242974639343	300	15.31585741573471	0.0	181901	2408.0192675125545	0.3
23688.74267808581	300	17.81615396926457	0.0	111155	1499.703446470145	0.3
23691.425443671178	300	19.13338838389721	0.0	153605	2682.765585367359	0.3
23695.04859599986	300	19.510236055214612	0.0	149029	3623.1523286825955	0.3
23697.833229895143	300	20.72560215993342	0.0	157421	2784.633895281193	0.3
23702.098726447235	300	20.460105607837068	0.0	157488	4265.496552096351	0.3
23706.722859416153	300	19.835972638919703	0.0	143881	4624.132968917365	0.3
23711.76907690681	300	18.789755148260397	0.0	163444	5046.217490659306	0.3
23718.451835858898	300	16.106996196174972	0.0	179328	6682.758952085424	0.3
23722.83786041776	300	15.72097163730928	0.0	159914	4386.024558865693	0.3
23726.53589197384	300	16.022940081231553	0.0	131610	3698.031556077726	0.3
23730.863205316284	300	15.695626738785217	0.0	124011	4327.313342446337	0.3
23736.18709854968	300	14.371733505389773	0.0	144254	5323.893233395444	0.3
23740.97455839213	300	13.584273662937546	0.0	149991	4787.459842452227	0.3
23744.594710551715	300	13.964121503352464	0.0	147968	3620.1521595850827	0.3
23747.143867542723	300	15.414964512341971	0.0	161857	2549.156991010493	0.3
23748.599579013102	300	17.959253041966377	0.0	145210	1455.7114703755926	0.3
23750.218972040664	300	20.33986001440368	0.0	172312	1619.3930275626988	0.3
23751.601894095693	300	22.95693795937685	0.0	167025	1382.922055026829	0.3
23754.41174192534	750	24.147090129730717	0.0	393804	2809.847829646133	0.3
23757.97264768947	1200	24.58618436560238	0.0	538612	3560.9057641283366	0.75
23761.44614978799	1200	25.112682267081535	0.0	550906	3473.502098520846	1.2

