17005.657485820615	750	4.0	6.240793125191714	450283	6240.793125191714	0.5	-26.08541043832437
17008.265699353007	300	5.39178646760646	0.0	155580	2608.2135323935404	0.5	-0.15000000000000002
17010.79387864401	300	6.863607176602174	0.0	139857	2528.179291004286	0.5	0.3
17013.079335600418	300	8.578150220191981	0.0	155432	2285.456956410193	0.5	0.3
17016.59215652024	300	9.065329300370701	0.0	163442	3512.820919821281	0.5	0.3
17018.95344412	300	10.704041700610226	0.0	126289	2361.2875997604747	0.5	0.3
17021.500509687015	300	12.156976133596313	0.0	153295	2547.065567013914	0.5	0.3
17024.438533885324	300	13.218951935283304	0.0	173849	2938.024198313009	0.5	0.3
17027.526382830372	300	14.131102990237448	0.0	150710	3087.848945045855	0.5	0.3
17030.494783645598	300	15.162702175014754	0.0	139105	2968.400815222695	0.5	0.3
17033.295170553243	300	16.362315267365	0.0	141840	2800.3869076497554	0.5	0.3
17036.11823189302	300	17.539253927590405	0.0	156148	2823.0613397745915	0.5	0.3
17039.176932350107	300	18.480553470501146	0.0	160746	3058.7004570892605	0.5	0.3
17043.24523059552	300	18.412255225090572	0.0	179801	4068.2982454105727	0.5	0.3
17046.422794059014	300	19.234691761596945	0.0	140051	3177.563463493625	0.5	0.3
17049.017200755836	300	20.6402850647763	0.0	138313	2594.4066968206475	0.5	0.3
17051.350303758383	300	22.30718206222974	0.0	143509	2333.1030025465607	0.5	0.3
17053.56348393426	300	24.094001886351908	0.0	150616	2213.1801758778292	0.5	0.3
17056.016903363332	300	25.640582457281866	0.0	165384	2453.419429070041	0.5	0.3
17058.36078733163	300	27.296698488985843	0.0	140881	2343.8839682960256	0.5	0.3
17061.152927015548	300	28.50455880507028	0.0	157671	2792.139683915566	0.5	0.3
17066.811840461633	750	26.845645358983734	0.0	399894	5658.913446086547	0.5	0.3
17071.934837812576	750	25.72264800804251	0.0	401853	5122.997350941221	0.5	0.75
17080.751985897754	1200	20.905499922867357	0.0	536667	8817.148085175157	0.5	0.75
17084.263335015257	750	21.394150805363083	0.0	359903	3511.349117504273	0.5	0.3
17087.346042728695	750	22.311443091921923	0.0	379700	3082.7077134411593	0.5	0.75
17091.682256793905	750	21.975229026711443	0.0	425781	4336.214065210477	0.5	0.75
17095.227286699293	750	22.430199121322858	0.0	277716	3545.029905388587	0.5	0.75
17100.778395979127	750	20.87908984149419	0.0	400396	5551.109279828671	0.5	0.75
17109.084520356202	750	16.57296546441849	0.0	400508	8306.124377075697	0.5	0.75
17115.700816118293	750	13.95666970232657	0.0	358218	6616.2957620919215	0.5	0.75
17119.920446023312	300	13.737039797307563	0.0	157488	4219.629905019006	0.5	-0.15000000000000002
17124.81068541994	300	12.84680040067919	0.0	143881	4890.2393966283735	0.5	0.3
17130.202068341936	300	11.45541747868144	0.0	163444	5391.382921997748	0.5	0.3
17135.04394995579	300	10.613535864828474	0.0	179328	4841.8816138529655	0.5	0.3
17140.02300279899	300	9.634483021631757	0.0	159914	4979.052843196719	0.5	0.3
17144.65456008473	300	9.002925735892404	0.0	131610	4631.557285739353	0.5	0.3
17149.05130487216	300	8.60618094846488	0.0	124011	4396.744787427525	0.5	0.3
17152.729637651777	300	8.927848168843228	0.0	144254	3678.332779621652	0.5	0.3
17156.40294591287	300	9.25453990775587	0.0	149991	3673.3082610873566	0.5	0.3
17159.996966748797	300	9.660519071828938	0.0	147968	3594.0208359269323	0.5	0.3
17163.19804043886	300	10.45944538176433	0.0	161857	3201.0736900646075	0.5	0.3
17165.818483609146	300	11.8390022114785	0.0	145210	2620.4431702858315	0.5	0.3
17168.57445161273	300	13.083034207896985	0.0	172312	2755.968003581514	0.5	0.3
17170.82617887138	300	14.831306949248548	0.0	167025	2251.727258648436	0.5	0.3
17173.165165657607	300	16.49232016302216	0.0	160064	2338.9867862263904	0.5	0.3
17181.15122930896	750	12.50625651166507	0.0	331053	7986.063651357089	0.5	0.3
17186.28324876846	750	11.374237052169214	0.0	314107	5132.019459495855	0.5	0.75

