4460.9800584620025	750	4.0	6.275717151967713	450283	6275.717151967713	-26.235583753461167
4463.1547411803585	300	5.825317281643536	0.0	155580	2174.6827183564637	-0.15000000000000002
4465.240665684758	300	7.7393927772440305	0.0	139857	2085.924504399506	0.3
4469.1676315205605	300	7.812426941441434	0.0	155432	3926.9658358025963	0.3
4470.972975509868	300	10.00708295213319	0.0	163442	1805.343989308242	0.3
4472.460481178366	300	12.519577283635904	0.0	126289	1487.5056684972856	0.3
4474.474140863814	300	14.505917598187823	0.0	153295	2013.6596854480813	0.3
4477.795489667703	300	15.184568794298952	0.0	173849	3321.3488038888718	0.3
4480.538820792506	300	16.441237669495035	0.0	150710	2743.3311248039176	0.3
4482.49374624585	300	18.48631221615171	0.0	139105	1954.9254533433261	0.3
4484.798177275736	300	20.18188118626581	0.0	141840	2304.4310298859023	0.3
4487.35816123845	300	21.621897223552516	0.0	156148	2559.9839627132924	0.3
4489.573752112747	300	23.406306349255672	0.0	160746	2215.5908742968422	0.3
4491.802412847488	300	25.17764561451333	0.0	179801	2228.660734742343	0.3
4493.398215141381	300	27.581843320619964	0.0	140051	1595.8022938933686	0.3
4494.833515369839	300	30.146543092162144	0.0	138313	1435.3002284578197	0.3
4496.124322125515	300	32.855736336486416	0.0	143509	1290.8067556757312	0.3
4499.984333468832	750	32.99572499316893	0.0	372963	3860.0113433174824	0.3
4506.638730171734	750	30.34132829026613	0.0	405596	6654.396702902801	0.75
4510.041294487695	300	30.93876397430559	0.0	140881	3402.5643159605406	-0.15000000000000002
4513.833018804161	300	31.147039657840324	0.0	157671	3791.724316465268	0.3
4516.901091705154	300	32.078966756847386	0.0	157812	3068.072900992934	0.3
4519.95108496355	300	33.02897349845113	0.0	163927	3049.993258396256	0.3
4522.880860469909	300	34.0991979920921	0.0	137654	2929.7755063590303	0.3
4526.3901493742615	300	34.58990908773878	0.0	146754	3509.288904353322	0.3
4530.075174798149	300	34.90488366385027	0.0	153938	3685.025423888505	0.3
4534.01653373441	300	34.963524727589366	0.0	181901	3941.3589362609086	0.3
4536.126140547462	300	36.853917914537874	0.0	111155	2109.6068130514873	0.3
4538.205481025042	300	38.774577436957784	0.0	153605	2079.3404775800896	0.3
4540.9423585518225	300	40.03769991017737	0.0	149029	2736.8775267804112	0.3
4544.279012690119	300	40.70104577188007	0.0	157421	3336.654138297308	0.3
4547.5181697245225	300	41.46188873747711	0.0	157488	3239.157034402963	0.3
4550.867236007528	300	42.11282245447113	0.0	143881	3349.0662830059805	0.3
4554.457778177977	300	42.52228028402188	0.0	163444	3590.542170449251	0.3
4558.2795990292525	300	42.70045943274739	0.0	179328	3821.8208512744864	0.3
4561.88643200067	300	43.093626461330004	0.0	159914	3606.8329714173888	0.3
4563.765457432244	300	45.214601029755926	0.0	131610	1879.0254315740735	0.3
4567.708511836486	750	45.27154662551442	0.0	361565	3943.0544042415036	0.3
4571.395202025345	750	45.58485643665622	0.0	378327	3686.6901888581965	0.75
4580.353993642105	1200	40.62606481989603	0.0	587506	8958.791616760192	0.75
4587.044365513138	750	37.93569294886283	0.0	345516	6690.371871033199	0.3
4592.8231232107555	750	36.15693525124495	0.0	384505	5778.757697617874	0.75
4600.322619916447	750	32.65743854555311	0.0	372093	7499.496705691843	0.75
4603.39435255901	300	33.58570590299042	0.0	172312	3071.7326425626966	-0.15000000000000002
4606.281700299315	300	34.69835816268546	0.0	167025	2887.34774030496	0.3
4608.727548811499	300	36.25250965050122	0.0	160064	2445.8485121842427	0.3
4613.008451178002	750	35.9716072839977	0.0	331053	4280.902366503519	0.3
4616.605461982318	750	36.37459647968212	0.0	314107	3597.0108043155806	0.75

