846.334765063186	750	4.0	6.8100179178166504	450283	6810.017917816651	-28.533077046611595
847.4990803635048	300	6.835684699681131	0.0	155580	1164.3153003188686	-0.15000000000000002
848.4572139149266	300	9.877551148259398	0.0	139857	958.1335514217336	0.3
849.5862773578162	300	12.748487705369673	0.0	155432	1129.0634428897242	0.3
850.8810544964708	300	15.453710566715028	0.0	163442	1294.7771386546447	0.3
851.8476430621323	300	18.48712200105353	0.0	126289	966.5885656614953	0.3
852.9677275395923	300	21.3670375235935	0.0	153295	1120.0844774600341	0.3
854.2303070090447	300	24.104458054141148	0.0	173849	1262.5794694523508	0.3
855.3307015991027	300	27.00406346408309	0.0	150710	1100.3945900580602	0.3
856.3683149710024	300	29.966450092183337	0.0	139105	1037.6133718997567	0.3
857.450759345243	300	32.8840057179428	0.0	141840	1082.4443742405379	0.3
858.6902665329166	300	35.64449853026924	0.0	156148	1239.507187673562	0.3
859.8144455757034	300	38.520319487482396	0.0	160746	1124.1790427868416	0.3
861.1804352702136	300	41.15432979297218	0.0	179801	1365.9896945102223	0.3
862.2527567026688	300	44.08200836051704	0.0	140051	1072.3214324551402	0.3
863.4426603554325	300	46.89210470775326	0.0	138313	1189.903652763772	0.3
864.9301668091148	300	49.40459825407104	0.0	143509	1487.5064536822265	0.3
866.3756225317996	300	51.95914253138616	0.0	150616	1445.4557226848792	0.3
867.7758685074814	300	54.55889655570434	0.0	165384	1400.2459756818255	0.3
868.9844510544369	300	57.35031400874874	0.0	140881	1208.5825469555944	0.3
870.5170927993742	300	59.61884507176414	0.0	157671	1231.4689369846037	0.3
871.8690125944944	300	59.928471578180314	0.0	157812	1190.373493583821	0.3
873.2728653340561	300	59.64731835436763	0.0	163927	1281.1532238126908	0.3
875.9103160424607	300	59.92494280573979	0.0	137654	1222.375548627836	0.3
877.7870989222508	300	59.77408895048321	0.0	146754	1650.8538552565785	0.3
881.7307673389298	300	59.83042053380419	0.0	153938	1943.6684166790249	0.3
885.330008072855	300	59.74559880639786	0.0	181901	2584.8217274063268	0.3
886.5614334282969	300	59.59209563668628	0.0	111155	1153.5031697115758	0.3
888.2788536286022	300	59.78734669614883	0.0	153605	1304.7489405374529	0.3
890.7364455306806	300	59.80988641314354	0.0	149029	1477.4602830052897	0.3
893.5978875520464	300	59.66923112619726	0.0	157421	1640.6552869462812	0.3
895.1281756052005	300	59.689480500179876	0.0	157488	1479.7506260173811	0.3
897.1922844127217	300	59.8776948242876	0.0	143881	1311.785675892271	0.3
900.3292752572269	300	59.79536094404957	0.0	163444	1582.3338802380324	0.3
904.2687042559704	300	59.85593194530606	0.0	179328	1939.4289987435125	0.3
907.3830582120836	300	59.830797958254706	0.0	159914	2525.133987051353	0.3
909.7094434203418	300	59.75221538160659	0.0	131610	1578.582576648117	0.3
911.8104982678831	300	59.780589278391005	0.0	124011	1471.6261032155894	0.3
913.9343121002897	300	59.593396639000495	0.0	144254	1687.1926393905076	0.3
916.0865028212302	300	59.90061191793832	0.0	149991	1692.784721062167	0.3
920.3491149823974	300	59.63799975677112	0.0	147968	3262.6121611672006	0.3
924.4944821902743	300	59.4926325488943	0.0	161857	4145.367207876827	0.3
928.2267296272502	300	59.76038511191848	0.0	145210	3232.247436975816	0.3
932.1718557270755	300	59.815259012093115	0.0	172312	3445.126099825371	0.3
935.5534607142673	300	59.52183601885897	0.0	167025	2293.4229932341373	0.3
937.6785401031311	300	59.90338725940593	0.0	160064	1118.4487594530428	0.3
940.4067387456395	300	59.75260325285707	0.0	137507	2150.784006548859	0.3
941.9526725155802	300	59.8933436478665	0.0	118421	859.2596049905666	0.3

