8483.470915857399	750	4.0	4.838144007766586	450283	4838.144007766587	-20.05401923339632
8485.061755183606	300	6.409160673793575	0.0	155580	1590.8393262064255	-0.15000000000000002
8486.265109442102	300	9.205806415296815	0.0	139857	1203.3542584967608	0.3
8487.52156779421	300	11.949348063187209	0.0	155432	1256.4583521096054	0.3
8488.844707097458	300	14.626208759941129	0.0	163442	1323.1393032460794	0.3
8489.941423697797	300	17.529492159601176	0.0	126289	1096.7166003399511	0.3
8492.713139550582	750	18.75777630681643	0.0	352642	2771.715852784747	0.3
8496.053101872198	750	19.417813985199594	0.0	437162	3339.962321616839	0.75
8499.251016233307	750	20.219899624090154	0.0	374758	3197.914361109443	0.75
8501.732536430396	750	21.73837942700271	0.0	362795	2481.5201970874436	0.75
8504.083365964203	750	23.387549893197306	0.0	353220	2350.8295338054045	0.75
8507.51476497994	750	23.95615087746038	0.0	405134	3431.3990157369217	0.75
8510.335341337573	750	25.13557451982827	0.0	386351	2820.57635763211	0.75
8512.598353391517	750	26.872562465883973	0.0	434409	2263.0120539442983	0.75
8514.338775526256	750	29.13214033114645	0.0	337059	1740.4221347375253	0.75
8516.19407903356	750	31.276836823842896	0.0	366214	1855.3035073035535	0.75
8518.722010166373	1200	32.74890569102922	0.0	617242	2527.9311328136773	0.75
8521.224189421024	1200	34.24672643637855	0.0	581493	2502.1792546506663	1.2
8523.949793576881	1200	35.52112228052097	0.0	639204	2725.604155857582	1.2
8528.203432038592	1850	35.26748381880935	0.0	923755	4253.63846171161	1.2000000000000002
8532.275490691867	1850	35.19542516553487	0.0	891604	4072.058653274486	1.85
8535.623919963948	1850	35.846995893453766	0.0	955231	3348.4292720811045	1.85
8539.232910566481	1850	36.23800529092105	0.0	968026	3608.990602532712	1.85
8543.25927720634	1850	36.211638651060724	0.0	874175	4026.36663986032	1.85
8551.95857616878	1850	31.512339688621537	0.0	897976	8699.298962439188	1.85
8554.601440972338	1200	32.86947488506268	0.0	590335	2642.8648035588585	0.5499999999999999
8560.193977675137	1200	31.276938182263244	0.0	696376	5592.536702799435	1.2
8562.373814802879	750	33.09710105451904	0.0	277716	2179.8371277442047	0.3
8565.49379368103	750	33.97712217636843	0.0	400396	3119.978878150611	0.75
8568.89947949644	1200	34.57143636095832	0.0	641447	3405.685815410106	0.75
8571.964106024758	1200	35.50680983264097	0.0	570392	3064.62652831736	1.2
8575.387863953187	1200	36.08305190421149	0.0	620283	3423.757928429476	1.2
8582.649219762334	1200	32.821696095064	0.0	584349	7261.35580914749	1.2
8583.900786235916	750	35.57012962148295	0.0	412837	1251.5664735810517	0.3
8585.423634878738	1200	38.04728097865967	0.0	690253	1522.848642823278	0.75
8586.689815715632	1200	40.78110014176554	0.0	598727	1266.1808368941297	1.2
8589.11874291203	2850	42.35217294536655	0.0	1139291	2428.9271963989954	1.2000000000000002
8593.16049669543	4300	42.31041916196802	0.0	2147467	4041.7537833985243	2.8499999999999996
8597.510620451572	4300	41.960295405825526	0.0	2133870	4350.1237561424905	4.3
8603.048841101549	4300	40.42207475585013	0.0	2146120	5538.220649975396	4.3
8607.131529036109	4300	40.33938682128997	0.0	2108491	4082.6879345601624	4.3
8612.524752196243	4300	38.94616366115619	0.0	2184571	5393.223160133779	4.3
8620.86711891415	4300	34.60379694324934	0.0	2121928	8342.366717906853	4.3
8630.515561406653	4300	28.955354450746178	0.0	2219102	9648.442492503162	4.3
8638.30539795256	2850	25.165517904841714	0.0	1464921	7789.836545904466	1.4000000000000001
8643.180722140502	1850	24.29019371689827	0.0	982064	4875.324187943444	0.8500000000000001
8645.442303711767	1200	26.02861214563447	0.0	538612	2261.5815712637987	0.5499999999999999
8647.95344181033	1200	27.517474047070966	0.0	550906	2511.1380985635024	1.2

