11594.81267683872	750	4.0	1.7041197936685797	450283	1704.1197936685796	-6.577715112774892
11601.454872410437	2850	4.0	2.6421955717191996	1431809	6642.1955717191995	-10.611440958392558
11605.038276191022	1850	4.416596219415382	0.0	877771	3583.4037805846183	0.8500000000000001
11608.804678495933	1850	4.650193914503387	0.0	933276	3766.4023049119955	1.85
11613.41634590513	1850	4.038526505307341	0.0	996749	4611.667409196046	1.85
11616.469157349295	1850	4.985715061144499	0.0	801058	3052.811444162842	1.85
11621.275732898004	1850	4.179139512433957	0.0	905515	4806.5755487105425	1.85
11626.243655568876	1850	4.0	0.7887831584386913	1060487	4967.922670872648	-1.5417675812863725
11628.495936271576	1200	5.747719297301308	0.0	584846	2252.2807026986925	0.5499999999999999
11630.98967743677	1200	7.253978132109364	0.0	560821	2493.7411651919438	1.2
11633.417424749867	1850	8.826230819012983	0.0	939819	2427.7473130963813	1.2000000000000002
11636.16762982	1850	10.076025748878681	0.0	917428	2750.2050701343014	1.85
11639.307276140851	1850	10.936379428026724	0.0	946851	3139.646320851956	1.85
11643.058078863038	1850	11.18557670584109	0.0	1036454	3750.802722185635	1.85
11647.493652107505	1850	10.750003461374206	0.0	821631	4435.573244466884	1.85
11650.670132656494	1850	11.573522912384613	0.0	923170	3176.4805489895934	1.85
11654.07785987853	1850	12.165795690350267	0.0	966699	3407.7272220343452	1.85
11657.288898560948	1850	12.95475700792969	0.0	885714	3211.038682420578	1.85
11661.503182272801	1850	12.74047329607664	0.0	987708	4214.28371185305	1.85
11665.498628287578	1850	12.745027281300299	0.0	923755	3995.4460147763402	1.85
11668.201757562532	1850	14.041898006345656	0.0	891604	2703.129274954643	1.85
11671.098903648523	1850	15.144751920357503	0.0	955231	2897.146085988154	1.85
11674.622132672172	1850	15.621522896706624	0.0	968026	3523.229023650877	1.85
11678.631100017757	1850	15.612555551119899	0.0	874175	4008.9673455867273	1.85
11682.85316431703	1850	15.390491251846804	0.0	897976	4222.064299273094	1.85
11689.5545474168	1850	12.689108152079404	0.0	905935	6701.3830997673995	1.85
11694.652286009616	1200	11.591369559262104	0.0	696376	5097.738592817302	0.5499999999999999
11698.978332877094	1200	11.265322691783624	0.0	487160	4326.046867478481	1.2
11704.980656622181	1200	9.262998946696287	0.0	622896	6002.323745087336	1.2
11708.087962640346	750	10.155692928531504	0.0	400508	3107.306018164784	0.3
11709.929915242372	750	12.313740326504078	0.0	358218	1841.952602027427	0.75
11712.386503199981	750	13.857152368894807	0.0	400322	2456.5879576092702	0.75
11714.496890411348	750	15.746765157527436	0.0	369834	2110.3872113673706	0.75
11716.398348727866	750	17.84530684101061	0.0	412837	1901.4583165168258	0.75
11719.761258298173	1200	18.48239727070148	0.0	690253	3362.9095703091293	0.75
11729.016484922216	1200	13.227170646657044	0.0	598727	9255.226624044437	1.2
11731.578495073307	750	14.665160495567287	0.0	321064	2562.0101510897566	0.3
11734.439768416933	750	15.803887151942273	0.0	361565	2861.2733436250123	0.75
11737.12070134987	750	17.12295421900538	0.0	378327	2680.9329329368943	0.75
11740.136291836201	750	18.107363732673566	0.0	390680	3015.5904863318133	0.75
11742.216154992835	750	20.027500576037625	0.0	345516	2079.8631566359404	0.75
11743.845574874029	750	22.398080694844374	0.0	384505	1629.419881193251	0.75
11745.801202931509	1200	24.442452637364124	0.0	599477	1955.6280574802497	0.75
11747.87551011673	1200	26.368145452142148	0.0	634861	2074.307185221978	1.2
11750.222434730682	1200	28.02122083819007	0.0	630203	2346.924613952075	1.2
11753.429373008881	1850	28.814282559991238	0.0	982064	3206.9382781988297	1.2000000000000002
11755.641846508754	1850	30.60180906011764	0.0	830730	2212.4734998736008	1.85
11757.581169263824	1850	32.66248630504872	0.0	846370	1939.322755068913	1.85

