5033.19997295546	750	4.0	5.259051639025879	450283	5259.051639025879	0.5	-21.86392204781128
5034.745199018109	300	6.454773937350686	0.0	155580	1545.2260626493135	0.5	-0.15000000000000002
5036.208109684807	300	8.991863270652232	0.0	139857	1462.9106666984549	0.5	0.3
5039.480476507985	750	9.719496447474015	0.0	382355	3272.3668231782153	0.5	0.3
5043.260915839344	750	9.939057116115011	0.0	411561	3780.4393313590053	0.5	0.75
5046.443137318442	750	10.756835637017636	0.0	318564	3182.2214790973753	0.5	0.75
5049.069458290076	750	12.13051466538384	0.0	352642	2626.3209716337947	0.5	0.75
5053.064956547118	750	12.135016408342072	0.0	437162	3995.498257041769	0.5	0.75
5055.101442789607	750	14.09853016585325	0.0	374758	2036.4862424888215	0.5	0.75
5056.989343172086	750	16.210629783374117	0.0	362795	1887.9003824791346	0.5	0.75
5060.795076475292	1200	16.40489648016736	0.0	607410	3805.7333032067572	0.5	0.75
5063.8904569088345	1200	17.309516046625955	0.0	594078	3095.3804335414	0.5	1.2
5067.603193823546	1200	17.596779131914822	0.0	624282	3712.7369147111317	0.5	1.2
5072.453022103825	1200	16.746950851635432	0.0	687371	4849.828280279392	0.5	1.2
5075.21194392401	1200	17.988029031450022	0.0	526950	2758.92182018541	0.5	1.2
5078.157017058025	1200	19.04295589743437	0.0	587876	2945.0731340156526	0.5	1.2
5083.979899685901	1850	17.2200732695586	0.0	966699	5822.882627875769	0.5	1.2000000000000002
5088.361640792084	1850	16.83833216337556	0.0	885714	4381.741106183038	0.5	1.85
5093.2881854534435	1850	15.911787502015313	0.0	987708	4926.544661360249	0.5	1.85
5098.3366907185555	1850	14.86328223690283	0.0	923755	5048.505265112485	0.5	1.85
5104.705075136084	1850	12.494897819374398	0.0	891604	6368.384417528432	0.5	1.85
5111.734124870864	1850	9.465848084593798	0.0	955231	7029.0497347805995	0.5	1.85
5116.272552046309	1200	8.927420909149474	0.0	656471	4538.427175444324	0.5	0.5499999999999999
5120.580896006458	1200	8.619076949000767	0.0	536667	4308.343960148706	0.5	1.2
5124.599788024254	1200	8.600184931204446	0.0	587236	4018.8920177963223	0.5	1.2
5128.299585947554	1200	8.900387007904879	0.0	590335	3699.797923299565	0.5	1.2
5131.719429537016	1200	9.480543418442545	0.0	696376	3419.843589462334	0.5	1.2
5134.456869454744	1200	10.743103500714238	0.0	487160	2737.4399177283058	0.5	1.2
5139.159127451689	1200	10.040845503769917	0.0	622896	4702.257996944321	0.5	1.2
5143.540632233732	1200	9.659340721726618	0.0	641447	4381.504782043299	0.5	1.2
5148.4092877133635	1200	8.790685242094845	0.0	570392	4868.655479631773	0.5	1.2
5154.624341577861	1200	6.5756313775979365	0.0	620283	6215.053864496909	0.5	1.2
5157.77406571192	750	7.425907243538731	0.0	369834	3149.7241340592054	0.5	0.3
5161.525966620427	750	7.674006335030969	0.0	412837	3751.9009085077623	0.5	0.75
5165.246467960562	750	7.953504994897204	0.0	401088	3720.5013401337633	0.5	0.75
5168.678433073679	750	8.521539881779827	0.0	365161	3431.965113117378	0.5	0.75
5171.770377752415	750	9.429595203043727	0.0	321064	3091.9446787361	0.5	0.75
5175.20985303976	750	9.990119915698374	0.0	361565	3439.475287345352	0.5	0.75
5178.760013376865	750	10.439959578593943	0.0	378327	3550.1603371044325	0.5	0.75
5182.942718811055	750	10.257254144403813	0.0	390680	4182.705434190129	0.5	0.75
5187.358684569843	750	9.84128838561586	0.0	345516	4415.965758787952	0.5	0.75
5192.078799484047	750	9.121173471412586	0.0	384505	4720.114914203274	0.5	0.75
5195.480224587878	750	9.719748367580632	0.0	372093	3401.4251038319553	0.5	0.75
5199.81064123197	750	9.38933172348895	0.0	438281	4330.416644091681	0.5	0.75
5203.805661941003	750	9.394311014456227	0.0	398987	3995.0207090327235	0.5	0.75
5207.617950109444	750	9.582022846015416	0.0	393804	3812.2881684408108	0.5	0.75
5211.098406342491	750	10.101566612967904	0.0	331053	3480.45623304751	0.5	0.75
5218.455503523869	1200	6.744469431590276	0.0	550906	7357.097181377629	0.5	0.75

