24998.79019259043	750	4.0	11.415819972284071	450283	11415.81997228407	0.5	-48.338025880821505
25001.6132816628	300	5.176910927625635	0.0	155580	2823.0890723743646	0.5	-0.15000000000000002
25003.909684174727	300	6.880508415700065	0.0	139857	2296.4025119255693	0.5	0.3
25005.992018528334	300	8.798174062092835	0.0	155432	2082.334353607229	0.5	0.3
25008.955194862203	300	9.834997728226448	0.0	163442	2963.1763338663886	0.5	0.3
25012.195642935872	300	10.594549654555204	0.0	126289	3240.4480736712444	0.5	0.3
25014.861451201254	300	11.928741389173108	0.0	153295	2665.8082653820957	0.5	0.3
25019.353561331736	300	11.436631258687633	0.0	173849	4492.110130485475	0.5	0.3
25024.001115626557	300	10.78907696386657	0.0	150710	4647.554294821064	0.5	0.3
25028.75301659653	300	10.037175993896167	0.0	139105	4751.900969970405	0.5	0.3
25033.70926076551	300	9.080931824913973	0.0	141840	4956.244168982194	0.5	0.3
25038.80033985231	300	7.9898527381139415	0.0	156148	5091.079086800031	0.5	0.3
25043.10422749839	300	7.685965092034298	0.0	160746	4303.887646079643	0.5	0.3
25049.227198747325	300	5.562993843097569	0.0	179801	6122.971248936729	0.5	0.3
25053.99602526665	300	4.794167323771426	0.0	140051	4768.826519326142	0.5	0.3
25058.5947162756	300	4.195476314822005	0.0	138313	4598.691008949421	0.5	0.3
25061.97913973246	300	4.811052857963363	0.0	143509	3384.423456858642	0.5	0.3
25064.24268629605	300	6.547506294370085	0.0	150616	2263.5465635932774	0.5	0.3
25065.82986602396	300	8.960326566457432	0.0	165384	1587.179727912654	0.5	0.3
25067.190065576	300	11.600127014419334	0.0	140881	1360.1995520380992	0.5	0.3
25068.48987959892	300	14.30031299149726	0.0	157671	1299.814022922074	0.5	0.3
25069.66986013096	300	17.120332459452786	0.0	157812	1179.9805320444698	0.5	0.3
25072.49702655541	750	18.293166035003043	0.0	401853	2827.166424449744	0.5	0.3
25074.779612115784	750	20.01058047462897	0.0	343800	2282.5855603740747	0.5	0.75
25077.031594976183	750	21.758597614230073	0.0	359903	2251.9828603988963	0.5	0.75
25080.968624929737	1200	21.82156766067501	0.0	590335	3937.029953555057	0.5	0.75
25086.08813731443	1200	20.702055275984275	0.0	696376	5119.512384690737	0.5	1.2
25089.108753183005	1200	21.68143940740893	0.0	487160	3020.615868575344	0.5	1.2
25093.573812860635	1850	21.216379729777266	0.0	972798	4465.059677631666	0.5	1.2000000000000002
25098.739854372125	1850	20.0503382182876	0.0	975811	5166.041511489663	0.5	1.85
25103.184096248086	1850	19.606096342327074	0.0	873429	4444.241875960526	0.5	1.85
25107.528070547163	1850	19.262122043251708	0.0	954453	4343.974299075365	0.5	1.85
25111.177125208695	1850	19.61306738171978	0.0	885062	3649.05466153193	0.5	1.85
25115.54130999326	1850	19.24888259715644	0.0	1035329	4364.184784563338	0.5	1.85
25120.281948173088	1850	18.508244417329383	0.0	1026056	4740.638179827058	0.5	1.85
25124.257389468425	1850	18.532803121994263	0.0	943942	3975.4412953351207	0.5	1.85
25128.238450746627	1850	18.55174184379144	0.0	728962	3981.0612782028234	0.5	1.85
25133.750787026842	1850	17.03940556357648	0.0	938587	5512.336280214957	0.5	1.85
25140.252261381633	1850	14.537931208783288	0.0	908665	6501.474354793195	0.5	1.85
25143.893319536266	1850	14.896873054150905	0.0	930577	3641.058154632383	0.5	1.85
25147.636910028246	1850	15.153282562170615	0.0	858450	3743.5904919802897	0.5	1.85
25152.122486689546	1850	14.667705900869823	0.0	1025005	4485.57666130079	0.5	1.85
25155.928604592744	1850	14.861587997671409	0.0	886255	3806.1179031984134	0.5	1.85
25160.08375374771	1850	14.70643884270586	0.0	973972	4155.14915496555	0.5	1.85
25164.13269297428	1850	14.657499616136239	0.0	958994	4048.9392265696206	0.5	1.85
25171.035447465485	2850	11.754745124929824	0.0	1483527	6902.754491206414	0.5	1.85
25177.053268154486	2850	9.736924435929417	0.0	1231456	6017.820689000408	0.5	2.85
25184.00053879058	2850	6.78965379983628	0.0	1364537	6947.270636093137	0.5	2.85

