7516.489002313309	750	4.0	1.4326655545084757	450283	1432.6655545084757	-5.410461884386445
7517.0443405335245	300	7.444661779784371	0.0	155580	555.3382202156292	-0.15000000000000002
7519.153707515953	1200	9.335294797356333	0.0	571051	2109.3669824280378	0.29999999999999993
7524.265350705257	1850	8.223651608051528	0.0	933276	5111.643189304806	1.2000000000000002
7527.5330424418335	1850	8.955959871475109	0.0	996749	3267.691736576421	1.85
7531.369541786699	2850	9.119460526609082	0.0	1224260	3836.4993448660257	1.85
7535.8010092581	2850	8.687993055209207	0.0	1388403	4431.467471399876	2.85
7542.161329618429	2850	6.327672694880423	0.0	1638769	6360.320360328783	2.85
7543.07411728211	300	9.414885031198896	0.0	150710	912.7876636815278	-2.25
7545.8084335859	1200	10.68056872740901	0.0	560821	2734.3163037898844	0.29999999999999993
7547.329962610128	750	13.15903970318015	0.0	353220	1521.5290242288597	0.3
7550.646019726389	1850	13.842982586919229	0.0	917428	3316.0571162609235	0.75
7553.075366374251	1200	15.413635939057924	0.0	624282	2429.3466478613036	0.5499999999999999
7555.347650841538	1200	17.141351471770335	0.0	687371	2272.2844672875863	1.2
7557.046227065385	1200	19.44277524792307	0.0	526950	1698.576223847268	1.2
7560.279699998075	1850	20.20930231523399	0.0	923170	3233.472932689078	1.2000000000000002
7562.230024654855	1200	22.25897765845335	0.0	617242	1950.3246567806405	0.5499999999999999
7565.606983126362	1850	22.882019186946767	0.0	885714	3376.958471506584	1.2000000000000002
7569.523591464755	1200	22.96541084855401	0.0	639204	3916.608338392755	0.5499999999999999
7571.471124265999	1200	25.01787804730959	0.0	586839	1947.5328012444222	1.2
7573.4307038565785	1200	27.05829845672966	0.0	601738	1959.5795905799305	1.2
7575.338869808753	1200	29.150132504554573	0.0	616206	1908.165952175084	1.2
7577.482371815565	1200	31.006630497742446	0.0	656471	2143.502006812132	1.2
7580.315230343094	1850	32.173771970213394	0.0	874175	2832.858527529052	1.2000000000000002
7583.422546722132	1850	33.0664555911753	0.0	897976	3107.3163790380886	1.85
7587.242233385016	1850	33.24676892829132	0.0	905935	3819.686662883976	1.85
7593.9724639168	2850	30.516538396507134	0.0	1547572	6730.2305317841865	1.85
7596.8849590032005	1850	31.604043310106686	0.0	758197	2912.4950864004495	0.8500000000000001
7601.822511133086	2850	30.666491180221755	0.0	1498470	4937.552129884932	1.85
7606.990247275831	2850	29.49875503747624	0.0	1561263	5167.736142745514	2.85
7613.581639704034	2850	26.90736260927318	0.0	1341201	6591.392428203062	2.85
7618.409173847547	2850	26.079828465760947	0.0	1497683	4827.534143512232	2.85
7622.641638800044	2850	25.847363513263314	0.0	1358081	4232.464952497635	2.85
7627.945154255597	2850	24.543848057710512	0.0	1587293	5303.515455552802	2.85
7634.755806927387	2850	21.73319538591956	0.0	1492672	6810.652671790952	2.85
7640.2377658997975	2850	20.251236413509105	0.0	1439896	5481.958972410455	2.85
7644.29812668926	2850	20.190875624046907	0.0	1139291	4060.360789462194	2.85
7649.296513644435	2850	19.192488668871036	0.0	1499009	4998.3869551758735	2.85
7654.124143143812	2850	18.364859169493954	0.0	1427478	4827.629499377084	2.85
7660.653208290418	2850	15.835794022888848	0.0	1402287	6529.065146605106	2.85
7664.830149810929	2850	15.658852502377432	0.0	1339500	4176.941520511416	2.85
7669.729283189345	2850	14.759719123962496	0.0	1527299	4899.133378414936	2.85
7674.385762097249	2850	14.103240216057	0.0	1343002	4656.478907905495	2.85
7681.890700258474	2850	10.598302054833123	0.0	1587250	7504.9381612238785	2.85
7687.263980141547	2850	9.22502217175982	0.0	1464921	5373.279883073303	2.85
7692.01586409381	2850	8.473138219497875	0.0	1483527	4751.8839522619455	2.85
7696.127500707449	2850	8.361501605858116	0.0	1231456	4111.636613639758	2.85
7702.818857969498	2850	5.670144343809537	0.0	1364537	6691.35726204858	2.85

