18853.36856574496	750	4.0	3.5013497766476167	450283	3501.3497766476166	-14.305804039584752
18854.33682403526	300	7.031741709697546	0.0	155580	968.258290302454	-0.15000000000000002
18855.02356532735	300	10.345000417606482	0.0	139857	686.7412920910647	0.3
18856.70189246678	750	12.666673278177015	0.0	382355	1678.327139429466	0.3
18858.5836756683	750	14.78489007665742	0.0	411561	1881.7832015195943	0.75
18859.914342482705	750	17.454223262253	0.0	318564	1330.6668144044238	0.75
18861.213819218097	750	20.154746526859547	0.0	352642	1299.4767353934526	0.75
18864.15969197269	1200	21.208873772268397	0.0	709534	2945.8727545911484	0.75
18866.749981566332	1200	22.618584178628648	0.0	584846	2590.2895936397495	1.2
18870.168672616644	1200	23.19989312831464	0.0	560821	3418.691050314009	1.2
18874.796088414736	1200	22.572477330225855	0.0	607410	4627.415798088782	1.2
18877.16099482633	750	24.207570918635582	0.0	405134	2364.9064115902715	0.3
18879.983952273255	750	25.38461347171112	0.0	386351	2822.9574469244635	0.75
18882.943181054157	750	26.425384690809658	0.0	434409	2959.228780901462	0.75
18885.109916212386	750	28.25864953258038	0.0	337059	2166.735158229276	0.75
18887.30445612977	750	30.064109615202252	0.0	366214	2194.5399173781298	0.75
18889.32974232941	750	32.03882341555809	0.0	360831	2025.2861996441588	0.75
18891.444169750193	750	33.924395994774635	0.0	372963	2114.4274207834596	0.75
18897.063406726655	1200	32.30515901831472	0.0	639204	5619.236976459917	0.75
18901.515451683666	750	31.853114061301955	0.0	350713	4452.044957012759	0.3
18905.133426613815	750	32.235139131152145	0.0	386472	3617.97493014981	0.75
18909.868906823387	750	31.499658921581588	0.0	399894	4735.480209570561	0.75
18915.196480790535	750	30.172084954431007	0.0	401853	5327.573967150581	0.75
18918.450158401858	750	30.91840734311069	0.0	343800	3253.6776113203146	0.75
18920.735764452093	750	32.63280129287573	0.0	359903	2285.606050234956	0.75
18922.79540930963	750	34.57315643533801	0.0	379700	2059.64485753773	0.75
18924.813434344414	750	36.55513140055335	0.0	425781	2018.0250347846547	0.75
18927.689442749033	1200	37.679122995932666	0.0	487160	2876.008404620683	0.75
18930.27336544904	1200	39.09520029592559	0.0	622896	2583.9227000070737	1.2
18936.86981362408	1850	36.49875212088952	0.0	975811	6596.448175036069	1.2000000000000002
18943.65174136683	1200	33.716824378137055	0.0	570392	6781.9277427524685	0.5499999999999999
18945.7392587027	750	35.62930704226749	0.0	400322	2087.5173358695565	0.3
18949.324016478175	1200	36.044549266792465	0.0	584349	3584.7577754750323	0.75
18952.69836855022	1200	36.67019719474852	0.0	670129	3374.352072043946	1.2
18956.861388863777	1200	36.50717688119222	0.0	690253	4163.02031355629	1.2
18959.72997607805	1200	37.6385896669151	0.0	598727	2868.5872142771195	1.2
18962.18999639147	1850	39.178569353501146	0.0	728962	2460.0203134139565	1.2000000000000002
18965.582963142344	1850	39.785602602625026	0.0	938587	3392.9667508761186	1.85
18972.08336573972	2850	37.28520000525036	0.0	1427478	6500.402597374669	1.85
18977.612183222347	2850	35.75638252262311	0.0	1402287	5528.817482627249	2.85
18982.592139532528	2850	34.77642621244171	0.0	1339500	4979.956310181398	2.85
18988.052894602697	2850	33.31567114227348	0.0	1527299	5460.755070168234	2.85
18991.32978344036	1850	34.03878230461219	0.0	886255	3276.8888376612913	0.8500000000000001
18996.45326336668	2850	32.91530237829553	0.0	1587250	5123.479926316663	1.85
19001.57220653432	2850	31.79635921065088	0.0	1464921	5118.943167644646	2.85
19007.12740871563	2850	30.24115702934093	0.0	1483527	5555.202181309952	2.85
19010.122248641	1850	31.246317103974317	0.0	830730	2994.8399253666107	0.8500000000000001
19014.35759055615	2850	31.010975188826336	0.0	1364537	4235.341915147982	1.85

