4619.205840833286	750	4.0	2.600378850967279	450283	2600.378850967279	-10.431629059159299
4621.159926270986	750	6.045914562300093	0.0	398865	1954.0854376999066	0.75
4623.024793388164	750	8.181047445122672	0.0	350812	1864.86711717742	0.75
4625.740046060648	750	9.465794772638933	0.0	382355	2715.2526724837385	0.75
4628.799188124444	750	10.406652708842687	0.0	411561	3059.142063796247	0.75
4632.285846374691	750	10.919994458596554	0.0	318564	3486.6582502461342	0.75
4634.6396776087595	750	12.56616322452772	0.0	352642	2353.831234068834	0.75
4638.640054817467	750	12.565786015819768	0.0	437162	4000.3772087079524	0.75
4640.580742978066	300	14.625097855220314	0.0	150710	1940.6881605994524	-0.15000000000000002
4642.147834531869	300	17.05800630141769	0.0	139105	1567.091553802623	0.3
4643.129819816163	300	20.076021017123495	0.0	141840	981.9852842941997	0.3
4644.269601825698	300	22.93623900758802	0.0	156148	1139.7820095354723	0.3
4647.320210179652	750	23.885630653634486	0.0	386351	3050.6083539535366	0.3
4650.950657057544	750	24.255183775741994	0.0	434409	3630.4468778924943	0.75
4653.226715769266	750	25.97912506402009	0.0	337059	2276.058711721905	0.75
4656.396920860658	750	26.808919972628374	0.0	366214	3170.2050913917155	0.75
4663.99533042647	750	23.210510406815228	0.0	360831	7598.409565813143	0.75
4667.1693893480215	300	24.036451485264305	0.0	150616	3174.058921550923	-0.15000000000000002
4669.36802035617	300	25.837820477115738	0.0	165384	2198.6310081485694	0.3
4670.916269878554	300	28.289570954731058	0.0	140881	1548.249522384677	0.3
4672.5816492332715	300	30.624191600013756	0.0	157671	1665.3793547173027	0.3
4674.16834680997	300	33.037494023315155	0.0	157812	1586.6975766985977	0.3
4679.295958679387	750	31.909882153899147	0.0	401853	5127.6118694160095	0.3
4682.965390917935	750	32.24044991534983	0.0	343800	3669.4322385493183	0.75
4685.415950314312	750	33.789890518973145	0.0	359903	2450.55939637668	0.75
4687.776380509281	750	35.42946032400518	0.0	379700	2360.430194967968	0.75
4690.038704684663	750	37.16713614862282	0.0	425781	2262.3241753823577	0.75
4693.333345196028	1200	37.87249563725697	0.0	487160	3294.6405113658548	0.75
4698.764302360136	1200	36.4415384731494	0.0	622896	5430.9571641075645	1.2
4703.2559798023685	1200	35.94986103091705	0.0	641447	4491.6774422323515	1.2
4706.4664787901	1200	36.739362043185395	0.0	570392	3210.498987731657	1.2
4709.934878502774	1200	37.27096233051109	0.0	620283	3468.3997126743043	1.2
4713.946771170328	1200	37.25906966295653	0.0	584349	4011.8926675545576	1.2
4718.0767064454785	1200	37.12913438780619	0.0	670129	4129.93527515034	1.2
4722.7584394991545	1200	36.44740133413079	0.0	690253	4681.733053675399	1.2
4727.164210100866	1200	36.04163073241963	0.0	598727	4405.770601711168	1.2
4729.102681158987	1200	38.10315967429866	0.0	487812	1938.4710581209647	1.2
4733.890079117627	1200	37.315761715658866	0.0	575591	4787.397958639793	1.2
4738.5862377368385	1200	36.619603096446816	0.0	605884	4696.158619212051	1.2
4744.236539184545	1200	34.969301648740775	0.0	587506	5650.301447706043	1.2
4747.3937269049975	1200	35.812113928288355	0.0	566904	3157.1877204524253	1.2
4750.265465930582	1200	36.940374902703915	0.0	641452	2871.7390255844384	1.2
4753.336240317525	1200	37.86960051576026	0.0	599477	3070.7743869436495	1.2
4757.725676434245	1850	37.48016439904059	0.0	973972	4389.436116719679	1.2000000000000002
4761.569039968145	1850	37.636800865140444	0.0	958994	3843.363533900139	1.85
4767.099104772746	2850	36.10673606053966	0.0	1483527	5530.064804600784	1.85
4771.1216617934	2850	36.08417903988545	0.0	1231456	4022.5570206542066	2.85
4775.776914626974	2850	35.42892620631155	0.0	1364537	4655.252833573898	2.85

