5905.412576446032	750	4.0	8.793419615156727	450283	8793.419615156727	-37.06170434517393
5908.412937753289	300	4.999638692742964	0.0	155580	3000.361307257036	-0.15000000000000002
5911.041674384338	300	6.370902061693952	0.0	139857	2628.7366310490115	0.3
5913.520935348791	300	7.89164109724028	0.0	155432	2479.2609644536724	0.3
5915.930922064165	300	9.481654381865631	0.0	163442	2409.9867153746472	0.3
5917.92640753075	300	11.486168915281535	0.0	126289	1995.4854665840983	0.3
5920.20273311994	300	13.209843326092562	0.0	153295	2276.3255891889726	0.3
5922.745388359793	300	14.667188086239829	0.0	173849	2542.655239852732	0.3
5924.968515754381	300	16.44406069165086	0.0	150710	2223.1273945889648	0.3
5926.976780443144	300	18.435796002888004	0.0	139105	2008.2646887628573	0.3
5928.957910284003	300	20.454666162028737	0.0	141840	1981.1298408592681	0.3
5931.0511849849445	300	22.36139146108724	0.0	156148	2093.274700941496	0.3
5933.426583432981	300	23.9859930130511	0.0	160746	2375.3984480361405	0.3
5936.2829092816855	300	25.129667164346053	0.0	179801	2856.325848705047	0.3
5938.286876539322	300	27.125699906709723	0.0	140051	2003.9672576363284	0.3
5940.799515229852	300	28.61306121618041	0.0	138313	2512.638690529316	0.3
5943.127744174823	300	30.284832271209286	0.0	143509	2328.228944971123	0.3
5945.201506019107	300	32.21107042692549	0.0	150616	2073.7618442838	0.3
5947.574075428091	300	33.83850101794149	0.0	165384	2372.5694089839944	0.3
5949.6133955436135	300	35.79918090241856	0.0	140881	2039.3201155229278	0.3
5952.136966798481	300	37.27560964755129	0.0	157671	2523.571254867276	0.3
5955.249691393121	300	38.162885052910696	0.0	157812	3112.7245946405956	0.3
5958.257027087217	300	39.155549358816	0.0	163927	3007.3356940946915	0.3
5960.414146463775	300	40.998429982256795	0.0	137654	2157.119376559213	0.3
5962.411392924179	300	43.00118352185239	0.0	146754	1997.2464604043992	0.3
5967.844791204548	750	41.567785241484266	0.0	379700	5433.398280368129	0.3
5974.418162890107	750	38.99441355592445	0.0	425781	6573.371685559811	0.75
5978.890462649607	750	38.522113796425174	0.0	277716	4472.299759499278	0.75
5985.322712649201	750	36.08986379683095	0.0	400396	6432.249999594232	0.75
5987.762085720762	300	37.650490725270764	0.0	149029	2439.3730715601814	-0.15000000000000002
5990.4213239857945	300	38.99125246023811	0.0	157421	2659.238265032654	0.3
5996.622240760605	750	36.79033568542776	0.0	400322	6200.916774810339	0.3
5998.801449165957	300	38.61112728007522	0.0	143881	2179.208405352539	-0.15000000000000002
6003.806409430951	750	37.6061670150812	0.0	412837	5004.960264994029	0.3
6007.652624198523	750	37.75995224750851	0.0	401088	3846.2147675726865	0.75
6011.045895474341	750	38.36668097169149	0.0	365161	3393.2712758170237	0.75
6015.063402933562	750	38.349173512469974	0.0	321064	4017.5074592215105	0.75
6019.284385137054	750	38.12819130897841	0.0	361565	4220.982203491571	0.75
6023.8617149414395	750	37.55086150459297	0.0	378327	4577.329804385434	0.75
6029.568943887253	750	35.84363255877895	0.0	390680	5707.228945814029	0.75
6035.64154618387	750	33.77103026216316	0.0	345516	6072.602296615794	0.75
6040.3607923899945	750	33.05178405603794	0.0	384505	4719.246206125212	0.75
6044.993785891781	750	32.41879055425199	0.0	372093	4632.993501785945	0.75
6050.505001896698	750	30.9075745493343	0.0	438281	5511.2160049176955	0.75
6054.859092020226	750	30.55348442580626	0.0	398987	4354.090123528037	0.75
6059.376087809205	750	30.036488636826782	0.0	393804	4516.9957889794805	0.75
6063.488091012947	750	29.924485433084765	0.0	331053	4112.003203742015	0.75
6067.619508854334	750	29.793067591698616	0.0	314107	4131.417841386151	0.75

