4407.204746989505	750	4.0	1.384287999087403	450283	1384.287999087403	-5.202438396075833
4407.72567520388	300	7.479071785625267	0.0	155580	520.9282143747322	-0.15000000000000002
4408.970167863628	750	10.23457912587675	0.0	350812	1244.4926597485185	0.3
4411.383747919781	1200	11.8209990697243	0.0	617681	2413.5800561524507	0.75
4414.745396951451	1850	12.459350038054602	0.0	996749	3361.6490316696977	1.2000000000000002
4417.330918684342	1850	13.873828305163897	0.0	801058	2585.5217328907033	1.85
4421.706108529208	2850	13.49863846029757	0.0	1388403	4375.189844866326	1.85
4426.908924803181	2850	12.29582218632384	0.0	1638769	5202.816273973732	2.85
4429.863416013504	1850	13.3413309760012	0.0	852833	2954.4912103226384	0.8500000000000001
4435.929706513648	2850	11.275040475857677	0.0	1429765	6066.290500143524	1.85
4439.674626297512	1850	11.530120691993408	0.0	939819	3744.9197838642694	0.8500000000000001
4446.433153306664	1850	8.771593682841711	0.0	917428	6758.527009151698	1.85
4451.404057303318	750	7.800689686187977	0.0	386351	4970.903996653734	-0.3500000000000001
4454.741158806686	750	8.46358818281975	0.0	434409	3337.1015033682256	0.75
4459.631845787605	750	7.572901201901086	0.0	337059	4890.686980918665	0.75
4463.108737064127	750	8.096009925379025	0.0	366214	3476.8912765220603	0.75
4466.9862389788705	750	8.218508010635535	0.0	360831	3877.5019147434905	0.75
4470.630016757469	750	8.574730232036751	0.0	372963	3643.7777785987837	0.75
4475.374052701057	750	7.830694288448232	0.0	405596	4744.035943588519	0.75
4478.862053047983	750	8.342693941521727	0.0	350713	3488.000346926504	0.75
4481.54806897093	750	9.6566780185746	0.0	386472	2686.015922947126	0.75
4486.026415575046	1200	9.178331414458906	0.0	616206	4478.346604115696	0.75
4490.157542591627	1200	9.04720439787758	0.0	656471	4131.127016581325	1.2
4492.904929527235	1200	10.299817462269104	0.0	536667	2747.386935608476	1.2
4496.791640588103	1200	10.413106401401167	0.0	587236	3886.711060867937	1.2
4500.681956782533	1200	10.522790206971333	0.0	590335	3890.3161944298354	1.2
4506.033070298937	1200	9.1716766905671	0.0	696376	5351.1135164042325	1.2
4509.836672742337	1200	9.368074247167465	0.0	487160	3803.602443399633	1.2
4516.1569294565925	1200	7.047817532911557	0.0	622896	6320.256714255909	1.2
4518.955678535743	750	8.249068453761598	0.0	400508	2798.749079149959	0.3
4521.692183718501	750	9.512563271003474	0.0	358218	2736.505182758125	0.75
4525.690168437986	1200	9.514578551517829	0.0	620283	3997.984719485644	0.75
4529.145539523854	1200	10.059207465650612	0.0	584349	3455.371085867216	1.2
4532.944464310987	1200	10.260282678517974	0.0	670129	3798.9247871326374	1.2
4536.470777249534	1200	10.73396973997146	0.0	690253	3526.3129385465145	1.2
4540.018537424994	1200	11.186209564511751	0.0	598727	3547.760175459709	1.2
4543.434356247333	1850	11.770390742172415	0.0	728962	3415.8188223393363	1.2000000000000002
4549.346833210062	1850	9.857913779443471	0.0	938587	5912.4769627289415	1.85
4552.866996474544	1200	10.337750514961488	0.0	605884	3520.1632644819847	0.5499999999999999
4555.85393488963	1200	11.350812099875686	0.0	587506	2986.9384150858023	1.2
4561.904148614604	1850	9.300598374902048	0.0	858450	6050.213724973638	1.2000000000000002
4566.6850035969	1200	8.519743392606012	0.0	641452	4780.854982296037	0.5499999999999999
4569.734003530094	750	9.470743459411274	0.0	372093	3048.999933194736	0.3
4573.43386265576	1200	9.770884333745581	0.0	634861	3699.8591256656928	0.75
4576.354039857134	1200	10.850707132371122	0.0	630203	2920.17720137446	1.2
4579.124745007557	1200	12.080001981948344	0.0	638661	2770.7051504227784	1.2
4582.87138202918	1850	12.333364960325854	0.0	830730	3746.637021622489	1.2000000000000002
4586.19861772413	1850	13.006129265375169	0.0	846370	3327.2356949506866	1.85

