16078.631392769508	750	4.0	6.650702047500183	450283	6650.702047500184	-27.84801880425079
16081.839724810885	300	4.7916679586228605	0.0	155580	3208.33204137714	-0.15000000000000002
16084.592822589853	300	6.038570179654275	0.0	139857	2753.0977789685853	0.3
16088.182311917071	300	6.449080852435839	0.0	155432	3589.4893272184354	0.3
16091.676635182203	300	6.9547575873057905	0.0	163442	3494.323265130049	0.3
16093.232197257857	300	9.399195511649754	0.0	126289	1555.5620756560363	0.3
16095.485785962235	300	11.145606807272678	0.0	153295	2253.5887043770767	0.3
16098.061019773999	300	12.570372995509178	0.0	173849	2575.233811763499	0.3
16100.47071779378	300	14.16067497572826	0.0	150710	2409.6980197809194	0.3
16102.998668354952	300	15.632724414555573	0.0	139105	2527.950561172686	0.3
16105.725416565714	300	16.905976203793937	0.0	141840	2726.7482107616383	0.3
16108.604739836752	300	18.02665293275635	0.0	156148	2879.3232710375887	0.3
16110.637157898926	300	19.99423487058342	0.0	160746	2032.4180621729286	0.3
16113.081161642802	300	21.550231126707583	0.0	179801	2444.003743875837	0.3
16115.025611304052	300	23.605781465455838	0.0	140051	1944.4496612517448	0.3
16116.745346058078	300	25.886046711429653	0.0	138313	1719.7347540261871	0.3
16118.390745230465	300	28.24064753904356	0.0	143509	1645.3991723860904	0.3
16120.075777539947	300	30.555615229561514	0.0	150616	1685.0323094820476	0.3
16124.803188336122	750	29.82820443338605	0.0	405596	4727.410796175466	0.3
16128.889122622557	750	29.74227014695059	0.0	350713	4085.9342864354567	0.75
16133.4761026781	750	29.155290091407238	0.0	386472	4586.980055543355	0.75
16139.042117997711	750	27.589274771796074	0.0	399894	5566.015319611165	0.75
16141.184380074315	300	29.447012695193692	0.0	163927	2142.2620766023847	-0.15000000000000002
16144.70635969023	750	29.925033079277274	0.0	343800	3521.979615916416	0.3
16147.818922278728	750	30.812470490779404	0.0	359903	3112.562588497868	0.75
16151.019076157765	750	31.612316611742	0.0	379700	3200.1538790374034	0.75
16156.301440787725	750	30.329951981782006	0.0	425781	5282.364629959992	0.75
16160.052933011808	750	30.57845975769912	0.0	277716	3751.4922240828873	0.75
16164.376440405591	750	30.254952363916324	0.0	400396	4323.507393782799	0.75
16167.70595208679	750	30.925440682716903	0.0	400508	3329.5116811994203	0.75
16171.889249725578	750	30.742143043927264	0.0	358218	4183.297638789642	0.75
16177.598554406946	750	29.03283836255935	0.0	400322	5709.304681367916	0.75
16184.476531420594	750	26.15486134891175	0.0	369834	6877.977013647597	0.75
16186.852275800184	300	27.77911696932213	0.0	163444	2375.744379589625	-0.15000000000000002
16188.173938004536	300	30.457454764969007	0.0	179328	1321.6622043531188	0.3
16191.475142547772	750	31.15625022173335	0.0	365161	3301.204543235652	0.3
16194.971224948433	750	31.6601678210727	0.0	321064	3496.0824006606526	0.75
16202.069161593052	750	28.562231176454016	0.0	361565	7097.936644618684	0.75
16209.801466356075	750	24.82992641343167	0.0	378327	7732.304763022344	0.75
16213.051928813566	300	25.579463955941186	0.0	149991	3250.4624574904847	-0.15000000000000002
16216.424527138726	300	26.206865630780573	0.0	147968	3372.5983251606176	0.3
16218.243239438754	300	28.388153330753415	0.0	161857	1818.7123000271583	0.3
16219.745611638456	300	30.88578113105089	0.0	145210	1502.3721997025248	0.3
16223.807185890395	750	30.82420687911215	0.0	438281	4061.574251938741	0.3
16226.91359005047	750	31.717802719038115	0.0	398987	3106.4041600740347	0.75
16231.875912593574	1200	30.755480175935507	0.0	638661	4962.322543102607	0.75
16240.927012173353	1200	25.704380596156472	0.0	538612	9051.099579779035	1.2
16247.165334093073	750	23.46605867643509	0.0	314107	6238.321919721384	0.3

