7360.8513087598185	750	4.0	4.997202366246414	450283	4997.202366246414	-20.73797017485958
7363.004670510104	300	5.846638249714482	0.0	155580	2153.3617502855177	-0.15000000000000002
7366.122822623592	300	6.728486136226441	0.0	139857	3118.1521134880413	0.3
7370.494439379967	300	6.35686937985117	0.0	155432	4371.6167563752715	0.3
7374.922661871039	300	5.928646888778943	0.0	163442	4428.222491072226	0.3
7377.974018911068	300	6.877289848750208	0.0	126289	3051.3570400287354	0.3
7380.595399080424	300	8.255909679394989	0.0	153295	2621.38016935522	0.3
7382.299417919286	300	10.551890840533298	0.0	173849	1704.0188388616891	0.3
7383.780068044922	300	13.071240714897634	0.0	150710	1480.6501256356646	0.3
7385.1350838639455	300	15.716224895873086	0.0	139105	1355.0158190245468	0.3
7386.636766413995	300	18.214542345823435	0.0	141840	1501.6825500496527	0.3
7388.001018972648	300	20.850289787169828	0.0	156148	1364.2525586536055	0.3
7389.276434751266	300	23.574874008552413	0.0	160746	1275.4157786174133	0.3
7390.831455917642	300	26.01985284217538	0.0	179801	1555.0211663770356	0.3
7391.998715107764	300	28.85259365205362	0.0	140051	1167.2591901217584	0.3
7394.702680803883	750	30.148627955934717	0.0	366214	2703.965696118902	0.3
7397.403046845489	750	31.448261914328466	0.0	360831	2700.3660416062526	0.75
7399.835693360316	750	33.015615399500994	0.0	372963	2432.6465148274656	0.75
7401.923543443258	750	34.92776531655965	0.0	405596	2087.8500829413456	0.75
7403.559809148594	750	37.29149961122402	0.0	350713	1636.265705335631	0.75
7405.603694466539	750	39.24761429327778	0.0	386472	2043.8853179462358	0.75
7408.60319082896	1200	40.248117930857994	0.0	616206	2999.4963624197876	0.75
7412.6858936945655	1200	40.165415065251395	0.0	656471	4082.7028656066	1.2
7416.499488383142	1200	40.351820376674475	0.0	536667	3813.5946885769154	1.2
7421.044735060679	1200	39.806573699138326	0.0	587236	4545.246677536156	1.2
7425.266391195917	1200	39.58491756389962	0.0	590335	4221.656135238702	1.2
7428.251330842217	750	40.59997791760095	0.0	425781	2984.9396462986692	0.3
7430.810571319049	750	42.04073744076812	0.0	277716	2559.240476832838	0.75
7437.189481349222	750	39.661827410595876	0.0	400396	6378.910030172242	0.75
7443.634837599306	750	37.21647116051144	0.0	400508	6445.356250084436	0.75
7450.871666404974	750	33.97964235484209	0.0	358218	7236.828805669348	0.75
7454.729019100045	300	34.1222896597718	0.0	157488	3857.3526950702944	-0.15000000000000002
7458.104347212126	300	34.746961547689835	0.0	143881	3375.3281120819665	0.3
7461.35695781101	300	35.49435094880659	0.0	163444	3252.6105988832423	0.3
7464.4113366961665	300	36.43997206365013	0.0	179328	3054.378885156458	0.3
7467.7104116761775	300	37.14089708363883	0.0	159914	3299.074980011294	0.3
7471.227810863345	300	37.62349789647033	0.0	131610	3517.399187168497	0.3
7474.34487589031	300	38.50643286950623	0.0	124011	3117.0650269641064	0.3
7477.631459414503	300	39.21984934531291	0.0	144254	3286.5835241933196	0.3
7480.469274998978	300	40.38203376083883	0.0	149991	2837.8155844740813	0.3
7482.645135404933	300	42.20617335488353	0.0	147968	2175.8604059552963	0.3
7484.988161784865	300	43.863146974951654	0.0	161857	2343.0263799318773	0.3
7489.80274288374	750	43.048565876076715	0.0	372093	4814.581098874938	0.3
7494.644897562282	750	42.20641119753504	0.0	438281	4842.154678541682	0.75
7500.7262194695595	750	40.12508929025732	0.0	398987	6081.321907277722	0.75
7506.377305134143	750	38.4740036256742	0.0	393804	5651.085664583114	0.75
7508.591673645762	750	40.25963511405474	0.0	331053	2214.368511619462	0.75
7510.890559632092	750	41.9607491277243	0.0	314107	2298.8859863304424	0.75

