13177.940371404029	750	4.0	6.3928079957343495	450283	6392.80799573435	-26.7390743816577
13181.678358299265	750	4.262013104765017	0.0	398865	3737.9868952349834	0.75
13185.361529981643	750	4.578841422387129	0.0	350812	3683.171682377887	0.75
13188.119213442347	750	5.821157961681282	0.0	382355	2757.683460705848	0.75
13191.155259144	750	6.7851122600296385	0.0	411561	3036.045701651643	0.75
13193.772228223239	750	8.168143180790022	0.0	318564	2616.969079239616	0.75
13197.39885490322	750	8.541516500809205	0.0	352642	3626.6266799808177	0.75
13200.549427995331	750	9.390943408696415	0.0	437162	3150.5730921127883	0.75
13203.304677394883	750	10.635694009146533	0.0	374758	2755.249399549883	0.75
13205.840976863428	750	12.099394540600096	0.0	362795	2536.2994685464373	0.75
13209.352599319824	750	12.587772084205188	0.0	353220	3511.622456394909	0.75
13212.73481213072	750	13.205559273307228	0.0	405134	3382.212810897959	0.75
13215.104481235547	750	14.83589016848227	0.0	386351	2369.669104824957	0.75
13217.273614404934	750	16.666756999096485	0.0	434409	2169.133169385785	0.75
13219.512340151046	750	18.428031252984205	0.0	337059	2238.725746112278	0.75
13224.04624469991	750	17.894126704119717	0.0	366214	4533.904548864487	0.75
13228.42370778871	750	17.516663615320358	0.0	360831	4377.463088799358	0.75
13231.060075617472	750	18.88029578655882	0.0	372963	2636.3678287615417	0.75
13233.856151571123	750	20.084219832908477	0.0	405596	2796.075953650338	0.75
13236.110412100978	750	21.829959303052675	0.0	350713	2254.260529855804	0.75
13238.698000461793	750	23.24237094223901	0.0	386472	2587.588360813665	0.75
13241.633013435454	750	24.307357968578977	0.0	399894	2935.012973660033	0.75
13245.085980645596	750	24.854390758436733	0.0	401853	3452.9672101422457	0.75
13247.619625124637	750	26.32074627939572	0.0	343800	2533.6444790410146	0.75
13249.794080967476	750	28.146290436556487	0.0	359903	2174.4558428392324	0.75
13252.815942787925	750	29.124428616107558	0.0	379700	3021.8618204489267	0.75
13255.360177245358	750	30.580194158674164	0.0	425781	2544.234457433396	0.75
13256.831569879223	750	33.10880152481022	0.0	277716	1471.3926338639476	0.75
13260.928117070323	1200	33.01225433370924	0.0	622896	4096.547191100983	0.75
13263.709367304578	1200	34.231004099454424	0.0	641447	2781.2502342548087	1.2
13267.82897926583	1200	34.11139213820205	0.0	570392	4119.6119612523735	1.2
13275.219897926308	1200	30.720473477725935	0.0	620283	7390.918660476111	1.2
13278.781969347001	750	31.158402057034365	0.0	369834	3562.0714206915736	0.3
13281.971961823534	750	31.968409580501124	0.0	412837	3189.992476533239	0.75
13284.21169693785	750	33.72867446618585	0.0	401088	2239.73511431527	0.75
13286.764244683523	750	35.17612672051271	0.0	365161	2552.5477456731405	0.75
13289.163319895975	750	36.777051508059664	0.0	321064	2399.0752124530486	0.75
13292.03054010407	750	37.90983129996563	0.0	361565	2867.2202080940333	0.75
13294.741411192645	750	39.19896021139071	0.0	378327	2710.871088574925	0.75
13299.11275190578	750	38.82761949825411	0.0	390680	4371.340713136606	0.75
13307.45189558448	750	34.48847581955579	0.0	345516	8339.143678698316	0.75
13311.700362831672	300	34.24000857236192	0.0	161857	4248.46724719387	-0.15000000000000002
13314.94058397335	300	34.99978743068504	0.0	145210	3240.221141676872	0.3
13317.674762113991	300	36.26560929004397	0.0	172312	2734.1781406410737	0.3
13319.25345135477	300	38.68692004926474	0.0	167025	1578.6892407792282	0.3
13320.780516418874	300	41.15985498516059	0.0	160064	1527.0650641041486	0.3
13322.115706764176	300	43.82466463985895	0.0	137507	1335.1903453016394	0.3
13323.424180782198	300	46.516190621836145	0.0	118421	1308.4740180228043	0.3

