10621.89589312764	750	4.0	2.7039540741785544	450283	2703.9540741785545	0.006351803	-10.877002518967783
10623.91939744404	750	5.976495683599848	0.0	398865	2023.504316400153	0.03783909	0.75
10625.533617211695	750	8.362275915944526	0.0	350812	1614.2197676553199	0.0061475923	0.75
10627.243576998157	750	10.652316129483326	0.0	382355	1709.9597864611994	0.018402006	0.75
10630.004880946963	750	11.891012180679297	0.0	411561	2761.303948804029	0.009181468	0.75
10632.853641453026	750	13.042251674615965	0.0	318564	2848.7605060633327	0.036775485	0.75
10635.391216853674	750	14.50467627396963	0.0	352642	2537.575400646334	0.4646795	0.75
10639.86555252935	750	14.030340598292385	0.0	437162	4474.335675677246	0.60716206	0.75
10643.676040259368	750	14.219852868273291	0.0	374758	3810.4877300190956	0.4721885	0.75
10644.627976845464	300	17.267916282177502	0.0	139105	951.9365860957877	0.32819355	-0.15000000000000002
10645.573914108427	300	20.321979019214854	0.0	141840	945.937262962649	0.12057349	0.3
10646.673235430784	300	23.222657696857198	0.0	156148	1099.3213223576556	0.1496768	0.3
10647.698997699481	300	26.196895428161035	0.0	160746	1025.7622686961622	0.1329385	0.3
10650.21160375721	750	27.684289370431706	0.0	434409	2512.6060577293297	0.6058369	0.3
10652.20070656827	750	29.695186559371447	0.0	337059	1989.1028110602583	0.009442533	0.75
10654.12469395976	750	31.77119916788248	0.0	366214	1923.9873914889681	0.004744516	0.75
10655.825106615419	750	34.070786512222824	0.0	360831	1700.4126556596568	0.012239098	0.75
10657.620774917912	750	36.27511820972936	0.0	372963	1795.6683024934698	0.27948707	0.75
10660.571732762044	1200	37.32416036559739	0.0	639204	2950.957844131958	0.68297124	0.75
10663.770134096756	1200	38.12575903088471	0.0	586839	3198.4013347126893	0.0062720436	1.2
10669.162699606164	1200	36.73319352147855	0.0	601738	5392.565509406159	0.0067282314	1.2
10673.80432034928	1200	36.09157277836141	0.0	616206	4641.620743117132	0.18866606	1.2
10677.924897291397	1200	35.970995836244214	0.0	656471	4120.576942117198	0.10213807	1.2
10680.446050041484	1200	37.44984308615788	0.0	536667	2521.1527500863385	0.020627402	1.2
10690.133408684835	1200	31.762484442806496	0.0	587236	9687.358643351377	0.004705182	1.2
10693.93806055749	750	31.957832570151346	0.0	379700	3804.651872655153	0.3678259	0.3
10697.884268600286	750	32.01162452735528	0.0	425781	3946.208042796065	0.028094064	0.75
10700.890065536541	750	33.00582759110009	0.0	277716	3005.796936255181	0.06747242	0.75
10703.556690910837	750	34.33920221680494	0.0	400396	2666.625374295156	0.010534143	0.75
10706.34278116365	750	35.553111963991384	0.0	400508	2786.0902528135625	0.32803714	0.75
10708.68895588264	750	37.206937244999686	0.0	358218	2346.174718991697	0.69411254	0.75
10712.841396580892	1200	37.05449654674908	0.0	620283	4152.440698250609	0.37090504	0.75
10716.102060997557	1200	37.79383213008405	0.0	584349	3260.6644166650262	0.010216456	1.2
10720.981597790198	1200	36.914295337442475	0.0	670129	4879.536792641571	0.004705182	1.2
10725.886178956343	1200	36.009714171298896	0.0	690253	4904.581166143584	0.004705182	1.2
10731.422679922694	1200	34.47321320494754	0.0	598727	5536.500966351356	0.004705182	1.2
10734.479110928285	1200	35.416782199355666	0.0	487812	3056.431005591874	0.004705182	1.2
10739.002960165155	1200	34.8929329624879	0.0	575591	4523.849236867768	0.004705182	1.2
10742.373934135521	1200	35.521958992121036	0.0	605884	3370.9739703668597	0.004705182	1.2
10746.777848397513	1200	35.11804473012898	0.0	587506	4403.914261992051	0.0128148105	1.2
10755.717571547058	1200	30.17832158058144	0.0	566904	8939.723149547544	0.009217529	1.2
10764.961503067998	1200	24.934390059642315	0.0	641452	9243.931520939124	0.016817732	1.2
10771.04675885768	1200	22.849134269962807	0.0	599477	6085.255789679506	0.071190625	1.2
10775.50439853737	1200	22.391494590269488	0.0	634861	4457.6396796933195	0.041358754	1.2
10779.192502746557	1200	22.70339038108456	0.0	630203	3688.1042091849285	0.00552845	1.2
10782.528869213867	1200	23.367023913772734	0.0	638661	3336.3664673118237	0.004705182	1.2
10785.279187217826	1200	24.61670590981443	0.0	538612	2750.318003958304	0.010168476	1.2
10787.929125770828	1200	25.966767356812433	0.0	550906	2649.9385530019963	0.07184487	1.2

