16257.374091033511	750	4.0	5.057839080863765	450283	5057.839080863765	-20.99870804771419
16258.804828548566	300	6.569262484946178	0.0	155580	1430.7375150538228	-0.15000000000000002
16260.203416784403	300	9.170674249107659	0.0	139857	1398.5882358385181	0.3
16261.648394797065	300	11.72569623644636	0.0	155432	1444.9780126612982	0.3
16263.296634925156	300	14.077456108354035	0.0	163442	1648.2401280923232	0.3
16264.575436651074	300	16.798654382437846	0.0	126289	1278.8017259161916	0.3
16265.902769521312	300	19.471321512200717	0.0	153295	1327.332870237129	0.3
16269.84691740855	750	19.5271736249617	0.0	437162	3944.1478872390167	0.3
16273.099149554288	750	20.27494147922471	0.0	374758	3252.2321457369926	0.75
16276.293401606708	750	21.08068942680343	0.0	362795	3194.252052421282	0.75
16279.240002286988	750	22.134088746525595	0.0	353220	2946.6006802778343	0.75
16283.331398527253	750	22.042692506259282	0.0	405134	4091.3962402663115	0.75
16288.36589847334	750	21.00819256017317	0.0	386351	5034.499946086109	0.75
16290.115288377117	300	23.258802656394245	0.0	179801	1749.3899037789256	-0.15000000000000002
16291.399617633682	300	25.97447339983036	0.0	140051	1284.3292565638828	0.3
16292.600771549407	300	28.773319484104228	0.0	138313	1201.1539157261318	0.3
16295.77883366977	750	29.595257363741293	0.0	360831	3178.0621203629344	0.3
16299.657151936688	750	29.71693909682494	0.0	372963	3878.3182669163502	0.75
16303.25935022514	750	30.114740808373256	0.0	405596	3602.1982884516874	0.75
16307.789587188843	750	29.58450384466935	0.0	350713	4530.236963703905	0.75
16312.616052649519	750	28.758038383994304	0.0	386472	4826.465460675049	0.75
16318.54406633226	750	26.83002470125254	0.0	399894	5928.013682741762	0.75
16320.619434961003	300	28.754656072510798	0.0	163927	2075.3686287417386	-0.15000000000000002
16322.419549120294	300	30.95454191321959	0.0	137654	1800.1141592912081	0.3
16324.256268656714	300	33.11782237679952	0.0	146754	1836.7195364200718	0.3
16325.612798445625	300	35.761292587888796	0.0	153938	1356.5297889107246	0.3
16328.958126496742	750	36.41596453677214	0.0	425781	3345.3280511166618	0.3
16331.295198309737	750	38.07889272377558	0.0	277716	2337.071812996562	0.75
16335.788681046164	750	37.585409987350275	0.0	400396	4493.482736425298	0.75
16339.518370715365	750	37.85572031814828	0.0	400508	3729.6896692020023	0.75
16342.597663424627	750	38.776427608884354	0.0	358218	3079.292709263922	0.75
16347.45330677063	750	37.92078426288154	0.0	400322	4855.643346002813	0.75
16350.267927630623	750	39.106163402889266	0.0	369834	2814.6208599922743	0.75
16353.790315616861	750	39.58377541664978	0.0	412837	3522.3879862394897	0.75
16358.5852702555	1200	38.78882077800953	0.0	690253	4794.954638640241	0.75
16366.350089821017	1200	35.0240012124941	0.0	598727	7764.819565515436	1.2
16372.093673239875	750	33.28041779363532	0.0	321064	5743.583418858772	0.3
16377.01211007692	750	32.361980956592085	0.0	361565	4918.436837043236	0.75
16381.280769174886	750	32.0933218586264	0.0	378327	4268.659097965681	0.75
16386.66512928928	750	30.708961744234024	0.0	390680	5384.36011439238	0.75
16388.551933024504	300	32.82215800900598	0.0	147968	1886.803735228046	-0.15000000000000002
16393.656286548867	750	31.717804484645573	0.0	384505	5104.353524360404	0.3
16398.085555091897	750	31.288535941615386	0.0	372093	4429.268543030188	0.75
16402.39941750779	750	30.974673525724633	0.0	438281	4313.862415890753	0.75
16408.81814767585	750	28.555943357661036	0.0	398987	6418.7301680635965	0.75
16414.899679637896	750	26.47441139561736	0.0	393804	6081.531962043673	0.75
16417.086193450727	300	28.2878975827876	0.0	137507	2186.5138128297576	-0.15000000000000002
16418.95227451263	300	30.42181652088513	0.0	118421	1866.0810619024696	0.3

