14426.085863536488	750	4.0	3.704434403261277	450283	3704.4344032612767	0.5	-15.17906793402349
14427.25818116375	300	6.827682372737972	0.0	155580	1172.3176272620274	0.5	-0.15000000000000002
14429.205980205239	750	8.879883331248983	0.0	350812	1947.799041488988	0.5	0.3
14431.257273658475	750	10.828589878014606	0.0	382355	2051.2934532343797	0.5	0.75
14433.382956295593	750	12.702907240896543	0.0	411561	2125.6826371180605	0.5	0.75
14435.318697730454	750	14.767165806034875	0.0	318564	1935.7414348616703	0.5	0.75
14437.469932537062	750	16.615930999426244	0.0	352642	2151.234806608633	0.5	0.75
14441.99517425919	1200	16.09068927729868	0.0	709534	4525.241722127565	0.5	0.75
14445.636227144936	1200	16.44963639155159	0.0	584846	3641.0528857470867	0.5	1.2
14448.777570405297	1200	17.308293131189878	0.0	560821	3141.343260361711	0.5	1.2
14453.998051264116	1850	16.0878122723699	0.0	939819	5220.480858819981	0.5	1.2000000000000002
14458.38573850675	1850	15.70012502973791	0.0	917428	4387.687242631988	0.5	1.85
14462.516419462438	1850	15.569444074051173	0.0	946851	4130.680955686737	0.5	1.85
14466.893399803397	1850	15.192463733091158	0.0	1036454	4376.980340960015	0.5	1.85
14470.206836319627	1850	15.879027216859836	0.0	821631	3313.4365162313234	0.5	1.85
14473.73705865089	1850	16.348804885596834	0.0	923170	3530.2223312630013	0.5	1.85
14477.881063872232	1850	16.204799664256317	0.0	966699	4144.005221340518	0.5	1.85
14481.004306925175	1850	17.081556611311548	0.0	885714	3123.243052944768	0.5	1.85
14484.327037146495	1850	17.758826389991242	0.0	987708	3322.730221320306	0.5	1.85
14490.246666460087	2850	15.839197076399076	0.0	1336050	5919.629313592165	0.5	1.85
14497.865080409883	2850	12.220783126603935	0.0	1415116	7618.41394979514	0.5	2.85
14502.71968105586	1850	11.366182480626174	0.0	955231	4854.600645977762	0.5	0.8500000000000001
14508.426543362226	1850	9.659320174259921	0.0	968026	5706.862306366253	0.5	1.85
14512.169714144839	1850	9.916149391647261	0.0	874175	3743.1707826126594	0.5	1.85
14518.328588947192	1850	7.757274589294797	0.0	897976	6158.874802352464	0.5	1.85
14521.207545288133	1200	8.878318248354953	0.0	590335	2878.956340939844	0.5	0.5499999999999999
14525.143954382133	1200	8.94190915435555	0.0	696376	3936.4090939994044	0.5	1.2
14527.414576501244	1200	10.671287035245474	0.0	487160	2270.6221191100753	0.5	1.2
14530.686932725353	1200	11.398930811134932	0.0	622896	3272.3562241105424	0.5	1.2
14533.846689019483	1200	12.239174517005097	0.0	641447	3159.7562941298347	0.5	1.2
14538.653617680471	1850	11.43224585601656	0.0	873429	4806.928660988534	0.5	1.2000000000000002
14543.664489653309	1850	10.421373883177264	0.0	954453	5010.871972839296	0.5	1.85
14548.025014507393	1850	10.060849029094484	0.0	885062	4360.52485408278	0.5	1.85
14551.61102278994	1850	10.474840746545864	0.0	1035329	3586.0082825486206	0.5	1.85
14554.791698890413	1850	11.294164646073256	0.0	1026056	3180.6761004726086	0.5	1.85
14558.096048040814	1850	11.989815495669886	0.0	943942	3304.34915040337	0.5	1.85
14561.048741152175	1850	13.037122384309896	0.0	728962	2952.6931113599903	0.5	1.85
14563.750921708297	1850	14.334941828188592	0.0	938587	2702.180556121305	0.5	1.85
14567.70608101547	1850	14.379782521015015	0.0	908665	3955.159307173578	0.5	1.85
14574.08383721044	2850	12.002026326045671	0.0	1402287	6377.756194969345	0.5	1.85
14578.654580112892	2850	11.431283423594197	0.0	1339500	4570.742902451473	0.5	2.85
14587.630918522906	2850	6.454945013581608	0.0	1527299	8976.33841001259	0.5	2.85
14592.671513502035	1850	5.414350034451878	0.0	886255	5040.59497912973	0.5	0.8500000000000001
14595.573626704878	1200	6.512236831610546	0.0	634861	2902.1132028413313	0.5	0.5499999999999999
14598.71637853826	1200	7.369484998227648	0.0	630203	3142.7518333828984	0.5	1.2
14602.860999758119	1200	7.2248637783687295	0.0	638661	4144.621219858919	0.5	1.2
14606.859070255483	1200	7.22679328100551	0.0	538612	3998.070497363219	0.5	1.2
14613.112584570592	1200	4.973278965895915	0.0	550906	6253.514315109595	0.5	1.2

