14560.02874340158	750	4.0	6.3928079957343495	450283	6392.80799573435	-26.7390743816577
14561.097831011319	300	6.93091239026107	0.0	155580	1069.0876097389298	-0.15000000000000002
14562.583605727803	300	9.445137673777062	0.0	139857	1485.7747164840077	0.3
14564.627165083586	300	11.40157831799436	0.0	155432	2043.559355782702	0.3
14566.6626759371	300	13.366067464480084	0.0	163442	2035.5108535142779	0.3
14568.889510735526	750	15.139232666054923	0.0	318564	2226.8347984251604	0.3
14571.588892959293	750	16.439850442286332	0.0	352642	2699.3822237685877	0.75
14574.774659608525	750	17.254083793052743	0.0	437162	3185.766649233592	0.75
14578.627337460717	750	17.4014059408615	0.0	374758	3852.6778521912397	0.75
14581.456342424872	750	18.572400976706586	0.0	362795	2829.0049641549112	0.75
14584.06656730588	750	19.96217609569865	0.0	353220	2610.224881007939	0.75
14586.991654451502	750	21.03708895007593	0.0	405134	2925.087145622718	0.75
14590.26066796539	750	21.768075436187388	0.0	386351	3269.013513888542	0.75
14594.245815473674	750	21.78292792790431	0.0	434409	3985.1475082830775	0.75
14596.470646973024	750	23.55809642855256	0.0	337059	2224.831499351751	0.75
14598.51948765385	750	25.50925574772818	0.0	366214	2048.84068082438	0.75
14600.395872185762	750	27.632871215816333	0.0	360831	1876.3845319118486	0.75
14610.101169568523	1850	21.927573833053557	0.0	885714	9705.297382762776	0.75
14617.041147158727	1850	18.987596242850557	0.0	987708	6939.977590202997	1.85
14623.063008319998	1850	16.965735081579762	0.0	923755	6021.861161270796	1.85
14630.117088314717	1850	13.911655086860511	0.0	891604	7054.07999471925	1.85
14636.449616383354	1850	11.579127018225739	0.0	955231	6332.528068634772	1.85
14642.306996644447	1850	9.721746757132616	0.0	968026	5857.3802610931225	1.85
14643.916471692428	750	12.112271709151871	0.0	343800	1609.4750479807435	-0.3500000000000001
14645.466407080285	750	14.562336321294868	0.0	359903	1549.935387857004	0.75
14648.007062427712	750	16.021680973867902	0.0	379700	2540.6553474269685	0.75
14653.08474951994	750	14.943993881640921	0.0	425781	5077.687092226979	0.75
14655.89618460775	750	16.132558793831873	0.0	277716	2811.43508780905	0.75
14659.97684100201	750	16.051902399571063	0.0	400396	4080.656394260808	0.75
14663.325019910124	750	16.703723491458373	0.0	400508	3348.178908112691	0.75
14665.305876446113	750	18.72286695546905	0.0	358218	1980.8565359893216	0.75
14667.867796891644	750	20.160946509939436	0.0	400322	2561.920445529612	0.75
14670.711919546615	750	21.316823854967485	0.0	369834	2844.1226549719486	0.75
14673.966525703663	750	22.062217697919337	0.0	412837	3254.6061570481493	0.75
14676.86718863712	750	23.16155476446326	0.0	401088	2900.662933456073	0.75
14681.248578460256	750	22.780164941326582	0.0	365161	4381.38982313668	0.75
14689.043206170907	750	18.985537230675604	0.0	321064	7794.627710650976	0.75
14697.46314002915	750	14.565603372432818	0.0	361565	8419.933858242784	0.75
14701.646453096086	750	14.382290305495939	0.0	378327	4183.313066936879	0.75
14705.485068084708	750	14.54367531687226	0.0	390680	3838.6149886236776	0.75
14708.21025060464	750	15.818492796942214	0.0	345516	2725.182519930046	0.75
14711.221796645037	750	16.806946756543724	0.0	384505	3011.546040398494	0.75
14714.035503399853	750	17.99324000172922	0.0	372093	2813.706754814502	0.75
14716.996917438186	750	19.031825963395264	0.0	438281	2961.4140383339604	0.75
14719.181584014934	750	20.847159386648432	0.0	398987	2184.6665767468307	0.75
14721.008462963004	750	23.02028043857756	0.0	393804	1826.878948070874	0.75
14722.793477143512	750	25.2352662580702	0.0	331053	1785.0141805073574	0.75
14726.86240708648	1850	25.166336315101578	0.0	846370	4068.9299429686266	0.75

