6	96
1	1	1	1	0	1	0	0	1	0	
0.105884181095	0.153077166611	0.357550690681	0.550550880493	1.55616278843	4.45002526008	
0.0864012024893	0.118604518536	0.461609857114	0.54084382658	1.33186786342	5.05263506533	
0.0879142536667	0.157971150036	0.449235119618	0.726829817264	1.36601489531	4.49458339823	
0.0960361612698	0.14973074558	0.429334319543	0.516041251544	1.52265782183	4.41202606511	
0.1136850108	0.169731298521	0.364529003033	0.593353136896	1.55766507231	4.94249444728	
0.0752751069027	0.163343257442	0.442566311904	0.615336561967	1.56587522844	5.07544025709	
0.102215937094	0.162213462148	0.3804820869	0.596869910904	1.33539957586	4.57786010112	
0.118868568351	0.136462576379	0.403441171134	0.619257304647	1.64090037097	5.2483019896	
0.0907572249645	0.141386768221	0.360255722025	0.570948036739	1.3730218664	4.65617903363	
0.0914861302516	0.139338127585	0.3499575682	0.629557469562	1.42088112714	4.39141434517	
0.0915812030216	0.125939188925	0.441998281639	0.582676338731	1.81760041953	4.84775612591	
0.11829252833	0.164902309193	0.386023613992	0.564140546516	1.2903118921	5.00384295764	
0.10265034049	0.159247515612	0.410955693188	0.621358463264	1.36252437059	4.95571611196	
0.098018131527	0.151358538971	0.407260843052	0.596462195589	1.17004775626	4.96826437705	
0.112549288299	0.122533258626	0.340354934185	0.721432777049	1.46318095903	4.50159807297	
0.0957361659295	0.134539460237	0.372612129592	0.65846536435	1.42775805181	4.77462783865	
0.117657071485	0.141292827293	0.391509246225	0.660263613656	1.29659478041	4.58012377263	
0.118723245246	0.144896244293	0.420597168444	0.591531787367	1.68734094348	3.75953945002	
0.10064956191	0.127817179573	0.353366680981	0.557590872882	1.39182524808	3.96526889219	
0.0992826044244	0.156906997567	0.32178768096	0.561904050598	1.79336187499	4.64815671249	
0.0818225879582	0.128993012029	0.388584361324	0.606039962314	1.34599567936	5.4869917306	
0.126187288209	0.146034249602	0.413172360905	0.655389970279	1.58098985895	4.2119616052	
0.119394492172	0.148971042056	0.396035699079	0.600122610614	1.41002487736	4.62528200697	
0.0881411442621	0.120432704712	0.371891541911	0.547174341785	1.50829302595	4.69520557142	
0.100134800197	0.172223621858	0.379763348203	0.512510949423	1.39801887344	5.02693549508	
0.0811574532704	0.148589455094	0.401867557313	0.759134540072	1.60278084208	4.55967737251	
0.105207592263	0.121534569596	0.340110556936	0.639057340267	1.45304693772	4.62993353397	
0.100341146537	0.149923636536	0.383911364642	0.536637888944	1.39726344295	3.94015291586	
0.0938040354326	0.167938575138	0.373131412201	0.635750368517	1.44648712124	4.3267987499	
0.0899143129339	0.143999165214	0.386960780947	0.634809206647	1.44749417163	4.79226614308	
0.0847982989744	0.162999938364	0.337126259053	0.659010277029	1.50184403561	3.65841469703	
0.107369628242	0.164926460097	0.427799381493	0.553884102954	1.45565575042	4.81250222237	
0.107363268674	0.156142811428	0.363787822749	0.659276625247	1.57211625525	4.43057476226	
0.0921644519596	0.139081449912	0.431863073183	0.657040703095	1.42713431107	4.41037205662	
0.0823181323914	0.148733983434	0.334737624127	0.60953996859	1.59949035629	4.05879680116	
0.102385867604	0.16496669643	0.38837122502	0.568561022289	1.43148525595	4.9307619205	
0.102625778599	0.149949441262	0.423933438796	0.630895072197	1.25798495266	4.78413569789	
0.109495587548	0.131440254194	0.293787899157	0.537484039873	1.41534254466	4.95440475527	
0.0910904796582	0.158326804	0.270089516878	0.610818403222	1.37183611509	5.44436945174	
0.0810791371277	0.149782477758	0.307867588638	0.56701753601	1.18673483992	5.53535493304	
0.0964445213194	0.1468345576	0.378376118446	0.532063392433	1.58089913891	4.78808736547	
0.109179383627	0.131730571769	0.423141978179	0.66119047676	1.396767796	4.90275948399	
0.102726716233	0.126090007018	0.373053375727	0.571109397733	1.44221495819	4.95950682948	
0.0835865866447	0.143346331379	0.348770177547	0.553266521681	1.31229540602	4.53067665997	
0.105231754528	0.155224874383	0.387055391887	0.63730466927	1.77038663709	4.56115113644	
0.110211384028	0.164462751519	0.447556178195	0.633631131897	1.30926278612	4.63719686446	
0.102511387434	0.162227739132	0.346810926559	0.675979264438	1.43074891233	4.87772066427	
0.103096731581	0.151838861675	0.388886543598	0.640319520683	1.71008763555	3.59218017683	
0.105400029489	0.15065951694	0.373269950446	0.458203306612	1.51296969842	4.4437632134	
0.0916557153232	0.150637199591	0.36887397122	0.495456409979	1.44261041484	4.76103308837	
0.0945076658532	0.15392569249	0.384108255033	0.662729533354	1.41517198771	4.86049132762	
0.0968664724418	0.179509829422	0.363400019252	0.55890005254	1.41562962692	4.17239149252	
0.0875134356611	0.160914035314	0.26361934888	0.55694799864	1.23812776022	4.56397623009	
0.0781088433027	0.158217762674	0.404931417219	0.502042917286	1.45725618651	4.73222667772	
0.109403003744	0.127966059951	0.318835403585	0.6901589533	1.31246977214	4.26266812125	
0.106330945238	0.132461984651	0.369897722303	0.653504657565	1.22678238292	4.27499805177	
0.0887327638001	0.138390968717	0.425054646045	0.684303818038	1.46687028051	4.73949435808	
0.105048549012	0.139914960359	0.389049719159	0.522281496592	1.29292456294	4.46093930412	
0.0893902900635	0.130909093752	0.352947882557	0.668780023512	1.65267089901	4.48534798787	
0.105821989245	0.141547588168	0.301505421858	0.546388651162	1.38590680333	4.5634361769	
0.0989902389508	0.145775315782	0.358163944784	0.620631752683	1.23496347569	4.8609282201	
0.0941364911123	0.18100647379	0.368018009489	0.571189456598	1.34953587496	4.28840882585	
0.106072280584	0.149365856979	0.417509103307	0.627865288016	1.43450342171	4.66782945102	
0.111963468882	0.159850439446	0.390661165751	0.625364553301	1.2651660685	5.65726328381	
0.105281257206	0.159418720388	0.378909689254	0.462145913779	1.39205586731	4.53417621123	
0.0917716217811	0.137526701878	0.367108425423	0.646291730613	1.60957286133	4.57693332972	
0.094326212741	0.144564231898	0.383782292086	0.613081807461	1.49219916362	4.30228805224	
0.105292911325	0.156753558521	0.364986475252	0.496830538665	1.30345405454	5.20541789676	
0.0830642840695	0.16976283363	0.314313925799	0.553610986375	1.37641518497	5.30203638733	
0.100261309577	0.146789922589	0.344456850737	0.631317656805	1.35668126243	4.3969482484	
0.0964164549501	0.160797932619	0.408947926994	0.54657669083	1.34030210723	4.1733546186	
0.101833520378	0.163600422787	0.387473282391	0.46856113833	1.53864470564	3.89295410945	
0.0928475960955	0.152976470476	0.376812337425	0.652364112042	1.34266237358	4.0650237977	
0.0968835727491	0.164655290035	0.403927569101	0.605228880475	1.61961273588	5.01518530926	
0.107884822361	0.13233024265	0.409763083418	0.587858505213	1.37352297501	4.19285183793	
0.0982828343612	0.140613693673	0.386450663398	0.589623410339	1.46153700445	4.74897219209	
0.0970563482848	0.138940601579	0.30375670002	0.646239222994	1.44126343262	4.42072062881	
0.111719163825	0.130672182099	0.382137110953	0.542156481572	1.52380883715	3.4982364244	
0.108040156627	0.161439902807	0.344925527541	0.603980382544	1.30108216238	4.69241840728	
0.108202291077	0.134925305012	0.330723551039	0.665786229042	1.70758739459	4.72250117547	
0.105684414885	0.145019391313	0.386841064223	0.621043277114	1.40389207018	5.10743723491	
0.10176744756	0.154584000152	0.373845404087	0.596379643474	1.60427556877	4.56565771396	
0.101692950525	0.152733031168	0.366148519797	0.515523599061	1.65487810304	4.98073230536	
0.112490436523	0.133912216964	0.434906969676	0.718012247222	1.57940960524	5.24152008563	
0.107978486083	0.137300885949	0.399290011076	0.538779438013	1.34457549819	4.64232619287	
0.101820184709	0.156946131095	0.311900618238	0.590745723195	1.50850678517	4.83676815265	
0.108137729806	0.153768873916	0.365589482301	0.630088253111	1.38714102451	4.9054753741	
0.104273079533	0.149074167798	0.350778185525	0.667168526432	1.50994407083	5.44633635447	
0.10526219264	0.159148753362	0.324319785015	0.618629062772	1.38473645977	4.87189452978	
0.103346844432	0.164779097715	0.461038614331	0.552098261673	1.56537903801	4.80761692506	
0.119792947879	0.16058076855	0.402853595	0.651087193862	1.56174105358	5.15446656852	
0.0918062147061	0.144114918334	0.44594087254	0.482477103276	1.41788371808	4.56730199387	
0.0982308812026	0.173714220497	0.398085635716	0.576761153721	1.33927946853	4.62682151032	
0.111659540372	0.152076121671	0.374892027298	0.558282978669	1.48348755385	4.64335673507	
0.092757814339	0.16539624264	0.444829645752	0.602939878072	1.47320568297	4.00277942068	
0.107371895254	0.156962613254	0.36760802978	0.555390448863	1.69420254484	4.67224660623	
