3	33
0	0	1	0	1	0	1	0	0	0	
0.336103969769	0.813250868387	2.25882354882	
0.400607478728	1.00879158351	1.84034670378	
0.348390611101	0.957996254458	2.21985578912	
0.451974858249	0.834902415529	2.60939994627	
0.399663540922	1.03836825409	2.28073823454	
0.351923732467	0.878234203968	2.1506627043	
0.322092246922	0.778351831733	2.01713183499	
0.406608574734	0.868780526257	2.13492427738	
0.374354554585	1.02381643105	2.2413106636	
0.412470262043	1.03849705114	1.93756857889	
0.30078224656	0.891961335333	2.39358581277	
0.406353423345	0.894866110482	2.56248935596	
0.409505515471	0.874005221327	2.40053256056	
0.319883519583	0.960776731466	2.03609809075	
0.377425503466	0.986272745586	2.34892343888	
0.38425589368	0.909486815094	1.78028954552	
0.320682460272	0.690601655481	2.18575319652	
0.415084155892	0.708070002501	2.37637778855	
0.432829089652	0.946900214722	2.4812004382	
0.378353039709	0.813147091291	2.07898218828	
0.440978973125	0.872977785983	2.24021627587	
0.400648874242	1.03932159572	1.7491159201	
0.432631313635	0.842102245778	2.4759017743	
0.366178560563	0.896575140713	2.31562967606	
0.429544048581	0.886110417053	2.08935494885	
0.356900569231	0.87651092996	2.256764882	
0.376542880084	1.04700915837	2.00088499456	
0.408616149638	0.996173540941	2.08948811159	
0.37031453752	0.975327969509	2.00117335125	
0.366179287833	0.808651095208	1.95454328547	
0.340685029949	0.842824174544	1.7723055079	
0.317248514681	1.01078483833	2.11960772702	
0.427340755535	1.0273293371	2.05053586891	
