7	67
0	1	1	1	0	1	1	1	1	0	
0.149783544168	0.38284022099	0.609619650867	1.54089212222	2.07865309122	3.39040069498	4.78488436293	
0.15743466835	0.398075167748	0.633296949529	1.46074703448	1.73762800377	2.92044667	3.91798860103	
0.133889546019	0.342400831693	0.662191213994	1.62079407306	2.28828581217	2.92721366188	4.08498205948	
0.140310022252	0.35216767489	0.67923521298	1.23590815736	2.21748662163	2.83596098974	4.72321055288	
0.144267452349	0.337365791123	0.566515044999	1.50156438327	1.80001034503	3.04603772555	4.41582570777	
0.129356010426	0.343810142521	0.687167495272	1.24084614521	2.03484162913	3.40745287787	4.46626718354	
0.141430470534	0.409816775503	0.475404367795	1.53005239432	1.9458343598	2.41932608261	5.47000336498	
0.150560780056	0.409211751499	0.664539398751	1.29779816207	2.09407153039	3.23844725064	4.18372935946	
0.167824100945	0.430596274573	0.592229269872	1.50133707869	2.33374173157	3.34150357885	4.2406975287	
0.112748729855	0.38358909232	0.647708779769	1.29501746151	2.18689981535	3.39481500324	4.70298511385	
0.151873450415	0.342024540734	0.67236102161	1.42358451979	2.0345298511	2.71639967998	4.68190662245	
0.186845408474	0.371054309916	0.570763759621	1.42819942145	2.13376930297	3.13053729332	5.43397876766	
0.150665749796	0.330485136131	0.529340122	1.59290979845	2.21108068537	3.13573221769	4.30433322641	
0.16045724187	0.350009978224	0.591023471011	1.53420963687	1.99020969158	3.66334068838	3.76308159219	
0.150572589259	0.3828940411	0.472563027104	1.32379688851	2.27825915008	3.01575060722	4.38097559785	
0.143901722262	0.417008027146	0.620558193861	1.3656438856	1.99590326708	3.53152973046	4.56491613914	
0.16511171099	0.403471018386	0.403913513287	1.58332680119	2.1768431758	3.3299756433	3.59724927698	
0.142691956721	0.382214073152	0.523013712822	1.61979343757	2.31049431562	3.119493644	5.31620267444	
0.155547186306	0.432148809159	0.551040635903	1.49836165122	2.43864085683	3.63481601595	4.95403598231	
0.168664905855	0.438039232652	0.461536518862	1.36904760325	1.77538921114	2.68813954725	4.26536764273	
0.143569460322	0.431707361813	0.528499598125	1.45562524334	2.49344429206	3.20029291064	5.37836764919	
0.121870617616	0.347727834606	0.692575763176	1.33315939798	2.0984331364	3.79319386337	4.79898869902	
0.125334292959	0.403453916636	0.557592468557	1.3594565548	2.12992492621	3.06199855068	4.72045191084	
0.136925254081	0.39154172134	0.645405234817	1.42052005066	2.16488251994	3.27937075592	4.55793325943	
0.148452589146	0.374249086856	0.592688288609	1.45660769438	2.05704169377	3.20239627135	4.94625787017	
0.180100936592	0.47352077097	0.608027460949	1.28254803214	2.09764200588	3.29737361061	4.98699297489	
0.139238090668	0.37528642169	0.539344591554	1.66828318348	2.26667594737	3.13469692086	4.52883922417	
0.129751689479	0.3972781019	0.623114197064	1.1766986578	1.99318694226	3.15285721281	4.3698987133	
0.142400859119	0.384842658615	0.683658645327	1.49848075918	2.40331651163	3.36844200475	4.35638683345	
0.147342347056	0.410504979186	0.632438873629	1.62064323231	2.15149882311	2.79648960648	4.41234971445	
0.1276125236	0.374887361104	0.529577652174	1.41668111806	2.18169276287	3.21065948111	4.37600456144	
0.144241640644	0.423075512372	0.616919994685	1.21256837088	2.17857570307	3.74326825281	4.29233702286	
0.144228793492	0.404009846542	0.548689247652	1.26115093002	1.81353320681	3.47092991658	4.89127404394	
0.141220768465	0.336125349399	0.652202121282	1.41202396428	1.71851190233	3.3708510209	4.63110799685	
0.170827201128	0.411895758476	0.653749690479	1.30451159619	1.85913616332	3.41658529575	4.50830875365	
0.159695713464	0.384774948692	0.686678054278	1.36834138009	2.15901072195	3.04422148629	4.10625436925	
0.169874629605	0.375692770175	0.747916186851	1.23787798196	2.17089711355	3.30221681808	5.06110704026	
0.136772535942	0.357350734711	0.515122699274	1.6395018181	1.7798395158	3.28934422994	5.62392762984	
0.167065894591	0.426795704191	0.702819392125	1.45476407148	2.18585196655	3.24904716118	4.4652978397	
0.140812750291	0.432541058492	0.568395520958	1.38961595973	1.8652464154	3.51983003039	5.21666713253	
0.116535457489	0.438809964191	0.644289127581	1.61166949431	2.23028101636	3.44516430503	4.64948450958	
0.135010769213	0.375398269714	0.570617429229	1.58528273547	2.09206640102	3.40879070402	4.01042193942	
0.177643452778	0.389920922211	0.518778467047	1.57446806088	2.20395095925	3.50712797203	5.91711881296	
0.167185592243	0.421571926173	0.578684529933	1.44534085685	2.07335764822	2.8241316311	4.30691121553	
0.167028412128	0.394516523756	0.530004658065	1.41457666261	1.98110053276	3.40151906726	4.1921411395	
0.141675026208	0.331150181522	0.699877446008	1.42252534406	2.12564961916	3.3584437462	4.68292356946	
0.1397203142	0.388985973279	0.605527645715	1.57609766736	2.31164623191	3.24694665401	4.51087169199	
0.146815764294	0.384135936627	0.59804658383	1.45271045024	1.8343724219	3.04197550795	5.14652663466	
0.140109794623	0.374714710876	0.612666368703	1.40541962526	2.02851575317	3.54921726006	4.03331536521	
0.119120147857	0.42897150552	0.522603890958	1.5335648803	2.06664063024	3.73823328881	4.38840959879	
0.141879069568	0.413728733779	0.674386385799	1.66160712358	1.60992568294	2.60652219003	4.00989670609	
0.133233974996	0.361259781297	0.603046200278	1.45738906636	2.26906990736	3.02328210961	4.45948361031	
0.149061257077	0.380641128839	0.569666918982	1.46041879402	1.92697959545	3.80918101051	4.10450585027	
0.155930672426	0.367669878523	0.570507786872	1.21377630683	2.03352012364	3.17125488262	4.23953775901	
0.160124264295	0.443517042299	0.595754012505	1.50317076059	2.41641926364	2.90233820909	5.29780964288	
0.130210024261	0.379953455404	0.640453208821	1.65101405368	2.14779611879	3.28358412149	5.23362802261	
0.127445458555	0.341757052774	0.526516732951	1.27488036778	1.95125066768	3.65065623115	5.18410156312	
0.155708302697	0.417256611381	0.649048707386	1.43025241091	2.34924444695	3.49609709625	4.79088458962	
0.151341673865	0.387119864953	0.589825441537	1.17834205614	2.13625373678	3.26750852296	4.09765566014	
0.142810963611	0.406637206927	0.652602577614	1.19256239684	2.00036923946	3.50875946343	3.93081238646	
0.148044000509	0.33268283067	0.546636657567	1.48044704599	2.28492523322	3.59050982422	5.7584606811	
0.14715668024	0.374734024855	0.676833164585	1.59104498157	2.26709354281	3.12480071905	4.83352725216	
0.14116509019	0.354936866081	0.616623689582	1.7258514095	2.0888973686	3.26906950914	3.79074438055	
0.13642309905	0.39381876189	0.628731691855	1.70746980179	1.92491041827	3.29473398041	4.29587503394	
0.154266017023	0.359660179701	0.495964897059	1.52176765652	1.99045005862	3.174005395	4.53044555537	
0.149614766672	0.267142411511	0.504429619594	1.39034653501	2.64526723019	2.94671940907	4.33168028414	
0.170177660384	0.40676050645	0.625408807135	1.44734504025	1.74075071805	2.73649216301	4.08804604155	
