8	58
1	1	0	0	1	1	1	1	1	1	
0.107251026746	0.151938566431	1.02193321047	1.55107841617	1.79096578244	3.05434985543	4.83733187525	6.33514024786	
0.105531944582	0.165844861984	1.05395162203	1.18922948037	2.07234209473	3.47954120845	4.87812717455	7.07918287846	
0.115450892957	0.168017407648	0.891065665208	1.55992011495	2.58894767715	3.75732632949	4.69716915406	6.90572367155	
0.102868039256	0.154476075287	0.915276432231	1.24127587709	2.36975687374	3.23980618022	4.59645991136	6.3484872121	
0.0949212440254	0.164278811987	0.922890369956	1.42481038909	1.48227937429	3.32318766795	4.11318840439	5.829156305	
0.0930221068194	0.14048995281	0.915865484385	1.51035871223	2.48734344606	3.32477583094	4.32628465722	5.85145765356	
0.110217534458	0.15748246592	0.819673080843	1.33968022076	2.16811770451	3.19833070092	4.25905266197	5.89592148907	
0.102979843308	0.156028372564	0.935464721227	1.56423805472	2.25053595187	2.92437403641	4.35527014239	5.92639028381	
0.0985971866363	0.138377416383	0.880541498543	1.56138849973	1.94114757014	3.15994891239	5.07021590848	5.96648407967	
0.124069656706	0.174480268455	0.729525263007	1.27640076198	2.16669661113	3.15201459615	4.82318870673	6.39609245056	
0.0850169876388	0.167647988266	1.11004092473	1.23585566088	2.06951032848	3.14620419411	5.06417450378	6.90931996944	
0.0956888038816	0.143133370702	1.02454703277	1.40023032873	2.19898747469	3.56183555525	4.82966003659	6.1747555857	
0.0869015553288	0.1590326046	1.02239466477	1.53786578783	1.85485939798	3.51667350654	4.18236646832	4.55867394109	
0.0984562606723	0.132808578463	0.929812228616	1.25157904225	2.1046030538	2.72229692458	4.19596787167	6.2017955605	
0.117697267352	0.145803543435	0.928752469044	1.54414780886	2.2371530539	3.39826188696	4.81447557049	5.77148175915	
0.0921253582779	0.154186339162	0.713284039051	1.13635551275	2.47152191398	3.6189917835	4.19416170567	5.26187411727	
0.105423843463	0.160548251183	0.847025357401	1.41190330069	1.76254170396	3.10730340319	4.39378947051	6.09757337978	
0.122156603481	0.132314106651	1.06970515349	1.34681581912	2.0031129462	3.58942120334	4.18583247761	5.46551098093	
0.10608350427	0.157086059931	0.880773365973	1.68694089234	2.04216139214	2.73221439235	3.97197254955	5.27728580554	
0.0962487750362	0.171455201091	0.761096174171	1.67313157782	1.99706604243	3.05855974016	4.1367799219	5.67666224018	
0.097338072053	0.147721624421	0.954835228732	1.12684971384	2.11529055632	3.40252708723	4.4617783613	5.82635240614	
0.0947377512851	0.165664227912	0.972902097328	1.39720950712	2.25901533951	3.54750489641	3.87893747701	6.29584522481	
0.0914895732186	0.16924079261	0.840332394897	1.425000138	2.2072743668	2.64392869537	3.55799909202	5.7434918644	
0.11670879404	0.1471276038	0.973991955105	0.983094189878	2.32851233951	3.40888688	4.79473376237	6.02355523758	
0.0872022843644	0.138630577687	0.845235199722	1.50761537865	2.09960197729	3.51864055034	4.77970869432	7.05293283553	
0.101063799413	0.146599088815	0.938679843425	1.04815796069	2.06955460154	3.44750716186	4.36491338222	5.84747536355	
0.0969168643673	0.173650028502	0.954552356123	1.40630500936	2.66880259402	2.81965646375	4.18781141253	5.34311055433	
0.0921796746928	0.16851162219	0.835247507849	1.43225111225	2.24869672755	3.46982915926	4.19657029451	6.32779819854	
0.0952418820975	0.149926826635	0.828633059279	1.24036251657	2.22265181833	4.02114575347	4.34633260632	5.97451718106	
0.106033756685	0.165808130261	1.0327343447	1.50630757306	2.11229705348	3.47083844355	4.67596964983	5.96365735292	
0.109125938291	0.156406118421	0.864922028569	1.27768901292	1.80797362092	2.9438720057	4.51381636514	6.61497905748	
0.0988369432205	0.154429353256	0.985934760997	1.25614820585	2.05706470248	2.87192946085	4.34844604181	6.15906948406	
0.100784373919	0.137651042772	0.980735337956	1.46759999989	2.2421582091	3.30057342832	4.161908386	5.27193243942	
0.103886753002	0.156359733386	0.93715046519	1.73093703311	2.05138827167	3.36162181882	4.55042710612	5.97992068526	
0.089353322485	0.145953006605	1.01960139607	1.5143524991	2.33325258014	3.05223952523	4.9163724738	5.34316242461	
0.0980404912524	0.13472089306	1.09496614839	1.45307511954	2.35347643812	3.38060034828	4.74006163146	5.37330254569	
0.0993632766882	0.133780611189	0.886547974505	1.43347079209	1.94827496295	2.82742438936	3.94890654539	6.3694044872	
0.0966583962636	0.130378313679	0.922446293596	1.52868359256	2.11827255392	2.77609300957	4.40255114962	5.49138907935	
0.102029210216	0.143705629432	0.945235232259	1.17567693387	2.15351848357	3.14498053611	4.07470477215	6.00164176167	
0.0962802523661	0.148046287921	0.832382118163	1.44227946545	1.73818401313	3.16392501857	4.45105903298	6.9619497434	
0.0965112651072	0.17262454187	1.02756313995	1.39992307015	2.13427322708	2.87038574652	4.19584678188	6.0868165066	
0.095933325044	0.161976358961	0.98307011402	1.45989362919	2.2785707623	3.36064356819	4.49412503026	5.53589382503	
0.118116769786	0.159319897778	0.960608014368	1.31499112544	2.66378248159	3.0126091557	4.5131745326	6.04051502504	
0.086373442447	0.156544437642	0.960859305404	1.27608825184	2.30621602266	2.933342983	4.35326306795	5.52965015852	
0.106031158144	0.157463043677	0.8245831822	1.34446635293	2.02457082246	3.45998909581	4.17841635179	5.92496592069	
0.0976530908284	0.145072207665	1.09002034903	1.33311939138	2.10100435487	3.36795806944	4.30875258179	5.64713725475	
0.103392644497	0.16174589794	1.05114274957	1.40169699169	1.9843821772	2.99729687007	5.13124283544	6.19504837224	
0.0918070293759	0.139809500213	0.826699098383	1.41869905338	2.25370511578	3.75235853133	4.98808340342	6.02192410282	
0.0930793861714	0.15688337022	0.765401066802	1.31732607295	2.28656367	3.53468842743	5.08881539869	5.93210332527	
0.112963218371	0.144239112843	0.886934212874	1.47395748986	2.39564019051	3.55519461275	4.96505110403	6.3160340056	
0.109590698104	0.150420927249	0.959364246869	1.82856087188	2.33891913967	3.25650546196	4.86144831111	5.3666748712	
0.0967847156106	0.14695618196	0.863303278643	1.68311186056	2.25194184003	3.44014009966	4.45313235614	5.30830554977	
0.0993696616376	0.143661406556	0.835512843952	1.53860321607	2.09276384724	2.67141688926	4.5003441293	6.01157529054	
0.107539957834	0.151802175339	0.873009215349	1.50120025129	2.01050263467	3.4792301389	5.02008859583	4.51207760873	
0.0925072196258	0.15697125685	0.938588094518	1.61548659723	2.4189472703	3.55099550799	3.74100676314	5.90217035662	
0.106405087237	0.149603425733	0.918262481274	1.60697425008	2.22703826191	3.16797738034	3.966514569	7.03225661783	
0.103024637003	0.143001799326	1.01661353722	1.20070315074	2.52669825745	3.44858412069	5.48744618717	6.37981112715	
0.102386945749	0.140934986995	0.889242687292	1.25257787304	2.57513811273	3.2931048836	4.89162356076	6.61773062927	
