10	82
1	1	1	1	1	1	1	1	1	1	
0.117268562556	0.146705391438	0.369290923443	0.53081533906	0.873088909837	1.26419640649	1.86946161129	3.22357488523	4.27825619198	6.72262808654	
0.10304908291	0.160385183188	0.398012013413	0.535216979104	0.911105292717	1.4903846843	1.77537368183	2.67612936124	4.58422089475	5.8530343046	
0.0651723163054	0.123074391648	0.342819232106	0.630060257959	0.88378713884	1.59431447845	1.99428656979	3.06936671541	5.54097853677	6.50874923265	
0.110555044634	0.138871505191	0.370871416967	0.601731859822	0.908753726569	1.45382272098	2.18369880319	3.18877469676	4.3853886604	6.83195650885	
0.0913467253381	0.143121134271	0.325414940222	0.544861300461	0.88567024152	1.44550793076	2.32999170949	3.52840503037	5.10871328423	5.40378216191	
0.0914528858911	0.133623291939	0.447707720968	0.633463435054	1.01210895859	1.26502289231	2.14840078927	3.43138817298	3.858928643	5.70317386252	
0.104350546504	0.117427787452	0.436380138705	0.640049122857	0.823586605287	1.42309548103	2.2523521641	3.29238985037	4.47373596558	5.93120959197	
0.107753199802	0.162238518086	0.406566570766	0.642363629954	0.974808201941	1.51463899104	2.51129268244	3.21339502704	3.73585179579	6.74512941921	
0.104524161266	0.157929730035	0.346987499861	0.500321501452	0.956377562753	1.39280830667	2.14603816162	3.07947984875	4.52498484284	5.59580915652	
0.11498631627	0.147083206974	0.412694341881	0.628467431372	1.05073676438	1.45553331145	2.34790432246	3.48454695877	5.19779307733	6.42659035093	
0.0922396290285	0.147243269818	0.333762679866	0.581353950594	0.801800657248	1.53772080224	1.76350649985	2.90326484249	4.64388759316	6.48181504761	
0.0798996968958	0.155611050323	0.404488411597	0.499090962639	0.763332799163	1.43159558019	2.25079678238	3.09861864497	4.59338424329	6.00397927988	
0.119990870772	0.116396576596	0.362141028479	0.576596512734	0.770748137673	1.48113589457	2.02903520339	2.9596675595	3.93674348536	6.0589798951	
0.104854878083	0.147336020181	0.414612591602	0.622431752834	1.09839790763	1.27395852642	1.84500074921	3.4463471515	4.37724287172	5.19664324173	
0.0901038900378	0.161202204215	0.415985457802	0.646252341548	0.939223099339	1.39719815229	2.11066523391	3.33316377282	4.5767506396	5.41128556766	
0.110155113206	0.150689403198	0.295909328949	0.524875405063	0.891394085694	1.46005793955	2.15166103068	3.0238414534	5.05523491699	6.45017740943	
0.0996554206535	0.126540836657	0.368382614855	0.577377803955	0.773623137506	1.50451966715	2.19043182942	2.93495133007	4.61167003133	6.58654498691	
0.105107686421	0.141219056058	0.471079327149	0.626164977088	0.871823326864	1.66301611707	1.76355860538	2.87084599358	4.27797189261	6.58458666877	
0.0933786278693	0.148104587373	0.345030109487	0.64207564611	0.974267794473	1.22232831978	2.13991731137	3.33202041338	4.41506127307	5.95779440074	
0.0931007777187	0.162458433757	0.35097122928	0.656593012258	0.929824339315	1.3589987794	2.13696949287	3.27763645544	4.34443292754	5.77226730822	
0.0899775381596	0.171572363716	0.349223330809	0.526962530241	0.970247123626	1.16012889292	2.15569182504	2.88827194598	4.69878721148	5.88466848698	
0.0911253730516	0.147398002029	0.396625270951	0.57307915923	0.895587576964	1.56262579824	2.23926871262	3.09604596979	4.53644006914	5.80806831807	
0.11035866917	0.124430128192	0.400843152991	0.628916751752	0.861732782772	1.30035156545	2.39826594114	3.1812313913	5.14644971792	5.39043889242	
0.0991253392809	0.141466635299	0.363867488847	0.620549112601	0.860067182057	1.40483589496	1.98691158633	3.44694451004	5.36484715854	6.77752730938	
0.0903546686265	0.142862110665	0.378023385729	0.477496911266	0.924990846336	1.49809852781	2.14643657871	3.21818531042	4.20434515805	5.79139408226	
0.0952391656454	0.134402589832	0.415214540833	0.694690997392	0.872961960221	1.28493643371	1.98732007987	2.93270080738	4.28751248652	6.15932038389	
0.112019433216	0.126155705119	0.415935464082	0.599796708219	0.732110302439	1.24997851173	2.25893917414	2.97131629771	4.32558041749	5.92257052504	
0.111825811836	0.130867295856	0.404440343879	0.676397224514	0.839102619325	1.54170351132	2.03714575739	3.02505341876	4.35120578318	6.13744003807	
0.0925312116331	0.163731229456	0.363452158452	0.477833042034	0.923320201689	1.24709050256	2.09359022145	3.36968834735	4.20419299079	4.96935857998	
0.089948030785	0.169478268105	0.387214535891	0.651490669973	1.08482456756	1.72480201974	2.19553948923	3.15804979397	4.21856566963	6.06060806355	
0.104612421821	0.160564084206	0.341407064372	0.539875442632	0.907585574811	1.43032984845	2.49744182739	2.48321178998	4.22682042387	6.50735297156	
0.0899865233845	0.149680699075	0.416510587325	0.639745396328	0.993486026224	1.40098767406	2.1760188971	3.30410504841	4.26073247815	6.50005761951	
0.0869305062938	0.139990931636	0.411926349326	0.481521655181	0.943290902167	1.58767251535	1.9855474046	3.3842481564	4.55580634988	6.39322816939	
0.100139351469	0.16721132963	0.394161435468	0.651781790294	1.00530974093	1.62400469353	1.94203242677	2.84666280273	4.96897622893	6.09751875612	
0.118744680937	0.117107837425	0.377311713772	0.598846894003	1.01334244683	1.7089780385	2.15150779503	3.38682484469	3.69600265579	6.17205947197	
0.102955965731	0.14144706095	0.391346126187	0.614945276291	1.08042822603	1.32122741392	1.95932619357	2.97331593303	4.30408123608	5.04380557094	
0.0973799695877	0.150524258703	0.436976138646	0.592512784253	1.04772485169	1.54852517907	2.17970141005	3.20372567325	4.74129036466	6.38550334221	
0.0947188242095	0.158794269699	0.376566665209	0.632713082659	1.08266711717	1.37837022339	1.72314929778	3.23269299078	4.01697427095	6.15783586797	
0.0899248070455	0.148338672442	0.441959796792	0.709933042507	0.963593709941	1.30110174046	2.33782138043	3.0988453479	3.82957456059	7.17212524933	
0.0998955738426	0.158269776277	0.367638325626	0.632073414953	0.853170843764	1.41346984913	2.34711640929	3.19165766701	4.12054424993	6.55292832053	
0.096390059542	0.144269383523	0.337093138479	0.692849538675	1.02897848361	1.39371639179	1.96278758877	3.47063788204	4.6812332301	5.75312695254	
0.0990804515753	0.158868492002	0.388682426263	0.622168865484	0.954302696735	1.5342969888	2.03001472369	3.30220209654	4.17495361367	5.61050373405	
0.119035715422	0.128625571814	0.405386517066	0.763099008204	1.09410901054	1.51051467436	2.56075667647	3.38026135226	4.36712977459	6.01248528882	
0.109003250201	0.181159945832	0.420381705071	0.594685749633	0.870620361904	1.15262420754	2.12067871286	2.91373718873	4.9171678774	5.84865693121	
0.109726185064	0.187613994534	0.375051496308	0.609765872022	0.963802266681	1.3896070132	2.17495043325	3.13622584913	5.11108539057	5.87066576787	
0.0875148311875	0.132561739947	0.348032124976	0.57312327008	1.01139340127	1.54613239164	2.34260197677	3.25549174992	4.94707750948	5.85305779018	
0.0816499402999	0.164228004241	0.353961305545	0.587009532323	0.896239603331	1.50467966569	2.18418076232	3.17552949533	5.21953697295	5.94553286323	
0.0976304356436	0.162118146988	0.424362994232	0.653455624724	0.874404891829	1.48253907623	2.16824834191	3.18703221874	4.07949071786	6.13221341367	
0.110875940779	0.174445150482	0.423822891124	0.573062320304	0.843242830805	1.2165071294	2.3767608672	3.5174194538	4.25048531992	5.545237662	
0.112682075216	0.164604308457	0.429110952733	0.633677967774	0.990123808974	1.13547070982	2.06953874446	3.9074652687	4.24442865055	6.13123223811	
0.115576702177	0.163120118341	0.343313871874	0.529556697212	1.07970108828	1.53600954264	2.2263612679	3.41331624405	4.33367667341	5.46565042964	
0.104399978524	0.140977954458	0.35754159581	0.578002542764	1.00291693625	1.329583971	1.97995809554	2.94165809929	4.43108101796	6.60644384246	
0.0985439398389	0.150038772751	0.387218895393	0.580202347876	0.845406109657	1.36818954175	2.0280317423	3.22114534906	4.29666200063	6.13521796383	
0.0988758499694	0.140652669781	0.435313509617	0.628817335016	0.910636855601	1.35266653866	2.34651297281	2.96796435479	5.13170877353	5.13980173491	
0.127676612387	0.143669691781	0.330664454519	0.55985516157	0.900990665956	1.34941314797	2.22651575857	3.34247904898	5.92884158774	6.05231614508	
0.08674490519	0.147411425401	0.385226075522	0.569396833881	0.989680445375	1.53994087251	2.01331319582	3.13545797754	3.64210925284	5.47768925366	
0.0973356890558	0.15211450721	0.374868497107	0.549491688227	1.03295017736	1.57405951747	2.3876512468	3.75388539571	4.05697154312	6.25740698997	
0.1091251336	0.184070719988	0.436871520116	0.584615184073	0.782193660181	1.25698675504	2.29463822012	3.27018365503	4.18617991572	4.80799506188	
0.108861051319	0.132707563035	0.433842287665	0.540036971856	0.888651046086	1.33464777642	2.28633907232	3.03180314584	4.40491242646	5.79022309578	
0.091215073944	0.150236270051	0.390068671799	0.642280636932	0.986792070859	1.53264556851	1.76929890776	3.24261005687	4.09750035572	6.00598708451	
0.101392937489	0.153116674743	0.319041009425	0.743613235454	1.14408115332	1.34095336679	1.91063889137	4.1736286948	4.9981368584	6.44931235822	
0.0877548226656	0.174175275341	0.346992762117	0.588877946875	1.05807492608	1.37111535117	2.20009875563	3.63186235864	3.95506613859	6.69709038222	
0.11607211149	0.148967677754	0.42685997509	0.553433410268	0.787090618373	1.14665241527	2.2603300037	3.39721727117	4.2369245117	6.70312113954	
0.0935509709056	0.131373903752	0.343960041135	0.684708098997	1.0082592297	1.40603410411	2.09200249223	3.06583012796	3.40436514103	5.04036602149	
0.0986062864599	0.158848154863	0.367567089434	0.50693935386	1.08122028014	1.2338673283	2.15355749694	3.30168171745	5.55537335704	5.43365023017	
0.100464377287	0.152677980471	0.336793175919	0.618122484966	0.889411434562	1.38567412734	1.99460038998	3.63262384614	4.44302608033	5.51897892048	
0.0783443580376	0.178216325302	0.382872132843	0.677277761888	1.04520369719	1.48362232534	2.34626928209	3.66147241542	4.03298968371	6.53627997498	
0.102852137643	0.136650931022	0.412707830162	0.542398870094	0.981369846828	1.47082434679	2.01065292868	3.86237929917	4.89054091411	5.51736491575	
0.112529094078	0.144756111576	0.364640554284	0.657450594616	0.991025800222	1.39457056614	2.48847636786	2.9958133546	5.14054038503	5.54881392546	
0.103667543866	0.144654037839	0.410315754478	0.477847718633	0.83308692171	1.512289265	2.34003257904	3.04334245035	4.98435141012	5.58249528593	
0.105195290469	0.147900458489	0.322895801364	0.705726091269	0.878038834819	1.32485142325	2.06790242167	3.11145034714	4.59225281986	5.7155352268	
0.0947699504721	0.157249420833	0.380262210738	0.627818561897	0.903398914398	1.47314651272	1.82283087478	3.60485568219	4.3153568179	5.86884334595	
0.105479247994	0.153679858277	0.404161875478	0.682046818882	0.907330347443	1.42428757413	2.72789292309	3.09587602298	4.19720552256	6.47447762721	
0.109379809943	0.162688357625	0.354864248236	0.591568228627	0.929580420289	1.38784229678	2.18540991749	3.14871352163	5.18626318814	5.40505057652	
0.117466033724	0.13125174609	0.455257334658	0.655611856395	0.865227954534	1.42932088702	2.30191608309	3.48295613383	4.44641382577	5.39162796495	
0.110525382942	0.154171884841	0.433411068046	0.593420700338	0.948684011712	1.6331840896	2.20193901189	2.82786318571	3.8504936505	4.96664420472	
0.0912358707069	0.143664485252	0.41383565856	0.661048357231	0.735000204406	1.51844588684	2.07084733974	3.36352280816	5.36730503981	5.50711501824	
0.104946262649	0.165943564702	0.383138158686	0.56285890081	0.87085984529	1.36134178221	2.20032778357	3.02731448791	4.76624732225	6.25145280083	
0.0828176827958	0.16687056877	0.463950268517	0.571195879647	1.01517880835	1.62260928163	2.304171152	3.43263315948	3.73819794503	5.82950855346	
0.0984870870693	0.170035274489	0.331323020535	0.71699386607	1.0820665957	1.28808801008	1.88137929569	3.60155544593	4.36955328481	5.85327338281	
0.109802791553	0.132387912464	0.41680191011	0.525925543014	0.809461560769	1.56107398372	2.29861056376	2.54010121643	4.89813995946	7.15791883712	
0.101101170162	0.169252241401	0.371611450615	0.665120147684	0.684665748787	1.34162001783	2.76186005131	3.73821915275	4.36132373084	5.98777766051	
