8	27
1	0	1	1	0	1	1	1	1	1	
0.112193597903	0.378126400011	0.590409800101	1.26364358463	2.25956050809	3.30078695419	4.53577245382	6.5626227593	
0.110587937274	0.392184464175	0.632312233253	1.47961448617	2.50947325994	2.95532109453	4.01143218056	5.28693032879	
0.105173179459	0.375691473627	0.533624530194	1.40233359925	2.6138375183	3.38893022959	5.16372700938	5.21802251892	
0.102920249141	0.399483338372	0.641520040007	1.39380982491	2.36212572849	3.4098438433	4.53965571714	5.74296204465	
0.0851466707609	0.307165741693	0.559611230151	1.40792929729	2.00469297983	3.36194291643	4.87033031239	5.24963953032	
0.105491733969	0.37898528056	0.496599251802	1.55991125038	1.9488570093	4.0853218227	5.02544538778	5.91452722795	
0.0999835165499	0.327128458249	0.705409172912	1.30856410147	2.15902862662	3.04130989386	4.70749097594	5.98746395717	
0.0937375697731	0.397644853808	0.690234673252	1.43698411334	1.67897567173	3.37207825842	3.83551858303	5.17831937947	
0.0852665621956	0.406837236642	0.512861092531	1.57117898764	2.32434773259	2.96954902582	4.71560419689	6.70687622882	
0.0941765305716	0.426820091484	0.610129812103	1.33143718618	2.32756835571	3.01394570345	5.12368491257	5.30864942997	
0.113093796097	0.388285212701	0.642739273116	1.37372852693	2.23423489362	2.42782685896	4.59833128076	5.21200944511	
0.107480546243	0.359676818489	0.567346369426	1.26354143556	2.18956969704	2.9747108673	4.47625178395	5.8038716101	
0.0897540529153	0.365233648826	0.564568162167	1.56875732328	2.39441064968	2.821247566	4.58707972741	5.83191802568	
0.0912082659685	0.385538670419	0.628143294729	1.04935291246	2.36601681838	3.48104406182	4.48815814905	5.47329380396	
0.104894262099	0.355114098685	0.676196206154	1.55839770752	2.15420589782	2.9882873968	4.72330172955	6.47530858682	
0.0966577202383	0.395632902686	0.57119864479	1.18089237116	1.79246220875	3.3007173787	5.1854508582	5.41969788823	
0.0919522664857	0.391413750563	0.60221391323	1.4708446512	2.26134283474	3.24407894278	4.56157041512	5.32391831303	
0.0958176997199	0.427959405818	0.628282047072	1.46990412181	1.96243014407	2.98860949516	4.01653864414	4.89889802329	
0.0973088183653	0.365197289818	0.61108822427	1.57811702218	2.01531620567	3.65595789798	4.7315459924	6.85317739003	
0.0886071618664	0.424570028391	0.559518510483	1.31625837803	2.1373069201	2.97422931577	4.69315683468	6.5046458313	
0.104938816447	0.377859764158	0.670770072851	1.49125869194	2.11878623819	3.20852222112	4.10209458496	5.4215572433	
0.0954506916972	0.339994797569	0.530993250626	1.29887103094	2.38107295462	2.9872159126	4.87118442809	5.61580926602	
0.101893892559	0.34907251959	0.611768976339	1.75569509277	1.99997121425	3.154554838	3.96560098518	6.65968986305	
0.112590589012	0.344581556318	0.590570294877	1.49016338293	2.16444248988	2.94933138602	4.06503073234	5.26094116813	
0.110244471833	0.405212312691	0.700102329059	1.28584800704	2.21441162041	3.29423579485	4.66710985448	6.36576689142	
0.131971908853	0.500012870253	0.621551912958	1.66092625629	1.96475538299	3.21770193653	4.14118979468	6.15126873362	
0.105257944398	0.467374104734	0.544118419934	1.61963989944	2.06111760141	3.06860650303	4.39402212264	7.18840989361	
