7	27
1	0	1	0	1	1	1	0	1	1	
0.081372398406	0.402386466656	1.02176427524	1.24757570295	1.87593330385	4.65496482915	7.02868969146	
0.0912339124991	0.383308538223	0.753379540412	1.40160226763	2.1255657339	5.16039320043	5.57599332376	
0.106864103938	0.350673047831	0.938400900289	1.72705692979	2.5355168073	5.3822555722	6.23854332478	
0.0978973753641	0.390827175902	0.973342489343	1.4856720054	1.99705189369	4.16179809769	5.64224525092	
0.11070315427	0.424803410813	1.2260593544	1.49086734534	1.98048773775	4.28449946378	5.90549869785	
0.11506248623	0.407851675076	0.80474679958	1.42187136823	1.83363254563	4.76661507613	5.57591532332	
0.093887659178	0.30860820979	1.00038411167	1.6028393403	2.00101741357	4.42709326986	5.71241584288	
0.0978174011359	0.348853095438	0.827676629102	1.62571261889	1.58246116751	4.72685142106	6.16999933478	
0.116539189407	0.371017336958	0.895468829495	1.31439006455	2.22644619317	4.18129579832	5.32272874384	
0.0926291609022	0.344021099706	0.836446027591	1.44219916764	2.10817463194	4.74731671208	6.08833792583	
0.0879727828422	0.299343070657	0.831777262489	1.53921860435	2.30933862332	4.94310488378	6.50276397777	
0.110871455444	0.395440022598	1.09767351154	1.47199203309	2.57984172082	4.21812514138	5.60883634442	
0.0980761744918	0.378575780755	0.900124306054	1.50717250655	2.12800106741	4.22677112627	5.76238306856	
0.112176231751	0.39205230209	0.774106249083	1.64601929197	2.24320435109	4.78760885588	6.55744286067	
0.10980732112	0.345073683534	0.830470024739	1.77268537013	1.99991328393	4.67039406155	6.97887898008	
0.0955649404245	0.366315347267	1.01616116006	1.46044096373	2.25644917777	4.46380804066	5.68418031417	
0.096670588889	0.425371084735	0.902507452615	1.49130748515	1.94170791344	5.41812561431	6.19132488621	
0.103396120636	0.415198591623	0.885276693188	1.6007059821	1.82399442123	4.22351079218	5.51926335051	
0.0811940219128	0.359909968019	0.925168499261	1.27414165179	1.88462051065	4.5184838314	5.95200509226	
0.09734255605	0.331886993717	0.893308061994	1.33472276523	2.16846388562	4.2485254683	5.97674763247	
0.0868918239119	0.326919819736	0.981851219815	1.53944539553	2.06556431209	4.51243625747	5.73017208275	
0.110972257331	0.372282163243	0.883604564283	1.56818073599	1.98357273406	4.57047735143	5.37091800639	
0.106645496199	0.410985916663	0.810151476756	1.22341622375	2.21203646626	5.37336854515	6.53038264344	
0.0978766519941	0.347536551583	0.816900694964	1.53254163328	2.34839643552	4.21597827216	5.85196309337	
0.100469563381	0.448888165437	0.936059243745	1.28972388475	1.90132190465	4.08994907706	6.75841320558	
0.105131403991	0.366871241173	0.657947412834	1.30807360422	2.22395342683	4.65847542653	6.2060754441	
0.0865269521084	0.386726052841	0.839240324146	1.43027041693	1.98492852916	4.9816943715	6.20246817839	
