10	52
1	1	1	1	1	1	1	1	1	1	
0.100411250686	0.129120624286	0.444755878966	0.593093418365	0.897829502399	1.55714899694	1.90882351289	3.00076918765	4.53063252116	6.61726139485	
0.105016850452	0.153724877138	0.382968473939	0.624014151332	0.948753720177	1.28271396471	2.15990703265	2.90105118585	4.53648714431	5.71161123511	
0.125393816228	0.149401584244	0.326638896482	0.591949187359	0.978300363344	1.6692910443	2.02326773401	2.73571090844	4.86757665514	5.17164077646	
0.0956384455849	0.146135692717	0.377353928775	0.641349867424	0.866422011747	1.39085671694	2.14693187412	3.29861933619	4.54402222862	6.26160346513	
0.108438395096	0.155889511735	0.397236249893	0.505066609995	0.934671176022	1.49856957936	2.30672235683	3.02498599837	4.2034323263	5.65553959483	
0.105364138999	0.165508215824	0.364516515923	0.654477738818	0.941483622252	1.41222713387	2.10455239059	3.4926486935	4.64651001755	7.36549525659	
0.09147775357	0.15777152553	0.359890361627	0.547842780781	0.928989356256	1.44964140456	2.77740731434	3.1901526099	3.99141957173	6.1638064305	
0.0792535996245	0.148620648261	0.380608960727	0.647676022977	1.0205468692	1.3579895445	2.11761798685	3.00101073005	3.99237185034	6.18593686763	
0.087264144514	0.143780596491	0.342183389524	0.632980991177	1.09753299923	1.24387291846	1.75160102618	3.20941176226	4.50706400818	6.13119558405	
0.0955367948477	0.146990410518	0.393965395601	0.662425853559	0.74818046436	1.37724166022	2.1959688907	2.951657766	5.2790263343	5.61875407186	
0.0995870731299	0.158340331453	0.357531178026	0.489205617132	0.890135128997	1.5772099995	2.07756754774	2.97490885203	4.91655249428	5.80153506239	
0.0948983918635	0.152241841345	0.409288507966	0.742902811904	1.00693295801	1.59585711519	2.04121726722	2.91659286556	4.52804910733	6.06430194916	
0.0892148725864	0.147370582051	0.395174068865	0.621623603701	0.976898770365	1.47160795641	2.04099313826	3.08298229634	3.9604718709	7.07086502351	
0.100134503646	0.146627204163	0.344705900905	0.77613947414	0.830180493003	1.36867474664	2.2394049198	3.44506921387	4.93106942485	7.08456510466	
0.105061576555	0.134159538	0.370236085245	0.618469942351	1.12234502186	1.23011381659	2.40855394862	3.3084721701	4.87702374085	5.93880317002	
0.0915756736987	0.161263091691	0.40486837903	0.658323417944	0.92876266891	1.34422545067	1.81486079607	3.51629631215	4.6907502671	5.42053042028	
0.094614263267	0.142998617821	0.323646591585	0.550939056204	0.824553776817	1.3710155013	1.99118003786	2.72122340072	5.41016560376	6.75152443862	
0.0922098057848	0.15408632095	0.395863673413	0.671465151286	0.853869732521	1.58617127011	2.0322003596	2.81584471865	4.82586145169	6.77445505447	
0.125879089735	0.132004121024	0.406558948033	0.575411925372	1.00285236008	1.21971999417	1.87850449822	2.99784068247	4.53553382055	5.61535124008	
0.106590543439	0.165403419274	0.402783946567	0.69712725838	0.968671876539	1.25598377042	2.44312595041	3.05332422343	4.90968832486	6.94424052993	
0.104566880107	0.127557617803	0.345107937673	0.679364668013	0.914271590235	1.4413790155	2.31314724948	3.47630493018	4.62545991557	5.87479897727	
0.0968733155427	0.162868482379	0.401035642181	0.584561999963	1.03063644511	1.41154812154	1.96689263252	3.00333452286	4.05956662366	5.83655399004	
0.112337242783	0.137923572285	0.387162078919	0.560598639262	0.905791259162	1.21406410669	2.10258428073	3.18704575156	4.74312957482	6.13396854795	
0.0880160787505	0.166262973661	0.387991515528	0.611903611031	0.929146041135	1.35596068505	2.19682750305	3.40456624168	3.71389693889	5.67674349759	
0.097450530296	0.153842559085	0.425345818225	0.553695551124	0.883689548246	1.35670762218	1.97767156813	3.13716438909	4.84686099899	5.36769870278	
0.104278143952	0.12447146655	0.358669156135	0.580230641987	1.08576194958	1.39070327042	1.67673265321	2.60036110527	4.51531331386	6.36826251347	
0.103754558576	0.152513551587	0.424165864705	0.567624526756	1.01322668171	1.19662187144	1.95543621592	2.66271154665	4.3763196147	5.97224326964	
0.101141014922	0.150928250293	0.344752973429	0.588585549335	0.79073745982	1.62494174344	2.08472039433	3.09111201131	5.2150231478	5.25465207987	
0.0887441288597	0.133556695127	0.377420887495	0.625897897778	0.998789818535	1.7977953304	1.66637202235	3.44783906647	4.24929124234	5.64815091067	
0.0938022787175	0.136368454938	0.444011943715	0.650537839621	0.932157226006	1.62319525261	1.82480627246	2.81752083232	3.51991452051	5.58035127593	
0.101616985267	0.151542878669	0.38567499262	0.515336590136	1.00469339106	1.46426673511	2.30760667052	2.63485229228	4.64017088646	5.28734085605	
0.0960267674745	0.15801547348	0.383461557038	0.548907601213	0.930583403525	1.21099044992	2.39730749012	3.18328269366	5.00334747491	5.68408098774	
0.0947642401159	0.1385371982	0.413294609404	0.55743413056	0.989947375215	1.37530930713	1.72516789052	3.06464792797	3.96940130354	6.02034163421	
0.0880959226433	0.163889626511	0.376539117307	0.589344240314	0.990997968814	1.56783869157	2.14567876837	2.99935990265	3.70171367275	5.58837014578	
0.0938278775335	0.151605861795	0.366884418517	0.641275978323	0.872992555772	1.42184311314	2.40455730029	3.36109319454	4.47298310624	5.63883333484	
0.0936676860329	0.137240801206	0.3594417391	0.645339950325	0.90936439077	1.23698245108	2.53015639801	3.35398868712	3.86687546977	5.73489064366	
0.101108863828	0.175568881399	0.337891726586	0.658562443161	1.06015223771	1.34010243437	2.09033457195	2.9131994946	4.40844248651	5.97804601539	
0.106596499981	0.166352752065	0.351572349544	0.481960496146	0.928024235527	1.47197586679	2.20362480285	3.14383119456	4.55613844485	6.90926688501	
0.10381734169	0.144399473625	0.36099248295	0.589808858539	1.08221681645	1.40378799854	2.14574421593	3.09324808945	4.99454251085	7.17590235285	
0.104506130494	0.151241593557	0.381397747661	0.456941592673	0.999299030378	1.44918579749	2.24209354089	3.01877478692	4.32699440446	5.7533850381	
0.110216229841	0.144318602451	0.45914109224	0.625851745141	0.81136151262	1.41161788006	2.00988984874	2.53682569731	5.21976192305	6.42188552533	
0.105332073179	0.152481054904	0.32748333239	0.570982971627	1.00828561205	1.27967553574	1.60566959701	3.17619054747	4.43620910069	6.08133804985	
0.107285186435	0.159564087183	0.389833252599	0.671731883285	0.788735810384	1.50215519947	2.28470574812	2.84714225702	3.82370822609	5.55243472411	
0.0933845855748	0.161301291953	0.35664752622	0.548619088903	0.873118062487	1.58996442378	2.15280432549	3.19174341676	4.45049752558	6.7752362006	
0.092508282734	0.169732624364	0.387998859359	0.590374837081	1.16258374631	1.27904355296	2.07395756169	2.84945984727	4.92860788674	7.01351336019	
0.116699227814	0.168359231297	0.372490422224	0.578085541351	0.774581211158	1.72112991553	2.2508302868	3.09011400592	5.09762560004	5.41634128994	
0.104066220342	0.147410562986	0.404269731315	0.596185587649	0.795063706127	1.44080742129	2.3755057905	3.2405046681	4.84880180472	5.3726823086	
0.0997373920673	0.140632343174	0.408385271924	0.601889493736	0.994176851899	1.58554259094	2.29869799365	3.33876349115	4.05080448367	5.9983283336	
0.0946690959798	0.144839040649	0.365767702271	0.541204465513	0.747967511211	1.33445554409	2.19157658216	2.81184246024	4.50705700641	7.14016105459	
0.110230565553	0.174653122637	0.394862859323	0.670050589379	0.862671280066	1.33785934182	1.56108485568	3.63549727906	5.19314579092	5.66809365279	
0.097460482936	0.138692068295	0.394540834956	0.667495952718	0.767922206429	1.48854970988	2.09051556908	3.28685317739	4.70654730075	5.88707853674	
0.0989641314659	0.146791872487	0.416872015668	0.625125597608	0.95051426901	1.24825390388	2.06860535521	3.54206747711	4.51696345791	6.39571888175	
