6	82
0	1	1	0	1	1	0	1	1	0	
0.164868028285	0.351359423881	0.793496270467	1.39268792793	3.06379023628	4.12510942075	
0.137894859251	0.3748723521	0.884284117553	1.29668562922	3.83653217132	4.70607976117	
0.152377241312	0.377471274723	0.991902163984	1.50605075097	2.91385927459	3.81047844369	
0.115888731239	0.448093382239	0.888586175715	1.51466451396	3.31566991237	4.91065143225	
0.149031932053	0.329537175362	0.83354813574	1.3798415744	2.73478722439	4.11555268008	
0.132017663597	0.367509902856	0.883869005617	1.44708589066	3.52770188692	4.39082316639	
0.127463852409	0.302163179643	0.945095556281	1.33483356693	3.19885754862	4.64829351982	
0.171647655207	0.313594791498	0.835841440833	1.41781149596	2.87943708479	3.82992481439	
0.16964366053	0.340177632461	0.808245774432	1.26581462319	3.6029479834	4.18707825748	
0.129215759187	0.348073847768	0.925520128446	1.55752325237	3.51252475575	4.15000394732	
0.142033138105	0.459909594697	1.02259866133	1.3939954327	2.50407545695	4.29352710372	
0.130100709568	0.34721810734	0.840224140575	1.39693723272	3.27267187538	4.17078862129	
0.130834405346	0.373200611843	0.883660073729	1.15865189528	3.44746055632	4.17201874382	
0.145958216278	0.371645837946	0.928563995417	1.45088419496	2.82600572548	4.64056132165	
0.144837998983	0.421208833562	1.00579304923	1.61915508474	2.9450312295	5.07899925054	
0.151411117982	0.406227135462	0.992717424486	1.49564486421	2.89632716579	4.92978627994	
0.155275177682	0.324022753428	0.88501770601	1.25652932226	2.78648263285	4.88399590996	
0.127809397192	0.329797504786	1.11397473587	1.36595233036	3.46373975817	5.00617419056	
0.161613204128	0.385683768015	0.926534440632	1.50687770789	3.17698467035	4.81269911574	
0.146115616208	0.374469628116	1.10500369146	1.36130419435	3.25625345156	4.69375322706	
0.157421901855	0.391128771848	0.813713714964	1.45317220166	3.32891940354	5.0129821219	
0.161088622907	0.425822693664	0.836701898593	1.28756908446	3.35663239302	5.00978339363	
0.146993491162	0.351868997599	0.781063550269	1.48191318499	3.21330301049	4.30472415563	
0.163577850541	0.376701804331	0.930082480419	1.55868194233	3.96198912829	4.29999188791	
0.136856403383	0.342415759156	0.974344647976	1.27405578481	3.12870273602	4.37162400887	
0.17334598636	0.4253286883	0.787085486767	1.65662986887	2.85475085371	4.57213095334	
0.137481846198	0.365244424873	0.838821968083	1.66959972044	3.20446894857	4.60151541851	
0.13391585673	0.326227534816	0.888694563984	1.5045687898	3.21052805079	4.93854277338	
0.151862563361	0.380245678212	0.97976547976	1.444342833	3.55680949154	4.74984485449	
0.163664473827	0.407225356467	1.05650516686	1.54853758421	3.81796855042	4.25646653224	
0.162521762273	0.327532762375	1.01807779317	1.438071575	3.55446019197	5.25577997111	
0.162016450747	0.364315667116	0.828818597392	1.50664955231	3.15707046182	4.7986195926	
0.142398891557	0.344679841428	0.907518197304	1.50163616123	3.28971457899	4.13411142388	
0.177007711699	0.37472776978	0.719650352496	1.56331852642	3.24639123133	4.42326511167	
0.1471440854	0.37297900857	1.08521482756	1.49642809531	3.33462280419	4.38176743948	
0.175927107404	0.412031361391	1.02198202363	1.46977801995	3.57497969478	4.67693290437	
0.144430661433	0.394037801017	1.12502895626	1.45914602175	3.66280516146	5.03612087338	
0.158443045143	0.442957426042	0.72791801518	1.16739797641	3.81154362553	4.20865827415	
0.151676581079	0.446521972439	0.948567471502	1.67161405383	3.1238221031	4.77715245069	
0.150872028121	0.436644077101	0.905669787615	1.29210462074	3.09802382053	4.30953631912	
0.140292749421	0.353828524269	1.03431970666	1.63131818986	3.3773764363	4.20870170623	
0.141239542358	0.301229370665	0.965310771155	1.33236957865	3.72810761505	3.87984874435	
0.141114713512	0.376368656568	0.973266348437	1.68782122979	2.80460995711	4.36412790636	
0.128577463789	0.410018160444	0.8698388412	1.41522756808	3.19401435007	4.55232912226	
0.14765594482	0.343076082632	0.93789569771	1.31640263394	3.51473304067	4.52583610232	
0.134403858304	0.471461275319	1.08427322409	1.77941658678	3.13855902459	4.12416626667	
0.162097487447	0.422105068218	0.948295633744	1.12916513723	2.93114101371	4.69012709052	
0.140097400292	0.328129610746	0.906038025497	0.965730711501	3.05392568402	4.30828951806	
0.154655953954	0.400809603735	0.965127012879	1.55830658311	3.19540677263	3.84498537545	
0.150662917695	0.346730977699	0.803809503961	1.51279935644	2.79081308507	4.80609428768	
0.130617619041	0.368959262933	0.877545885978	1.59257598456	3.44315939784	4.12908977125	
0.14763607278	0.430517676024	1.0688508232	1.23426025059	3.67776394024	5.05784156775	
0.152679197961	0.376551117231	0.878809484408	1.25076324865	3.36015650618	4.42347448107	
0.156523807279	0.397434807367	1.16416486683	1.60112576543	3.42774791082	3.53836724239	
0.155884641253	0.440126166862	0.890292683682	1.7432673836	3.42675592865	4.6325497406	
0.135138452641	0.437140612101	0.85275174958	1.34929456907	2.63864997345	4.9032692303	
0.158814977383	0.380387680847	0.998842778168	1.52237657597	3.13120706395	4.14682327112	
0.124270916025	0.373248299023	0.808342114982	1.4532615382	3.19786435461	4.31908614315	
0.16569774239	0.342518160324	0.75813763016	1.39776879427	3.00951844912	4.55470612255	
0.136296059243	0.395980064831	0.839522098954	1.2893305677	3.45034131906	4.47909660007	
0.132193990387	0.343831004677	0.89532825223	1.26655646361	3.15642113923	4.38626538428	
0.136244026561	0.404701456724	0.835104432221	1.60813056168	3.1789926454	4.20315369424	
0.15809048165	0.381308957809	1.0006700208	1.14384886337	3.41797671421	4.26632533089	
0.150563764217	0.376649539409	1.05523529624	1.16394901955	3.77458071959	4.81789984407	
0.152282046859	0.325526052467	0.774497693969	1.34978462119	3.45640848284	4.49729882286	
0.158673602004	0.324392457273	0.934129169599	1.58663953665	3.72186320035	3.93571474706	
0.144721164401	0.367049711893	0.871748077686	1.55981110984	4.18322949764	3.9988284348	
0.156371521108	0.391230234056	0.959479472974	1.62061860477	3.37132021662	3.53866588828	
0.128447631171	0.339456247672	0.860383355514	1.41003979922	3.18021990543	3.67947102306	
0.125869466055	0.299478692244	0.785476742937	1.5717364883	3.162102709	4.07128322684	
0.121236363626	0.341512686605	0.986467987465	1.4980199547	3.16794955589	4.37983258243	
0.123431219342	0.350509860439	0.98166892459	1.33350150083	3.77762983158	5.04250448596	
0.143193383693	0.369916091191	1.13674599761	1.55114887301	3.27283944207	4.58356615872	
0.152233384634	0.379355003429	0.830399088091	1.37246877046	2.78328715637	4.82616476923	
0.148012683194	0.409468421128	0.811478190658	1.6333573347	3.67175576804	3.79150721835	
0.142411797078	0.364901499005	0.796275768399	1.39283886983	3.43137985558	4.28875701258	
0.124306771378	0.409354547954	0.856372284778	1.33186328426	3.79642003164	4.67849441443	
0.137864107471	0.334814279176	1.01982782216	1.5582774294	3.08531241306	3.93344550657	
0.155783989197	0.4025690317	0.895335171505	1.27224763417	3.25804654504	4.70778719431	
0.14269351746	0.38995194197	0.963570553701	1.59380134374	3.11327794478	3.98733478154	
0.148990204942	0.444125078533	0.766029460705	1.09923242418	3.21488746316	4.3293261135	
0.14687452492	0.370668191681	1.02351865894	1.42392796924	3.51636655514	3.38512336678	
