5	84
0	0	1	1	0	1	1	0	0	1	
0.323716318273	0.612960512518	1.19585223714	2.01456613349	6.29890759288	
0.434400118122	0.616788217827	1.48415466108	2.29468267109	5.044774595	
0.403314276805	0.600218562878	1.31589440693	1.94331273034	5.95084266466	
0.411025001983	0.665208206281	1.41195805168	2.37497830256	5.34966746402	
0.363093622697	0.702660229308	1.60104393359	1.97688670484	6.44552235787	
0.358431747387	0.582222358062	1.42264642244	1.86331754451	6.18135863519	
0.432215070749	0.591059981162	1.35140826532	2.02451041221	4.69326905289	
0.287889319349	0.711760953076	1.36654966319	1.95240322426	5.46830161064	
0.377689320986	0.585265019172	1.4855233812	1.87273931223	6.26340878188	
0.401957433777	0.582642998386	1.54697341838	2.43242986027	5.83100677215	
0.37779599329	0.619877788256	1.52183835273	2.31468043003	6.40686561339	
0.407854643546	0.610621051386	1.54317768468	2.3123016785	5.92059795071	
0.429912243789	0.513745352189	1.4507896513	2.23783638031	5.98776584146	
0.448816851793	0.594280748399	1.62921064221	2.0375987301	5.88738347502	
0.38974811026	0.592016390563	1.26164635535	2.22919888978	6.04880543646	
0.357911599418	0.468106149156	1.21037928555	1.82980869679	5.96256456996	
0.422161472383	0.555382005309	1.51589650249	1.92849522531	5.85522419147	
0.369025401245	0.603351412233	1.40080197958	2.16085970017	6.48581028129	
0.399634094987	0.613134342852	1.45640846332	1.98138673243	5.7204640211	
0.382864228586	0.610884646431	1.25962984536	1.68622079859	5.9807326494	
0.342642381868	0.683441906626	1.52627802721	2.275857205	5.19771410534	
0.413237962761	0.562348368163	1.53942000003	2.33575673434	5.06146204896	
0.342172154188	0.687727305915	1.21772058969	2.26573846441	5.36252126143	
0.424337193356	0.586668807611	1.41976433996	2.39604483935	7.00882134617	
0.375691329615	0.631600941789	1.42590184154	2.53238987761	6.88410255389	
0.384246612849	0.638481442567	1.58445963478	2.00803283014	5.90329845638	
0.418443205168	0.520390378995	1.5224272792	2.26868243894	5.57534586115	
0.421833172586	0.624852935895	1.33693763073	1.84777684223	5.72392194825	
0.344789826174	0.570003304763	1.36912617203	2.40645668988	5.21029759382	
0.339481493486	0.574392179889	1.79973971189	1.81259704979	4.77934414395	
0.428574070307	0.569375680917	1.31342822397	2.23073055631	6.41652479004	
0.411503909204	0.633896424218	1.33009418614	2.29175275001	6.24153311227	
0.430934401279	0.688088089034	1.30059863783	2.51427624789	5.72622722156	
0.325708861913	0.699834531728	1.54695025059	1.72343620492	5.69662370919	
0.352822934645	0.56571602581	1.69629661308	2.10416019802	5.71332013951	
0.418715685003	0.571258872219	1.77159004589	2.19339591215	6.58452701493	
0.453992416834	0.551402627559	1.54131068029	2.03288315235	6.12386712733	
0.308211837924	0.568032389009	1.62522281924	2.32649306846	5.81968635851	
0.384212260229	0.645089896894	1.54120644387	2.2406520645	6.60708354392	
0.373455798451	0.512211201488	1.29189763431	2.05404247116	4.83426759288	
0.337438316576	0.541657876612	1.24340627575	1.79410463203	7.03668667785	
0.415197108077	0.583862357272	1.45428509342	2.06013500772	5.74085207035	
0.414748202271	0.613182822649	1.28335837377	2.3956225762	6.25669198847	
0.413813883887	0.611494648861	1.44128785741	2.12135036261	6.31495334221	
0.335013824171	0.632379618141	1.20363850017	2.01769219736	6.86748740049	
0.33845598363	0.565857558012	1.35624240073	1.97754936107	5.85549939895	
0.385576545762	0.684478052488	1.5773821665	2.27627427604	5.91968667033	
0.353176377464	0.634171819451	1.48890314815	2.25622540109	5.76814709995	
0.38547182782	0.613484752899	1.34531633154	2.38987641903	5.0456670986	
0.354754958792	0.547266072059	1.37526841535	2.02941439096	5.65293566982	
0.410728972022	0.613824250116	1.31095894852	2.2625939298	6.26234114188	
0.308073050553	0.571677569899	1.51741575235	2.23071970541	6.35873824462	
0.348734786057	0.623434511672	1.17704303846	2.10640879826	7.03913611919	
0.413415199763	0.61120246633	1.34951875926	2.41835943818	5.9958325241	
0.364844299398	0.680638683965	1.43923943069	2.22611671753	5.14164367711	
0.361121862458	0.643743646284	1.42172951366	2.1250372569	5.3508647289	
0.413522553602	0.577932968005	1.46358936666	2.44451266867	7.03511319524	
0.349769326464	0.581912173959	1.51355552563	2.00506030975	6.59753257235	
0.405062996739	0.636974341886	1.39951805271	2.16741394782	6.30728618012	
0.387535073845	0.509881787107	1.62418532182	2.18187368356	6.01145029699	
0.426570124469	0.594097262128	1.28560547068	2.08416141851	6.73123465006	
0.343567709008	0.486140388055	1.34726027629	2.247432785	6.70410545792	
0.388012045769	0.578057760715	1.22671595224	2.03579241604	4.86083040654	
0.421053713529	0.535724954046	1.31832393683	1.87813966494	5.90313674386	
0.390814828729	0.66550789581	1.41993050786	1.99594315251	6.58001497351	
0.393164463664	0.597702453235	1.37032326901	1.95204697403	6.37421023051	
0.377849297729	0.508362903294	1.39500540284	2.34886123815	7.35792272829	
0.370172274566	0.646640618031	1.37270220218	2.17266584069	6.19436330199	
0.433525978045	0.667434289991	1.51870949353	1.97430660304	6.30078244305	
0.437346065079	0.633837857348	1.52996880123	2.18159355214	5.81197559902	
0.400441886122	0.587668922051	1.20580528592	2.44125385063	6.40165626808	
0.305296228998	0.452545288382	1.40261937051	2.2816520331	5.63870352891	
0.345906025489	0.591063014751	1.40871201634	2.09932963043	5.30783424969	
0.386504123481	0.600537718528	1.21556850554	2.25258366681	5.77434347913	
0.349809996314	0.610359345942	1.38548390436	2.07093071662	5.50862163669	
0.390250786634	0.671675628034	1.41928719466	2.00579339024	6.5203569286	
0.382798080339	0.516637339763	1.46073420087	2.00396196899	6.46297922499	
0.30618499267	0.593013658612	1.58962573473	2.07387377994	5.91960283718	
0.352320144467	0.589006341008	1.22840046132	1.88544624378	5.22479920844	
0.433956197287	0.510396525654	1.31422183504	1.8165950903	6.90799403119	
0.360160858605	0.514180361213	1.32302785531	1.94606030462	6.54564051182	
0.371336284495	0.529511906155	1.63384151665	2.26940844244	5.46783451628	
0.394968522901	0.507442183568	1.17912200681	1.9020135044	6.45784012961	
0.436541772128	0.534840816986	1.43577980984	2.51507698415	6.45266619451	
