5	20
0	1	1	1	1	0	0	0	1	0	
0.138893219966	0.397129765785	0.544558648058	1.00240132261	4.50684698034	
0.153532105784	0.44572865398	0.513055256861	0.932271245226	4.78713677013	
0.140756495146	0.416142418356	0.567318827593	0.957120945019	4.44442753119	
0.152426776501	0.38281005174	0.598082058547	0.885967562816	4.2008828449	
0.154739787494	0.382002833091	0.558474125473	0.961934727129	4.29185099689	
0.173331599945	0.474588851872	0.683342810842	1.05399918174	4.86637532083	
0.146852526726	0.307835705464	0.538499645422	0.867063228874	5.04348170379	
0.153841979149	0.354938108774	0.489288819544	1.14558766435	4.73999110018	
0.163627647501	0.359644898214	0.59168326376	0.898020512703	4.52895153253	
0.177686807436	0.334237317544	0.597524150682	0.963561331406	4.44743222717	
0.164929872727	0.314045511945	0.71302614261	0.802541713818	3.99145154876	
0.143258202442	0.355391733611	0.625470207389	0.958708340026	4.55110064784	
0.12873177423	0.374700807858	0.601183953733	1.04460151884	4.5897495974	
0.155739861474	0.454574804245	0.530393597944	0.893905990094	3.98886755849	
0.174097790977	0.4436440591	0.691711561175	0.98090793618	4.6712257688	
0.14312937807	0.409238462992	0.523117930217	0.810515447756	4.31105743106	
0.178305015097	0.360488697923	0.577297274661	0.95676281163	4.90437587866	
0.168780311088	0.337425703444	0.594199509122	0.950879757288	4.64614448942	
0.162986903497	0.411163191588	0.601529670382	1.03717126363	4.93595326539	
0.163325728863	0.359905275909	0.642773866351	1.04193179375	4.26876763199	
