4	73
1	0	0	1	1	0	0	1	0	0	
0.102971220545	0.665450514577	0.869347148381	3.3817948471	
0.0967510928737	0.612942753651	0.931144475758	3.57434460325	
0.0988321124632	0.599151669921	1.10056176637	2.80028955815	
0.106905060016	0.711753651808	0.919240229853	2.82143826739	
0.093872961901	0.584117317245	1.06939218693	2.74657272235	
0.104237800361	0.512074223058	0.881449207367	3.63341721196	
0.106032831177	0.623471365201	1.02364568225	3.24886472149	
0.101583782027	0.593134658505	0.971427493731	3.38005326465	
0.116166185441	0.507841710874	0.917963464893	3.18354455068	
0.113201946173	0.546068931211	0.901482442462	3.26086453839	
0.104660388862	0.589498928485	0.878833643079	3.03252255675	
0.0890572515532	0.545492350511	0.896033886485	3.01032445735	
0.119740693231	0.626645327231	0.834472428621	3.39137763321	
0.0843714306375	0.675800739599	0.886335798645	3.60692575979	
0.10065889777	0.616408603457	0.941372989835	2.34303792517	
0.105314294859	0.542641253167	0.931657830857	3.42935057991	
0.114135142393	0.665633124107	0.831274443983	2.81238537034	
0.10141989395	0.633903428444	0.996449749313	3.53928921202	
0.0948103615106	0.607643281318	0.815243868214	3.67069205781	
0.111763882532	0.593778908679	0.861129711693	2.89617786908	
0.102380345683	0.535955787307	0.99406491929	3.27213393008	
0.0972470664345	0.647172078219	0.761707145526	3.39348468598	
0.0997763782371	0.586497142125	0.996163885178	3.68102035233	
0.102134361423	0.629422349024	0.889989247303	3.034887484	
0.102701615661	0.57939473795	0.896587681793	3.74213783902	
0.112986906809	0.525421892015	1.01895921247	3.49229814768	
0.101991409269	0.665351959498	1.0746576387	3.49995627149	
0.0963372015657	0.574274584279	0.881449025525	3.37285076535	
0.112468301938	0.525094294625	1.0138640758	3.71559963828	
0.0839050254799	0.576987977915	0.819148206022	3.38932085454	
0.0916335482717	0.540219695272	1.050316823	2.94458687871	
0.102983570141	0.597835161883	0.880196425354	3.21648515799	
0.098014516318	0.665918463609	1.02384595166	3.38480235916	
0.114729163965	0.640029920585	0.860348615096	3.04945240005	
0.120449752843	0.649160279173	0.945979584248	3.31459661497	
0.100664305211	0.741823032113	0.856006228824	3.53243649594	
0.112298650991	0.559219795799	0.860096998532	2.77590224159	
0.0903255224591	0.649095983172	0.919566472609	3.4596459588	
0.108318588737	0.59927943977	0.845635268097	3.45261801003	
0.075296863693	0.673257929884	0.724238526971	2.84391820065	
0.0960593394646	0.530180970332	0.759233863875	3.28341630122	
0.095213029495	0.569242785893	0.908143851448	2.80960983108	
0.106769286167	0.545630580679	0.973982885936	3.19249995833	
0.0982617504374	0.576003266429	1.01102889215	3.61525259791	
0.110312715115	0.586734158348	0.931547930426	2.9951500093	
0.0949094441873	0.527410677399	0.874630615279	3.34604713707	
0.0990524768546	0.567238476072	1.01699347395	2.93488128806	
0.100249868994	0.743029564335	1.07028172201	3.07783117416	
0.112191783704	0.562050568026	0.970253394858	3.82719209467	
0.0968832697585	0.647192553798	0.915359817951	3.06727424732	
0.106563857499	0.63186320168	0.806464878777	3.14818193504	
0.0882690526905	0.499834552818	0.914546631402	3.35838448216	
0.109772194182	0.50757393936	0.823626763786	3.72545574866	
0.09241363827	0.514201806955	1.08869602106	3.2059726498	
0.0953157538111	0.558189517531	0.840761061618	3.20526964179	
0.103377895137	0.626261872172	0.762711781744	3.74371321143	
0.0983354087537	0.621291679627	1.00197666984	3.13004905614	
0.104931408649	0.608290694192	0.903511944916	3.27874264292	
0.0944208378981	0.550413985318	0.943314548016	3.30164913635	
0.102632668357	0.685659563708	0.958622631972	3.13379194932	
0.102121670804	0.735241478421	0.826677017985	3.80879612724	
0.104185985403	0.604742627967	0.903531898698	3.11563508361	
0.0830754491619	0.610134160538	1.01271006729	3.20261606039	
0.0955489188856	0.555229626586	0.936704631283	3.43750617507	
0.110266998012	0.487424287834	0.885853608669	3.48535413735	
0.0882292444243	0.589152954864	1.00055200821	3.22087655676	
0.10064777644	0.53116050134	0.879976660353	3.34605258703	
0.107728108933	0.578257746123	1.03956555808	3.258102575	
0.0998955281116	0.684670284979	0.738192455559	2.44977237542	
0.108810957562	0.583728846456	0.972640107164	3.2566024254	
0.104717552553	0.641286712314	1.02801440705	3.3891962259	
0.111454278043	0.568441880257	0.970342531888	2.79417914352	
0.0931343692555	0.641848617209	1.00217000669	3.19046783414	
