3	55
0	0	0	0	0	1	1	0	1	0	
1.26416293227	2.27474082729	4.22402459398	
1.39953618129	2.26756573268	4.70105536066	
1.22679229242	1.84643885529	4.05174740802	
1.45877325751	2.43091195533	4.28326066611	
1.29536143157	1.94854009798	4.69671860976	
1.58375076913	2.36881700314	4.19628171425	
1.21300949562	2.16800487695	5.16682511032	
1.49175962592	1.85811205072	4.46976010118	
1.28561892118	2.22092751814	4.48066816375	
1.39100746314	2.01438885385	4.6917007889	
1.60074078881	2.49791546923	4.68601635655	
1.61169659342	1.93258790366	4.34914566426	
1.29294015067	2.04498101423	4.03842324184	
1.66290528064	2.06985185471	4.43636558829	
1.20893935354	1.71842476787	5.26484592643	
1.39582077014	2.64322120529	4.43228853595	
1.25212092124	2.15466490259	4.5333109771	
1.45052419507	2.13505441336	3.81888139096	
1.21052261866	2.40017594611	5.38518212657	
1.3889036957	1.75666269073	5.04160239725	
1.30877031046	2.22472201024	4.26408247024	
1.35932533818	1.96442913701	5.12852838657	
1.49463731028	2.22115043077	4.51706866602	
1.48506780506	1.89530449032	4.73524820207	
1.60293057266	2.19724870896	4.88978112056	
1.37186202334	2.23801301767	4.32576779971	
1.19446447028	2.09944223179	5.00663644603	
1.23921729268	2.50090726831	4.25179804343	
1.51045413998	2.47641786141	5.32248258963	
1.65998527435	1.98689583393	5.01473756252	
1.34513057973	1.94806011165	4.23599418631	
1.61082536689	2.04896479564	4.14956732146	
1.65899854716	2.1207223375	4.79413462607	
1.29543577424	2.06501028972	4.40905162222	
1.34725692064	2.13249852683	4.10001747247	
1.41918590786	2.39508193904	3.74723529722	
1.41115966631	2.0466186792	4.2399556939	
1.70925372963	2.46097582494	4.27967872618	
1.23618696176	2.47700497889	4.68048089855	
1.26482254472	1.95424009004	4.54732872387	
1.68095458081	2.07094526216	4.70425301918	
1.34547232472	2.25188387149	3.76647716966	
1.52132635328	2.20192457598	4.12871305368	
0.950737438287	2.49944291029	3.71713463002	
1.61043449095	1.97230769509	4.67143883336	
1.51788983127	2.50591343741	4.01223011054	
1.42436880371	1.94274026797	4.03010680632	
1.44333579921	2.33064532382	5.61874352904	
1.3985342247	2.13492093368	4.49768854865	
1.45338564644	2.20413278849	3.98012096192	
1.03614644385	2.09195632798	5.38232966769	
1.44039124546	2.12146212656	4.49011008245	
1.330056423	2.12863080296	4.52037085222	
1.43572182651	2.17398349516	4.54623669284	
1.42111879149	2.39415667659	5.35243905262	
