10	35
1	1	1	1	1	1	1	1	1	1	
0.112469623318	0.151672320083	0.384640286593	0.565413053353	0.947474656963	1.41928885614	2.38307573756	3.91297208518	5.2008841414	7.3595738136	
0.106538440771	0.155060048457	0.379403925192	0.622321303074	0.961458939166	1.61938614524	2.11186836119	2.90991912149	4.48636838167	5.44606755721	
0.0978562449027	0.124132826068	0.381375712993	0.547067389494	0.999326813437	1.37591122743	1.73819110246	3.11788916381	4.46243229224	6.19950490779	
0.10530978577	0.137909676558	0.351058692043	0.598261768987	0.958270463977	1.49760998872	2.35453445441	2.70527648024	4.93659319746	6.49124408989	
0.108501453797	0.146664096432	0.389683038496	0.629562809173	0.912846758077	1.56605160426	1.89597113987	3.4839178403	4.72257210986	6.91171501963	
0.119385711004	0.147124329455	0.43844777302	0.618204804086	0.960835404209	1.48653486419	1.86223617723	3.61897368729	3.87548952716	6.3026130259	
0.0749430899569	0.146743931884	0.379605004919	0.638357237334	1.06492537592	1.41920251275	1.88203374567	3.10439667908	4.60633484745	6.09278886091	
0.0826092518378	0.142313107584	0.359736681909	0.58754463906	0.985833640594	1.3171902531	2.37935204362	3.49008286848	3.55875184736	5.74926331578	
0.102119613746	0.172660939972	0.334453483678	0.496540189142	0.950782442003	1.28599139069	2.13426448712	3.01297286772	4.9144214357	6.44570610862	
0.0939357311266	0.1726631947	0.382417211126	0.619835343628	0.868411472177	1.3246307663	2.47962191911	3.28769061925	4.60221787206	5.69313762794	
0.102727701424	0.150268358111	0.379312877375	0.699037963645	0.942438947085	1.26811915038	2.25711798376	3.1303719214	4.04372026433	5.57101844111	
0.110897730094	0.134581987535	0.342848800861	0.603768245249	0.899480529262	1.28978454173	2.34777725595	3.11276634226	3.91723291632	6.17920542738	
0.108144968771	0.157054277249	0.405013847709	0.638495817972	0.905120782418	1.36365209015	2.00561501895	3.2477591025	3.76387477632	5.30699918023	
0.113285081702	0.163452334991	0.38588993999	0.691662594199	0.965560180284	1.43393971711	1.85886909925	3.15981523533	4.94067802023	6.33622684803	
0.119574044485	0.150361364406	0.282743865462	0.623091106464	0.702256012686	1.36152542317	2.34204833984	3.79725734603	4.03438257996	6.23926139625	
0.115756571003	0.151443924535	0.356597550005	0.710817415744	1.02224608187	1.4395386651	1.82130891114	3.13418674252	4.17145195482	4.96927617084	
0.113493237795	0.158597119299	0.353024170874	0.564897266427	0.887376339253	1.28722075893	2.76217631207	3.01731227732	4.35503471706	5.58730983169	
0.0820762030714	0.131511971384	0.420270682321	0.58044285964	0.968555930329	1.49533312872	2.24878100803	3.02452570211	5.26026285635	6.55271483926	
0.104761540078	0.153766466096	0.327656661702	0.649766438903	0.917727418226	1.31413799421	1.93045997963	3.56931094061	3.87156630692	5.76038190355	
0.101600035435	0.147780808492	0.395826623672	0.6704789048	0.987536741607	1.43924715071	2.05403895601	2.78411576406	4.4711202114	5.77517037217	
0.105281621876	0.147959286683	0.419504807743	0.57358668151	0.877963864749	1.49047391214	2.17311480995	3.37345058661	4.4406863829	6.01563744926	
0.0970356938707	0.151993339787	0.426976730712	0.569450198407	0.873634408805	1.47569913228	2.11015901544	3.70909160127	4.81486637277	6.51319007426	
0.109452985411	0.14015373104	0.384279231891	0.640639901847	0.930425582251	1.30173652523	2.34960703913	3.19327210221	4.63599137238	6.34936446955	
0.115126706987	0.153062927346	0.303388226458	0.610932210789	0.956166550945	1.19144435015	2.46658682506	2.38949512505	4.76078187978	5.08141959914	
0.110687457036	0.15846750681	0.436043470659	0.631096708832	0.962937676682	1.38314303996	1.77693236679	3.95863376106	4.28217008808	6.20254610037	
0.0917672044502	0.133905300417	0.382262196346	0.624968906629	1.09344013726	1.57386150359	2.21045146442	3.23048783043	4.65510481069	5.84317620674	
0.102590216183	0.138062991288	0.358948654588	0.596913687401	0.960091645357	1.41304287837	2.19151866861	2.95348459788	3.95953035106	5.97002920106	
0.083133970351	0.162899619991	0.327761214336	0.576562172262	0.976787166908	1.56097621693	2.28804172053	3.40767933126	5.65759890327	5.36799007401	
0.103135980225	0.159494077367	0.393551986162	0.572138344051	0.980681501205	1.49792843346	2.41753150083	3.40382823422	3.64495773251	6.47351516437	
0.0959859885846	0.147146033285	0.336552902551	0.608183123687	1.11358563846	1.58257682148	1.89526695988	3.18510587869	4.95390657955	5.89245022412	
0.0795283705027	0.141808732575	0.432458407582	0.690425899339	0.913570914251	1.39075352483	1.65670533917	3.21878635844	4.24307326486	4.86385359775	
0.0904664367605	0.130340822742	0.38220348913	0.693051694159	0.915813772034	1.46738239897	2.67946077745	2.63090351164	4.58629846957	6.68661874495	
0.103127096056	0.125600646964	0.453289794551	0.650340338459	0.954981451393	1.23239561415	2.64260132366	3.44069601434	4.70064703576	6.3513480462	
0.109580543405	0.151712298372	0.375517087527	0.465467744377	0.856987508306	1.71322637025	1.97144377742	3.15349810612	3.98121288087	6.30580940571	
0.0974399699253	0.145629605629	0.349574158683	0.625037979908	1.06688218298	1.18797630838	2.08474831379	3.19728806711	4.15634107487	6.69401658128	
