4	69
1	0	1	0	0	0	0	1	1	0	
0.0929578974499	0.353464175064	2.62782619149	4.83293604641	
0.107707787448	0.269026127943	3.72874751596	4.41726852069	
0.0936554038684	0.320111431645	2.82718881579	4.68304903219	
0.109213113559	0.339499216332	2.64406542951	4.38728517246	
0.0896459055175	0.382889459964	3.55296252561	4.04014544919	
0.104393073298	0.423819625183	3.30257556266	4.71160981616	
0.0924908653839	0.429353474148	3.40667384874	4.04637893895	
0.117856197509	0.294637320727	3.60903257301	3.95599357973	
0.100480981426	0.425914539186	2.80807618894	4.66603629484	
0.0802246524502	0.369121206493	3.71666548189	4.4056024575	
0.109262303857	0.411069449752	2.83056774919	3.83225104431	
0.106486753651	0.396076806171	2.94217045828	4.35651548285	
0.102258373201	0.354198169883	3.55350057112	4.49788670312	
0.0979922096111	0.364992097806	3.40308344681	4.44952545259	
0.0811978108528	0.448607698232	2.53766280098	5.12827402281	
0.0912593572615	0.358324251591	3.85747711046	3.42389670247	
0.0989083560195	0.430116157662	3.04932850294	4.66182829384	
0.111453511895	0.37527385227	3.69797492936	4.48331581479	
0.0943471097074	0.397422892125	3.62212320797	4.16710089643	
0.0973552349449	0.335636767635	3.12408403777	4.26077887544	
0.102557807728	0.311152242775	3.18113423554	4.84319633986	
0.104583335404	0.411229174109	3.4781446103	4.83787609451	
0.0896774361476	0.350570306689	3.5217049507	3.57147896255	
0.081946303255	0.368088773243	3.22850323071	4.23246759497	
0.0813163128575	0.422989944195	3.03372848997	3.84488515019	
0.0729247351064	0.412002114962	3.21925737936	4.09888277167	
0.108273749623	0.401648112196	3.29585276447	4.49222627243	
0.0956643508961	0.399846988307	2.65613877631	4.32620854288	
0.0850365474227	0.390354812854	3.52947650293	4.51842761667	
0.0976183763069	0.322273662813	3.3574265978	4.87578958309	
0.0987397757496	0.357037580408	2.94686930895	5.027573667	
0.118536764205	0.377521838218	3.2258723388	4.59313704095	
0.108574359186	0.412184077365	3.6858833777	4.58224325487	
0.122293373865	0.404476911061	3.22144967067	5.06166519445	
0.125156053623	0.356852712217	3.15132617218	4.61147836227	
0.0925086014805	0.417618328771	3.12634394187	4.28810861047	
0.105472219731	0.446443927506	2.88468933464	3.96473489057	
0.100892004948	0.324151141898	3.04636649984	4.43242550359	
0.109781262876	0.329646207238	3.17271031066	4.17734253324	
0.0908803047992	0.386646220447	3.40195024874	4.44321941054	
0.103966705783	0.338135954742	3.40964853257	4.77173691751	
0.106380973109	0.300074594519	3.48026964683	4.70958158362	
0.112063636702	0.336249157368	3.35642477913	4.33245405833	
0.0826744942618	0.383458537281	2.64823361501	4.37892913336	
0.0984157049586	0.355300679225	3.3265732779	3.8645148629	
0.0912019889783	0.44374763909	3.06472281151	4.25339373296	
0.091501149751	0.418993290827	3.37597996364	4.02155760415	
0.10242654668	0.419865165013	3.44793192666	4.88685841862	
0.116558180708	0.33189381757	3.41077072226	4.15491328866	
0.0918798521439	0.386063704693	2.90447374907	4.41997097397	
0.113009985055	0.410371214381	2.81975745355	3.79689198111	
0.097594789281	0.356377625454	3.43163542588	4.02629826539	
0.102371893773	0.394830472212	3.21851967263	4.52380936222	
0.119469076993	0.373912726839	3.52218821289	3.99369818133	
0.0938580816735	0.348130496958	3.55685199752	4.70668491909	
0.108042785687	0.376758331188	2.73282425188	4.72444925461	
0.103216937761	0.422441523894	3.43188435495	4.57850126707	
0.104254133547	0.414139580457	3.52556574968	4.30215509486	
0.0858652285696	0.407030318769	3.25294724773	4.40545953001	
0.110692611296	0.371287015885	3.38742645807	5.11104879519	
0.10466318884	0.352638924324	3.14466672868	4.52859832747	
0.106438841529	0.399310799656	3.04927447594	4.73570187728	
0.133941223358	0.39182165593	3.07256152085	5.06588796588	
0.0929593757608	0.432767534994	3.19503968126	4.77238688437	
0.0941153805097	0.397261174893	3.36416522124	4.96239444409	
0.0965369980311	0.429339487081	3.3952162228	3.55275018232	
0.103064447629	0.287968478439	2.81364211194	4.36187050062	
0.0822516546547	0.350014191611	3.21322546195	4.45347009261	
0.0905173533296	0.384650100541	3.68970496557	4.45448272164	
