7	86
1	0	1	0	1	0	1	1	1	1	
0.0959376136464	0.378312758358	0.868419269384	2.1217107111	3.41868262529	5.28812333699	5.6772533778	
0.0958934133378	0.367557464972	1.0104344297	2.21191428478	3.24496383983	4.69006864275	5.02097363403	
0.101518179131	0.427310700399	0.936058949364	2.17211105655	3.2537764885	5.19630225902	7.15654606039	
0.0961581976559	0.375521032168	0.855692681102	2.34961578015	3.40481055902	3.54630938201	6.17768940777	
0.0950288097845	0.382423032006	0.801443708681	2.02313362727	2.97017070623	4.45080576222	5.77303000061	
0.10174571439	0.338496964804	0.835275377267	2.15935237567	2.91142550258	4.16230173185	6.06101571803	
0.115085097413	0.341814592887	0.766013509394	2.06546178387	3.18554202532	5.21075344342	6.24551070579	
0.100816717654	0.392040483842	0.891440339463	1.89166899997	3.660823996	4.29529562373	6.65203825922	
0.0970750898382	0.413154538548	1.01986084048	2.03351992212	3.20310708926	4.63910578837	6.51293472646	
0.0872391462675	0.451234684396	0.874799187937	1.99852708706	3.70707004216	4.21098142342	6.37482818871	
0.0906418827891	0.400771321966	0.868134015846	2.12195787917	3.54654799131	3.90106042498	6.4830343997	
0.0987149784922	0.408171252998	0.770010973545	2.14487971097	3.05714202609	4.2002303909	5.32303599888	
0.0992474854053	0.321638157693	0.794244449213	1.73926975155	2.71789189155	4.13210092538	5.16923350156	
0.090749661003	0.338893557813	0.860806778867	2.08711657671	3.05435095514	4.71633024208	5.39382595125	
0.10762004876	0.303571937766	0.940016734046	1.84084352686	2.75871922807	4.5743453483	5.88349970881	
0.11460054747	0.349248878198	0.852776211894	1.86452291311	3.18962241689	4.93100133777	5.18610628883	
0.0893123177648	0.373099408588	1.01600364573	2.0699087127	3.47862615253	4.50110941499	6.25269540126	
0.0972979524273	0.334647568122	0.996254377957	2.2217868286	3.30336152328	4.02856213786	4.7911706913	
0.103832363519	0.316885679598	0.857729767036	2.21847343006	2.63715939951	4.48639229161	5.57265714723	
0.0959751668435	0.304564349756	0.897931601338	2.35851988938	3.14304375423	5.32717329139	5.21739070429	
0.120419938155	0.409382556416	1.07750136313	2.51451830522	3.40027364122	3.83158556044	6.10210787499	
0.0799627553177	0.417767054179	1.12029096338	2.23888558801	3.05524677437	4.91496396674	6.49424277564	
0.102800209678	0.397605811701	0.851383600114	2.20417576201	3.44809353854	4.38035183306	5.70029861469	
0.0997768889478	0.386211554332	0.933116745751	2.20632130489	3.23768371631	4.6663750061	6.39319249742	
0.0982005429622	0.374979235112	0.897992535954	1.96838064655	3.21244604347	3.45276370825	6.19142853576	
0.118299351445	0.356480831293	1.04545324106	2.16767434433	2.87358709654	3.99272266918	6.18674170897	
0.0937428644859	0.448044248472	0.903966662837	1.84672931791	3.14328880231	3.70464967507	4.66537366233	
0.0989398882318	0.373419146399	0.975539621936	2.08569778399	3.9210305134	4.56877391569	6.72929504068	
0.102298482623	0.404564004641	0.998755678698	2.32952024701	3.13907927716	5.03634960596	5.17662474944	
0.118708032485	0.343620299913	0.865344253315	1.84446096462	3.19382164848	4.65938713698	6.42798972755	
0.102056908218	0.453198719588	0.912572204054	2.21232836962	3.77982315058	5.03736595816	5.7187004466	
0.0900095353547	0.385352147089	0.894539691515	2.30158572326	2.76472167709	4.48460276874	5.34407723557	
0.0997835386934	0.414637005218	1.17657549478	2.20236325228	3.67076563316	4.10144639993	4.55948075128	
0.111167958948	0.393088990297	0.907618030302	2.01135674744	3.37955069647	3.57440931595	5.27843111885	
0.0937738580328	0.395760881353	0.972508559939	2.29628935029	3.20907218163	4.82408310076	5.22760347845	
0.0951817344941	0.342807049809	0.975068778454	2.03777090161	3.4371587041	4.67311575175	5.92394791511	
0.0922151110236	0.390605855366	0.91854867808	2.32586574967	2.6743255844	4.52918348455	5.73543851828	
0.0936549528759	0.436143416776	0.878321169794	1.6771599439	3.4258894692	4.97456240048	6.2754560195	
0.0802731261952	0.378397791613	0.845447232131	2.47571592337	3.11415681848	4.64833553198	6.15939152409	
0.108617559992	0.436270482967	0.920186751361	1.89860588731	3.77681630172	4.28376345436	6.3860720236	
0.0960904674821	0.37662027355	0.788901522392	2.11514278393	3.40006613839	4.10045318907	6.73876992347	
0.115395407661	0.38305604589	0.966883223948	2.22831811373	3.10361113449	4.18450437815	5.52493088982	
0.0879984650295	0.357517854028	1.02405694743	2.04626458286	3.42362482538	4.7160263114	6.06329151158	
0.102863061848	0.334964312428	0.938727440762	2.02231681603	3.64467156432	4.70427702063	6.47717374791	
0.0983948971655	0.351538727138	0.907896804336	1.81771863827	2.95640104599	3.87740912748	5.85198717694	
0.108579467666	0.369055715402	0.826183351106	2.27120772852	2.67870331702	3.95923212465	6.16548261163	
0.111179430174	0.37244990405	0.758162008656	2.17312271668	3.86126888782	4.95142883185	5.67035282449	
0.0968316030623	0.401305278669	0.978508910307	1.78662632506	3.27757678133	5.10632163442	5.9126463985	
0.0968754377149	0.445716987934	0.93193620608	2.30725968026	3.50904871587	4.60240301975	5.52308550053	
0.082264215912	0.353050107068	0.887146408248	2.37917073572	3.4346779804	4.08524493065	5.75123027655	
0.0926680717489	0.337430001873	0.913848643648	2.34527111775	2.80669534316	5.03223267355	6.11832664067	
0.101467971061	0.370274743398	0.938535908495	2.13565104835	3.28000587055	4.26263454085	6.3845399815	
0.0788118341487	0.409549602213	0.982655766065	2.26022317839	3.38549781778	4.62819528874	6.45215945197	
0.103773722911	0.365980569747	0.870368982282	2.13873694258	3.7096270722	4.85274466551	6.29424995364	
0.0690093016427	0.318423922219	0.960430822808	2.40476626232	3.09186205738	4.5252273768	5.72210080854	
0.0884168067679	0.362157583062	0.94231798622	2.5198704949	3.20216518518	4.49978568687	6.87459124781	
0.106124734545	0.402471608854	0.989213967243	2.05170244361	3.27294417981	4.69675659973	5.74190869059	
0.0984854845867	0.371980571977	0.816206808653	2.44984541572	3.11775966338	4.21692067715	6.21221201351	
0.115783211335	0.356415709608	0.926949878651	1.50782686503	3.86621428391	4.2180506744	4.28282259483	
0.110394549937	0.329791432786	0.800539317016	1.9047175655	3.06048712989	5.22686270453	5.1208207553	
0.107520333644	0.348828506658	0.870544861083	2.06799079086	3.19327646087	4.63856644963	4.93900409924	
0.122926505571	0.377680824189	0.810561504163	2.4566454996	3.1839181232	4.39602698196	6.51312606181	
0.0799854250019	0.40454788738	0.945875087424	2.0082545892	3.14318108525	4.16550038916	6.03875260778	
0.1019945401	0.333184673127	0.851437292433	1.71298328931	2.85548116356	4.09897393957	4.58382187379	
0.103681992533	0.405754477153	1.14181981944	2.22918290437	2.95943502558	4.48185191293	6.24373962487	
0.103323798462	0.339759369458	1.05526937788	2.29200548496	3.5784733941	5.00804580701	6.48787086042	
0.105727030538	0.397234135497	0.945889982696	2.10257600541	3.29415827623	4.09912105126	6.51054973763	
0.0948262791942	0.359071689283	0.933542421888	2.1743004723	3.28275948665	4.85080767692	6.76585870529	
0.0919058707605	0.369662909599	0.908878961414	2.1475917988	3.30530765945	4.06134470348	6.39232057715	
0.102455667379	0.355161637118	0.972967020025	2.05624422961	3.26350314993	4.16069407221	6.45143320609	
0.0986195607314	0.391246819488	0.979790582781	2.32534364752	3.57766304724	4.85965851113	6.13555735337	
0.102122393765	0.350155871275	1.00004340259	1.81545583795	3.4883066702	4.15485205115	6.86880128503	
0.104553928026	0.389415100597	0.933876227181	2.41658286387	2.98186613274	4.76836805201	6.38481812325	
0.100492347373	0.377104969162	1.06512640511	1.94089094373	2.7250211669	4.45660543519	5.90351258367	
0.100368266335	0.358340262657	0.930592983881	1.83989171621	3.99418915841	4.01386721122	6.31110666523	
0.0990749899798	0.380166198973	0.872870669676	2.32262109195	3.13918392768	4.40652507752	5.37970478338	
0.114331014025	0.369869634452	0.873196259452	2.15266410805	3.92685393533	3.7579172875	6.89163744177	
0.116134478439	0.37563554297	0.712904261206	2.08175567513	3.12641440189	3.72478303348	4.8618326358	
0.111443419348	0.401534544768	0.821908112068	2.19297890453	2.78494837926	3.86025417334	5.64247537434	
0.0917041403319	0.366782794485	0.921070368927	1.97594354759	3.43340348898	4.93771580461	5.09285893029	
0.118131012847	0.364497170045	0.92750645256	2.11488378699	3.37352811306	4.60796529703	6.27589554329	
0.0821799760645	0.456287449413	1.03242385061	1.8469121732	3.12089098932	3.40815360068	4.98793801238	
0.0977872372689	0.397696857759	1.00800147859	1.85846731759	3.89442243934	4.8076077103	5.23430493632	
0.101858123213	0.364228154049	0.814557767829	2.03868828391	3.23898389303	3.77705481915	5.84402956692	
0.104558573106	0.41917641735	0.975777789214	2.04891402129	3.24634399857	4.63855619687	6.14422697128	
0.0993433491577	0.37630415916	0.881151964453	2.14903307911	3.14262428762	3.96946309584	6.44097147254	
