5	23
0	0	0	1	1	1	1	0	0	1	
0.532050775397	0.828691726315	1.43162903687	2.13722236032	6.51223453394	
0.547851470385	0.861757546436	1.35726579161	2.23895150569	5.23663497957	
0.648236789044	0.894597468959	1.58168887981	1.90867298074	5.87210899287	
0.56843750584	1.14050439133	1.44086140363	1.91764127227	4.88594231898	
0.62170192144	0.861685807852	1.27890146195	2.291392446	5.90733046499	
0.611047897545	0.936225305264	1.39762657269	2.4125559214	4.8519607055	
0.497917333892	0.875699139462	1.47674039505	2.2833793259	5.09753160944	
0.670769059983	1.12978694263	1.47946560486	2.04006074326	6.59819392705	
0.669797236218	0.89942667616	1.36757247296	2.14196229244	6.53039726197	
0.660960004092	0.909189525219	1.55360915117	2.03309082243	7.23766637369	
0.540405436526	0.994505666227	1.39779992902	2.10598488298	5.82898411339	
0.560922694637	0.854865009502	1.28543467048	2.12413593062	6.04518842673	
0.56839826366	0.731121563762	1.43406198798	2.11524057587	6.5760668355	
0.592467307372	0.960238667211	1.59992947309	2.57650531143	5.9861929541	
0.524781360105	1.06235904354	0.943013045086	1.92604886809	5.51856180601	
0.644840601701	0.915285218094	1.26833778417	2.6874698249	5.77376235229	
0.531658308356	0.816181921458	1.25551350091	2.15887876732	5.69564319325	
0.568907787661	0.941580618601	1.39727026095	2.2125962828	5.8205637353	
0.580227888093	0.8562492932	1.40873521693	2.26436195524	6.57423914458	
0.604526345224	0.613961980638	1.65767876406	2.00079231938	6.04252255183	
0.636024180933	1.01742942123	1.81220031843	2.20167678947	6.43545428922	
0.613567502306	1.02327424835	1.5761967417	2.42992524717	5.34308064212	
0.589262858132	1.02530493476	1.39923391634	2.25067984584	6.09873811944	
