7	45
1	1	1	1	0	0	1	1	1	0	
0.092462368987	0.149501410345	0.436220077578	0.66723015164	2.03277195084	3.16381251982	2.8765928333	
0.110948820245	0.158199011602	0.313271500584	0.642899220504	2.18948967767	3.46275004203	4.76093827944	
0.0982190031495	0.129933061453	0.358122467078	0.567738139538	1.76047771809	3.26458180674	4.81470720929	
0.0911544057581	0.154534232047	0.402364429677	0.637002531356	1.97752975393	3.98744590892	4.51490796865	
0.0877185787953	0.143616963524	0.322288704466	0.574088960119	2.41732095584	3.41976425865	5.21712800449	
0.101758056334	0.168575968776	0.330363897351	0.531579074149	2.23710443565	3.53285406695	4.85882892093	
0.08825562531	0.172911738316	0.296787270686	0.69824905135	1.86421771153	3.7653640715	4.21350698074	
0.101563461451	0.148558511402	0.321704018545	0.605275810089	1.88881150988	3.04851990279	5.67076403996	
0.10170661221	0.143938251162	0.410265430385	0.633936362172	1.92372860693	2.88682356932	5.07573312777	
0.102700893954	0.182228058986	0.306400925888	0.675714201399	2.25847169184	2.91226355998	4.70742682381	
0.0866836916633	0.156966396001	0.420833686585	0.5887117175	2.08030956725	2.962995825	4.97442587809	
0.10175086433	0.144161887347	0.434271080183	0.672760690055	2.14947810508	3.27595920113	4.97443988561	
0.0999119253148	0.128620033638	0.386761513234	0.64119962186	2.4164976332	3.79961477828	5.39577542381	
0.0968918152247	0.150504813804	0.315501430735	0.558140069279	1.78404369256	3.73688713006	4.4972185347	
0.101656351467	0.161830358844	0.380814758611	0.609465326395	2.07357317112	3.3479915922	5.07452189097	
0.118895526246	0.139569822144	0.41975696969	0.520442015686	1.86470799178	3.09897526023	4.2626325354	
0.0959500890165	0.144813481819	0.400916302704	0.681451909182	2.54409228781	3.48372613581	5.07256987076	
0.091422315421	0.162166746677	0.358027582196	0.669667774026	2.23963848633	3.34623224882	4.1850183651	
0.0939584659546	0.127445458079	0.357105669814	0.554737168422	1.98007155726	3.12260775162	5.47389956137	
0.115807187493	0.171845384134	0.360212782539	0.601998023016	2.06214951385	2.86069511222	4.4995643773	
0.102589331017	0.166543065519	0.384513427766	0.456242219936	1.96697379066	3.07191281709	3.75088268373	
0.0943672685067	0.163699912899	0.359424733322	0.644767116032	2.16746751185	3.54433789682	3.85236656332	
0.10467818697	0.13952274664	0.429249865422	0.52314138918	2.3853757149	3.25120404077	4.6492469659	
0.101284521727	0.12345873639	0.404483414892	0.588608023801	2.43581723238	3.43728709669	4.90467345407	
0.0982788766242	0.15837722247	0.40862746114	0.663196207723	2.33673457032	3.64280181606	4.16313601752	
0.0992566110562	0.14427748786	0.395238917289	0.587118152477	1.99559224008	3.08069292662	4.44548320329	
0.0974992168938	0.135983929981	0.379442931287	0.607065994202	2.00845548014	3.07991582522	5.12803887793	
0.0833712644759	0.151702431823	0.444203418825	0.582541433736	2.33446696244	2.73096446275	3.69316632721	
0.0998102122871	0.136773429589	0.403574901381	0.621708203513	2.53793799453	3.47804249564	4.42588696965	
0.105202479792	0.148369275447	0.330035464926	0.645610094522	2.26657613481	3.02030661388	5.19939785479	
0.0931614001948	0.177336108003	0.37580234792	0.500533135234	2.55433826067	3.59327555997	4.93483747414	
0.073717350508	0.118163615582	0.419058954578	0.664427388635	1.84206567791	3.39402059759	4.47552053503	
0.0880043662377	0.14264599989	0.450883246897	0.5476764857	1.77615796581	3.09655340469	3.15834630371	
0.0973187378139	0.125416469641	0.338857494155	0.615052064399	1.82744838435	2.91591691097	5.19449791234	
0.101547961005	0.154033614662	0.404207911457	0.601168897245	2.36003293081	3.44313970769	4.02426828923	
0.104039915146	0.126683617991	0.274948920363	0.678359727284	2.11786275618	3.60835560949	4.48579622357	
0.106419799843	0.168493922102	0.324248951653	0.625642297785	2.29759012172	3.44644021235	3.81481135359	
0.0994221051426	0.160879291669	0.403885441175	0.706306861375	2.27968883668	3.00916643888	4.93785886251	
0.109859303829	0.134550522618	0.478055238424	0.7559381824	2.02589967739	2.76116110926	3.98592429318	
0.087245631487	0.128227867703	0.354867551138	0.527185095213	2.50279422471	2.68890023656	4.64435649717	
0.0966464592105	0.15617721576	0.375229599046	0.608856164322	2.42147707221	3.05908889797	3.77870186771	
0.099552039104	0.137509588291	0.39388867892	0.558087546866	1.97423296549	3.68472468487	5.47313047771	
0.0907263946861	0.150675187632	0.363146066069	0.62024411225	2.07179997646	3.4721057479	4.03404346736	
0.112406257749	0.147684651229	0.448454884484	0.7084802249	2.19808887065	3.11914094388	4.21584783386	
0.104323350854	0.157624737361	0.364569299309	0.546412396734	1.9151154069	3.62227019277	3.96388842944	
