3	100
0	0	1	1	1	0	0	0	0	0	
0.430343480036	0.630842888441	1.07420864517	
0.33663302376	0.576734293038	0.967336165194	
0.324805060911	0.631301475575	0.68116132764	
0.39870509965	0.540294901927	0.888373461282	
0.404771590022	0.62683512933	0.929257747995	
0.416823540962	0.497989439243	0.94901053655	
0.349973535027	0.655081888121	0.993897237476	
0.407487232317	0.698722909962	1.03475032052	
0.374017989317	0.599923928791	0.985887269406	
0.38517463764	0.642310399315	0.722580200496	
0.451470533714	0.603661715013	0.779110724227	
0.34527585264	0.47224037693	0.828608137543	
0.374594559712	0.69088287675	0.968192736444	
0.388848703255	0.531893728727	0.853322866574	
0.351616747652	0.557632283269	0.897307070509	
0.369511579655	0.579655297582	0.867566846585	
0.385132020301	0.581135112998	0.781612246101	
0.381306509246	0.592994160133	0.783094646912	
0.357530545026	0.635824353661	0.824310155705	
0.33279719535	0.58050698268	0.987932701093	
0.448792448447	0.639536121291	1.03088897983	
0.393174509883	0.558893041221	0.990609130124	
0.376746894141	0.62262203027	0.842019226149	
0.397724940432	0.592769508194	0.951506970488	
0.376767219357	0.583367813079	0.975076242505	
0.364568537102	0.504678712177	0.755720782962	
0.387007829638	0.573166931116	0.769193776499	
0.384048328748	0.594367526702	0.88353593583	
0.389378754091	0.678905640606	1.04946693684	
0.385463056438	0.594917374028	0.944669374308	
0.391742263445	0.583902109377	0.946232504576	
0.3202020763	0.604880933001	0.974343664337	
0.361386006204	0.594271641343	0.826629999595	
0.332488083848	0.612648904678	0.862150639536	
0.31248062486	0.533293302052	0.840126744277	
0.409434058914	0.610746840682	0.848940995571	
0.357664895611	0.678725064966	1.01705752647	
0.337513703737	0.669811551578	0.922501520814	
0.41038524179	0.5902015227	1.04028211548	
0.335934416761	0.584672974117	1.04313075934	
0.289080890369	0.597236315753	0.893400192252	
0.406017126761	0.664194806125	0.997916395196	
0.389158009629	0.602433872886	0.898127912202	
0.387978959618	0.687579289775	0.85276235626	
0.364720903945	0.595469401646	1.02308673917	
0.388485488903	0.659008913733	1.02617222912	
0.402497399381	0.536160383006	1.08448173381	
0.433670465502	0.60381240303	0.801495367449	
0.320701070001	0.615258937593	0.864737208882	
0.314746812932	0.505238058038	0.88629162068	
0.387407323805	0.684342783061	0.975032532014	
0.365506627842	0.62279697346	0.95702278546	
0.408102717873	0.597603473185	1.02636639084	
0.411329168409	0.604962000218	0.918912134867	
0.414950442202	0.557191540914	0.78988500689	
0.322532676316	0.552217531495	0.991347663786	
0.363933643525	0.612270960169	0.883937465408	
0.361480420093	0.538472179529	0.921453706836	
0.37334377804	0.624759901391	0.956755877452	
0.372508399524	0.509634669296	1.02956389048	
0.376768315117	0.604778561394	1.07884604112	
0.414512440811	0.626786951929	0.929785561775	
0.379557469144	0.614406869863	0.967842325505	
0.44503326672	0.748395964966	0.956994254903	
0.298175509262	0.542895331602	1.09846921001	
0.407308799874	0.625562789235	0.914484074239	
0.334817161749	0.700667385285	0.853441446613	
0.407713849028	0.521957893815	0.909972572311	
0.417732370957	0.585018349652	0.895734161591	
0.380404178197	0.519839826454	0.788254337645	
0.407140986342	0.574667404463	0.995703082734	
0.422490954652	0.67191855654	0.779246229534	
0.353482487046	0.632255118423	0.981429155487	
0.465478628199	0.545543188006	1.03863966134	
0.394146435181	0.501585848	0.879053182984	
0.389976064468	0.497737997502	0.737126741538	
0.313072782012	0.615548019305	0.884925944938	
0.356441683502	0.56486268989	0.797556615716	
0.362656679052	0.490776117116	1.04045062596	
0.444308529386	0.460436177197	0.886370941683	
0.364647565636	0.589530929603	1.02314232947	
0.362283990277	0.594704912236	1.20705211163	
0.375770869511	0.705974391618	0.976684852137	
0.358959058263	0.556755960769	0.929323648665	
0.33719402126	0.548168042016	0.890655364105	
0.391147054593	0.709559832704	0.884899238308	
0.397537685762	0.502326129205	1.0286068436	
0.314576062153	0.647903188326	0.922473979345	
0.375415188176	0.581984116925	0.808983505932	
0.332565720625	0.650191209362	0.931110120557	
0.368312844063	0.626603877038	0.93942185634	
0.349868601102	0.747659773551	0.998890343201	
0.384828605788	0.569183321867	1.0186066511	
0.35007242095	0.547693515542	1.08747928412	
0.381165656691	0.554199048797	0.930528769918	
0.412307089046	0.637275267237	1.02060639047	
0.332516875696	0.6569489497	0.913347533827	
0.383385829135	0.672569669619	0.995353487614	
0.393339994276	0.480960199011	0.92576832745	
0.350182335272	0.642662718264	1.02215911139	
