3	20
0	0	0	1	1	0	0	0	1	0	
0.531149336253	0.856684359459	4.93657591884	
0.702191400876	1.08119956209	4.7127884473	
0.553300462132	0.815661202672	4.60604498395	
0.53982286379	1.11829179703	4.8465155744	
0.600515705883	0.952675343995	4.50087357122	
0.665673455227	0.96135904452	4.21157834564	
0.620779626767	0.908954722656	4.32278993387	
0.580338013837	0.915431829472	3.19843673772	
0.633334528165	0.992798542705	4.02920991621	
0.506302525943	1.06490089738	5.47034024297	
0.594854177286	1.03490703422	4.43043832906	
0.612375049282	0.892631656269	4.83965038286	
0.61912309941	1.06112359549	4.35237486397	
0.627506678326	1.00482241026	4.70905418751	
0.62091053446	1.06587873097	4.0356088417	
0.635786240473	0.864322875629	4.11279732095	
0.577713335241	0.964072051188	4.71531662775	
0.586269654937	1.00620897235	4.90372572662	
0.709937453488	0.892225846973	4.16405649693	
0.606870171273	0.801141986095	5.49920060447	
