4	75
0	1	0	1	0	1	1	0	0	0	
0.17123374392	0.523794279771	1.49232835547	2.21631965234	
0.160962883886	0.540825156205	1.20210796201	2.64181968292	
0.165232221789	0.586682109838	1.5057265943	2.01884121324	
0.151346068509	0.552333656416	1.40919512387	1.88729613098	
0.17616015523	0.592070894898	1.33398930346	1.94508637035	
0.174511647402	0.600367231329	1.63383478316	2.19635473657	
0.15944266341	0.613936880633	1.25951689517	2.43167401965	
0.154508217994	0.564765331464	1.42862295369	2.23068277724	
0.143978458339	0.551083098684	1.28007688486	2.0942407842	
0.166070769519	0.563879535881	1.34952450135	2.08687233236	
0.144715647719	0.616075890399	1.41254121904	2.03572290667	
0.152341056164	0.653371682978	1.52578985289	2.0739963394	
0.158890822834	0.600387335783	1.36115875115	1.76131324811	
0.154579991074	0.591955649174	1.5444765033	2.54135168718	
0.137905868405	0.520514854753	1.27028335851	2.23455185644	
0.145015603912	0.608647812288	1.40520004556	2.34587235682	
0.150427826819	0.534146838225	1.31462616455	2.34405211129	
0.141677648865	0.636866864214	1.44267435518	2.33514970257	
0.1709791904	0.555952930863	1.59183842663	1.93848959096	
0.162841610224	0.572275854729	1.12207308385	2.5891468371	
0.148375523303	0.644798674678	1.39433708388	2.33579203384	
0.13895644707	0.571974454821	1.51681533321	2.12695341041	
0.135741184857	0.626095799058	1.48046379629	2.11661652313	
0.140332512733	0.593826477241	1.54818674132	2.07457223067	
0.125589114832	0.588865922147	1.4235237787	2.19042399596	
0.152469435489	0.63872114612	1.41283348576	2.11580813461	
0.153840154961	0.497541730563	1.36949589489	2.06173504204	
0.146816878648	0.530702724978	1.44561520309	2.09070700793	
0.128191744163	0.566592962611	1.43865546031	2.38596144187	
0.172818531014	0.592363605832	1.59305504426	2.36404730135	
0.158205724123	0.548951005996	1.51973029682	2.00701252943	
0.162669306501	0.588337047918	1.40966953631	2.27998946802	
0.174094980949	0.627855635745	1.69716699019	1.96722034906	
0.142581720937	0.586476573658	1.3566863683	2.33128173112	
0.141659055598	0.566165812464	1.2293989829	2.1479231153	
0.166908857613	0.63433056378	1.72217219724	2.38575134403	
0.167063683549	0.715426688546	1.52157502173	1.8980377904	
0.159261957763	0.631344710337	1.40434233978	1.99137487097	
0.159954031802	0.587702931328	1.37887298492	2.60026799776	
0.170161108607	0.513486240891	1.80083077108	2.21222142362	
0.161724394726	0.662580188307	1.61323397973	2.35101578528	
0.140059335502	0.638667442606	1.58673248425	2.41959793564	
0.134785507034	0.648819172291	1.56384260904	1.98750830754	
0.160281832957	0.588138669179	1.34593330495	1.96461555908	
0.146292828682	0.64814657964	1.0909128139	1.89527987258	
0.142792857071	0.671519306523	1.42011610809	2.42375457068	
0.143793257797	0.5079145525	1.22671262903	2.02778344955	
0.12561845543	0.605913697879	1.70293462993	1.8636701954	
0.161965801216	0.687554129668	1.37304945396	2.09153434267	
0.130948642472	0.518961787122	1.45770374642	2.64342642448	
0.141514425448	0.637817732643	1.29818784251	2.01253011902	
0.134346801624	0.555914980409	1.44662123413	1.78531304546	
0.148016115951	0.473128632791	1.36125051572	1.88315197826	
0.171127902622	0.611143056071	1.40102397606	1.85253838642	
0.149390603114	0.582807135457	1.46372728731	2.10092268026	
0.138266326772	0.598504731798	1.21883203781	1.55266642277	
0.135840886233	0.514207195193	1.59558005379	2.42296202179	
0.160644200794	0.592348352253	1.28481705144	2.14186812029	
0.135407214072	0.5523935657	1.31424841187	2.32727413296	
0.145301222321	0.443469330587	1.30599460017	2.11919149115	
0.151751018297	0.507489860848	1.51938125115	2.36386111624	
0.1560883305	0.602268296065	1.5056643605	2.23099696527	
0.135382098339	0.657982593306	1.58596282633	1.77262764359	
0.127590655952	0.613694697221	1.47327538901	2.34282464187	
0.16386915039	0.631304414237	1.4211170871	1.94549980931	
0.163403571888	0.64094015744	1.56054512787	1.87291362074	
0.16709919581	0.664653953273	1.29387867236	2.19207683989	
0.156637544405	0.65652639643	1.40512321823	2.09056880746	
0.149544508166	0.543672980703	1.43290321369	2.26547349806	
0.159656505024	0.583398187803	1.52468243678	2.1875354665	
0.150279426278	0.717330221083	1.46908450289	2.12206158615	
0.152148623778	0.600780679733	1.40040753243	2.30346066681	
0.151469329245	0.663495478045	1.41099165859	2.51375418333	
0.149858606068	0.60273711049	1.35599818378	2.22623563652	
0.180419668313	0.603279505178	1.54779091064	2.11091740866	
