5	83
0	0	1	0	0	1	1	1	0	1	
0.383225764362	1.4059789148	2.22712838227	3.38026069954	6.1979613326	
0.383386407822	1.27893777198	1.86296296286	3.06732942247	6.68124954373	
0.469080044033	1.50968256638	2.2269536543	3.59676557293	6.90785798064	
0.344955711144	1.84513382528	2.49140153825	2.80589271102	5.40091007566	
0.487042484491	1.57826659416	2.02160626337	3.2757379521	6.45246165204	
0.413771054719	1.62566182213	2.20208223583	3.34114508754	5.78170970293	
0.344699564214	1.2905622342	2.11908909262	3.36186348334	5.12683126539	
0.457760246303	1.33052316535	1.96569038274	3.24081391043	4.57803319867	
0.393745330864	1.28839536069	1.73676693328	3.2966216355	6.08530261549	
0.453919791424	1.45568663921	2.18702032676	3.2634239624	4.45294978238	
0.382919319743	1.42307089097	2.1188813567	2.97900679718	6.33902905925	
0.342888005235	1.5308717825	2.23345783505	3.7057698531	5.72158773881	
0.430813237839	1.46036052509	2.13382969734	2.97273242098	6.23735429837	
0.361908636742	1.42601368911	2.3171446798	3.24001215571	6.19033947893	
0.437518422177	1.51048376991	2.00398326876	3.11821821015	6.08442668311	
0.460619311428	1.23913889308	2.19088282089	3.69344236113	6.36877405477	
0.374978536558	1.18409294455	2.4749602645	3.09620745614	5.42820900772	
0.389535000232	1.63408127906	2.2370490221	3.13150153454	6.14880052368	
0.384501475594	1.36305932117	2.1644604617	2.9821072874	5.4066064672	
0.400996726647	1.37359323085	2.14447806476	2.99913922916	5.65981973699	
0.361628675073	1.34601831393	2.06188034996	3.31416684542	6.83396629033	
0.408914547249	1.38215619983	2.01399604269	2.67182257619	5.59611311785	
0.338260704582	1.4377958701	2.50874355483	3.12156362955	5.12836273857	
0.372552177929	1.36696291259	2.42113478257	2.63744038584	5.40501793296	
0.408917824585	1.20555311923	2.27336446762	3.03376062489	6.61575818288	
0.378139450874	1.40716764526	2.2787429627	3.25619377334	5.25832846847	
0.360208038722	1.19731760649	1.96416767859	2.55488727498	7.40292936148	
0.378999832405	1.50622750858	1.97042272849	3.42083651412	6.46427389874	
0.415576859301	1.41818452383	2.36831839494	3.05251277554	6.22449012155	
0.38183428808	1.26195334163	1.75658939312	3.15283080364	5.8228066304	
0.369753886178	1.5801478138	2.44588144829	3.46359466583	6.35234681792	
0.376963047098	1.45525143367	2.2423585068	3.29551965661	6.35552938113	
0.381740323394	1.35918289095	2.20621714119	3.17329887905	6.87138732228	
0.363759194252	1.83893842989	2.50253058478	2.88190348446	6.75099649448	
0.375231654297	1.51087299458	2.48898697283	2.99812082489	5.72196403771	
0.408630134701	1.37755195531	1.67165774335	3.56320197973	6.22164380741	
0.379113289117	1.4478948648	2.63123725394	3.57911563756	5.48342118232	
0.384676606588	1.59959318208	2.40045096606	2.7617036835	5.69923170744	
0.336910031322	1.52147207195	1.95497164636	3.75526876041	6.77718561293	
0.37062123973	1.24913200254	1.98036781418	3.39659843673	6.51131212949	
0.378538749855	1.06277210159	2.29620971275	2.59336526764	4.72853036705	
0.41793474659	1.26040581802	2.20388095458	3.27988182961	5.51680808296	
0.387832811412	1.35130205893	2.16022624687	3.12448548619	5.69912644154	
0.354933558517	1.30152164058	2.33328972716	3.10280296034	5.32105009602	
0.364458781135	1.35452088555	2.06527433668	3.48186335341	5.62333690889	
0.365576779169	1.52197022532	2.24544507632	3.02669658308	6.5796171267	
0.41455784131	1.55000102034	2.21505111641	3.19356124762	5.35549164008	
0.327423199786	1.41787473988	2.15305345221	3.16511244442	5.9333993119	
0.431817307368	1.66271321002	1.91222160218	3.34376719391	6.03118131946	
0.40564866326	1.67789677816	2.62041999307	3.48387657371	6.0240424733	
0.366222566324	1.7856094481	1.98500571048	3.51738051198	5.84147834183	
0.329132045522	1.67531855391	1.7754145205	2.55165150868	6.42006937533	
0.368435789877	1.49171798191	2.14846586318	3.44519998184	5.82258224788	
0.414284980682	1.56313948418	2.48301614395	3.66080949759	5.9361307454	
0.406454085451	1.48968322947	2.24053533365	2.81977527741	6.45193167252	
0.403132092025	1.69030061207	2.40060032097	3.29861130564	5.93894914785	
0.34184511364	1.68993306161	1.92093553562	2.64257750415	6.53992789988	
0.383304427798	1.46781092097	2.1901123716	2.90613517602	6.22131144752	
0.367734190299	1.36382371691	2.45595231936	3.5071046936	4.61944602386	
0.388219691626	1.58244596437	1.88212042417	2.96930794485	6.60015914152	
0.362748507306	1.14711443173	2.40794450685	3.19335054108	6.22422139247	
0.378127277517	1.59029971782	1.91371984423	3.46583783638	6.7912204915	
0.328723948098	1.32424541952	2.50359664859	3.60137794371	5.50841022517	
0.333848974641	1.47042362519	2.22086677505	3.23077860167	7.40000748288	
0.404576539794	1.30981649842	2.37739479212	3.26890768733	5.59397052019	
0.414239464409	1.64100956842	2.19640760603	2.93238872397	6.06786951895	
0.343665298134	1.46239004844	2.3122132274	2.60759788408	6.42931150689	
0.365797070929	1.34959419618	1.86462325378	2.90111186513	7.05878929447	
0.412275152869	1.61514128313	1.96567379562	3.8345636749	5.96003939044	
0.350024599516	1.27583954137	1.92460381961	3.00734101907	5.46367457896	
0.414362868784	1.80196613168	2.09689028974	3.17600007355	4.88529135563	
0.344840054218	1.19821684276	2.32489106021	3.87836145589	5.35137638041	
0.372283918501	1.39446937015	2.29692938223	3.28422588577	7.26867186711	
0.351531776509	1.55863637799	2.02202621733	2.72939183875	6.8559729778	
0.451190599733	1.4886283838	2.01452710242	2.87998185073	6.33636287513	
0.299182002149	1.55465821102	2.06015491288	3.10719861303	5.35614235087	
0.325385425035	1.42168534076	2.19203511228	3.22018848098	6.65684518524	
0.382276238722	1.53232757882	1.8342309995	3.10638383765	6.89010620009	
0.416924555293	1.47771017543	2.06860355559	2.94572663023	5.68222218778	
0.404224352009	1.14645749081	2.53593262751	3.65262080138	6.7295483073	
0.403354665768	1.4454382471	2.23122516948	3.13103337877	7.27066516336	
0.374737152141	1.36198038242	2.09292295525	3.01495233927	6.48542353398	
0.360276080677	1.41200363505	2.43731370894	3.59801678735	5.38570579307	
