6	70
1	0	0	0	1	0	1	1	1	1	
0.0969796897722	0.934348092802	2.45057032921	2.34659526212	4.03505718177	5.88346745132	
0.0900314237137	0.855776017532	2.04268014938	2.94260659418	4.15240905266	6.81793953822	
0.106143183402	1.00104673106	2.14266360715	3.57860919412	4.88150924309	6.35912274866	
0.0934583594486	0.8888905452	2.37749797123	3.08206153403	3.92016413868	5.67838915514	
0.115594056822	0.880241590212	2.22044578028	3.04990142425	4.84354149952	6.32207951442	
0.0850881525883	0.954926974799	1.78824381923	3.06992796584	4.49485473752	7.10811954928	
0.103179124651	0.858660993885	2.08179982796	3.55036395169	4.16091742122	6.6581870988	
0.0947694872195	0.844875318537	2.04443436341	2.72470756867	3.52234035848	5.95047876641	
0.0993270212166	0.953850945962	2.13119305028	4.00700726533	4.57578420447	5.17412228633	
0.088800851443	0.930028334249	2.05638327722	2.85074403342	4.47351836282	5.97346546237	
0.115956937335	0.844803657238	2.06018852173	3.76760032646	4.64786379357	5.44682716349	
0.0928526781549	0.817083235782	2.16661361495	3.58512699507	5.23390557403	5.10823096144	
0.10869117237	0.945281090195	2.09368497156	3.11436513704	3.63558067385	6.38279917744	
0.0868114322416	0.8604177892	2.23986669643	2.6595934396	3.90564272573	6.73119759549	
0.101220588796	0.868415272857	2.17708917318	3.46757980969	5.00614555106	5.33253889478	
0.0897516183709	0.986575926777	2.28768870223	2.81321008092	4.05571019603	5.88375161948	
0.100235762444	0.934829478589	1.85774538156	3.26359402541	4.17718318731	5.30020942405	
0.0998900395159	0.919491592439	2.32236404623	2.97018528064	4.60582669664	5.05879488694	
0.0972514432279	0.973122038655	2.26782456383	3.43032098369	4.86196910876	5.73252609969	
0.104957254384	1.10379326292	2.04956648033	3.69856435517	4.89441282999	5.84020594059	
0.0981712449882	0.941011419449	2.32633547372	3.38085625525	4.28625108125	4.75076819894	
0.106721739589	0.750277711571	1.85631436301	3.11919491172	3.95366463015	6.19051705668	
0.0970381180038	1.00302648118	1.80434073036	3.03488324224	4.5018897198	6.0256368783	
0.106940364055	0.844943262023	2.04937778872	3.41488863979	3.51064766729	6.23096115114	
0.107639486157	0.805969552791	2.08227006612	3.73511444036	4.79692273398	6.26818336378	
0.109909593151	1.09782269594	2.15398482501	3.11766357363	4.94484228494	5.88752811843	
0.0907198134198	0.879773838472	2.21715086014	3.10388136422	4.33126113866	5.38361051121	
0.114353665162	0.898135715069	1.99702514132	3.05333508785	4.86113668873	6.3439191471	
0.0949814529586	0.933005112532	2.20949145113	3.02117377494	3.80671974567	6.30902245166	
0.09351265836	0.970952396586	2.21902072808	3.26813249791	4.30824278304	5.61964306649	
0.0886158259496	0.872828440242	2.27229522748	3.70429336619	5.06299470401	6.0872538097	
0.113972940607	0.901465960609	1.87242496326	3.87428418624	4.73976372891	5.07922154968	
0.115590485786	0.860861708885	2.03693531459	3.5819495202	5.11276820115	5.39955658294	
0.11470990762	1.01130402207	1.97805400543	3.17008046411	5.18226115346	5.06366303844	
0.113807143759	1.00871586289	2.25946526389	3.29280109879	5.38656209211	7.27075416042	
0.0938477024998	0.986935045213	2.55299094689	2.99486051117	4.60941280844	6.60232526537	
0.0798510659506	1.00705563627	1.91598711497	3.31250769361	5.0149551829	4.56649158244	
0.107858588877	1.11956459557	2.03534028507	3.4374242977	5.10087884881	5.04423297107	
0.107573697585	1.02521025963	2.28730334729	3.27815237497	4.04981424819	6.83485401212	
0.100345035652	0.845939121626	2.08162444646	3.36972528468	3.7974667694	6.01075821155	
0.0958312278294	1.05425046277	1.74689852158	3.55509623381	5.13769267152	4.89774681771	
0.0828281751419	1.09608870433	1.95556000955	4.25581946416	3.68737198402	6.10202844299	
0.0997660626275	0.910637793616	2.24953690755	3.41921008804	4.42455345782	5.3914956337	
0.110477603642	0.988408897667	2.17463549348	3.44381943179	4.84602365254	5.54296077391	
0.105606803735	0.878567677527	2.32243717167	3.18747013441	4.77527380816	5.73972282017	
0.106637024359	0.838974461692	2.15777630917	3.56870556741	4.71024209576	6.11521724007	
0.118035613397	1.02519822877	2.33394108909	3.46385902815	4.85221359251	6.99426120633	
0.0958233131228	1.02387456877	2.22664489609	3.12548680043	4.45512370363	6.13149280893	
0.0914005993233	1.01035318812	2.12788694382	3.27760197773	5.11074114747	6.07784892314	
0.115526684444	0.881192250673	1.91412998466	3.15575222724	3.23337838523	6.54345705148	
0.0896110145871	0.872554325805	2.30399989075	3.28871435682	4.30175454386	4.77807457649	
0.113008080299	0.997246443113	2.59198008589	3.0561765533	3.84549738103	6.59685317116	
0.098119400826	0.988419796893	2.49828178678	3.37614975635	4.57528450525	6.13800167178	
0.0836275181404	1.03304755348	2.40199852488	3.42243525811	3.81806791428	5.92731070492	
0.114385257754	0.877384909343	2.40461440616	3.26790636011	4.82062672778	5.75271515231	
0.100843808816	0.97061451808	1.91710469561	3.33902176692	3.29016361509	5.63909892791	
0.105438830144	1.03418445161	2.25164171049	2.7981470485	4.96478615799	5.31651016109	
0.106141985514	0.827157461753	1.98376066606	2.93918653082	4.56253136518	5.88267929183	
0.105089094376	0.928266960003	1.82365720748	3.33963905213	3.70702545731	5.46968760417	
0.0963608666792	0.889712083131	1.79580627799	3.6956268549	5.24160125553	7.35046506259	
0.111476514175	0.893223471893	2.061273903	3.09793450324	5.3935369588	5.93067511862	
0.112692329069	1.04080345293	2.19075278906	2.77821672579	4.45773661261	6.08817976573	
0.112779212899	0.931809585825	1.89014980382	3.57107074926	4.39760640488	4.47285027022	
0.103249845746	0.976571730353	1.96876828853	3.1875851148	4.79597266169	6.19907088072	
0.0843734304989	1.04658016548	2.5168610832	3.08419023704	3.64055779218	6.46266768408	
0.0932690756082	0.979796737943	2.62346665031	2.74745003676	4.14152060408	5.88331224387	
0.112916783614	1.26067239305	2.20312331523	2.71952760926	4.34451538159	5.53508190826	
0.107215854777	0.965050277407	1.92601012588	2.97911723712	4.33797424984	5.85638501396	
0.0995781108383	0.934545209013	2.41549286561	3.12123142109	4.25539492189	5.19673558747	
0.0977614076738	0.953826250896	1.77931928226	3.13871070715	5.02213235846	6.38898362562	
