3	65
0	0	1	1	0	0	0	1	0	0	
0.376237225822	0.575898696399	3.85424926337	
0.3649476867	0.555628772392	2.99528565086	
0.360239296798	0.599440410814	2.72235267526	
0.311538349469	0.550779639199	3.29346159461	
0.387415696149	0.583875769112	3.28908906521	
0.367090884783	0.564469636046	3.47805165157	
0.387173658083	0.622634414536	3.24640371822	
0.386768185449	0.633978394571	3.87908213547	
0.362980438395	0.563590878524	3.7110432154	
0.356133668659	0.599442870316	3.05696193196	
0.418221888221	0.581114133589	2.9776110606	
0.359819167187	0.642581890382	3.25837419989	
0.380073999729	0.627400869024	2.8648761501	
0.397215409659	0.682247994584	3.55800641518	
0.358082037153	0.580880006573	2.80691304053	
0.378560534884	0.491386983458	2.8692159782	
0.364379629197	0.555589341962	3.42993741034	
0.432320403268	0.61238041544	3.57832109741	
0.378339773016	0.626280326526	3.22847058664	
0.41106408677	0.691789487649	3.52178860145	
0.321476348307	0.534475450563	3.34573808378	
0.383588658769	0.662178061071	3.18315098542	
0.35037757107	0.566276532486	3.09372845433	
0.385687324719	0.622927122168	3.59438653823	
0.335203506129	0.563544513724	3.5768755817	
0.404804827518	0.654064498027	3.47782986364	
0.342563142304	0.698790606514	2.95540205764	
0.391394167807	0.694201221538	2.75289295664	
0.384841127215	0.528559843337	3.58012100794	
0.338280606407	0.546188604313	3.38600703505	
0.405803115666	0.611737123439	3.45706181044	
0.411448996834	0.617884684721	3.1490844529	
0.326708914595	0.537480811064	3.54882201448	
0.392046601035	0.587039393515	3.08132676757	
0.325628979962	0.654489004449	3.07007409518	
0.371418171873	0.64980952936	3.00976929123	
0.3866398587	0.587543118726	3.24482660701	
0.342526152024	0.631247493061	3.34999157384	
0.413990991707	0.603063427232	2.83301577352	
0.371957829257	0.51747790387	3.79328937187	
0.366552848877	0.603649380889	3.32297718793	
0.365735434272	0.673885490737	3.25883561779	
0.349921308754	0.586966364669	3.3597903592	
0.361404199529	0.582382178857	3.3916935522	
0.372192310184	0.613896335306	3.31214808102	
0.355271682998	0.569607127794	2.70965877473	
0.425783413161	0.617522355211	3.13226043054	
0.352175138164	0.479641966652	2.77807562152	
0.442937244389	0.530204633088	3.11514050488	
0.415493371236	0.528521145615	3.32898282764	
0.357907828014	0.563424655614	3.26205271159	
0.325715090672	0.57159577084	3.23274466891	
0.309058527985	0.69387340517	3.69178393545	
0.325224927365	0.555496518204	3.70113353057	
0.39161621924	0.612396776004	3.5399183802	
0.399882658896	0.601940351989	3.02207406796	
0.379549103154	0.690125689659	3.70917271894	
0.367245465435	0.501974721053	3.17418548923	
0.278008962102	0.632635698349	3.08014856804	
0.342641519823	0.527893886488	3.0671155712	
0.335522299455	0.63159311018	2.51319017767	
0.39960400118	0.645979749822	3.46499629664	
0.345190864759	0.586497460368	3.16126475907	
0.317987150931	0.532978691419	3.44193622821	
0.337674785373	0.6869283561	3.39414509808	
