5	45
1	0	0	0	1	1	1	0	1	0	
0.119648523558	0.910583410917	1.32246969991	2.1938376889	4.07233238837	
0.0963205051642	0.971861370529	1.3574481398	2.10095928171	4.37716409132	
0.0956671870944	0.828028101617	1.57474945918	2.44456690721	4.92822606447	
0.109427340835	0.891340152173	1.45505631375	1.98243473499	4.4393384856	
0.0995408257657	0.801183678923	1.44889709011	2.03586911367	4.61935308834	
0.0976490680695	0.962216834355	1.5297840494	1.88052372954	4.35617497695	
0.0935201584697	1.03958366501	1.67278309861	2.15912057322	4.68202482212	
0.0852601966844	0.958187708887	1.39299661076	2.44208907576	4.3976309692	
0.091794043326	0.805119337046	1.45589116013	2.0331606714	5.04778194452	
0.106332428563	0.920609769968	1.51969970053	2.52478794216	3.97804075997	
0.0936491117594	1.1105738564	1.32211633319	2.29240041022	5.03416955239	
0.0998422668412	0.99411890068	1.38796835541	2.54058292502	4.30115522064	
0.0904540913402	1.01265072329	1.53152362807	2.18204714347	4.51487224225	
0.0950400404235	0.861674490076	1.34338080067	2.21723125076	4.40696631534	
0.085089728577	0.89089279887	1.39958483164	2.25960604165	4.6314029793	
0.117554280682	0.838905101737	1.50908598355	2.28648175555	4.62566619914	
0.0970288527482	0.86642880125	1.42416660917	1.76559768691	4.08424087668	
0.090251698188	0.976844427108	1.5194299769	1.91946025048	3.91157870287	
0.0853683866361	1.02093211251	1.56085380959	2.28964215579	5.17647935584	
0.117778787358	0.837614704017	1.37359972797	2.31775969979	3.25768622652	
0.0974927464213	1.01952861962	1.38014712468	2.3073230033	3.59982782651	
0.102840374315	0.887137493899	1.3977856645	1.94620849989	5.2196459687	
0.100689356917	0.943552577017	1.72480760233	1.95115042473	4.56296091964	
0.0931878646847	0.86214504451	1.47401688845	2.08940100962	5.39019625068	
0.117822581154	0.914889165145	1.20963414426	2.08739967484	4.97138370481	
0.0911348658591	1.07923196064	1.5131065475	1.8982660149	4.20295327115	
0.0948118854528	0.855039796557	1.26619915839	2.02636022828	4.32868644702	
0.11299093835	0.970796706117	1.50123992339	2.22516369902	4.14175010393	
0.11147109937	0.889604448457	1.38197442292	2.23150970894	5.62488159181	
0.0943462661554	0.778457783046	1.4713749679	2.29702899648	4.30453900686	
0.0940625072426	0.811765857096	1.47819767152	2.56803149307	5.27060514523	
0.103008215681	0.89129405114	1.48462227285	2.08015040512	4.21171970571	
0.101628590778	1.04884675792	1.40292914851	2.10676789126	4.38085822378	
0.107926371133	1.00925049907	1.27607613767	2.11203406043	4.99781599586	
0.096653639176	1.05950238342	1.52816682659	2.52762295147	4.35993882373	
0.107017513234	0.998157665599	1.58407616241	2.22597820121	5.00103136464	
0.0936921988014	0.92480986269	1.21720850684	2.09200460514	4.11702822906	
0.103310509714	1.02170391866	1.51074074506	2.31774783032	4.54299513403	
0.0985924499314	0.820912613955	1.15478744264	1.8257933658	4.20160416085	
0.109123787044	0.815725038087	1.31249783669	2.04885857089	5.07969450144	
0.09961737504	0.942553943908	1.48873008953	2.44990767322	4.53767309694	
0.0823472124695	0.941804389961	1.63598896958	2.28782137821	4.59676250306	
0.10353741586	0.75914372604	1.14734848501	2.34223455602	5.07855391638	
0.0937050672043	0.947976150656	1.51877365263	2.5069141406	4.46402673413	
0.107377740146	1.11536629992	1.38989581076	2.16393075914	4.00249033303	
