8	96
1	1	0	1	1	1	1	0	1	1	
0.115826263884	0.152999681942	0.559922843969	0.977374676491	1.13201415813	2.65042696649	3.9236967541	5.98644310722	
0.103892331311	0.114269643798	0.555744161977	1.09449394985	1.60666489871	2.48193562847	4.34460158942	6.76178808683	
0.105831681993	0.148296413373	0.638785145891	0.951794664429	1.50779543446	1.88887732774	4.89167008542	4.70329868195	
0.0932662408424	0.12615523249	0.727004384603	1.2889882881	1.71264616825	2.41375749647	4.07266571457	5.35236882122	
0.101946985766	0.146791591895	0.54424565314	0.926428572046	1.14874089381	2.00233957078	4.07116251591	6.34669950979	
0.0878316949927	0.143650101779	0.57388043477	0.958393856007	1.46704513352	2.02222702233	4.74801073441	5.30731858333	
0.092645429211	0.14605035758	0.689400317297	1.0478194019	1.13198878796	2.26903158663	4.6148939004	6.35176702067	
0.0903172378377	0.19164398137	0.563102520867	0.937266144083	1.74694057634	2.12130615677	4.24667200318	6.56602776691	
0.0969570139153	0.151775519072	0.519643285023	0.837966540599	1.46570742451	2.03983284372	3.93844247695	5.65089401166	
0.0949676336347	0.150317186717	0.603917407415	0.982440109449	1.26670381411	1.95680102296	4.02711899344	5.59585343906	
0.0935002582476	0.129477307043	0.706300698592	0.945072374855	1.32103468812	2.06157571288	4.4796935123	5.89849993342	
0.0936429986595	0.166209479906	0.603337882195	0.926444957376	1.65106421765	2.64451484293	4.53614312426	6.20552652921	
0.0839329477709	0.151359031741	0.664784155512	0.740631708089	1.20815231834	2.63143686875	4.11114763652	6.28627373537	
0.103966122655	0.159209623634	0.642585966991	1.00772022486	1.42445306056	2.06862445489	4.01847509753	5.48691263508	
0.0952061811301	0.140001632569	0.617740178935	0.947673677704	1.24066185422	1.95247696313	4.63730961616	4.89635381096	
0.100930318173	0.141504291021	0.599102158808	1.0075291268	1.36215059609	2.12750065843	4.00315633288	6.086923023	
0.080967754151	0.144259376305	0.579228269251	0.954344734716	1.59453933555	1.9264766637	4.54829559236	6.78597947749	
0.0973376226298	0.161549083113	0.579152405515	0.924156360561	1.29239304856	2.33270469162	4.62053962205	5.04606742505	
0.105675504691	0.152147676776	0.602046563032	0.696607059861	1.38443181184	1.74542370328	4.8939473294	6.81305303776	
0.100344980461	0.174840855499	0.553383768197	1.03451957379	1.43865515302	2.02895951689	5.2981699602	6.78789492722	
0.101271993591	0.140230801371	0.577887415781	0.817274177697	1.2698197953	1.97834827783	5.1982560332	5.81187073233	
0.100621767545	0.126255404533	0.681736146543	0.812202595772	1.70541822864	2.3350404306	4.50247323223	6.22754975518	
0.0985367138799	0.143323827289	0.645264911193	0.976337277418	1.35355733248	2.69002653706	4.31652346046	5.90249970474	
0.0801997196303	0.1491344839	0.728348768361	0.98169717014	1.55099032733	2.14185341695	4.64278028522	6.87634016186	
0.112194201427	0.144639552576	0.602416383953	0.996538301734	1.33850153116	2.17121120859	4.31948481495	5.99922211574	
0.104369855734	0.148677405281	0.647351147114	1.01220734404	1.5011941451	2.23719867108	4.82222113266	6.64150543512	
0.0836438420532	0.138404838586	0.566756936921	0.829784679781	1.37027370793	2.19895886487	4.40924737748	5.84557748842	
0.108840101108	0.156560133079	0.575868323112	0.879650206151	1.33057224813	2.60924543432	4.03347673296	6.24298716993	
0.0795620499194	0.14223719847	0.494215400551	0.879046682386	1.48918055861	1.95967414939	3.96020956758	6.51629875349	
0.105065136898	0.151269817372	0.484142185261	0.965845955822	1.55810407932	2.03868621293	3.72331117158	5.9495644054	
0.109502723698	0.155114875114	0.574789548141	0.951487424112	1.58207050367	2.03422983339	4.80773232493	5.84084866405	
0.107253221913	0.148988034703	0.540522457032	0.700016609014	1.34992155216	2.16067489789	4.83951553333	5.16461834474	
0.092056810589	0.130668041519	0.501448504406	1.0287466326	1.44860087448	2.53170725729	4.15652959554	6.4110317448	
0.0863265188983	0.165929316002	0.534095537211	0.882131529154	1.41054129543	2.27266462631	4.81750360646	6.36757459557	
0.105603338419	0.15894474239	0.587145927962	0.98748805503	1.36643254763	2.08217498882	4.38013086708	5.48966027096	
0.106029753583	0.161133834593	0.609628155612	0.7999367579	1.58155822931	2.05491871251	4.74096178879	6.31510462358	
0.113851258943	0.15170725252	0.611012227303	1.09086706702	1.34568921489	2.43077941578	4.75460505104	6.76991788149	
0.0848068332083	0.138047279017	0.543388537214	0.81902194185	1.56462403205	2.14371478176	3.77957494223	4.97905203582	
0.0992845190459	0.153066415449	0.501915721621	0.865424621833	1.77789976343	2.21500224433	4.07133944104	6.27286714814	
0.0980879490044	0.140383779676	0.558739691811	0.845583645994	1.47507697339	2.1454360605	4.23765207579	6.42141258463	
0.102976359018	0.13475820307	0.585327067829	0.958554337902	1.51613608073	1.93557272291	4.05666891071	5.59643262623	
0.110111219512	0.141687308975	0.528250675838	1.01750846596	1.23547509815	2.05661412625	3.82529473406	6.17622251459	
0.0983630137979	0.154557286708	0.553627720933	1.07370830598	1.38457376899	2.295644579	4.41313136492	5.73656051478	
0.101918364121	0.180758123826	0.610468542812	0.872804932235	1.56199102201	1.73835891829	5.64791159451	6.2987562115	
0.0908345074106	0.13845643985	0.611989533304	0.76268607163	1.59594792962	2.35406663522	4.8180282625	5.73468194074	
0.128976955039	0.136695129353	0.565646632691	0.806174707514	1.44492108258	2.01982508739	4.62807016611	6.9766300861	
0.10943509281	0.142666367073	0.592250774212	0.879484358235	1.54701241265	1.90945256186	5.22791045431	6.20828323514	
0.0821152511702	0.146118184542	0.472511152612	0.928241564288	1.36322127397	1.76284875826	5.07886732293	7.11912801138	
0.0977994219354	0.145409845138	0.598806287761	0.915252021951	1.3648015861	2.45880505127	4.62700549585	5.9552370055	
0.10663511689	0.153338332071	0.607083027512	0.851336392825	1.46684415703	2.30004226764	4.1969491591	6.53338444853	
0.104500483577	0.161728542316	0.58527578114	0.850013147161	1.48459282757	2.29795674205	5.36792569407	5.25612351782	
0.101452158156	0.159745939613	0.642233422924	0.824741311602	1.53419027956	1.84225967978	3.90439292096	6.82915034944	
0.0912095711973	0.165324176723	0.613643105235	1.02967884369	1.36497456271	2.06050452552	4.73060912298	6.7814213333	
0.111346756172	0.14007859256	0.720736685334	0.825406157556	1.39655545675	2.38860446614	4.68289106529	6.93722878492	
0.0990330705973	0.163276529042	0.536688290263	0.844316988444	1.35548586016	1.90853883814	4.01469168563	5.88333513575	
0.101289528413	0.151041324177	0.644124947375	0.915824770422	1.22695532146	2.06489018684	4.79266638007	6.12808770135	
0.0867000471279	0.13334895644	0.573153255965	0.997380346622	1.376085317	2.26345314114	4.91488391848	6.33869195933	
0.104086763374	0.122298787131	0.537149761216	0.96205053004	1.31196612158	2.12450518504	5.06666312092	5.35501203669	
0.102599237793	0.169828011989	0.484447086264	0.857438740576	1.31224432248	2.24075322716	4.36716434237	6.32978626258	
0.0885794616281	0.143042026945	0.570524596946	0.927400507254	1.45426503521	2.00570320272	4.5303793238	6.09396177136	
0.0786910002615	0.153278429109	0.604624778492	1.14014191938	1.45883569236	2.11013890198	5.1034192538	5.65294447234	
0.091659274456	0.144977415164	0.632158998856	1.11406658617	1.46951874785	2.08702759306	4.2641612915	4.91316869906	
0.0835250792484	0.149680033516	0.554203437706	0.930336841868	1.34486599161	1.97137866122	3.91656266556	5.56425411916	
0.120891599179	0.144242797279	0.582102830906	0.92072045081	1.55551859691	2.21645583154	4.41789995933	5.86948493018	
0.0960648642472	0.122610892404	0.564446563271	1.09393533109	1.63411278713	1.92430010576	4.05816668195	7.12295975927	
0.0886037202922	0.127039476915	0.551575816617	0.91257739198	1.50397201134	1.9237923043	4.85920743211	5.59943834543	
0.0978633272614	0.172122921947	0.708592625765	0.992276280524	1.47114807247	1.80401651417	5.21142671335	6.052396879	
0.101280602483	0.148784839898	0.592378003157	0.703672977402	1.31902328744	2.07841025704	4.13294064746	5.80881267729	
0.0889954807041	0.147508060207	0.58304957767	0.936343358618	1.69307312052	2.27815160762	4.31377885373	6.86252804422	
0.0921551608065	0.158909446921	0.651043054453	0.752134519961	1.42872618542	2.05991209055	4.75976155324	5.8703520864	
0.0949126317111	0.129387052321	0.65025346242	0.875767799471	1.26235434197	2.05163232236	4.51534781049	5.79506558395	
0.0852140227174	0.149620361762	0.516553125173	0.846431423553	1.30367575536	2.45383806658	4.62563841493	5.98962959753	
0.102977893387	0.161169376902	0.468816513971	0.906115373494	1.35736693177	2.0024358099	4.1066393989	4.65466545064	
0.094499843726	0.150754775047	0.596788087259	0.859609249596	1.45637921567	2.21842449815	4.29075371406	6.02545948	
0.10185450644	0.140760938884	0.619332283615	0.808280020006	1.24021238962	2.10798925574	4.9507197015	5.94640406559	
0.0975437355862	0.1270434396	0.65481760421	0.99901873293	1.21723201964	2.37652646757	4.16689002487	6.0216156109	
0.115963442756	0.130120604085	0.596726225476	0.851254735443	1.16917213564	2.0185337348	3.88172939085	5.9725827754	
0.111911260619	0.14826084946	0.522684583133	0.812928760949	1.49945711093	2.40189874692	4.7230719522	4.48999777336	
0.0885758861816	0.154782669415	0.741157387873	0.71392992825	1.54648434523	1.98073854367	4.30284921109	5.90232841357	
0.109208013651	0.15400978557	0.56822502781	0.882066427965	1.43725439736	2.1487654471	4.06384596236	6.5267225659	
0.117513316051	0.156673634231	0.6120103944	1.04166326347	1.47320026944	2.0162881226	5.37544525753	6.00638124805	
0.101451809157	0.162954864359	0.633611690297	0.848173312757	1.50016150645	2.20272790802	4.77183163738	6.28565525877	
0.0948782208573	0.162487981128	0.567791339555	0.932349731207	1.43988716341	2.0135683814	5.39961985388	5.53438679626	
0.079998824182	0.163603700565	0.574371518667	1.05615774967	1.39418228541	2.13717805935	5.70933294353	5.91110366843	
0.100634779109	0.165278809937	0.608133870503	0.907338967847	1.37422105672	1.95718087076	4.28254717891	6.44915607671	
0.109515580801	0.13993642913	0.667980368004	0.999260013222	1.3750343688	2.2851373243	5.08801510282	6.14342448435	
0.0996858942761	0.136728215761	0.577735442064	0.924138096265	1.24066579806	1.9293797702	4.81155048082	5.68271876445	
0.0813031287534	0.143036994559	0.572921055162	0.940879195077	1.47718373704	2.27139904666	4.36232386099	5.86306170206	
0.0875472701811	0.142143922404	0.547376181185	0.980546702992	1.74871952984	2.23298832293	5.01624247023	6.43786313402	
0.0851889167288	0.150224329198	0.531214077479	0.787756674729	1.57216524604	2.46834658181	2.98943956773	5.62359622692	
0.101640843544	0.144291804543	0.610868002194	0.943184947021	1.48073955841	2.32586543304	4.75267530847	5.80990353528	
0.109676914751	0.122684965891	0.65899326367	0.916009812008	1.31111574051	1.89389396321	4.98540883748	5.83199961611	
0.088411741325	0.135048198778	0.57123242904	1.04753391221	1.54651358519	2.22691569997	4.41081064924	5.08477198004	
0.12759451556	0.142094980652	0.564517809157	0.933805492858	1.66641737236	2.16652705112	4.36869550498	4.86607440264	
0.0970259434334	0.150308966382	0.554046950611	0.970467565414	1.32609205759	1.98878677512	4.48596671349	5.59147384006	
0.0977583754267	0.153455955865	0.563380252962	0.976454330562	1.27705541843	1.9661566568	4.22967911171	6.15268695124	
