7	71
0	1	1	1	1	1	0	1	0	1	
0.164751272825	0.375770357671	0.670727971393	0.953284613917	1.46430201333	3.80843323269	6.20593041356	
0.148019151633	0.443468178693	0.602575596607	0.828719753659	1.20691541829	3.21145546877	5.71283490361	
0.165587212155	0.359151242113	0.522902138118	0.93057404286	1.20166595386	3.26771736995	6.01927866989	
0.144775278252	0.331484722119	0.559047340523	0.913289703528	1.24813291177	3.36973720684	6.3165309371	
0.15130103598	0.350661464839	0.585148464436	1.06801856289	1.51313307765	3.19698877247	6.4153565687	
0.117123460994	0.475566216734	0.527161301764	0.955461828765	1.29977008661	2.89594941493	6.62352069223	
0.148124159889	0.38635789744	0.618409984092	0.985764875333	1.50496249356	3.53312563025	4.89278151532	
0.138236553399	0.345578565372	0.663030268126	1.00038338339	1.5242034557	2.94980841747	5.28053050146	
0.125053721312	0.393099342898	0.508215829567	0.999302096265	1.3315112478	3.0818658301	5.82120418112	
0.131159799835	0.414406004757	0.532032051772	0.904651262413	1.574346856	2.62145401314	5.18670632577	
0.142197328503	0.377837618239	0.633310033486	0.94057706074	1.49442662774	3.36559709301	6.324532158	
0.129496160982	0.360229324367	0.590745142183	0.946383486129	1.38673411732	3.16810995762	5.69884531139	
0.149511272586	0.466199945991	0.603988493456	0.825571319135	1.56684266725	2.67337293728	6.16106304597	
0.150316658893	0.440321907899	0.614483956967	1.06910032916	1.43262462053	3.37908484846	5.63214262275	
0.144136771189	0.403426240644	0.67265578759	0.766344896652	1.72685177482	3.39693741522	5.79646505934	
0.157061737226	0.359157844456	0.644940443775	0.994118800522	1.4483734305	2.95481171775	6.0154068141	
0.152893384977	0.414144694274	0.566511222272	0.897366695041	1.61325531708	3.80308186913	6.02906034805	
0.168535061487	0.379899451991	0.529914070427	0.871619939145	1.3301074759	3.12785102799	5.78825894097	
0.181844640757	0.353261491017	0.539339832553	1.04222892223	1.20232345509	3.33889051686	5.98642526001	
0.144600230389	0.348030503137	0.535988510262	0.986990093587	1.58892041409	3.03786180507	5.89284218947	
0.133006808288	0.38327071299	0.565210532988	0.949195962011	1.41426711428	2.84136994048	6.0645461676	
0.149058669381	0.356801077747	0.650682003028	0.920339675542	1.48660590728	3.82492948863	7.13370791025	
0.131288157876	0.407658613972	0.589081342023	0.960482580059	1.59649148697	3.48470007702	5.93082449766	
0.165320979441	0.361907822543	0.614584983882	0.996681250027	1.54149999423	2.6993194221	5.51280279254	
0.138527597787	0.371496057195	0.642333808271	0.951892839506	1.55487997446	3.83414973038	6.01254578315	
0.153678622432	0.429633837261	0.54096543459	0.974131266288	1.43307998647	2.77284078457	6.58466678517	
0.169277824432	0.41554412074	0.555357010301	1.1343849487	1.57398454019	3.47963734284	6.56124508065	
0.158818325619	0.370072897341	0.628127588645	0.991658640091	1.44366693461	3.01278530314	6.12645562959	
0.164616218572	0.379927452287	0.666995939475	0.903765703662	1.42640690894	2.68836286556	6.2549288898	
0.119352414247	0.382807767452	0.620377651703	0.933087601558	1.24354168638	3.52065828017	6.95380232216	
0.180822523692	0.380863682891	0.586336331779	0.815886585699	1.49945690463	3.74719902243	5.9267699057	
0.163225638274	0.278429935263	0.542055516919	0.982446123909	1.2130702613	2.99201309825	5.58055703391	
0.158197221716	0.385704144605	0.567236856674	0.882411657405	1.28112394138	3.26720419821	6.29567763714	
0.162230450504	0.445092874969	0.634051616006	0.834731935904	1.50841601604	2.79338914213	5.90573672228	
0.151595604784	0.409820347247	0.644312303006	0.911968653533	1.431340526	3.55013968488	5.32479052901	
0.167404172421	0.39822188813	0.488346438318	0.958771138449	1.58783653704	3.90651458239	5.69754242824	
0.158226000084	0.402648698639	0.63554364638	0.913635844682	1.42525857791	3.14396331188	6.16485466255	
0.158568924292	0.34905022686	0.629018400911	0.972246416638	1.44141516245	3.03958706963	5.35163049668	
0.12619750328	0.33206671369	0.521191621338	0.98847005381	1.0676719809	3.29696408813	5.24126723124	
0.160619868023	0.442467968105	0.621799603373	1.0119568303	1.50274187125	2.79805642308	6.46313733809	
0.157416987318	0.398198239814	0.606953967342	0.878988224536	1.46935630519	3.609041756	5.54002933176	
0.147976857229	0.367828359714	0.610404037121	1.00089462164	1.45555785529	3.72121048364	5.73953667179	
0.160070253894	0.365048471964	0.539524030072	1.0664941775	1.39988599252	3.00207372495	5.72732405652	
0.163506371034	0.426770607203	0.686771641807	0.893787611722	1.40821115939	3.31944066458	5.31630015723	
0.15379976527	0.373748353972	0.700037469806	0.890984260813	1.42596048469	3.81423654788	5.58618099597	
0.15282997817	0.406360356631	0.570652707542	1.01127202702	1.3973012491	3.23614876816	4.93578409824	
0.152493392562	0.350886735819	0.546413360098	1.00365415815	1.49415602372	2.9047876261	5.21050207622	
0.121275753003	0.426773489366	0.414119610482	0.961358152319	1.24114826105	3.57776595654	6.55306018597	
0.138138795666	0.357730425494	0.593278171052	0.872711691874	1.56539772216	3.25696778264	6.57064563162	
0.147021015849	0.435349300163	0.507881473194	0.889704086401	1.52607331351	2.9867146457	5.30538707153	
0.124074007617	0.391712087144	0.655606541721	0.89743627072	1.51426594244	3.87531851386	6.5585870073	
0.162271613414	0.363288334661	0.576360012977	0.963385436722	1.42625309445	3.40320932815	4.42304241102	
0.141157611899	0.421875200485	0.488250896086	0.858821176504	1.39542277588	2.65716063648	6.35015941514	
0.155860458805	0.304533436592	0.580105797172	0.906058167001	1.52235019895	3.48841298971	6.48685866814	
0.165800340026	0.387931618909	0.690417148893	0.98427385916	1.42402048009	3.81546357339	5.54937769378	
0.151597720866	0.388076153875	0.63128468915	0.886998793806	1.34076090666	3.62234168296	5.31170238896	
0.16833385859	0.376837131073	0.615076526839	0.883356533821	1.39968171439	3.57834874626	5.72733823489	
0.123543414855	0.381852582641	0.555442938378	0.843716599037	1.33559174981	3.9491749419	5.89031929286	
0.142739375473	0.412166058303	0.632634408938	1.03792751864	1.63776759321	4.04846381841	5.55615078535	
0.164697219268	0.35290304257	0.588761800948	0.979205757133	1.44085780804	3.36548927238	5.89263708169	
0.136490944436	0.409475940248	0.529204554005	1.06359512133	1.42338077426	3.58155807323	7.16572016133	
0.153030992242	0.340351769583	0.671514183862	0.90758792637	1.26120639025	3.55947908086	6.37001928566	
0.152628620778	0.349021619015	0.674466721778	1.0279188132	1.42616961495	3.77284446709	6.58754169422	
0.139659543295	0.362181666645	0.621376325264	0.914829544715	1.46369984476	2.92117417973	5.58641974195	
0.151124644147	0.389736732053	0.612800023233	0.810820120124	1.45303297387	3.57445422825	5.75681177597	
0.139516284252	0.363373615961	0.580690857253	1.0398659562	1.2488461205	2.92469193066	4.74442886783	
0.16770610976	0.391580243235	0.525646062095	0.909594110889	1.49428347082	3.44233690581	6.60779573198	
0.125699185031	0.420311513109	0.498275666402	1.0204385761	1.55281149276	4.02755944333	5.76013769586	
0.138893785361	0.391137629107	0.609947651715	1.13606990356	1.22846874882	3.01643400168	5.36625294479	
0.156557268574	0.362476571808	0.626204442957	0.989904932695	1.50882113588	3.23086740402	6.42303999021	
0.152760607492	0.362826784637	0.570095958781	0.905260546288	1.64198007333	3.26063905318	6.06261778195	
