9	100
1	1	1	0	1	1	1	1	1	1	
0.108266918273	0.170404687614	0.401855970675	1.12929888143	1.34443947657	2.2852406539	2.92565727056	4.0135102635	5.26936872433	
0.0822012110247	0.147584375248	0.375687636897	1.04913786869	1.4287759184	2.14187981314	3.81064391398	4.9531662975	5.99629008164	
0.0907476666785	0.131191422313	0.369760905714	1.09680102272	1.27188790507	1.72232799887	2.76330410403	4.41735608544	6.20627693875	
0.112592850564	0.167834586088	0.351872811658	0.906231229713	1.53972501816	2.08312369426	2.95542302629	4.20683651102	6.90575259021	
0.0927795626493	0.134423589572	0.393557597155	0.951427068126	1.18019400157	2.30667977945	3.16061841029	5.25869180786	5.66800545146	
0.102340478638	0.161742776449	0.406446507882	0.871464858682	1.28110314275	2.25434402508	3.21668180164	5.04783477121	6.23498225256	
0.105377944844	0.135567798078	0.415340419149	1.03516528282	1.45660006514	2.09677302302	3.33651215172	4.07926735304	4.61824146605	
0.071903537479	0.130876024523	0.366689906552	1.06348353151	1.43818903285	2.28423555827	3.22189089365	4.19733954856	5.77518125608	
0.0927300418239	0.133691379784	0.406624803303	0.905788450536	1.30346409789	2.18826933554	3.54641052402	4.11309959783	6.58960368773	
0.101463315034	0.164192466111	0.431089295484	0.812211781207	1.20481717891	2.00857691509	3.12672997827	4.61607942626	6.19300973614	
0.120761247746	0.11792655669	0.386998728571	1.01734459268	1.27121499431	2.05510537843	3.64200603516	3.81150221668	6.29287178094	
0.113758742464	0.11861354806	0.358708881804	1.0823701751	1.50369906284	2.20426671804	3.56055070046	4.01386624942	5.74957144371	
0.0981062549523	0.153592484844	0.36123487273	0.753004323407	1.49327549458	1.97990762672	3.31601982387	4.52446872342	5.60658465007	
0.0915808856339	0.181635435881	0.440668787896	0.928359745505	1.57033088345	2.27989696449	3.49859173589	4.56275662001	6.51104317466	
0.110413598628	0.163648614116	0.306989411069	0.934940979753	1.70649343767	2.30705031898	2.89255480666	3.75319947947	6.06063675216	
0.0789519123887	0.155581387092	0.37818045099	0.860241683266	1.61343006657	2.09938923914	2.98610695425	5.01222152514	6.16681525297	
0.0957311793709	0.128269326014	0.374544721014	0.843675344392	1.53348062413	1.83431770301	3.62210607826	5.03523114645	5.89786842969	
0.10782639259	0.165920063724	0.352113544453	0.978645348528	1.54267153606	1.99587230946	3.58626148231	4.75086931467	6.62309896035	
0.106756753003	0.168877821226	0.392486116098	0.884780498047	1.40161022302	2.05429849613	3.12592337917	4.91115698336	5.96253091884	
0.10176734289	0.120596600554	0.389472852287	0.949683554492	1.45685477295	1.76573810138	3.08339616592	3.8020808921	5.61803300093	
0.0984274353814	0.151171945712	0.368099079968	0.903243721714	1.39160189484	1.88153371904	3.03567855075	4.84807863322	6.76320729546	
0.0990165502963	0.156961564015	0.366120896104	0.874569352795	1.33778728682	2.6207382233	2.93613365694	4.77232129869	5.27245248442	
0.122554068883	0.164439971476	0.38835648646	1.08638365792	1.46339041749	2.3238900292	3.64587908583	4.42906430538	5.99684023047	
0.101177098733	0.134481125854	0.367141961601	0.885912717358	1.56057830168	1.90435793646	3.50488506087	4.6663644741	5.12013018217	
0.106929911663	0.159791765781	0.360391294446	0.925888277867	1.29708160658	2.51783334691	3.21004801996	4.49935890084	6.11398989576	
0.105292845742	0.15622020547	0.383674103862	0.89913870403	1.47945663378	2.27965253665	3.46191839243	4.75807159791	6.12233572945	
0.108176319168	0.131195987876	0.325024475018	0.759794702805	1.47428010803	2.57908146283	3.61335133879	4.39060418974	6.07675219217	
0.0920169451907	0.168532015924	0.382689513355	0.90139695166	1.36029650048	2.2167753249	2.81776451078	4.18562285548	6.56503920264	
0.0793896627853	0.128642899668	0.418038677519	1.04134451898	1.59185347142	2.14810620814	3.3246341087	4.89050030374	5.75083031428	
0.09800613207	0.131326728254	0.342332654916	0.962628875936	1.41073465869	2.02455132675	3.66253448922	4.15001327205	5.74875655956	
0.100290750425	0.147961628829	0.371040441506	0.8234135077	1.4935044079	2.13581135766	3.37816095041	4.5465512294	7.13179478105	
0.111087434262	0.133811858019	0.464844528606	0.892353508445	1.34967112077	2.03818060675	3.09577760108	4.21104287707	6.2643279308	
0.106243926648	0.147423867266	0.356327987152	0.944639961817	1.41878186782	1.7906567607	3.48531757393	4.3950893411	6.62107247409	
0.088526244917	0.151569630896	0.411746371839	1.01651509887	1.39225819474	1.85325480358	3.31009266338	4.12886101356	5.59359271943	
0.0902886435058	0.168686397837	0.360662955195	0.9380166561	1.27293565069	2.36075969897	3.29203371691	5.0700720611	5.53653406505	
0.0999518369956	0.140748398159	0.359072767252	1.0012849126	1.44524607885	1.97152049495	2.71654577066	4.50039148639	5.82199229479	
0.111387812605	0.16851833744	0.399454873782	0.980550262164	1.34759215792	2.22216661866	3.49994644454	4.39509388756	6.51502304485	
0.0974319745867	0.149214178501	0.407481101742	0.797923163423	1.36710737925	2.67149812163	2.7495416377	4.95868905112	5.6085101456	
0.0906613067336	0.143485098002	0.321212367058	0.858369265717	1.59271773777	2.44370692558	2.92572503288	4.40366505437	6.22146073242	
0.107386102678	0.171085085686	0.365208777931	0.931599616909	1.2515601503	2.04140433912	3.11039675212	4.19018883929	6.3140336195	
0.120830123847	0.133105774671	0.372396675471	0.920382114807	1.64799683806	2.07940017755	3.28345564568	4.52027722859	6.58914071684	
0.110415487009	0.14280497341	0.358652124343	0.988178965976	1.61996232377	1.80125468837	3.12480894664	4.49664093909	4.82656682303	
0.0946566349256	0.151206116476	0.3436299068	0.799600570803	1.47134558883	2.22356790026	3.01683488733	4.71983973199	4.55391067787	
0.105024993892	0.170383003304	0.427373869056	0.932631190837	1.58781740234	2.11235284123	3.55983469925	4.0378616898	5.99955537793	
0.115509495267	0.156055905616	0.410607265301	0.974018998691	1.40077836361	2.4182578117	2.96897066584	4.15658152873	6.23972342974	
0.118026843165	0.123789685787	0.334976053513	0.944689416457	1.49624413705	2.23073564673	3.34011159601	4.25036688589	5.86587855283	
0.101196724413	0.175444712991	0.43099659387	1.11246574317	1.44773687867	1.9722813996	2.96519335866	4.60099634799	6.31861675236	
0.116407310878	0.135230644667	0.348073018771	1.0280633501	1.28455574867	2.16116872988	3.77796697497	4.89370727885	6.1001628941	
0.104970670495	0.120550257744	0.441379328466	0.764360935366	1.35573349245	2.00267735085	3.27223379521	4.23503956342	5.50697951029	
0.0919504749979	0.196128546333	0.371767459342	0.947023190169	1.54394429245	2.17157802554	2.85526474984	4.89502584777	5.92530683356	
0.093273893346	0.133489850073	0.376236705875	1.11793954718	1.39762876335	1.81828993086	3.2051118441	5.17041207502	6.42255780384	
0.0924933849306	0.128490013499	0.454388885634	0.851065714459	1.23176028536	2.16188291885	3.15856053512	4.86649803991	6.74118834398	
0.0951636162481	0.126719715196	0.387785485143	0.958288914057	1.78945093982	1.91041603675	3.70644628849	5.24211090879	5.15553241065	
0.0934616785349	0.152777588181	0.363217316915	0.951723763939	1.48331557038	2.19685738682	3.27291009465	4.64563536095	5.42277670484	
0.107737072732	0.159496110984	0.417810811349	0.923531353663	1.18673512498	2.34131765599	3.646636637	4.02308029825	5.12428375984	
0.0946495996844	0.112464921403	0.380294770075	0.98990341279	1.36482079914	2.05808389839	3.45515492296	4.39504417491	5.98163906645	
0.114574913164	0.150139924797	0.402577153877	0.931444824707	1.4565621875	1.80793723039	2.42264368024	4.30673822136	6.62860074823	
0.103958261726	0.147062775474	0.397939167141	0.888405239515	1.50568251188	1.97686217979	3.07238705692	3.99179445618	5.33686870819	
0.0951363543705	0.172088432455	0.379398729835	0.915465730066	1.63014935593	1.91595281298	2.99459912771	4.29266171734	6.14365140561	
0.119553514103	0.182048042833	0.377167583616	0.836729757875	1.33248734329	2.03997781532	3.67968664771	4.87591249899	6.23863690198	
0.0853623208169	0.160576385793	0.297258318326	0.843601415263	1.36220799747	2.34536330009	3.55029392383	4.42412191957	5.58140066078	
0.102683106278	0.142372978531	0.378343306164	0.898490561752	1.49275712281	1.95107909048	3.10630753639	3.89024182714	5.60308217587	
0.10500872068	0.148618602454	0.267730131517	0.91866577689	1.41849350716	2.40924269286	3.33123552988	5.36754302722	6.63521079372	
0.0890458436476	0.184242262083	0.366126348303	0.889763558136	1.25699718551	1.93239725826	2.40704083421	4.81830033882	6.61958733591	
0.104153370437	0.14921204849	0.356058998527	0.93633792288	1.42324484225	2.36647312433	3.28786010264	4.12030686947	6.23641773607	
0.0954016629162	0.163102550883	0.38223824952	1.08758354704	1.45980439231	2.52429514515	3.25605863616	4.85459718037	5.95440040345	
0.0930110012615	0.134783726966	0.394541993843	0.984057981769	1.31155511309	1.98418830332	3.70649021183	5.11705074061	6.40744382945	
0.106141604714	0.165888829599	0.435136373326	0.98807428895	1.59461889903	1.98843143897	3.01214289558	4.90844698093	5.42240636463	
0.112108677389	0.137459168351	0.403024547735	0.944607547366	1.32249505017	2.15345630077	3.24593669493	4.655463447	5.33836536927	
0.10395068342	0.15965910976	0.42972099993	0.803521245935	1.51696413025	2.04323156021	3.67302235806	4.32158366711	5.95853846891	
0.110608113367	0.141366491342	0.329814123381	0.641012930825	1.42404981719	1.66622923194	2.74330070862	4.35400328609	6.3400120415	
0.096472337428	0.130143822784	0.363017205777	0.72137456468	1.45618887781	2.56804709648	3.67393856954	3.981429183	5.28138487743	
0.0865219588636	0.130550107819	0.340588399619	0.847825140285	1.50794985474	2.35521582542	2.90993499189	3.78773709253	6.49257623464	
0.110008663342	0.170456584425	0.353030785076	0.824835133579	1.55084553152	2.49086187683	3.2734330649	5.12777992334	5.7550087881	
0.0963480320551	0.170943438696	0.383930279424	0.99700477673	1.29005111413	2.05958252967	2.74094620914	4.50240202228	5.56663537906	
0.103102083131	0.145530303735	0.450430536815	0.958544941654	1.4427565957	1.99467388008	3.26439969915	4.82826653422	5.08674979062	
0.110681578179	0.163222972489	0.389941405862	1.03480271096	1.32896742659	1.8090861687	3.40003757649	3.77504717981	5.26094612142	
0.0899878743324	0.14877572824	0.366267650796	0.833477716756	1.7211881584	2.37994302976	3.29612725287	4.88031970288	5.91627218683	
0.117543301738	0.187668434051	0.404792441829	0.749173516602	1.46229747045	2.16329424707	3.33078604322	5.00454633489	5.6533775306	
0.0984391844376	0.151679772559	0.36238985068	0.992170487933	1.27977385162	2.24296456738	3.57103034583	4.86397615157	5.97532961467	
0.111851583728	0.128235561068	0.390342657994	1.2013208322	1.63577806627	2.28039664787	3.53855921403	4.59118185328	6.01143791725	
0.106707386803	0.157578914619	0.428613097128	0.927698671774	1.44811410221	2.43760855846	3.04845940611	4.54260531919	6.63153689442	
0.0914238494561	0.150799070869	0.307095146673	0.88562646428	1.31679608896	2.03145689125	3.76371406101	3.61216849992	6.52282655015	
0.0957696430073	0.155746571335	0.349216566185	1.01652260024	1.36308117277	1.86383366756	3.21696991416	4.39203984192	5.55810262091	
0.0999321098449	0.136136903721	0.363583473915	0.999097703724	1.53308860925	2.15762661908	3.19533334036	5.14560662569	6.7577212135	
0.100076312908	0.114077228443	0.409782630043	0.911447868005	1.36610641381	2.06835245318	3.70660496882	4.71563929194	6.16178480538	
0.0960911518286	0.169304445044	0.374746656548	1.09476345815	1.44741549212	2.41748942572	2.96981873565	4.383378957	7.23059124872	
0.115898358132	0.171707514997	0.387080472983	1.03546856947	1.71606114565	2.46498812889	3.23367494342	5.19924715202	5.76323743316	
0.0861834224118	0.141506043531	0.373928870971	0.974810823261	1.4914286174	1.95967576471	2.8695369605	4.58733803692	4.79229206157	
0.110037834844	0.148796146031	0.329621187856	0.927541922176	1.51204939062	2.23292079872	3.69843215695	4.75692158088	6.16931389899	
0.0980552621681	0.139121314078	0.370856768698	1.04975444115	1.34460107394	2.70785960307	2.99928282484	5.06077270544	6.99339633048	
0.0848177745912	0.168336075651	0.368296067064	0.784316401302	1.20801036671	2.35574363286	3.6919800077	4.49934944815	7.06082581549	
0.0827890424843	0.15291998481	0.405514252598	0.991315768265	1.17433117668	2.2859063517	3.23458119529	4.75960745275	5.28925643084	
0.114471167501	0.157863061512	0.392969032954	1.01918791101	1.56343103627	2.33956349094	3.36960555108	4.58771111136	5.77636950856	
0.0935152567889	0.148527267408	0.4145550937	1.02009631813	1.09702468044	2.33203369273	2.71657152257	4.38322862269	6.56650729127	
0.09511700676	0.143775076995	0.362863012417	0.949446655602	1.28124948054	2.27021090476	3.61048892143	5.33915817821	5.76604138736	
0.114264530715	0.149398457975	0.367695292932	0.945985200981	1.44028010666	2.21661648466	2.73439271063	4.55819721032	5.63897343755	
0.118486598949	0.138341206203	0.356251665342	0.878076885842	1.39515774885	2.28903966691	3.00485240742	4.78818106412	5.40869656519	
0.108948376425	0.167487874668	0.327214467892	0.889924151548	1.54677494291	1.98326428238	3.41573905659	4.16921877708	6.40560590784	
0.103259610235	0.16440981396	0.391302326968	1.01233248322	1.4739876638	2.20481833345	3.90341858986	4.33780838063	5.99784631631	
