4	53
0	0	0	1	1	0	0	0	1	1	
0.55124362876	0.840911695765	4.79533636117	5.92129636672	
0.591279722209	0.801686562316	4.71465342184	6.61948648871	
0.578255188241	0.968067276262	4.3169042484	6.35631764462	
0.629630866299	0.894259264033	3.54273600936	5.52032624864	
0.620676875809	1.01220989622	4.22786885055	6.80671800191	
0.68962710208	0.994945362873	3.98880553678	6.42681585415	
0.567695883193	0.874828777239	4.7038382793	6.25713487263	
0.627362280509	0.991095402924	4.47437857664	5.13069049028	
0.724962346938	0.893644436229	4.17923708958	5.27108835374	
0.609101202041	0.933320051852	4.44585632749	6.89902859453	
0.639514494964	0.835355154931	5.4332471826	5.09084737761	
0.593055089691	0.862089393786	4.66671570684	6.38168247273	
0.57522587827	1.02769228634	4.58958078634	6.87660233156	
0.655744561253	0.886173696933	4.97482776185	5.61285338711	
0.637590265516	0.978963741772	4.26733290221	4.80340036789	
0.688662670377	0.968951975149	4.50924863537	6.01124197692	
0.658486589043	1.13323073048	4.90623679875	6.22053440019	
0.617157961107	0.963854713284	4.04829628704	6.35101937991	
0.521364750073	0.971094708054	4.28777202146	6.51944285207	
0.622840640451	0.897375497372	4.04526066941	6.88571570254	
0.594818175457	1.09180393381	3.94601310653	5.84823946736	
0.464958937036	1.000330696	4.87718129918	5.63693974003	
0.560737831478	0.893876003691	4.39205278408	5.66430063375	
0.664855090647	0.88639693851	3.64665601181	5.84708390822	
0.569255109503	0.808373988976	4.58509491142	4.84436908958	
0.622852505739	0.926925959531	4.24649299606	5.3124502873	
0.512197620064	1.0119983274	4.36523632953	4.99277392023	
0.599292774254	0.904593464644	5.1358379691	5.75283061335	
0.658764120349	0.909653886289	3.96826750083	6.28292749525	
0.673056743039	1.01434069708	4.64128297736	6.59837197411	
0.610219513706	0.937618814818	3.83732525054	6.12738611045	
0.690477172406	0.777850366675	3.90952285068	5.80375020172	
0.518656643045	0.993638059769	3.72260591691	6.40835785367	
0.660260492816	0.991091929993	4.50919577781	6.32056261137	
0.530681929633	0.954153204163	4.22172247064	6.53446303218	
0.642613746653	0.85463430088	4.65824643267	6.23586952594	
0.571555586971	0.932088354791	4.73019296279	5.72597525149	
0.546848534242	0.951189432586	5.16752553837	5.90845387324	
0.578869408172	0.856287289016	5.01753378691	6.52511367318	
0.591226846008	0.856773934745	4.14151390973	5.48674258054	
0.570404035113	0.877848482421	4.16786108459	6.66907632274	
0.695115875852	0.828693096481	4.24289227196	5.43125621189	
0.619109083635	0.898398752461	4.0362195541	6.99156720271	
0.629262068975	0.838911406577	5.17801780736	5.31188868605	
0.636867092155	1.15485923983	4.44096320982	5.82702691199	
0.610055791405	1.13697057894	5.16430047068	5.73396734981	
0.618271971936	1.01583083452	4.30695675785	5.32104426641	
0.665060909883	0.977407780706	4.64348916153	6.66411974695	
0.53128295239	0.908450829598	5.6871843933	6.34059005213	
0.637680803395	0.939843345543	3.67149265494	5.5092026448	
0.65480722834	0.879610112705	4.42353084679	6.1748366809	
0.541386372001	0.810732622076	4.49434271808	5.77753038243	
0.613668443766	0.796841897363	4.25937772114	6.41335915582	
