7	77
1	1	0	0	1	1	1	1	1	0	
0.0931696426188	0.129433268185	0.948745927788	1.60764117387	2.23202297739	3.02016414241	4.52348162848	
0.0975751886027	0.144195371203	0.899084706183	1.25765891557	2.20858564411	3.20256772894	5.06831169839	
0.104570050178	0.174242602315	1.06640277379	1.23500434151	2.01847891061	2.82116853169	4.06116402517	
0.0929371606934	0.17616232891	1.07117687316	1.47019127561	2.03730189814	2.72912354875	4.19787719497	
0.100293222917	0.137631683684	1.02667549287	1.68738610425	1.97617260433	3.20136267262	4.3467074587	
0.0962210924385	0.138197321927	0.867245332344	1.25473468933	2.25572317843	3.42287345151	5.09815639862	
0.0875859237914	0.129264843423	0.786456751603	1.28368304099	2.48417372798	2.92517529107	4.55757909114	
0.116674450508	0.154011510675	0.892798968464	1.06030731327	2.09687563097	3.38400355711	4.40746422434	
0.0980822973227	0.131512740498	1.10323105969	1.37187107498	2.30869415009	3.24002510533	4.32279817163	
0.0966434091683	0.166602683274	0.877203079848	1.4863613606	2.21215411527	2.98905654366	4.08727281561	
0.104200347379	0.177047998114	0.800163604059	1.35236269061	2.15269880726	3.28277523509	4.43356308496	
0.124363635732	0.146149099301	0.787136300396	1.63596178562	1.90704857389	3.21790174554	4.15969074013	
0.0919686931363	0.130301277963	0.992441454047	1.56995593584	2.26320526963	3.73293401724	4.14718368716	
0.0969433076331	0.139451804658	0.973466841836	1.45827052464	1.81733824164	3.67674469503	4.08471280512	
0.0841459294731	0.130240316726	1.03827002412	1.65924493343	2.11007433887	3.50695561484	4.06909920439	
0.105386411409	0.155808731118	0.811613698683	1.4233699109	2.15211460212	2.96837035695	4.82935155039	
0.0881388269379	0.161995193466	1.08971711265	1.5029803315	2.33605398713	3.52554339195	4.89382639677	
0.0962459978656	0.156627384171	0.966955182097	1.22481590633	2.04665838627	2.98585128754	4.2517897511	
0.110394613881	0.142673759339	0.882300522865	1.43656594378	2.08883591299	2.96077862536	4.56142804368	
0.0998672289752	0.140229659413	0.949243789902	1.36961170103	2.32693569653	2.65184883457	4.2533032654	
0.101232540561	0.144872209101	0.796788992753	1.70797126892	2.15290350222	2.84911793623	4.85013503056	
0.0962385963809	0.16596043015	0.892756754694	1.54835067618	2.15507931567	3.25611554365	4.2042680582	
0.0956855261606	0.155011322535	0.90433051997	1.29279598782	1.98583306142	3.41849156733	4.81372326737	
0.109706644121	0.144943142418	1.09383920153	1.57112105753	2.14107198629	3.26360001303	4.7934303448	
0.0922323116448	0.128470082751	0.944709980558	1.44530012408	1.97747088173	3.03287579873	4.92076397694	
0.101105052908	0.125770793163	0.691457011289	1.10815460415	2.48419987031	3.03924848881	4.3848480039	
0.124086400312	0.135543440429	1.01300968771	1.39357174434	2.33527473212	3.40752474893	3.61049062241	
0.0907134205001	0.136170676444	0.950739059525	1.34140398688	2.20569361454	3.43755417499	5.27165399673	
0.105484490597	0.148935308147	0.948831595834	1.18671148679	2.03141052345	2.92871941454	4.98943434459	
0.107466530492	0.122314741059	0.990473292315	1.55671155134	1.98805052924	3.51629218281	4.5775337765	
0.0871869649308	0.128878142136	1.16684507563	1.39696653497	2.22723312511	2.76108085851	5.27018068329	
0.108257787839	0.152321436295	1.08801338037	1.21618216841	2.0031357474	3.26159673872	4.2299119477	
0.107981616438	0.157710743529	1.04199114122	1.45480065536	1.93473805097	3.15019629104	4.76100164821	
0.0967316805629	0.151701486199	0.888124398165	1.50318138501	2.26458533334	4.02769088661	3.76657069653	
0.103185406699	0.181197601075	1.04127587409	1.70184827239	1.92135564763	3.26841885616	3.8754950156	
0.0914359168956	0.171098287977	0.821475500975	1.38584492457	1.9495673292	3.34371449695	3.83486903603	
0.100041252119	0.163643000633	0.897169623353	1.62247836879	2.25877755871	3.13849145232	4.18123482651	
0.110160039673	0.14528476418	0.918666025102	1.73090251589	2.37173098373	2.9927449313	4.54232393294	
0.109921373972	0.140215481339	1.06266834537	1.4937642113	2.64228185197	3.16077172994	4.76099789029	
0.0928125189469	0.148663765796	0.875172233564	1.57760681454	1.79805492575	2.33131277816	4.62945335245	
0.100704579165	0.138471295552	0.939825647661	1.15077293218	2.48796644042	2.99472445077	4.96884090657	
0.0884951803112	0.129778525365	0.842619390927	1.43597861124	2.34440069857	3.76186737933	4.98333408066	
0.0858942946918	0.147057001994	0.883837040504	1.4182377919	2.23186432917	2.99910829208	5.38739409146	
0.0957328689368	0.16122749668	0.794229423375	1.71290934307	2.29440824884	3.15327854866	4.65962217698	
0.104315809291	0.152891358241	0.904529070864	1.24994076058	2.48937433821	3.31116744073	4.1559401562	
0.0972718398835	0.16753091213	1.04453883441	1.38923644232	2.03182111248	3.09215150323	4.96745670851	
0.112984838918	0.146149619315	0.989358213576	1.38350496286	1.85729876276	3.44685408624	4.42769842434	
0.0986204631698	0.162027147469	0.805713893051	1.12598981007	2.2288872324	3.80001618409	4.93483950383	
0.0923740896929	0.154175541554	0.978009644634	1.51117877226	2.02226980873	3.05395922904	3.45443447251	
0.102231756513	0.161458694097	1.02039861814	1.27167940803	2.13613102702	3.22016550344	4.11300289985	
0.110369394171	0.14994756941	0.882842401496	1.59209787966	2.28327418174	3.02945371607	3.71468437343	
0.0922457105091	0.151546778983	0.882310995952	1.26042478435	2.09579125117	2.69168777412	4.74739352644	
0.120880859677	0.158917027534	1.04998124444	1.33505702009	2.07183841998	2.859471311	4.7622322524	
0.110322122522	0.14048910279	0.948806511418	1.21593014239	2.11223415508	2.97285548643	4.55650482929	
0.105892842096	0.13564520559	0.804026619082	1.41666005192	2.13534863523	3.2091932719	3.9284911487	
0.0874353512644	0.153557364425	0.760630324219	1.25388866909	2.51708193338	3.06584328578	3.84007836107	
0.0869411566232	0.167908384655	0.862382612302	1.40038051225	2.04441917673	2.76139365324	3.79458798077	
0.104059225309	0.131565320858	1.13613653486	1.21222290434	1.88963313711	3.3965280733	4.5556751208	
0.112836067975	0.15677538381	1.03546045173	1.65879710887	2.08262752647	2.62944137941	5.15520408168	
0.109340542504	0.157785770358	1.06613916867	1.41847957365	2.02121639591	3.60404133674	4.61861193912	
0.0977455371567	0.172830039024	1.05427230226	1.34950360118	1.83587569954	2.93448231207	4.23489061024	
0.0951065554794	0.154077413489	1.21342961194	1.57483609054	2.41259139201	3.24041475854	4.60280019747	
0.105132124015	0.16811307757	1.0204548455	1.53082612827	2.01200485924	2.6964807954	5.03764909741	
0.107320263214	0.140533950133	1.13826367948	1.30926281354	2.14244772346	3.17058279725	4.19322217485	
0.0948647072032	0.140680446567	0.862719725338	1.50969680111	2.33411510482	3.0443542086	4.27464356729	
0.103792861251	0.153624508465	0.942218271397	1.45852928593	2.28085255549	3.60860100413	4.25262789678	
0.103376420522	0.142693112906	0.745342816088	1.30184926984	2.53461447169	3.58231553098	3.59560074212	
0.0930765334214	0.147435129262	0.933308101915	1.3496586897	2.31927037785	3.74555694561	5.00922567916	
0.0945294075703	0.129419991673	0.986081902662	1.21728056604	2.30787944509	3.713635814	4.73279312112	
0.0892008123568	0.135292570963	0.936100728765	1.68407566867	2.18039760617	2.8867892977	4.44943264642	
0.121118765932	0.12788291107	1.05598059251	1.38236123445	2.25406583395	3.55293051463	4.16486485528	
0.111739514965	0.157389501076	1.05824255269	1.487810585	2.56273191448	2.71505939842	4.81582843108	
0.102827498254	0.134027081626	1.05130801549	1.27289166076	2.30419736125	3.1231494562	5.52935821231	
0.106348223315	0.159899166761	1.08438097585	1.43437219189	2.26364389237	2.8278438697	4.52563230851	
0.100967202928	0.121835759461	0.973764967256	1.62842078237	2.33998181117	3.67195577872	4.81513627283	
0.100639234692	0.122901554976	0.849240398286	1.44473727441	2.03267106419	2.95333998371	5.720971407	
0.114401034698	0.182813456348	0.881340837766	1.41797631531	2.06578966178	2.63019770453	4.69247782265	
