9	33
1	1	1	1	0	1	1	1	1	1	
0.111662574069	0.139684245605	0.336743233372	0.601527638563	1.4229775976	2.18644851307	3.36163167451	4.53036142927	5.53345147827	
0.102840115768	0.173035370735	0.381150582511	0.614665580292	1.60976828492	1.95878925997	3.22529018919	5.01132158194	6.49975704608	
0.107926831866	0.115764711867	0.355358995096	0.514405692057	1.63751927461	2.26387659712	3.24672497565	4.17904945457	5.81098303123	
0.122199483591	0.150538743644	0.35780795106	0.531532321001	1.69665814228	2.15275301935	3.1472168346	3.91339735843	5.46752070925	
0.112244638292	0.12662968546	0.333248136074	0.579667573046	1.50273221213	2.18070463814	3.08805148212	4.26017511614	5.64115533865	
0.099362502396	0.137852507485	0.391316856636	0.677794153318	1.58976370089	1.81317322027	2.92531002567	4.73529818987	6.11238093095	
0.102548275355	0.173025790142	0.466135517367	0.648562463198	1.22002976432	2.11861953361	3.70840633699	5.3076701205	5.88739374346	
0.105360303447	0.160953046265	0.414242663841	0.669622502509	1.05875663649	2.30733430633	3.22898560238	4.59863569623	5.44375964527	
0.0920478221438	0.146571935154	0.403486081566	0.516466804205	1.44100402215	2.50890164203	3.97288531113	4.55381372453	5.81962189839	
0.0967082903948	0.160228584389	0.404625027107	0.585548826495	1.32165727508	1.90513860637	3.2026415101	5.04194739835	5.55137152873	
0.0950954156758	0.148009773786	0.349961128162	0.722586850615	1.50905302531	2.32574679328	2.88390589474	4.39514988871	6.45920888162	
0.103213444973	0.191989504538	0.408759868788	0.563961904518	1.43798328844	2.24274504207	3.59654058132	3.40287936412	5.48961407199	
0.103461946298	0.115340118689	0.426761531319	0.608297871394	1.41341453125	1.84767682655	3.79138261843	3.92638107478	6.69711711052	
0.122650690521	0.176781940609	0.390756027526	0.586576786037	1.56727888051	2.13497230064	3.36122371571	3.97346627212	6.5403154672	
0.0935742867616	0.171363371523	0.332912954513	0.570623724173	1.4012245501	2.02666791334	3.07878814072	4.55211941719	5.64125687487	
0.0927448355467	0.146541575737	0.414289305481	0.675899753516	1.34475024719	2.20342468644	3.3789180101	5.15649364291	7.24869740889	
0.0771199411167	0.122457715082	0.376223681719	0.530763433034	1.30886770216	1.83412182274	3.34630544046	4.34450329824	6.68145684984	
0.0981481063138	0.151732996602	0.441230544096	0.615809936769	1.4489326146	1.89785018214	3.29167067229	4.23700896237	6.05284414985	
0.0850140174793	0.146248135864	0.33592145954	0.70057315224	1.57097207695	2.15793833742	3.27919665124	4.49670154246	6.71383295175	
0.0944966016808	0.202511670624	0.3728667358	0.503864842545	1.45922950161	2.18338574495	3.10299108424	4.06804986471	5.02306318036	
0.0937618245168	0.156778257402	0.414853677548	0.71325947319	1.6914339826	1.8902952417	2.81644479324	4.1436368258	6.10758026511	
0.0918739099946	0.148035342879	0.372799450204	0.625135158534	1.4379754475	2.31761823944	3.15478813857	4.92665190158	4.89785720653	
0.0960060587373	0.156370633209	0.374230769046	0.497418639532	1.25945619865	1.96840583157	2.91605289161	4.50614267467	5.3138107866	
0.110277050449	0.138805129949	0.340797738394	0.65956948615	1.41510920053	1.94881307986	3.42664853554	4.09314057668	6.27002520596	
0.0960293327699	0.120692012162	0.361565252567	0.73245639115	1.6783489	2.32067000562	3.80211933334	4.52061728463	6.29570444422	
0.0993521183286	0.136819659634	0.343025122151	0.642256126596	1.21304985836	2.03808451755	3.53113600001	5.2882166828	6.59124430545	
0.0912134195527	0.152011017281	0.352247368536	0.598388152505	1.5796432757	1.90568739965	3.17808177244	3.41729217206	5.74024504942	
0.100914313174	0.136451162642	0.308624683712	0.556314670747	1.23012875811	2.71385707866	3.18437621304	4.95880946327	5.35253135047	
0.0904418134859	0.130439648596	0.389187386169	0.548576976356	1.43862894437	2.1407768738	3.38689025185	4.19719425037	5.74933754026	
0.120906632281	0.131448220887	0.382265071099	0.604787956218	1.36018263445	1.82368062712	2.95266912981	4.26573795081	5.72786679926	
0.0899397206613	0.144782398494	0.388066982338	0.517572282007	1.40965104195	2.13116058723	3.1862011239	4.98379660994	6.66703207665	
0.104780314216	0.162618920755	0.398294333843	0.624581678805	1.2816644992	2.13094903905	3.69454084689	4.33073597714	5.90758752846	
0.110749419043	0.14909282101	0.37617337734	0.59977010411	1.37853571845	2.21161359145	3.09098580426	4.22256857972	6.37272480051	
