5	43
0	1	1	1	0	1	0	0	0	1	
0.137435496691	0.3808214979	0.636421517311	1.61362641926	5.93367244213	
0.144225021415	0.356967473468	0.642804388224	1.63826685753	5.74058326622	
0.142356960596	0.382112349647	0.603913488968	1.30419507343	7.49876161778	
0.130782829583	0.323392520565	0.511302552955	1.42604789992	6.10583452999	
0.134017821778	0.453643601197	0.569226847458	1.07658589483	5.89905027197	
0.163644247224	0.310111251948	0.649798934892	1.3473363001	6.34420535443	
0.167555418883	0.435078267017	0.502728646627	1.64643414549	6.62360529896	
0.130931037095	0.310390822281	0.5557703076	1.74467159941	6.19359171191	
0.137222653754	0.386559816819	0.691532854468	1.43217290949	5.6140734714	
0.146633421871	0.336131563621	0.557370783802	1.37295572635	6.07077408567	
0.141898654382	0.335266197584	0.615096303235	1.43453985054	4.94559113441	
0.129952088506	0.381045015514	0.698617463261	1.2520203716	4.56086376727	
0.150161446489	0.455480572333	0.549059055286	1.40476365953	6.7139329476	
0.182304177111	0.302459500284	0.598888685764	1.49622686765	5.27186383205	
0.160464390299	0.46044818032	0.618739150901	1.44785165041	5.06877281373	
0.130969842459	0.414166247395	0.680758185479	1.40893496168	5.11461084954	
0.152968790744	0.406312297566	0.542539996554	1.216575655	6.15855326774	
0.142706617227	0.394178244593	0.613317850171	1.58948206318	6.27851491558	
0.134492424542	0.383094436517	0.577087083026	1.410230548	7.0083802915	
0.144600563236	0.364131359053	0.58250800335	1.27613683753	5.66832268214	
0.136639784972	0.37138635314	0.584693446787	1.05343080568	6.52694299143	
0.163286192046	0.35528584916	0.618616921892	1.39820039203	6.67618577109	
0.168835099141	0.48218030255	0.57367834467	1.33335035048	6.37980946497	
0.130179671776	0.412167758785	0.663313830582	1.57928060847	5.18205873441	
0.145944437722	0.391115986168	0.651666327843	1.33405296048	5.69915970243	
0.138882104156	0.401105896666	0.58493501141	1.40454305079	6.4171478433	
0.169997767516	0.33276203046	0.582534678373	1.71891691502	6.45470734043	
0.137952178124	0.337408089298	0.564104027952	1.25919231102	5.94749875219	
0.125450997218	0.374942062008	0.616029931659	1.17240972075	5.27251099106	
0.18702137617	0.396919284904	0.629038452665	1.35807654153	6.01597607543	
0.166114627004	0.337057490291	0.549385943666	1.4069807064	5.50391967329	
0.136712862992	0.47391727443	0.659159750952	1.43847598192	6.35141661114	
0.126232061743	0.39444429939	0.538309638243	1.48572070375	5.3629082637	
0.156984682333	0.399322552766	0.594863396385	1.42156523975	6.61965387986	
0.153459832823	0.391039597249	0.594414021608	1.24843284882	6.79531349149	
0.15634802518	0.355983442468	0.593481771297	1.43746867184	5.04143018574	
0.160553264264	0.449938188739	0.636931759297	1.24304238357	5.21971244804	
0.138699122223	0.42856678756	0.668002892416	1.19199913217	5.87729912297	
0.141659093317	0.365452215252	0.478532273274	1.42838724093	5.47486610674	
0.144579137902	0.384765606399	0.639167698686	1.15390590115	5.16070562727	
0.154820439527	0.370576966486	0.530825987637	1.37286327919	6.14088017855	
0.156865516959	0.335996575337	0.589367126997	1.34577550763	7.08322640135	
0.13396669277	0.354883566002	0.583407878482	1.40439749923	5.33560178624	
