8	74
1	1	0	1	0	1	1	1	1	1	
0.0950686328678	0.155009781928	0.654275042198	1.34829149242	2.17967390756	3.11863422996	3.90375280436	5.19183417686	
0.113036018897	0.180040670602	0.544556321545	1.50620796365	2.12009830413	2.76469780855	4.87202538173	5.98588724779	
0.081222225641	0.157410934622	0.694939175822	1.23440711971	1.89394136724	3.34756701932	4.99661187022	5.65589183727	
0.103736233822	0.156615657607	0.688759463162	1.27445190603	2.24389705888	3.73123440867	4.75620422608	7.14039133318	
0.0997040585642	0.149128580593	0.538780808165	1.54439779412	2.53979307311	2.49188095603	3.96754000644	6.50395373658	
0.116264807144	0.174070007323	0.610736041519	1.59961976107	2.19456554289	2.64193501579	4.60787284938	5.47576578731	
0.10060806915	0.162732321998	0.556031551338	1.19947077004	2.21150651099	3.68988439323	4.05030294256	5.8310225726	
0.108278249922	0.13835230632	0.6608601568	1.17187591456	2.22130371676	3.75249874595	4.20606532716	5.99190474559	
0.0702943470391	0.137771061732	0.591562015723	1.57546107411	2.4249093284	3.44726897622	3.73873126942	5.8629694088	
0.0971425128401	0.157542264876	0.632667432335	1.39569252394	2.22572980124	2.97518458285	4.96370833406	5.41978589024	
0.0967791608592	0.167543939044	0.627942154469	1.32996680369	2.18380624853	3.31084242723	5.30503097574	6.53193344193	
0.107071015669	0.136885145289	0.550121246189	1.33417729167	2.5158010806	3.10713303269	4.34685465158	5.16102916638	
0.0870500414478	0.151115154275	0.666711871654	1.41991290006	2.15507208612	3.79722659655	4.50676415867	5.98440155541	
0.110282872408	0.162810918933	0.565930118943	1.39182528045	2.23909441696	3.31832671921	5.19811634965	5.83163580158	
0.106977626381	0.156749147118	0.624286954651	1.34115841865	2.13301597668	3.24604659143	5.12143412374	5.82063102061	
0.0997444216833	0.150103344925	0.710848491269	1.53781864774	2.27904118224	3.2881690866	4.30363738463	6.64304362107	
0.0962412920098	0.178267197079	0.610959723012	1.52471838932	2.15491054548	4.12372917464	4.03888933216	5.78641944181	
0.0909716846291	0.131722132317	0.621235064442	1.37400541948	2.08129926654	3.16258689042	4.52389215796	5.14975196629	
0.0885108963596	0.131167351299	0.605828460838	1.44102088074	2.15335011327	3.41143418613	4.65400198988	5.05081362596	
0.0987689560394	0.152777033538	0.538913029552	1.22706090573	2.30739726952	2.96483309343	4.88779050692	6.02775605836	
0.0970809907345	0.159501624621	0.608219005784	1.41575337119	1.96904627198	3.72726423674	4.0502789091	6.66222229851	
0.0853794941483	0.156689786154	0.646948054655	1.44632580237	2.2966342929	3.63552003282	4.77417835803	7.01157129749	
0.121303769665	0.173133009434	0.641343073297	1.37773381188	2.21959519379	3.44138146777	3.9842994332	5.94117115547	
0.0901914503527	0.142475623683	0.62117788548	1.40836091405	2.02588729608	3.38142103482	4.46127111875	6.01857862793	
0.10023086036	0.155283940502	0.502902690772	1.43482437781	2.49525251893	2.41136309274	4.33207227609	6.07800481744	
0.0886743782456	0.126273184068	0.573725087405	1.34556618975	2.29871846758	3.05927034747	4.7302432604	6.13595696525	
0.107144306171	0.144662137971	0.590571332234	1.58709113809	2.42465643342	3.79985783759	4.00912832072	5.47137250592	
0.103373235805	0.145039415727	0.476307613153	1.49115290997	1.96992453908	3.25648540702	4.61941477339	5.75810805801	
0.0970679427299	0.159818567516	0.494732316518	1.24954076049	1.60030330828	3.04755409766	5.20920550328	5.32743722572	
0.101166471962	0.149099173964	0.538998707197	1.33244235142	1.7191699091	3.38961747522	5.16524468213	5.22988281962	
0.101615942123	0.166572223428	0.656146629266	1.53007978911	2.47428610928	2.799087341	4.17808134943	5.92927762744	
0.106934732737	0.163813684932	0.601339813204	1.50133896374	2.23247902328	2.66643782566	4.19233151002	4.71516453274	
0.0962868634603	0.148836797564	0.603976114305	1.35925211502	2.22113650816	3.25051379371	4.15779987419	5.17863424845	
0.092306388884	0.154132170869	0.594414415473	1.45804277626	2.1912799224	3.6305443929	4.19157066979	6.45988342197	
0.117968588769	0.127592950982	0.618995875673	1.35411801163	1.97168196417	3.94963225089	4.74796892861	5.77763732385	
0.110198282836	0.1634030136	0.603663259995	1.44876079461	2.12095905593	3.19474732518	4.12487195862	5.66923818946	
0.0996895635191	0.144508467204	0.556062014458	1.67988113517	2.24410556242	3.15146629838	4.99649053634	5.78180180647	
0.0947726686665	0.134870272141	0.589129169632	1.53531694449	2.28676323164	3.3722441995	4.59505945576	5.77195281033	
0.116336325159	0.187485116184	0.594762542877	1.43291569432	1.753207584	3.25926962486	4.16948968308	6.74337842864	
0.11361966297	0.131004920786	0.571954216043	1.45431356243	2.46995752668	3.63607558936	5.07406611976	5.90083633917	
0.113166989572	0.124413694238	0.633386182931	1.43755331044	2.50274262641	3.06382227587	4.84915716825	7.24309454035	
0.0991046271283	0.15652281398	0.597823439981	1.33962564834	2.04699201269	3.41814184407	4.26633923587	6.11259625827	
0.0923585377823	0.165628475746	0.643692567343	1.27202726597	2.0570028596	3.0449715611	4.39611680354	6.46369242266	
0.0932288951684	0.141159940136	0.581967143824	1.49107542062	1.71196644601	3.37135858147	3.52398167205	5.99101764348	
0.0939887711487	0.124311694066	0.656800348076	1.36341729592	1.88469602812	3.3498866742	4.96681600239	5.26451496382	
0.109875895924	0.126436211346	0.476970140993	1.38243740482	2.13194331528	3.58243951661	4.27905765135	5.97172417349	
0.09377019765	0.182028379048	0.574389487861	1.3454614458	2.08357751015	3.17091994432	3.60960308295	5.44025034285	
0.0869389409571	0.138970935948	0.697471262289	1.11923408194	1.86589294787	3.42091506416	4.12199655392	6.58158610772	
0.111479234371	0.122266150913	0.520380967069	1.69582562363	2.24795789037	2.7920609052	4.09186084234	6.42485115661	
0.0990906983424	0.153479863226	0.563634286283	1.36453300087	2.38448270354	3.50983582919	3.82353543139	5.72085543069	
0.10907564577	0.10733038987	0.467101391514	1.67275468187	2.14812771385	3.20023308052	4.83103485112	4.80819090296	
0.101756303774	0.165426593329	0.574332520356	1.66359855806	2.52605041376	3.68621117722	4.65726060078	5.93352439027	
0.0952959169976	0.148979641928	0.660871679007	1.23991856236	2.19643371421	3.50009684869	4.12557807649	5.96637765158	
0.108287136642	0.157928765461	0.570731403057	1.29606404603	1.90170467076	3.22804806618	4.70350726702	5.95128675718	
0.0920501324733	0.157846136018	0.592534685408	1.29986070715	1.90239701238	3.15218924861	4.3240442356	5.77788522788	
0.11563498856	0.156011963961	0.613819342697	1.35395101353	2.24658674555	3.09349911805	5.35369854795	6.91103451263	
0.0870422182756	0.136191530656	0.695982920412	1.39744199527	2.23747580407	3.11128416866	3.25177766611	5.29779244867	
0.103327306411	0.14929457145	0.581678242723	1.42421243746	1.89034153992	2.80952927184	3.62419152479	6.05302830974	
0.109790708586	0.16350676296	0.665057083655	1.14438443898	2.05037670607	3.40589614813	4.51454869902	5.7656722521	
0.108372753689	0.177538227284	0.50045503335	1.64358581658	2.07104008571	3.2895506359	4.41706186589	5.30109965155	
0.101646888265	0.157573624861	0.563340305491	1.1292290364	2.18154066819	3.6380197978	4.45282709938	5.65792776542	
0.108298917017	0.146514422518	0.576130906049	1.40457027959	2.06440620655	3.20881606514	4.64401309171	6.70732656914	
0.0781674650022	0.142844401935	0.682623522304	1.37366688292	2.38858873552	3.31202614921	5.12410982188	6.17487504457	
0.111790678333	0.15473991962	0.666972674848	1.68029392879	2.29703581739	3.55892335279	4.22674806042	6.00129669117	
0.087070383829	0.157663590901	0.649834298536	1.26732344981	2.52891164794	3.12606814921	4.94117512869	5.82920241668	
0.0976604492982	0.108562759322	0.600617502624	1.27571821402	2.31776711017	2.99908047029	4.22250393195	5.99496381149	
0.108910402702	0.152305515069	0.577178271058	1.50795529933	2.22512617052	3.10958544592	3.48919117612	6.81714493979	
0.0940148920727	0.161263324043	0.632581620729	1.23894675806	2.03676255395	2.71827819499	3.8608838696	5.86946407101	
0.104682052649	0.170246673094	0.595202322945	1.2610841979	2.16380603374	3.23236932901	4.46348356507	6.11565109096	
0.121012474175	0.158581971314	0.510880710634	1.44514394198	1.81523406017	3.42034018677	4.50939025779	5.24076938456	
0.0972036893215	0.148863927983	0.710782115208	1.20416908704	2.17834405465	3.31096340385	4.35958595244	5.80821609162	
0.0899752131662	0.155785105385	0.573209301379	1.34675647927	2.3269676294	3.49038806011	5.0362990374	5.68037914333	
0.11649191396	0.135013987568	0.568000108864	1.15459549904	1.8602337666	3.66678751091	4.08356685754	6.24562319492	
0.0823083940245	0.148101771853	0.422687427732	1.3150500126	2.25917924872	3.5394250877	4.72562126001	7.14285732484	
