3	92
0	0	0	0	1	0	1	0	0	1	
0.948462635288	2.18240724571	5.28958991725	
0.893795573382	1.98393822533	6.07437572907	
0.886591920773	2.34407238903	5.49122719153	
1.13305923481	1.83344155945	6.18342995783	
0.780219717995	2.37529717763	6.02812971759	
0.949135103264	1.95708984591	6.65157081823	
0.989784374112	2.0327357287	5.99006602129	
0.847199981806	1.94163315904	5.63081578191	
0.904522359239	2.15037573685	5.97340552006	
0.849537223905	2.31319389499	6.65370548531	
1.01496489809	2.30183450464	4.4984732778	
0.837142963602	1.82999496923	4.93641380719	
1.03638368431	2.51445527889	6.0045421769	
0.973833683011	2.07275322954	6.70181299525	
0.956042476225	2.03789479971	6.33737803189	
0.913107673278	2.19205065758	6.41599806551	
1.27969443812	2.53403612741	6.09001015987	
0.842605061776	1.66548994015	6.77054686861	
1.03414337799	2.01498820675	5.94744643134	
0.949344084234	2.27772482439	6.99270418594	
0.808815756699	2.2948353655	6.13129461127	
0.882557346287	2.32338905736	5.93322238013	
0.922522360993	2.21746489962	5.72521487839	
0.990858799914	2.06456950735	7.01408582414	
0.951235037304	2.00594144029	6.18526588787	
1.02202355926	1.81133438011	6.76023465634	
0.961646693526	2.14347092555	5.58821811501	
0.96227587591	1.96001484786	4.80647093028	
0.863689073967	2.09140238039	6.36788591691	
0.909651225009	1.90380490297	5.60333686335	
0.93191951104	2.28880338469	6.48791081652	
0.803336775487	2.16099863217	6.46423233573	
0.848804886568	2.53704724097	5.703307004	
1.02485633058	2.29860126216	5.5873482023	
0.931504337104	2.44328964257	5.67787312382	
0.946486706058	1.826282415	6.21575215633	
0.892379072254	2.26263033742	5.49337479777	
0.959734051883	2.07469671237	4.41725036661	
0.938171400409	2.42113136782	5.34213675393	
0.870055895979	2.43494961935	6.33388957256	
0.899410443247	2.21358906236	5.62459774256	
1.15984676103	2.34067647615	7.0252844216	
0.938547949567	1.87612541475	6.30200319666	
1.04672544068	2.42888375162	4.98740287232	
0.949662399471	1.8064490024	5.64845797636	
0.984444161237	2.43624799651	6.13349035358	
0.82325964349	2.2788647152	5.48947713693	
0.902814125651	2.16944472574	5.59808708264	
0.989189929796	2.31177852493	6.61691156405	
1.06255591638	2.11921753925	5.26382684846	
0.824858660702	2.52305927285	6.96917386176	
1.05446799637	2.02411609728	7.01286260335	
0.914219379625	2.22376146538	6.49586124531	
1.04729318528	2.26636446442	6.82500637868	
0.931235406873	2.10638230507	5.80779634496	
0.823108281283	1.54836397468	6.62485501779	
0.908227351304	2.30977602553	6.35896747262	
0.944702877554	2.35306396011	6.64290321677	
0.84148984216	2.47957983677	6.51861886544	
0.848570204316	2.01041761639	5.25427910696	
0.988386178426	2.11197680871	4.50426992612	
0.878449333526	2.06810340236	6.06340406644	
0.786856644029	2.17507997799	6.90044031264	
0.94739170296	2.2767315273	6.93803034762	
0.921207452622	2.12273490041	6.20691165992	
0.847708524506	2.00066957917	4.77647882048	
1.1428161086	2.32860096299	5.43160171684	
1.02521871759	1.97627002417	6.04083346553	
0.935857582933	2.05407222831	5.51230281578	
1.04239493461	2.16816664773	7.00915976487	
0.833191458022	2.04834452834	5.97259109101	
1.03259860344	1.98031936003	6.34277523474	
0.961891300865	2.45711578371	6.29878371892	
0.762941970531	1.93200841416	5.42203709513	
0.887918251905	2.4347449126	5.84088737204	
0.933211497914	2.10163492764	6.32330465605	
0.862868015467	2.11332126667	5.89038025382	
0.923404740818	2.02835492858	5.19898910527	
1.01673581108	2.12497284648	6.67710725058	
0.974590761662	2.260654727	6.6784019581	
1.17160524136	2.43030221093	6.53183859739	
0.957184351474	2.42064538358	5.55208453222	
0.984382032243	2.42460044746	6.57143407381	
0.922914247422	2.24791797852	5.80250797607	
0.858554629077	2.46192059068	5.73946835895	
0.888830645312	2.05955959507	5.58246093168	
0.862600385559	1.77907029936	5.06871656233	
0.912082729912	2.2481263116	4.99429050169	
0.946915937664	2.42586504053	5.71709367376	
0.83799546221	2.13707315265	6.31152195602	
0.877985997167	2.35486601607	6.28159239868	
1.09098675779	1.78849694047	5.15297002077	
