4	50
1	1	0	0	0	0	0	1	1	0	
0.0855074820211	0.158045161495	3.21951933092	4.49007810127	
0.119032209908	0.15302828443	3.74755071556	4.71221770942	
0.103725296703	0.1284400817	2.99775510464	3.9756371491	
0.102943322946	0.117315220094	3.92027544581	4.63163519244	
0.0868260858974	0.14605956502	3.71949773267	4.48023729837	
0.0933930559923	0.155224750119	3.21072778581	4.62555444608	
0.0956243154999	0.151212722261	3.33744873423	4.77008866284	
0.109367767153	0.132835585701	2.91838175712	4.1035579034	
0.121536853835	0.132884360643	3.46962376321	4.13612883937	
0.0989866070844	0.150240884164	2.53545768545	5.11769944672	
0.10701697294	0.154481320762	3.5296161744	3.9709075351	
0.0886185687002	0.150066308258	3.39985357435	3.77116920718	
0.113261195335	0.165846850141	2.99301739487	4.80392542031	
0.0978556059226	0.142807114075	3.23948965406	3.88696672541	
0.104685351293	0.160988969269	3.43492752878	5.15022035372	
0.0910183346105	0.158438746032	3.93774202734	5.20769184414	
0.112663888239	0.158754509738	3.28575904805	4.60383359429	
0.100942460947	0.161966719993	3.56267584799	3.92470287032	
0.0912216954163	0.135945972975	3.10421001152	4.46850757614	
0.102475112273	0.157427145226	3.51079092378	4.59114081559	
0.0986462374344	0.137444488805	3.07810502079	4.27663991691	
0.107747660322	0.158189924241	3.32555044128	4.73944928292	
0.0981313371515	0.141482117276	2.69824036775	4.30077414914	
0.0844872126245	0.153469803877	2.9197195289	4.40985665161	
0.0976091148829	0.116586088362	2.61897242513	4.77945955939	
0.100687528113	0.170715146405	3.41421747715	4.26157637882	
0.0795458703208	0.161894383557	3.71411216445	3.59784549393	
0.101386090053	0.146751660769	2.53975387809	3.92825185844	
0.103718164548	0.172020477597	3.28243708572	4.52663040179	
0.0989980605733	0.159473339334	3.09530404531	4.60505187323	
0.116032586119	0.133726063401	3.29478938387	4.39478943059	
0.0962013224449	0.143266519467	3.21553832989	4.42733093404	
0.0944147599722	0.15808384791	3.13539220751	4.23431747191	
0.0920902806866	0.160940419807	2.7695044027	4.5985267837	
0.104503099765	0.114253512398	2.98699543111	4.93006798932	
0.120403737291	0.13853791267	2.95828798982	4.17573301304	
0.105884794093	0.151344546267	3.31355553315	4.85956554988	
0.116257581612	0.1210958073	3.46083537094	5.01946887547	
0.10602246375	0.144451658774	3.64416926546	4.3028841075	
0.102271914457	0.132562717294	3.19311987409	5.06878591855	
0.110763706943	0.158382341205	4.04987586015	4.89139807813	
0.0955042765576	0.154732129995	3.31046358732	4.20580488855	
0.100479552681	0.152360793463	3.5721993045	5.07709345749	
0.0874014895201	0.156605694575	3.33548147524	5.02706507838	
0.0941070951141	0.145553915588	3.33787505395	4.63747744801	
0.10715263217	0.166402725333	3.18041422174	4.09698245946	
0.090561323952	0.170806805004	2.93013129416	4.94957179527	
0.0790831661203	0.159390565385	3.21462332033	4.85838844663	
0.0976654693086	0.148313687113	3.31696322526	3.99353528338	
0.10144245783	0.150957837233	3.79098020095	4.90112692378	
