7	77
1	0	1	1	1	1	0	1	0	1	
0.111378776824	0.302190236012	0.667084651587	0.875249286624	1.72390389533	3.39198481398	5.51968377369	
0.109794652901	0.434462849848	0.636251422147	0.88852972376	1.63567379872	2.94810365059	6.64291959571	
0.0759167370383	0.384470133246	0.566508595597	0.802368577252	1.61659868029	2.55214716208	6.83028977372	
0.084672264576	0.42002744284	0.553240898122	0.748304595297	1.36524665373	3.43325278939	5.46098051403	
0.102602441845	0.406212181449	0.689581949159	0.935882416196	1.59670117214	3.5260145903	5.94458089457	
0.111471253553	0.41397429768	0.590034089365	0.996352111504	1.46885417395	3.42812010022	7.1296439295	
0.0919574237845	0.389678506615	0.601836422478	1.00330591379	1.36537984572	3.06591410105	5.96139192004	
0.104750457316	0.362630022392	0.440726498067	0.84144996233	1.6322699706	3.75275080036	5.70223833966	
0.117974767769	0.367590066845	0.507901741017	0.901536636653	1.5337328087	3.06627679233	6.36201063445	
0.102668973207	0.369115796279	0.646580160529	1.04430869861	1.45599033651	3.44165499318	5.12612546694	
0.113915197527	0.359746173646	0.548297978401	1.01246862295	1.37511716426	3.02437260492	5.82383711291	
0.0878396050246	0.353216967107	0.661337740218	1.03841572602	1.43935653627	3.02917798371	6.24828904657	
0.0810363679259	0.424497710459	0.595821554294	0.833803214836	1.64265925123	3.2638423852	5.74427159264	
0.120496081737	0.360035429485	0.644919734591	0.994474993694	1.30881025002	3.20460785883	5.84878275077	
0.0823327911474	0.30536654234	0.469452855289	0.888169007822	1.28796032148	2.94719649008	5.74755454974	
0.100036739042	0.368117281091	0.557717789763	1.10957791705	1.40124376594	3.57447274188	5.25807732571	
0.11335192881	0.359158072064	0.768094396804	0.807998466948	1.27741209157	3.18866365344	5.78709381215	
0.0882735783992	0.4360097157	0.682126598932	0.898342705922	1.57437818131	3.71220441629	5.99423074157	
0.0933030311916	0.428709656823	0.667567140128	0.813443199811	1.63249502265	2.91846087801	6.2274358093	
0.0918394148584	0.386235227911	0.606938351518	1.13758964047	1.19807085499	2.99956501953	5.72076132027	
0.103288742276	0.368144129367	0.468121965149	0.998540759248	1.62087459203	3.39059537305	5.72613016828	
0.102046880425	0.333758081254	0.663670573061	0.976267893868	1.35371502945	3.27665277085	6.61880482784	
0.111644749294	0.377175683082	0.728792252829	1.05722894679	1.50549104349	3.12147602218	5.78093374251	
0.102005671412	0.375808274035	0.702022817342	0.842856305067	1.50231621413	2.59941087181	6.22629502059	
0.108719080046	0.434733849329	0.564512662629	0.863782368832	1.57633618984	3.63837056617	5.86374955329	
0.0804050753692	0.33976611842	0.594450970376	0.798125004889	1.53420809205	2.99888500876	5.95658543543	
0.11094762497	0.393970234484	0.71666242066	1.0599918966	1.28143912705	3.44269788175	6.091744466	
0.111871685154	0.399887862371	0.570015014637	0.974275136133	1.37723021164	3.03995625537	5.93319789189	
0.102487741323	0.429409102579	0.570200480417	0.75174933104	1.40182190048	3.33331873964	6.10942478491	
0.0974627344635	0.416085278333	0.618739930378	0.986080113153	1.16731461056	3.19356303386	5.91650868672	
0.116839199835	0.375963944583	0.560390945968	0.863145624518	1.57003046528	3.06135025863	5.48823645387	
0.109167181965	0.394893918212	0.585831874552	0.80653258878	1.50925914757	3.51875311013	5.42803289644	
0.103648266709	0.3761737979	0.546956193867	0.888692919013	1.42326934318	2.82153782493	6.34249266508	
0.092896598346	0.354521561921	0.630334799537	0.887895129725	1.39918309669	3.21569340995	5.53490952387	
0.0948204181686	0.379327057488	0.599071463214	0.979013995908	1.51169328353	3.64606773162	5.09617517697	
0.1091294689	0.367059495305	0.639496283901	0.961566290848	1.34745703023	3.74403337232	6.45672581061	
0.104207134879	0.463223536186	0.541543935406	0.932332529247	1.51038375518	2.90321976374	5.60162051653	
0.109966877223	0.361137077428	0.652313139175	0.871447797429	1.71887223778	2.48864117513	6.60517921465	
0.102508927457	0.321834712783	0.586617646703	0.750834184276	1.48038380356	3.05601711259	4.83011878506	
0.101656734537	0.385503592618	0.726414988224	1.00700442711	1.08858879078	3.07828416737	6.6628328606	
0.0837322984494	0.350680482241	0.600108542611	0.880892257771	1.65753965478	3.30952156808	6.01998770903	
0.0908327238394	0.338107588757	0.606241312968	0.922541974868	1.25595310772	3.32606065434	6.03443008081	
0.0969176360622	0.425315175989	0.599258406646	0.907862025974	1.59175738745	3.20095058384	5.7591097758	
0.0882987774132	0.382304179255	0.655946157714	0.891222534982	1.23990857891	3.57855266734	6.63017152148	
0.105849538583	0.383652047205	0.625206252241	0.785836153454	1.34675258425	3.46956505246	6.20299583317	
0.109025477133	0.438286358322	0.525891784625	0.974972211744	1.39305316042	3.10489619234	7.48311142848	
0.0842975958196	0.37308541495	0.585823818421	0.934433283068	1.14794506623	2.93113883464	6.02930600608	
0.0860468469364	0.416231284047	0.634777283338	0.782388757099	1.39705904216	3.37204461764	5.17453804515	
0.0842254111537	0.343613175195	0.761248276782	1.03177344148	1.34297094642	2.81739321539	5.50480769631	
0.115223514204	0.457283130809	0.551287501865	0.958931461142	1.39249977209	3.662853142	5.34363710598	
0.109789955225	0.329074654351	0.656865323396	0.850882169673	1.38503390505	3.04023722623	7.17668174823	
0.109939927377	0.36436864736	0.550514884256	1.05216479844	0.944039020071	3.40573280239	5.4244270448	
0.122541621959	0.483766937149	0.601841403014	0.89601352614	1.43972497334	3.04797541261	5.52333975271	
0.10234568606	0.403702540094	0.607996494487	0.956979613829	1.33954447419	2.94650882537	5.43386043759	
0.107719503574	0.383025387774	0.612091570917	0.961744067446	1.421731904	3.28524859067	6.77748733257	
0.107769160365	0.373450419498	0.571668767333	1.0255370773	1.47758622599	3.14990367819	5.22519074902	
0.116940427757	0.337172176122	0.61706560946	1.09974744631	1.38120527573	3.23521987556	6.51223666125	
0.0880686432777	0.316547568296	0.578573722285	0.937505526422	1.43992326713	3.71059066362	5.43245947322	
0.0985628914149	0.437276192721	0.583329318608	1.1147887374	1.39649560781	3.02443662406	5.97650147444	
0.102595919074	0.364361251521	0.623888352514	0.916126607766	1.61153619859	3.41506510222	6.00645705424	
0.0968349317426	0.410507977752	0.601870115867	0.887919819189	1.32659092642	3.47730391077	5.71701891789	
0.0970007781039	0.401023782221	0.664253867222	0.985349223891	1.5519450856	3.48061267471	6.00498162224	
0.103945839154	0.449383901394	0.588243795449	0.828402211263	1.06872808121	3.87906201058	7.18848417113	
0.090091426557	0.428866639061	0.661952182869	0.989633792374	1.50195723599	3.0079941561	6.07759009364	
0.103479679139	0.382650015889	0.596716161411	1.05093640163	1.57524307932	3.53412903705	6.55943156486	
0.10229325679	0.424307925729	0.528113017715	0.936468858493	1.53125107351	3.42662030115	6.22461172784	
0.109270875914	0.434759596755	0.536187512953	0.957933403312	1.32670664021	3.59776273349	6.43439252438	
0.0902966604523	0.379746241322	0.509931880474	1.01833698066	1.35337679675	2.88268185989	5.79263200996	
0.105838548391	0.390902197368	0.570653589813	0.920240175789	1.38827733403	2.94642393298	4.88060131205	
0.0999355935407	0.402230257406	0.599043484591	1.12062645475	1.34480278885	3.23638727378	6.29165829654	
0.104407011317	0.370276049402	0.59674700069	0.922250705201	1.52770675407	3.02415704074	4.53975470117	
0.0965688635136	0.444138198714	0.648076871462	0.784117343963	1.52653920623	3.31774045453	5.77503984651	
0.089218796455	0.349083562232	0.566403895224	1.10067835716	1.52153502643	3.01938444452	5.67479888595	
0.0996255147186	0.36353928563	0.600940762523	0.916446837757	1.44390977561	2.60054714574	6.48017425981	
0.0943986838486	0.414460264668	0.731764387346	0.794901763309	1.44407553966	3.11347482376	6.23688767039	
0.0789265299622	0.366386917621	0.550882664434	1.08131367037	1.69588025304	3.15701065138	5.31164628063	
0.0916140611206	0.381484043632	0.515919910597	0.978272447505	1.40193349997	3.36580596764	6.23663703504	
