9	27
1	1	0	1	1	1	1	1	1	1	
0.11379416198	0.142441078118	0.615713329257	0.913790842995	1.43711373256	1.95202843987	3.26268101263	4.38406872447	5.70533455711	
0.0944747989565	0.144104009327	0.657540964209	0.948328469214	1.39651602531	2.25026015225	3.38292071235	4.42092783685	5.29524582962	
0.0758340538781	0.176197065401	0.591112038525	0.84936016387	1.31568988407	2.3461747065	3.91680765332	4.95068026038	5.49877341547	
0.116844297631	0.177430906216	0.481058684463	1.08496190042	1.30033112274	2.21154534996	3.83808676355	4.0979194987	6.47293619421	
0.109368357051	0.155949900231	0.530574602841	0.947625844761	1.31433931705	2.30484205324	3.68812969198	5.17192335171	6.73078902935	
0.0816851607358	0.130425603778	0.514069926637	0.904601177425	1.55874687844	2.12791074321	3.06591547907	3.72616289981	6.74162712858	
0.10675383209	0.156473644378	0.562141629755	0.967088321809	1.34698621116	2.1373777774	3.52006467399	3.96340219054	6.07767316098	
0.113280521832	0.179343357837	0.528524678366	0.946100648516	1.34440919539	2.45482998474	2.88620785349	4.80980441613	4.78140171372	
0.105663519956	0.163615401797	0.564194257235	0.726709916972	1.57910976	1.7359599528	2.62934751544	4.70179914763	6.50898431291	
0.101387082108	0.122127076168	0.489445954248	0.919520783893	1.64414566009	2.44464196411	3.27573555616	4.31843947365	4.83116842289	
0.0958027347651	0.137048582819	0.673368052364	0.931850709297	1.35368827642	2.09243739371	3.21576985024	4.6916132542	6.90720048229	
0.0900412617277	0.122887998504	0.532431313284	0.905694638047	1.3598693337	1.90099042097	4.11562170337	4.99991287615	5.52404310893	
0.099805479077	0.162336800102	0.634322548488	0.950098254881	1.30375210498	2.29730344691	3.44762180226	4.51600792805	5.71439045453	
0.100193548154	0.149766111554	0.455586980024	0.836609031832	1.34536527959	2.02718684785	2.82136175985	3.79126370435	5.99618664659	
0.109334217886	0.138126969882	0.643763423965	0.904926750951	1.58532448372	2.21765413487	3.12213353183	5.59399329224	5.737576062	
0.101400344832	0.162099112384	0.549308037564	0.813045859865	1.47333209861	2.22420587152	3.05773651326	4.67191448369	6.36928882699	
0.0907319768997	0.164474513322	0.539200455473	1.00160638407	1.67032385566	2.22662963446	3.0616561978	5.01997531726	6.02769846349	
0.10173623141	0.167110730977	0.734053356058	1.00424653681	1.49931168276	2.00049274412	3.29793581829	4.93193989045	6.09696640223	
0.117161089632	0.179773478361	0.695688359136	1.00817953712	1.31928076837	2.00976591039	3.20994664307	4.01991511863	5.97395569385	
0.0949219335494	0.156937561608	0.580030683983	0.995663802334	1.27805038789	1.84650958054	3.15809587796	4.90861484614	6.26509855299	
0.100619970353	0.164492931817	0.638740043022	1.07826038325	1.39377986982	2.28405969739	3.58048965958	4.28480780637	6.3367061378	
0.111452095653	0.156890532765	0.521722505748	1.01016115123	1.55000547584	1.80180394616	3.3377709536	4.81383529292	6.63726817962	
0.0977977059333	0.153745769662	0.487088939114	1.02499186966	1.33236093932	2.27445824681	2.88856571429	4.74443981713	6.12075824604	
0.0981784152043	0.106214837058	0.540965739049	0.954211562409	1.26246640591	2.11765299926	3.03868377335	4.98663042907	4.97291736607	
0.0950172031661	0.147151985693	0.674566125196	0.977714070465	1.56640297631	2.06607564144	3.22562053337	4.45335969842	6.09414246793	
0.10823230623	0.158798535626	0.706357355864	1.02124190339	1.44475359407	1.99167930862	3.43926064469	3.71453182307	5.58034544726	
0.101707873702	0.167442597338	0.587363820963	0.961898027899	1.35540330732	2.61028261592	3.56626566406	4.60932971071	6.47507821109	
