10	100
1	1	1	1	1	1	1	1	1	1	
0.113413723488	0.156003892752	0.369132599197	0.626322133686	0.793273520533	1.42846824114	2.15396430052	3.04480676767	5.25047439568	5.71317816523	
0.105676563719	0.148456717109	0.333032199662	0.521325779095	0.878059904388	1.47101557019	1.76630735637	2.82764809318	4.22597174495	5.91610574334	
0.100575073013	0.145855073728	0.358862230963	0.528560995742	0.958587295142	1.45839685386	2.43936305	3.28060839626	4.43129781818	5.34184934855	
0.099144850247	0.139879692013	0.367000174583	0.611487337488	0.965900636397	1.3794782821	2.25845682023	2.90827962786	5.54090488313	5.35432398272	
0.0916401782788	0.104256017349	0.315692953588	0.581310304348	0.909742075205	1.41801283308	2.24195218671	3.45542919056	4.60636459835	5.70008769597	
0.0892453967582	0.147932034055	0.347479172465	0.679964526727	0.937894876143	1.36115997686	1.88203376732	3.39811458335	4.60708813655	6.17774981676	
0.0954702577607	0.124048295965	0.401163638499	0.628399554783	0.868864137592	1.55000590782	2.28891605868	3.67015483693	4.74447190078	6.01844723714	
0.110050390517	0.154007980858	0.406269700743	0.511440801061	0.983462396048	1.41886386539	2.30468269236	3.29556631696	4.57479585785	5.9262598151	
0.0852843051705	0.152867359604	0.394365055648	0.594689314149	0.988095354369	1.38691837021	1.95621295543	3.16481077047	4.92098957884	5.63778169534	
0.106369668924	0.153090334375	0.370892412822	0.649279233848	0.904830310663	1.47589993319	2.42009805678	3.80044846276	4.19246428849	6.42802379995	
0.113528885202	0.173679658211	0.370590378447	0.563535897061	0.976780168683	1.50012561637	1.91667330994	3.4509819471	4.88220874574	6.21587831145	
0.102211607146	0.139859531331	0.330728865553	0.609018331147	0.941602219003	1.2016223443	2.23838068089	3.52492191553	4.64672574748	6.49047306418	
0.100514364486	0.146132574294	0.424455055237	0.634720650034	0.842572414234	1.27693881671	2.41885397467	3.03103881281	4.3259823043	5.8659122902	
0.117762631171	0.120919895824	0.393040895221	0.692280873149	1.00593107217	1.47814693828	1.96654928162	3.15932554477	4.55501615019	5.89475142505	
0.108223119378	0.178745864611	0.387102803378	0.638018398976	0.925977853898	1.3407614677	2.26645438554	2.83623870722	4.7314632766	5.33522717992	
0.108433377931	0.13242606179	0.405573303376	0.698259897472	0.892523773073	1.34919272526	2.1251277674	3.43608472944	3.77023271637	5.75611609524	
0.112820869427	0.151430235442	0.357583460521	0.575148453701	1.00686037029	1.58309550189	2.26318686054	3.47393608127	3.9821554486	5.83764125172	
0.106493841662	0.155522169791	0.382459020889	0.527776625928	0.951695663682	1.13664589805	2.13274065592	3.16652235125	3.96194280025	5.96758874619	
0.087917200809	0.144824634686	0.318702877887	0.689105870126	0.710656313254	1.49136738045	1.74892233439	3.23018673493	4.75248066488	6.02468829131	
0.0983279973532	0.134380301711	0.355943231074	0.628977260707	0.861076621225	1.65523750501	2.25546703501	4.00194576437	3.97520849456	4.34979891234	
0.0978872262798	0.133014427074	0.395797321275	0.615914307913	1.03319247251	1.49141534486	1.82665399891	3.26301813133	4.92856352117	6.63398254243	
0.0999023586867	0.146481170706	0.446494101483	0.579607179937	1.01305642539	1.61511380823	2.42421655629	3.58872201321	4.80750734406	5.93384286099	
0.107717247081	0.14614642544	0.419496932924	0.523210951579	0.927801060986	1.33080428055	1.77585244939	2.98789767373	3.65913970006	5.67497856222	
0.101773597267	0.165736335435	0.362877894965	0.486774886102	0.906390285633	1.57666650373	1.75118229069	2.97948894019	4.41000831295	4.98246698114	
0.0923711217367	0.170506486417	0.405960942968	0.53000482666	1.00261981599	1.46687958545	2.52813017253	3.27921037609	4.09523523891	5.23914543329	
0.103264351887	0.148584105306	0.396615820951	0.555268963653	0.991786975623	1.59843918439	2.19400488105	3.57380719353	4.63445070611	6.13116934445	
0.094933864134	0.168116063836	0.357519093749	0.61362578861	0.840326293116	1.55016958791	2.10864168427	3.41730480252	3.93091796118	5.42930895335	
0.0923273001419	0.153811682514	0.384828474238	0.582643332173	0.862822474206	1.24255568797	2.28590512941	2.91898605502	4.68388327626	5.09682357159	
0.100600016083	0.168618403877	0.396036981796	0.605056651738	1.02565788107	1.34058848688	1.99913544547	3.3601303116	4.31578187424	5.56492811577	
0.0867250782382	0.134128785819	0.412397273858	0.649372981033	1.16762628284	1.58521241074	2.22676445362	3.55069539477	4.01980254832	6.32379983529	
0.0986650178711	0.183862486205	0.426853564106	0.654069630904	0.844258928668	1.91179855066	2.1084682853	3.05174167607	4.91937579927	5.11817476436	
0.0908050972059	0.138454750428	0.390789744418	0.618085809176	0.873256226929	1.39389036769	1.4948885362	3.20101612569	4.5613910253	6.64498512596	
0.0997386713317	0.160421569122	0.370455940096	0.724233119069	0.938074617796	1.4390339411	1.95384831938	3.55426006527	4.69002393557	6.71153224641	
0.0954742867474	0.152863299545	0.437327602698	0.721141734483	1.03823230833	1.52904989428	1.91040834444	3.14989501301	3.55097451849	6.35114560816	
0.0985304114581	0.15999503455	0.37094557673	0.552295329185	0.88669956183	1.65095817815	2.43363735485	3.24076832768	5.20236467271	6.64364519903	
0.0953227198794	0.140194156472	0.345019591434	0.587437572072	1.00324724653	1.35539992479	1.9468408224	3.75450376968	4.73664225029	5.9700422004	
0.0782781634385	0.162077783263	0.333122796813	0.611502596509	1.00514934651	1.59094674939	1.94593770492	3.59968384874	4.55791560661	6.25389532703	
0.088254624897	0.126222536923	0.452748683796	0.69990226303	0.750935179113	1.5510789566	2.05240386581	3.58303927689	3.80733196541	5.89088589382	
0.104870455552	0.123165125919	0.328579879437	0.579847356858	0.812945488365	1.41595018821	2.10443667761	3.406408497	4.75922259605	5.6767270786	
0.108725430694	0.131910790782	0.343454432141	0.450098117691	0.911195907703	1.62450006196	2.15228821634	2.93597368768	3.53192540453	4.88286359425	
0.0954835195896	0.143805189117	0.401246025627	0.678219068488	0.963089024468	1.34895106535	2.28189506461	3.42340608052	4.99021537853	5.463224339	
0.105280548198	0.159040749442	0.371549108059	0.518842989327	0.934147155732	1.32126964203	2.34340977725	3.20811804357	4.51052617028	5.77634784066	
0.0973359663667	0.175753111793	0.402105749399	0.516776313207	0.925948741078	1.22842183946	2.51291135041	3.68126588515	5.26065166469	4.93807449028	
0.0888814210952	0.137314278056	0.341183195505	0.540852006791	0.847316299829	1.39006117184	2.24216272193	3.4398679289	4.96934546999	6.20032563923	
0.103351359531	0.169298916278	0.41088165796	0.619071375707	0.75621119937	1.648244022	1.77777025001	3.00443144704	3.44256037782	7.11259494689	
0.0937121518938	0.151076819475	0.314631989779	0.61224985541	1.0335990748	1.30508295422	2.14639706624	3.35735444273	3.9723655995	6.47409736871	
0.0908293324542	0.151857195233	0.374375917915	0.670238625329	0.950242013151	1.10807567246	2.16874123758	3.29231731187	4.69892275642	5.65631563088	
0.0846409286016	0.126488644944	0.370530169832	0.695607726173	0.922519978285	1.41058201667	2.19474255453	3.54026739029	4.31157983745	6.46701888063	
0.110268452956	0.160201501972	0.420852173735	0.712773209207	0.921004656688	1.35865296719	1.84479558153	3.3516169942	4.45657102017	6.46872110133	
0.0977386200622	0.134224579027	0.377050236481	0.491694708173	0.920282049676	1.33585282406	2.41585891588	3.67844955333	4.49817621679	4.85693499988	
0.0889642900478	0.149861062499	0.34625210181	0.582142471937	1.08391545205	1.36298369165	2.1589981387	3.34254011394	4.06555233873	5.60315534028	
0.0972313871021	0.15180512003	0.413381493229	0.533551391066	0.931066082062	1.00505780978	2.13521708888	3.3614012012	4.56905169932	7.18672215655	
0.0934781961493	0.144749959347	0.371725513332	0.630738689688	1.09460305086	1.58419491214	2.04111500871	2.7362178631	4.91709233742	6.12045032392	
0.107415649619	0.129837094916	0.353054727721	0.543117396182	0.998938912	1.13220442548	1.85260739049	3.33367375791	3.61974635697	6.16373178501	
0.0943600593121	0.110009598591	0.42097462495	0.480814197292	0.982244691396	1.57243674923	2.21619691705	3.56712264567	3.81658335222	5.53835759496	
0.112279503127	0.172285539351	0.461052883943	0.56667271325	0.928343441362	1.55640055578	2.07837724651	2.55409637387	4.83466913056	5.90571232536	
0.104063843367	0.162408842048	0.406791435875	0.625682335119	0.952753888835	1.52116697398	1.92601698839	3.14046557673	4.16712857347	5.89210056746	
0.0974900683913	0.12334734187	0.354065875351	0.662700994064	0.897073193646	1.4473157	2.60166515127	3.37272236041	5.21856641838	6.16741439395	
0.0958532796909	0.144468931912	0.395631705611	0.612372861349	1.04606630373	1.77976119461	2.36484101433	3.3108627063	4.7563527763	6.33996248775	
0.102669454442	0.14393391053	0.361208338819	0.621641628462	0.843903257187	1.42061366673	2.50618071119	2.85678997212	4.30270959758	5.79853190887	
0.110787251873	0.156848235608	0.413001477969	0.669369692302	1.16207239811	1.16407251725	2.80475446602	3.652438952	5.57999064463	5.79524657448	
0.102059128742	0.135427127065	0.321703895022	0.603040301517	0.897322014395	1.40053801503	1.98182576464	3.39849742042	4.6256546344	6.12423720259	
0.0919767489474	0.136999860437	0.384311435908	0.537234450746	0.962240557635	1.27111110799	2.39772090807	3.04818507624	5.19547239718	6.36763020202	
0.0920618028539	0.155656106273	0.427885005986	0.559049441139	0.884982333199	1.47760667313	2.38374229324	3.21369116437	4.67056794034	6.81942345415	
0.0936766779009	0.134130637247	0.424462385427	0.638335249625	0.793466843556	1.65804528369	2.30121235344	3.40657707101	4.4475020867	5.68398449549	
0.103049083212	0.16642179746	0.346856204621	0.597894996189	1.01197811762	1.58797525257	2.01127109066	3.29281329214	4.28853186042	6.08977505633	
0.102136560808	0.152795885726	0.425247987017	0.606332942895	0.782729272025	1.32299077482	2.75231129382	3.00378956256	4.74111706004	6.83928663005	
0.118090515497	0.152742074203	0.414547473247	0.597517176522	0.862842292102	1.42913910901	2.01424389727	3.72041857971	5.32117137744	6.14002433153	
0.0915070757801	0.135078442712	0.42914325358	0.555082708505	0.782569157455	1.57275232708	2.26578465321	2.89746906239	4.47484826939	6.5442568971	
0.106754567372	0.145887385072	0.34931697144	0.559950671818	0.958564444429	1.55509437455	2.25784635985	2.89061077006	4.78260101878	5.12025797715	
0.115846477127	0.175997509029	0.375742805776	0.562062403124	0.979806390865	1.35427233402	1.93484244647	2.70035680277	5.11295051215	6.52871544775	
0.0944604599163	0.157410807966	0.364157250206	0.585428070486	0.889916667502	1.54903210194	2.06842578855	3.00562929451	4.0815898004	5.20756154326	
0.102840930547	0.129138261715	0.427682258853	0.622397762795	0.670458614015	1.3544345593	1.9297625743	2.52124401125	4.8920456776	6.33648165448	
0.110423994083	0.153220888661	0.424050183603	0.631867625382	1.02747682393	1.53380172641	2.33561288655	3.47459633071	4.28350074255	4.94544293012	
0.106305041725	0.144151359829	0.335620898152	0.59537287863	0.9126336311	1.51159175996	2.33950919486	3.37422246291	4.34788200072	4.73737549147	
0.0951914227265	0.150485521798	0.449008379706	0.518767690298	0.737280335651	1.51108766276	2.15876282751	2.97531803247	4.83141126854	5.25777504703	
0.123622090897	0.164568919968	0.41493202569	0.614549540079	0.96202192326	1.37320435667	2.23953246881	3.35886913584	5.09956849117	5.96590445699	
0.102538838514	0.132815393152	0.415580801526	0.607326532984	0.969087581224	1.53096157806	2.24876473324	3.09174521652	5.03257772746	6.25625532375	
0.0991996270328	0.160544156475	0.399048503044	0.575180390156	1.02954859824	1.58276630674	1.64736422597	2.8799254602	3.86915879417	5.09610264197	
0.11114503969	0.137054579112	0.416323608235	0.625939984522	0.955292338365	1.35070272835	1.97689194014	2.99170620007	4.77164571606	6.18867486406	
0.0708903076907	0.170307412092	0.370109993097	0.60728466897	1.00146883921	1.2618829325	1.82954259049	2.96659202515	5.03768780752	6.00883605791	
0.110957195167	0.11300997686	0.372645923123	0.528258092998	1.0261703155	1.36734917068	1.91949485923	3.13924708076	3.7278206913	6.01601995291	
0.0881840807081	0.132938607986	0.378996379519	0.469847638514	0.895108976759	1.34758566258	2.43372715954	3.47193995781	4.13369980131	5.47424451378	
0.103868749501	0.149735016889	0.430573463418	0.612786182384	0.950576258902	1.52677173633	2.49148067311	3.2873757187	4.85162810228	5.97304337118	
0.0925240696469	0.160098232718	0.355714092386	0.52867974891	0.890948206273	1.51231292768	2.13514993749	3.67569367876	4.92176395919	7.41985471483	
0.0988497570406	0.159353606997	0.438298154836	0.510883221881	1.06369054756	1.20395386602	2.46235604411	3.37424915475	4.44026679568	5.37419528715	
0.0869921694211	0.145102552328	0.362056062431	0.556787167864	0.888919097621	1.54515810849	2.50034593859	3.12057684831	4.53494381736	5.35797269179	
0.0967016718668	0.140078138748	0.409939656839	0.545982091567	0.969983647967	1.29736982318	2.53711336809	3.50166279965	4.54292891986	6.63170206366	
0.108644883827	0.15939309272	0.339061986091	0.669887486841	1.03498091821	1.36584862534	2.28542456048	2.58096854024	3.70141458142	5.97654528524	
0.109974035613	0.156177177654	0.37933800835	0.610412319052	0.943297075401	1.33029959331	2.31108482806	3.45466463781	5.32047773469	6.42225815354	
0.123294325546	0.143073367465	0.425492179211	0.709184932019	0.808271175989	1.26547055118	2.19760607571	3.43496893397	5.4043963773	5.6990167961	
0.0792664959243	0.154184770376	0.382206516144	0.627946664012	0.84891118587	1.17454709185	2.53588505981	3.46226158242	5.31092379905	5.25560331961	
0.101574789569	0.162404120777	0.419688493053	0.686360012984	0.843602439092	1.42087544335	2.3110128436	3.31338009809	3.54285821614	6.3827608802	
0.104496162124	0.142937051993	0.387629473175	0.475871952906	1.08898781465	1.43903265303	1.99199019506	3.82562749687	3.76874482594	5.68600989685	
0.112748949586	0.135613888079	0.356416886189	0.605170318108	0.987032797387	1.43157730882	2.21418931574	3.28556010343	4.48301318867	5.93104823817	
0.0988123696084	0.146706158447	0.304982728139	0.711566810306	0.817640763532	1.34838662167	2.40877999236	3.86681384887	4.99678936547	6.36841944581	
0.103315573567	0.145243946217	0.404190830738	0.666342849954	1.02594278972	1.58886509013	2.04017671287	3.26062597545	3.66675750699	6.79724504877	
0.0992314368885	0.123429089861	0.389693493177	0.668000368288	0.92240878212	1.49829838617	2.04011828445	2.95271870189	4.6956224931	5.49868799453	
0.100662362981	0.131464986684	0.375394256961	0.646557260822	0.808782749554	1.36892440724	1.97487076644	3.59322342754	4.50262842115	5.95574600493	
0.0981345722309	0.140739601181	0.318984001222	0.581490845858	1.01643727651	1.35110768693	2.27129830155	2.77806963572	5.13805271933	6.99145294167	
