4	91
0	0	0	0	1	0	1	1	0	1	
1.02550844723	1.74561438715	3.34405132177	6.94079922174	
0.772946438378	2.08698360934	3.62044967351	6.24138337472	
1.00751499279	2.00223071267	2.94426734762	5.88018555857	
0.954676360143	2.27897131103	3.39449675769	6.5872432812	
0.940771008834	1.92477122737	2.80960041924	6.45500010869	
1.02354405351	2.57383940042	4.03765090708	6.58342947459	
0.964092246459	2.05959919231	2.96602783284	6.04010020714	
0.920241192954	2.55961664628	3.44045496865	5.86210272014	
0.848000416665	2.26484510219	3.29485192173	5.72910225923	
0.866156231812	2.26806374661	3.11766716634	5.80595764155	
0.884930936428	2.75939477949	3.30129712249	5.50607630477	
0.690722390553	1.7972703622	3.15480572437	7.01702413996	
1.14267825988	2.0987716318	3.3683585314	5.90076575549	
0.972343621643	2.09830201874	3.06890427276	5.60597198716	
0.996034127084	2.4300964845	3.1039758532	6.43644002271	
0.944570339438	2.06776538944	3.47041401701	6.80878050005	
0.853357818076	2.08063432075	3.72668603918	5.97445752476	
0.856095959188	2.18652341752	3.25280915342	6.63336100042	
0.925939888752	2.14781787428	3.23314245931	6.10051942806	
1.07104239095	2.30584071954	2.91120620029	6.16894313299	
0.962155179931	2.23097152233	2.76905588403	6.087767351	
0.877184513001	1.82807285233	3.64300869924	5.83064639514	
0.905139673195	2.33965362659	3.58282462915	5.85071575228	
0.932725647352	1.9328255012	2.94372297792	6.77868460598	
0.934227889619	2.3585476831	3.19629193624	6.25207794712	
0.767831685376	2.33505200409	3.24057670429	5.71802118646	
0.988456197315	2.36365226971	3.11811794041	5.28234580545	
1.08489755017	2.1036365928	2.62631592055	5.74683716713	
0.971813816104	2.13240191879	3.2080611292	5.78886671631	
0.890847557435	1.8752440988	2.82827265962	6.21838901916	
1.04443138234	2.09068824272	3.70038865245	6.65929482132	
0.917735258487	2.2871504477	3.40903772132	5.69700933042	
0.729328696937	2.17983336023	3.47798392726	5.66789059654	
1.11666171253	2.37197909546	2.77140677129	5.88323823321	
0.85189573026	2.07101508679	3.46261941581	5.84895161421	
0.876959879266	2.17022858181	3.49692867751	6.44988951967	
0.987226172093	2.4445932023	3.22059213335	5.78327420955	
0.915543197012	1.97597909004	2.97936386528	6.44328480832	
1.00724622613	1.58113539109	3.55557700905	5.75322677683	
0.871190839019	2.07970387241	2.83980260043	5.89917416535	
1.10808653224	1.81724655386	3.45096065142	6.58476430297	
0.984122118461	2.47975203317	3.56902073416	6.40256879238	
1.0265386579	2.36325487993	3.13656855517	6.37870189244	
0.90461729732	1.86317114685	3.84693037227	5.6679537785	
1.03187868554	2.26496800845	2.95883101537	5.53449302098	
0.966952423437	2.23588169101	3.12774230459	5.05087070248	
1.00469784324	1.52111283796	3.36314453412	6.67969983936	
0.758020401044	2.18439459542	3.12526844898	6.11698149763	
1.02094363233	1.86051943187	3.17742498963	5.90131161248	
0.748767453663	2.27332420889	3.77929158561	6.40235193328	
0.942076183685	2.34047452915	3.05663468393	5.47110863523	
0.977768618796	2.19922191664	3.35201474371	5.48467768554	
0.790035972735	1.92658485356	2.97284502398	4.77530675741	
0.974191610302	1.87279115216	2.81300119079	5.8428469907	
0.845734798034	1.81077011703	2.7731353778	6.32132719125	
0.898712636307	1.82457284335	3.72318068974	5.57322862046	
0.97927574456	2.12676232801	3.28181975134	6.012437363	
0.801770495391	2.63247615886	3.00282344882	6.49523939808	
0.856462329144	1.91231844261	3.69500792775	6.93404028741	
0.972191959041	2.32352086708	2.84241042751	6.39565900007	
0.990357613943	2.24428532988	3.78515130481	4.63182443755	
0.913334384301	2.46865424459	2.88847570691	6.38971214271	
0.884817464783	2.16901498888	2.90635364399	7.35774600215	
0.823314140696	2.12201157578	3.16569153577	6.64459798991	
0.936483258114	1.81101848932	3.04090778567	4.70268370417	
0.936771389804	2.53292101976	3.18524124253	6.20400871606	
1.03250387384	2.00149224016	3.60741540728	7.1474326411	
0.764959969548	2.39444852137	2.76815184007	5.53514236435	
1.03522167887	2.21926517545	3.10088885898	7.34020746321	
0.899327070647	2.38572001439	3.15070865098	6.27469294924	
0.975756775808	2.16727257307	2.78895518161	6.16623740304	
0.876104927819	2.05155988134	3.4428499479	6.31470533449	
0.859708315839	2.19676552905	3.25661287771	5.48291632715	
0.855581826265	1.98138693123	3.2464248224	5.81748836333	
0.949465114199	1.9608753259	3.19373332858	5.94138588862	
0.960346628656	2.46600372205	3.59914568714	5.95533311278	
0.78168483223	2.03970609713	3.54931824001	5.96687745307	
0.813040264046	2.1058056149	3.09699844824	6.75648498807	
0.875832739293	2.2390615259	3.47368736695	5.25683546676	
0.8607460648	2.0582067507	3.29476657004	5.64308331942	
0.802067838568	1.93344924249	3.55552918391	7.24325905542	
0.958400538874	2.3819237412	3.36503482845	6.41904335341	
0.998885351152	2.29572568009	3.3655126182	6.08550182565	
0.892266686067	2.26299154806	3.35087540332	5.45564660062	
1.04054110804	2.36319222637	3.3128186909	6.70670443146	
0.997650782452	2.05537263885	2.6600807801	4.89061249307	
1.04739706493	2.14392016623	3.12962819083	5.60426955177	
0.935917927972	2.3466559385	2.98599518693	6.05679141263	
1.17719924457	2.54022225775	2.52464697833	4.91118728169	
1.09795139479	2.34262988888	3.26671410126	6.31707982161	
0.900575474211	2.00684813507	3.48737007781	5.94184581158	
