7	97
1	1	1	0	1	1	1	1	0	0	
0.0935721764616	0.16337476692	0.290170657473	0.871705853871	1.05746857227	2.42341888586	3.00639822435	
0.0992510713109	0.142402294061	0.333701412108	0.973657623928	1.38237556831	2.21302370978	3.4504601365	
0.103856264512	0.151928473558	0.370925600629	0.795631470102	1.48839168814	2.09763005101	3.70441916206	
0.110912195697	0.169489369311	0.397549689253	1.03300404267	1.43405622947	2.59810615138	2.64753546448	
0.110465281491	0.136753123362	0.3730668947	0.888972749349	1.2637110866	1.96556030705	2.72673434121	
0.0866233336107	0.109084793434	0.361937384438	0.830883821898	1.30248899954	2.49639971025	2.97026868176	
0.0811181277425	0.183971288328	0.431990863416	1.02885783976	1.37805446135	1.84978937363	2.40952668078	
0.078258853011	0.154726891729	0.331396896827	0.941137070377	1.44476090251	1.89981542015	3.08411081047	
0.0894392811329	0.150291617139	0.374936970229	1.03926566226	1.36242841205	2.29618968923	3.2901375216	
0.112347591758	0.145503224576	0.329348414554	0.83316113363	1.31821563834	2.47603866531	3.59169949012	
0.103106021926	0.14186086491	0.488175871137	0.780493691125	1.36641511141	2.49170281168	3.36583104746	
0.12557138235	0.147186142415	0.342407439417	0.91386430066	1.48330589519	1.81744131716	3.15593698117	
0.0987600855796	0.148406741809	0.345581861166	0.724436428215	1.28520254778	1.96947451035	3.61991566723	
0.103971396562	0.177790050449	0.381870230449	0.971355339324	1.46608577361	1.95390771062	3.55222059909	
0.106188614787	0.169745677301	0.385462504293	0.964615912625	1.56182302954	2.2226770474	3.02860688453	
0.109635696368	0.18222370418	0.379712268567	0.99227042505	1.24835946626	1.95795180437	3.54300984587	
0.0973012191816	0.148847577321	0.399827287389	0.866956812972	1.56473923922	2.25514230793	3.60834871154	
0.116202617205	0.158052950294	0.390989828017	0.877729710546	1.4751912435	2.14947077326	3.20182244347	
0.101195095429	0.156323630197	0.359970221069	0.93067021426	1.47152194438	2.44836578212	3.40529693293	
0.103194272676	0.159773875067	0.461574354094	0.978191018322	1.48742552814	2.45300863455	3.49031071092	
0.083208025771	0.133414069807	0.399677899716	0.816081214611	1.50579002903	2.3715315046	3.27891935396	
0.0998035283533	0.148634372157	0.394131398418	0.804056786782	1.51938389047	2.37622917618	3.68689800945	
0.0849231428974	0.171367624926	0.384794921318	0.967288753358	1.46522692885	2.05878287586	2.8767451702	
0.0877986726943	0.159798853281	0.33400244521	0.938363443486	1.53758400094	2.01024122514	3.85168142884	
0.0977541746673	0.153520587048	0.371020698435	0.85962673202	1.58798181816	2.02343778702	3.07785433872	
0.0859786314753	0.145558108139	0.355036478937	1.09481786981	1.53664038584	2.00486856393	3.32635334168	
0.0946026410292	0.139830349658	0.314917364943	0.850613259454	1.55664116135	2.1555744164	3.21356711926	
0.0954441411755	0.143933221259	0.425321954732	0.952427938724	1.53330346024	2.20987036049	3.51422928726	
0.108418059122	0.142530613953	0.398840854971	1.00645882751	1.37050371351	2.09095337182	3.75193506347	
0.111842836385	0.148754264685	0.394571293723	0.987477176542	1.48191509395	2.06046083563	3.67253278743	
0.0938422968788	0.170690199381	0.39443190407	0.930136141033	1.4286013804	2.23403870323	3.57924476275	
0.110031306568	0.163745160774	0.276024788046	0.74436667276	1.17765257235	2.25007662527	3.52464289435	
0.108972485747	0.163399841817	0.388457184799	0.999876422734	1.64890141953	2.0955864563	3.45810079998	
0.0941242919742	0.168644807431	0.32585738951	0.843539165857	1.41174759188	2.19289704085	2.94454596253	
0.125363488604	0.177354425386	0.361938702629	0.905956173609	1.34261190859	2.29140133887	2.82463536097	
0.114078615229	0.16914024764	0.404122508238	0.919510137981	1.23828564002	1.83329203398	2.93176352249	
0.109249406104	0.16445273859	0.354988450156	1.03662196822	1.53025134414	1.70084166528	3.04165812205	
0.0948041931867	0.165020685997	0.395017249629	1.05250643742	1.6369489087	2.36329049794	3.24041735593	
0.100870335965	0.156402776496	0.37018995644	0.680333607841	1.52907626504	2.23292246952	3.65409162955	
0.0889975054111	0.136064469142	0.45033169665	0.774919507466	1.27121817129	2.25810104475	2.68501556842	
0.0881626118471	0.156267392174	0.355916695824	0.896126123291	1.46804594842	2.3058088504	3.50508388498	
0.101037563588	0.152910843596	0.435110009112	0.998922644924	1.54953173568	2.1903815765	3.4648339899	
0.107452060931	0.13647109552	0.378756817913	0.793641827525	1.59775726962	1.71060959203	3.40209231567	
0.110685737452	0.129309170635	0.334000834225	0.937307257842	1.21950419458	2.16358614013	3.85727490244	
0.100346720296	0.167171705636	0.393441874508	0.98206756298	1.15844839575	2.12075033094	3.47777483451	
0.110597610078	0.174058204116	0.355042244132	0.896098433801	1.35544851217	2.00816287102	3.37629610892	
0.10198166943	0.162372604382	0.312886886757	0.879630688244	1.6641832892	2.19395807608	3.16414396849	
0.106044838169	0.134242954477	0.428867014432	0.89957045796	1.16406568618	2.43872680353	3.61205874329	
0.0957892301909	0.167256259171	0.411834498191	1.07034213359	1.41700998295	2.19011859657	3.79044187482	
0.0750475536433	0.146308131208	0.423249015606	0.827920300608	1.45470326417	2.05602728285	2.84988868774	
0.0959245663489	0.152910198491	0.413872523748	1.11523206834	1.35471966287	2.27102743369	3.667456505	
0.103736613574	0.13558988873	0.423878872425	1.06406233321	1.53483430367	2.06573500337	3.22275985427	
0.0799520836004	0.153954075127	0.420557382371	0.822829707663	1.43762828686	2.02390027756	3.6970434268	
0.108197459765	0.166080940991	0.382563974317	0.976969100022	1.26680703504	2.15775869133	2.98963059291	
0.0917362823792	0.133625059806	0.330622374087	0.871092675868	1.47710324942	2.13971513845	3.82988836547	
0.111938370703	0.159665524792	0.395284670014	0.886255296947	1.58853334902	2.05658532385	3.41142909473	
0.11696262033	0.135567617928	0.352597096194	0.812124363185	1.19833040764	2.16669687524	3.5092453242	
0.109103211139	0.141736531124	0.407897485786	1.05237985837	1.59979601582	1.87719455839	3.08962605973	
0.100835216327	0.142686119343	0.345801896316	1.06603536007	1.36753574464	2.0639925572	3.51742250773	
0.0935687246003	0.146756469879	0.336250495148	1.01971997328	1.49026099926	2.58288915268	3.29352775034	
0.11627263427	0.151002242107	0.405071365467	0.992256938717	1.54408784147	2.28095299218	3.3703962977	
0.103064108877	0.164961770599	0.376779789049	0.9105164125	1.34072326267	2.11758514238	3.49278622961	
0.101618533448	0.166440259128	0.363706326974	0.905983942833	1.28500862562	2.3055802651	2.63993920975	
0.113443318287	0.166305753005	0.437655395837	0.963092138479	1.77923407641	2.39132544791	3.57219251583	
0.10443199472	0.129974385572	0.380418254263	0.899918135568	1.40715740131	2.13686981276	3.49715842613	
0.10117116216	0.133541877835	0.325517915872	0.994414428871	1.30982545101	1.76440778387	3.26599770388	
0.105489917597	0.151105432649	0.35628964071	1.09406833177	1.2626040958	2.24905543148	3.42884865984	
0.102451734356	0.156846099301	0.418285203562	0.874036154818	1.50079016086	2.11839185748	2.99054697434	
0.0894281885218	0.145612822778	0.395951507107	0.910522589166	1.51172801223	2.29141924466	3.1912843852	
0.104957600998	0.185357376354	0.419198373838	0.771929502756	1.6974086029	2.30576551723	2.97471951082	
0.0952910367312	0.168357436382	0.401747670801	0.993698978023	1.30417239419	2.10342611075	3.10557852278	
0.10809161055	0.151119637245	0.384705680391	0.944055902932	1.38807246035	1.89057584013	3.49852533607	
0.105260106399	0.149299794854	0.379114739059	0.895835733159	1.57772110369	2.20058829559	3.06117584703	
0.10298182886	0.136144967181	0.368538769572	0.948290897383	1.49334751988	2.02067327689	3.1137379009	
0.100328189669	0.134023832835	0.344509326643	0.904499796733	1.26578485658	2.11386387219	3.30110136683	
0.0889406853557	0.15129848473	0.319761750779	0.926506688761	1.4204902145	2.1221444571	3.70080887601	
0.112453482536	0.130844933066	0.390922264116	0.875111883352	1.54364626611	2.05608342627	3.45128565659	
0.103677740311	0.144662005742	0.367876803794	0.97049583366	1.46125821481	1.88620644709	3.86193015767	
0.106286882527	0.152872228678	0.407715129513	0.828648723821	1.25692414938	1.83474035361	2.62496241849	
0.101464397523	0.144630129342	0.387582118585	0.922902042625	1.59724911967	2.1391380673	2.75001439969	
0.0941510256614	0.18606499506	0.346225781393	0.980023329913	1.58568873948	2.21378619331	2.80110876177	
0.0988622762039	0.126581426594	0.412121543172	0.931507976151	1.69303626709	2.2765817854	2.4690550606	
0.0962857000488	0.121708611071	0.436535197715	0.812569268951	1.56240160588	2.31460863734	3.05319325346	
0.111833823852	0.151976616531	0.471846886179	0.802331669343	1.61829717879	2.28145684492	2.97857952124	
0.114237825809	0.138777634186	0.434432020816	0.832091822895	1.48387148004	2.18567795641	3.93470196132	
0.0998532949033	0.125141733606	0.369426068054	0.813692996131	1.71601024449	2.12391326266	2.9550558545	
0.0960451772675	0.178200031999	0.444900401732	0.984142127757	1.2974951924	2.15385839746	2.93611958028	
0.106068262331	0.135224052606	0.421835071026	0.862090325376	1.43884497793	2.2358842753	3.18454463197	
0.108974685653	0.150827754359	0.375956491764	0.949517099159	1.46848094651	2.29908323742	2.51283955464	
0.11056339737	0.14105837888	0.324320275432	0.813428935241	1.63103657336	2.28387732993	2.57431133829	
0.101223087635	0.142541931439	0.377275876933	0.755754807948	1.4977171907	2.26464533081	3.19453366156	
0.0992094764916	0.136611842959	0.369223052667	1.04532011688	1.39331528042	2.3658279756	3.06617505325	
0.102018455211	0.153090204271	0.368200935684	1.07017379434	1.4933550387	2.3507828284	2.97733346345	
0.116830452194	0.145794536151	0.413769687575	0.888941658591	1.30990431717	2.46333874079	3.06498948561	
0.102508349566	0.14019354328	0.304173626645	0.942333613835	1.6561993159	1.96981638298	3.02468634771	
0.101638443322	0.154437153487	0.357819024242	0.807254210519	1.4911556468	2.02550268255	3.53348430176	
0.0909021678939	0.143774194099	0.344852166365	0.927966383777	1.31637049986	2.27776985468	3.19592514315	
