6	41
0	1	1	1	0	1	0	1	1	0	
0.153569094572	0.330973375547	0.541371839176	1.48709928113	2.80127280246	3.82662077051	
0.178924069717	0.371574414189	0.604974037541	1.33983866821	3.50423288714	5.24963051522	
0.146803355393	0.389970495309	0.581666327443	1.26699331807	3.1382512893	4.6765344223	
0.159359380751	0.406763879735	0.530845064235	1.26282729643	3.30277579534	4.58098275166	
0.140939095734	0.299085753023	0.597401172545	1.55993866297	3.45525323026	4.99964428627	
0.162763668136	0.345486255887	0.632125237831	1.49786101249	3.63122489366	5.22544267159	
0.13391736757	0.350215163465	0.579536388489	1.50447185413	2.81194821466	3.96029283292	
0.201908600894	0.362176550025	0.586956452212	1.582812037	2.88982277285	3.85092285997	
0.161815767262	0.410327878405	0.558667404399	1.45531608804	3.72856786622	4.45636001661	
0.14266128596	0.31393966765	0.715521927806	1.28034294827	3.49907383463	4.09609857184	
0.137797581298	0.416215708173	0.601926619222	1.33306810996	3.17395915656	5.12264480056	
0.151042878881	0.407968083982	0.606820837642	1.31516001482	3.6279477665	4.9411386425	
0.180285782347	0.373389251961	0.649137931086	1.4627007194	3.23678782236	5.13502278292	
0.160407693268	0.383514874942	0.615735057134	1.25338979441	3.38134668168	4.7954695738	
0.144544856465	0.422861719889	0.601441430126	1.43063494238	3.13364580226	3.98673968904	
0.135603448763	0.385380885586	0.60906804393	1.40661652781	3.54848119286	4.46800089785	
0.152745046358	0.409435629716	0.618344060688	1.26872939569	3.8525789571	4.07108321739	
0.14448238955	0.435935892017	0.594106517911	1.2699776465	3.20646662549	4.64455300977	
0.138477440379	0.41818729772	0.773828128999	1.48011074898	3.67484052859	4.89994759071	
0.122929456726	0.341784494492	0.628494083862	1.39009004536	2.88661046096	4.80676513838	
0.168417421078	0.372335393631	0.530597439988	1.32254203281	2.86198729476	4.4170594973	
0.154499766249	0.392519283148	0.460195193973	1.12107952391	3.07061170189	5.41126958256	
0.146094907948	0.429551015226	0.712585669095	1.34445934531	2.66877097869	4.82650913523	
0.155746026616	0.383883179648	0.593436756976	1.52333226878	3.50963274025	5.58383178494	
0.129433817618	0.440613287683	0.414764833109	1.4094299609	4.03248996898	5.3799992439	
0.160171359973	0.415586621066	0.540381845938	1.40941755846	3.5071303379	4.43016308471	
0.162001098876	0.397820708615	0.704421896548	1.54953757745	3.58691625209	4.46099016489	
0.152257622085	0.377961267652	0.689464018577	1.35384771243	3.25758180431	3.4434257393	
0.14570601959	0.324561924499	0.607368965078	1.15999696078	3.53751399193	4.2068502411	
0.140248522597	0.394967133033	0.527143146185	1.39674548494	3.53938262151	4.25810409714	
0.159260746685	0.38821005792	0.702853151505	1.57970052522	3.86241006786	4.14380505102	
0.154879949383	0.402278416436	0.538188252728	1.38980402534	4.02168376513	4.82872965725	
0.165572169149	0.386501430428	0.570667956926	1.34470715249	2.48969066913	3.56552814626	
0.154425171906	0.45833001517	0.494877402583	1.4456537072	3.03527803341	4.90459691907	
0.121756286063	0.330234138186	0.586413751811	1.65899553074	2.78060653028	4.42357949998	
0.138111937028	0.331568995752	0.612997800205	1.42337440828	2.409631696	3.98253075569	
0.128248475242	0.342363156974	0.537032390558	1.68109697514	3.06236283388	4.10567037839	
0.175767659163	0.35547921934	0.610896734809	1.38318906608	3.74008809765	4.39664364773	
0.138808036784	0.35427368158	0.622467722267	1.51369069991	3.53753981482	4.23877856071	
0.133052667626	0.371199310016	0.625705298354	1.61334534801	3.16698061627	4.92868352458	
0.13100843554	0.378875086749	0.511405784545	1.38887535872	3.61152717566	4.86332510149	
