9	53
1	1	1	1	1	1	1	0	1	1	
0.0833054899837	0.156037354786	0.364599644653	0.632745333509	0.735047545717	1.17394159082	2.13283263565	4.77256559894	5.66000307518	
0.106473156176	0.157342150546	0.444044479673	0.550522403808	0.895457830994	1.45793052333	2.25145771573	3.59184940431	5.9873232486	
0.102118752519	0.141462972894	0.455379499486	0.601094733903	0.854735014552	1.6129035525	2.09965406648	4.52993751053	5.98774489022	
0.112942559122	0.141990877785	0.350571441466	0.529472683846	0.913396032928	1.44273965492	2.0953049621	4.30061079024	5.56329058352	
0.115141871412	0.133977416478	0.305295815623	0.597987948558	1.09974128988	1.52417447381	2.25386567319	4.90606442131	5.62449053276	
0.0918544679505	0.149755823145	0.415475606913	0.56246716216	0.855916647781	1.39888973217	2.36288601656	4.67597873026	6.07672627025	
0.0890829507815	0.140759331833	0.337833055737	0.517812659189	0.833558860845	1.54234750608	2.22482151921	4.48101090726	5.41830538187	
0.0962696204891	0.154104966283	0.347990463721	0.582950321909	0.923776223629	1.64266278673	2.3550519438	5.3442213691	5.64688264687	
0.105559787075	0.154321993187	0.421202099225	0.700186464839	0.831124791651	1.34715418334	1.80380075976	4.84776687372	5.48876253014	
0.0921590388952	0.157673861714	0.324449294565	0.524341655244	0.879530299644	1.43379544659	2.07623865498	4.57674675213	6.66888483601	
0.105652740321	0.140546292885	0.356651892308	0.631701913176	0.909056243835	1.58285757033	2.14716100738	3.87683416567	6.0933430545	
0.0990819780119	0.153244762238	0.330702592226	0.518794942932	1.07479789071	1.31773021303	2.07138108446	3.62700202186	6.03473553161	
0.08271128342	0.148640330648	0.387323470558	0.567459412764	0.986791105452	1.43724629712	2.22424464987	4.3932293009	6.00412245878	
0.121049080393	0.146952007026	0.341653274922	0.585306709957	1.01541385115	1.28751654294	1.69228366561	3.35814999075	6.02123401069	
0.0944289012498	0.164893549488	0.372519705799	0.686167122842	0.784306315651	1.4452355126	2.30078950745	4.52493777401	6.29795160913	
0.102866605579	0.130282529361	0.337457768755	0.605003682666	1.11593493994	1.33149701761	2.26606845989	4.47856349925	6.28725497845	
0.10087358286	0.138248367098	0.402939060343	0.614038769759	1.0789156971	1.50474178565	1.86944628712	4.81301580877	6.47672917628	
0.104073897436	0.170290831582	0.308405679674	0.689437891385	0.956101015919	1.5702864353	1.97710471712	3.69871019944	5.91754433765	
0.101358185897	0.130120003624	0.402606991644	0.621412219756	1.07191916057	1.43885269594	2.42848616924	4.51725310513	6.10412289515	
0.107098467476	0.15294563998	0.351303158122	0.52004729581	0.847949086518	1.48799817411	2.23086958708	5.07044636825	5.97335430154	
0.104044079516	0.162805824869	0.327124193341	0.539196373825	1.02703597588	1.29950993419	1.99950752278	4.79953414849	5.18587953353	
0.0895947236843	0.148665734602	0.353186278387	0.502992356768	0.919814878303	1.49890520597	1.91404879012	4.40955782466	6.73328155287	
0.10439930529	0.134883874095	0.422779700873	0.627335681049	0.901113046216	1.5170350129	1.99399347854	4.47279369891	5.78483768605	
0.111215379903	0.134054800482	0.400069856977	0.589408230924	0.860292208967	1.27217317685	2.36598138131	4.78894283673	4.98968851971	
0.106110641606	0.128585974477	0.394117914502	0.452047796572	0.710910704694	1.48638120285	2.49565487112	5.13951771604	5.8676905746	
0.108701535206	0.149210178087	0.391753885084	0.57960102259	1.00491058795	1.54220344572	2.23527390639	3.87498140082	6.42992157555	
0.102799414714	0.154920236897	0.233836411122	0.481123510678	0.999865406778	1.70023368834	1.95803507566	4.43313422488	4.38023912043	
0.0960445400658	0.146775884442	0.355305595713	0.681809213879	0.954400607233	1.34622570338	2.25620653565	4.98397182291	5.27432884536	
0.0903846051425	0.124892560577	0.370038141888	0.614886471382	0.846092933812	1.60850404677	2.33003586159	4.07165097851	5.37651344644	
0.0854817698076	0.142917862577	0.436504343619	0.544375519162	0.978896875414	1.42977562467	1.76530447117	4.8739230679	5.67787936976	
0.0939019415191	0.149430757811	0.367938376574	0.657421764146	0.870627431773	1.4586037292	2.2575209405	3.99388736878	6.02187716239	
0.0906171656684	0.156657830696	0.286102009558	0.677558318168	0.882556257339	1.45093569831	2.20025505293	4.26449724723	5.6088657215	
0.101845959654	0.168542625833	0.397631046624	0.574693961873	1.04940106726	1.67194779458	2.08849557156	4.62433240784	6.21127118603	
0.115551746167	0.159968255188	0.415588905576	0.710959349492	0.951105827294	1.52209142096	2.2127839838	4.46731176114	5.18825181387	
0.0891442566907	0.126732424067	0.394680372259	0.635571187888	0.830439487413	1.33849244014	2.13257314887	5.19987485509	5.79221123899	
0.115615917608	0.104204460511	0.417549777251	0.519108070898	0.918291979051	1.29967818385	2.09612369763	4.37960075449	5.55781260346	
0.0993975407223	0.152190662924	0.335469989448	0.540309411351	1.05904022578	1.42061377028	2.16522575187	4.11601619848	6.07552821123	
0.0942929963886	0.158561987164	0.361390294034	0.584705132757	1.11961323319	1.50335351105	2.10620377368	4.51503781753	6.70041925746	
0.0889967549534	0.14971920121	0.380743425427	0.609861787047	0.87826430671	1.39547683991	1.73986336902	4.76767261171	5.50350310184	
0.118839942407	0.150301844686	0.340975011958	0.509809894581	0.904189552505	1.49403449753	2.24807183829	4.07083854147	7.93742648344	
0.109763679389	0.170703651303	0.39317749767	0.539366032912	0.942494228179	1.40856043376	2.3197317373	4.32487311681	5.82899584745	
0.0821827399748	0.152957599069	0.346185131387	0.59031849634	0.903942891504	1.2343239141	2.03563732076	4.22001890314	6.19664960617	
0.091971059675	0.158876804978	0.400226458114	0.569963320324	0.914434281596	1.46192184024	2.04286037387	4.66911809417	6.53690027612	
0.111876667261	0.16592699744	0.385698247416	0.562066753859	1.04668550598	1.42109740979	2.22846415601	3.26016262901	7.0560750923	
0.1163307564	0.132730494157	0.366887195469	0.568095061811	0.789635202326	1.31145672322	2.61909069346	4.65972951873	6.82750626923	
0.0996084556367	0.117748213467	0.369798759848	0.595175898463	0.89355136433	1.18019628468	2.33593508207	4.06625479678	5.746917145	
0.107522370157	0.136087623655	0.379992302808	0.623340277984	1.11597206238	1.40188667476	2.31641717067	4.32636965892	6.9425086631	
0.0822878658254	0.128384948404	0.385005547328	0.566585072698	0.990222950642	1.54303735251	1.7584535422	4.975511854	6.16991283218	
0.119096573966	0.142510892189	0.40844186151	0.636437695542	1.06819089804	1.04757423542	1.81088776819	4.96949104496	6.85791657524	
0.106955824745	0.131161996594	0.368164408821	0.661841184408	0.903354451072	1.41041987211	2.45636000298	4.76395461604	6.05520841876	
0.103843330048	0.160812297337	0.376721282549	0.633744964732	0.849388747117	1.55149046715	2.06274350564	4.13457485267	6.71817704469	
0.103513470434	0.153709820341	0.39719992366	0.506190477104	0.999108058222	1.40994629253	2.48793227452	5.61730319756	6.20252579804	
0.104458921048	0.152838062508	0.310361791191	0.509353219621	0.81341947019	1.52373937559	2.47747231889	4.72029744142	5.2672850402	
