3	39
0	1	0	0	0	0	1	0	0	1	
0.153184668949	1.97719869441	5.53349406303	
0.13119611442	1.88444495403	5.24275498597	
0.148803923276	2.37404786748	6.90135223154	
0.150791472424	2.3781955714	5.53037752492	
0.158525171717	1.96261503369	6.26089197859	
0.13770329587	1.99108481748	5.96821564033	
0.174282573651	2.33358205669	5.56215385302	
0.134185673008	1.97422971631	6.38629418551	
0.153273079868	2.29021140461	5.69175919378	
0.155032625137	2.20821409507	6.75922604752	
0.173696836865	2.34430489885	6.758343578	
0.149702495875	1.99966684224	5.98166728748	
0.148016480339	2.1070935152	5.99381213401	
0.14743979422	2.05153073223	5.9215432954	
0.162026120728	1.96400599524	6.80714862746	
0.166236525249	2.16862353219	4.57039551327	
0.117335722644	2.173981846	6.40703822821	
0.176589545971	2.0628598195	5.69144651933	
0.131738656715	2.27874202111	6.00419742004	
0.142844841486	2.15499236071	5.94341299363	
0.164515632254	2.05824110168	5.99813470031	
0.162741039219	2.09314599624	5.55519282323	
0.13078408894	1.92618521304	5.61400742796	
0.164416268031	1.99152333355	5.87103345394	
0.134564296219	2.16152064422	6.17212947025	
0.155323810165	2.52758436396	5.99159699514	
0.154395761027	2.02870074771	7.30342396321	
0.162709639739	2.34007981461	6.6535030941	
0.161231104903	2.39443940508	5.88755794574	
0.183979807769	1.81761988235	5.83513162688	
0.175971271399	2.1132869002	6.39762545262	
0.142924088612	2.24591637672	5.78392804188	
0.167529775	2.21250133988	4.94997574757	
0.137801112558	1.94039119247	6.8436749304	
0.131378413136	2.09235182435	7.26689669263	
0.168714294415	1.96626049849	5.46948423756	
0.135291695098	2.19436714464	5.70256290501	
0.153454411824	2.21647745609	6.0282098357	
0.15221532355	2.16850549537	5.53688210921	
