4	76
0	0	0	1	0	1	1	1	0	0	
0.659501892539	1.77906025424	2.30930532755	2.99572122766	
0.587469990488	1.28349038884	2.42833870488	3.50861937959	
0.612697948141	1.48925062026	2.38086013373	3.28024146275	
0.506827488737	1.61221782695	1.77347096527	3.54980688277	
0.656589817945	1.40748786029	2.03213013866	2.85688731727	
0.574484375688	1.17227226152	2.12661697762	3.54080754197	
0.487137088405	1.39615183781	2.39669956957	3.71342855871	
0.611624189992	1.15057260873	1.89059107114	2.85269725685	
0.653117439457	1.54997021525	2.01907979445	3.42079638102	
0.524357415209	1.37779274532	2.11607553936	3.26206862147	
0.523774387434	1.48965933166	1.76854414602	2.84001051073	
0.553256726365	1.56315372362	2.24823359645	2.91486374497	
0.613606767759	1.57472121167	2.57608261528	3.43621780271	
0.634861140015	1.27551281406	2.20901139023	3.2832549299	
0.572221211425	1.21965947729	1.94729289252	3.00546599631	
0.661205087354	1.36665480948	2.02036226162	2.7128907313	
0.615075653204	1.56294100048	1.74796766677	3.10470883679	
0.611982710783	1.66164678645	2.00625273212	3.623968416	
0.553835903591	1.60275065772	1.99218758234	3.25180014517	
0.636499976775	1.09462713429	1.59016599804	3.5320955969	
0.66595752508	1.62432366318	2.31162589965	3.41227078608	
0.587353422322	1.40629022939	2.20393789363	2.60723195217	
0.609140637564	1.45375662892	2.17594575175	2.60992689966	
0.623028872844	1.2952396379	2.23240401221	3.77719036579	
0.60332967803	1.33431156913	1.83418687994	3.35795980403	
0.60669181172	1.38392007678	2.05773964386	3.19418593464	
0.567157857774	1.30485934513	2.01326813659	3.50058594472	
0.521805824462	1.49697912217	2.19440918853	3.18789579046	
0.59167516387	1.42842139815	1.998258288	2.84268641016	
0.642146293409	1.28140224674	2.26843702318	3.46916122399	
0.531613630773	1.54796803029	1.70708540958	3.58714443036	
0.570323625923	1.54248500347	2.22729093027	3.44016991027	
0.528023171572	1.77795724272	2.33636640631	3.58998905716	
0.659932199383	1.4829161618	2.2098550479	3.52307151157	
0.588524772748	1.32258205358	2.35821962912	3.12367647483	
0.573772453729	1.08471670694	2.28206346212	3.21885315143	
0.631146651133	1.43580272751	2.34586297656	3.33807241877	
0.652205568435	1.5278651658	2.21765042804	3.10000755911	
0.672024925215	1.3241116905	2.04963931438	3.06612116714	
0.680782653942	1.280999191	2.13010222027	3.14435625737	
0.55000066095	1.28685692626	2.34774923416	3.47493134386	
0.592816610871	1.39655763981	2.03663724589	2.81384404461	
0.627948620835	1.31301892946	1.6916477075	2.89544090573	
0.640412476349	1.48783638167	2.12183433057	3.54535842983	
0.545814189272	1.48386553855	2.32537765817	2.86179024959	
0.550166212388	1.72785361903	1.98921865526	3.19481185219	
0.588913672232	1.44400251815	2.04489881394	3.03336647741	
0.755758016906	1.34609717772	2.21501909035	3.08129855754	
0.605183676148	1.61084075463	2.06580047852	2.9528492067	
0.604249417359	1.80969718476	1.6207316923	3.79340324484	
0.5279539077	1.31135080894	2.15861890499	3.28563712508	
0.686033927284	1.19747970951	2.38082444961	3.33201366117	
0.633508038149	1.4228523556	1.66908075844	3.57476259233	
0.516074287638	1.35144217454	2.38210243417	2.80122952683	
0.567658832104	1.64756232549	2.13048460773	3.29322390783	
0.574193656974	1.35879604994	2.32971777481	3.02228157757	
0.604890155959	1.65671836642	2.05972540921	2.86194316211	
0.666856562342	1.59259735928	1.8723256694	3.58525447412	
0.657576818444	1.06913356161	2.17447726521	3.35616363315	
0.621816287166	1.68681725725	2.36099191318	3.44261587022	
0.591746541723	1.7653885591	2.24890180059	3.34194332405	
0.515026857762	1.37867667457	2.09407518366	3.6433576531	
0.603156099342	1.3471056055	2.22113945918	3.72031141538	
0.69395482206	1.47604779493	2.01592506612	3.0186818011	
0.591455401648	1.39358655794	2.08074876901	3.49541385259	
0.644150480527	1.43381934405	1.96381691695	3.61033621533	
0.669129256617	1.31514189365	2.53997341915	3.49838238324	
0.590065568592	1.39464052488	2.1884770879	3.54702044989	
0.725753646634	1.43045873257	2.16888160601	3.70227311876	
0.650635302804	1.54901983439	2.44307588613	3.47815901852	
0.651639473517	1.30313245315	2.08361729421	3.3272016019	
0.515571696925	1.33785301993	2.2891338229	2.81133193143	
0.689497060933	1.35230996863	2.18284541833	3.20776162714	
0.608738747757	1.37151123595	2.42384826084	3.3872055952	
0.516448055135	1.5615152167	2.12586186785	3.60215090605	
0.629267441715	1.42547906523	2.02368841261	2.95049081749	
