4	30
0	0	0	1	0	0	1	0	1	1	
0.567414533381	2.50107448976	3.92129857181	5.72260427049	
0.657417375094	2.0268736861	4.57080048847	5.75176824113	
0.62968759694	1.88169781009	4.64246433027	6.29134848946	
0.64086198894	2.03727520466	5.15154858228	4.74037066142	
0.560206532441	2.67545413562	4.51301379197	6.67490407031	
0.611375427824	2.52372995768	4.41351413981	6.13423890324	
0.652471652078	2.47957079147	3.6697077482	6.31098661632	
0.548830400195	2.13816324861	4.2588913142	4.65526172817	
0.663468758914	1.867901104	4.4687817974	5.93569299035	
0.55228209635	2.28734007369	4.33555338446	5.57075689733	
0.512677467765	1.95110520973	4.69016757682	4.80076790146	
0.700679950992	2.11730908984	4.10955344687	6.35707931708	
0.574917220524	2.34135923022	4.02185320785	5.40598986666	
0.635747670441	2.40760607498	4.58795714268	6.13844229803	
0.549953316601	2.0391585725	4.20426095846	6.77722511119	
0.683442637378	2.26188838755	5.40488547197	6.37092122259	
0.670956918794	2.10293210774	4.42915832821	5.90612511651	
0.54381394658	2.05521836543	4.64806998432	5.64061646516	
0.633380497403	1.99076723479	4.14598493808	6.00763732198	
0.477457866591	2.38202391029	4.81777490395	6.48966110124	
0.644631375628	2.12533938009	4.60981067302	6.23386188003	
0.512931753369	2.19335449012	4.33030589103	7.10812589504	
0.588498396793	2.12296556364	3.95077474001	5.76530952068	
0.473143765396	2.54971784115	4.76264746356	5.77979967307	
0.630248837962	1.9434586865	4.41828525141	5.33496301358	
0.508152531368	2.31432752619	4.45271630273	4.9625213762	
0.550332678729	2.4306399484	4.17439116825	6.37320002959	
0.555831583697	2.20238988569	4.7360240281	5.60327438616	
0.5919721298	2.21625387794	4.24450094105	5.87439575196	
0.543382608394	2.17249695987	4.98425531326	5.30191497336	
