8	23
1	1	0	1	1	1	1	0	1	1	
0.104544841163	0.128268294966	0.583881314531	0.910731466844	1.52818044015	2.03671889849	3.65181826815	6.01878263016	
0.0952356739902	0.132200408008	0.619380613031	0.963662211107	1.51727295629	2.23109232021	4.830856585	6.20111212464	
0.120226993048	0.172093386283	0.614236508419	0.769466368349	1.69743783781	2.09258554474	4.78190147836	6.28344672269	
0.098832107631	0.142795483404	0.579316738849	0.680693609454	1.26294933926	2.0444665767	4.52257316246	6.35544871782	
0.0942519392458	0.16023069524	0.586284247497	0.896434848673	1.43742090207	2.30779422764	4.39459024607	6.21898138261	
0.107456522272	0.158172676967	0.559934484193	0.885396908199	1.51347370104	2.12090331303	4.14931952841	6.02664683547	
0.107778346569	0.163710731347	0.661266091465	0.932961667089	1.48462862635	2.38752908475	4.21272394274	6.5865284766	
0.106979993183	0.160531315865	0.498650823958	0.87891066103	1.34183500949	2.45600268503	4.10212544905	5.36020404701	
0.0878437814926	0.144393834103	0.624189392866	1.10076203287	1.37537919199	1.98704573236	5.20147619275	7.02702781914	
0.0824081953397	0.142236268302	0.612958872764	0.94744463728	1.74686089544	2.03151113914	3.9837713568	5.53556295991	
0.110897080003	0.149800679042	0.696063310774	0.990095022676	1.33302722372	2.3355022621	5.04114045565	6.87500234558	
0.0859655624827	0.1542102184	0.533109970893	0.902517674491	1.39660578352	2.21058950978	4.71622458492	5.63779018637	
0.112178344705	0.170002721212	0.611185944279	1.09044703741	1.41868007046	1.7521536647	4.08523361255	5.73360404942	
0.109203094723	0.135277981018	0.596333840191	1.1605283332	1.46318363175	2.49568037894	3.96072714753	4.78696435904	
0.0839092107703	0.166252535727	0.586014991361	0.899506804895	1.67635534558	2.38398122704	4.70984899486	6.71908110711	
0.0984675766393	0.155231741933	0.527291920595	0.858927184337	1.39184308894	2.14438155592	4.94409267319	6.7429646336	
0.128592939016	0.184509194671	0.668673151104	0.791618373644	1.63477506918	2.55662722936	4.56300523882	4.98289579102	
0.102064952914	0.163414153676	0.614761030634	0.892307260288	1.41924170799	2.42774337284	4.71369862592	6.88386167426	
0.110888991447	0.147092862085	0.650399360157	1.06984110483	1.45154071356	2.29470681634	3.81599181844	5.73509867507	
0.0985252151084	0.134654674406	0.607894122965	1.08775161877	1.47425128981	2.43753715399	4.81913175807	7.03232729674	
0.0993805480782	0.139962162655	0.64697681079	0.784207199916	1.51536340067	1.67536416032	4.1074404291	6.21025111145	
0.0872688888184	0.143854532181	0.521223987283	0.996165601296	1.59242448997	2.15070256818	5.48869554606	5.85944034027	
0.0866582344495	0.128574149403	0.591274186674	0.96007575176	1.78719296848	1.91999363874	4.21566463133	6.28669432128	
