6	35
0	1	1	1	1	1	1	0	0	0	
0.141983076338	0.395659046321	0.597151011786	0.968532746017	1.71241086557	2.41219540456	
0.141890496245	0.358120440356	0.598646026228	1.05674275814	1.54496172661	2.40211915675	
0.135924951159	0.389283327265	0.732045409971	0.878784350317	1.34531441762	1.98002199699	
0.170596560549	0.322424554936	0.574355155193	0.977657361269	1.37833756873	2.13833885796	
0.156340499638	0.396252026506	0.626623832894	0.983305385224	1.49529215155	2.44696161737	
0.135489226559	0.385392026794	0.516583445082	0.827803189234	1.48832434286	2.12193238113	
0.150782068824	0.426290179484	0.641945332641	0.870743278747	1.38564892585	2.29726467297	
0.121374990889	0.346812004549	0.606727720275	0.959914896283	1.49655454425	2.33386362858	
0.17095587134	0.386710567531	0.548007673347	0.92283375236	1.32705901182	2.06109430669	
0.152597016971	0.454519369599	0.606897671618	0.803129958024	1.27701190169	2.53086204822	
0.174955020938	0.328101814764	0.708967419306	1.01374213309	1.12092150167	2.2167432384	
0.132445775919	0.334959673954	0.599558357388	0.869242274555	1.35668529458	2.53991685479	
0.144482233158	0.356935903983	0.57307465274	1.10567452361	1.53700112191	2.17747983018	
0.158007469855	0.340583664028	0.754212082703	0.908681537103	1.69256295075	2.27514877028	
0.150613142325	0.388622684275	0.599598546089	1.00492430658	1.44968871251	2.02977137503	
0.154799734295	0.399119807199	0.607686624118	0.820007895334	1.2329958125	2.15658219868	
0.134630126296	0.418189739607	0.555275631062	0.991820627021	1.31253543959	2.28956234428	
0.147992219156	0.416581437681	0.610997019993	0.906320982028	1.47591557943	1.88924595575	
0.171799093883	0.361800537716	0.593856807982	0.880158892261	1.53467933106	2.25209612906	
0.171469487464	0.344733937224	0.570032775917	0.884232219079	1.56782451578	2.2334396449	
0.130708942485	0.424715262333	0.572317466614	0.887402753163	1.4754485307	2.30165314426	
0.158195383186	0.35335311397	0.608255785615	1.0699525081	1.41816681955	2.32014153125	
0.131151124732	0.410780464923	0.575196161704	0.889376647194	1.4112078669	2.03047058117	
0.151511632676	0.380290043291	0.509841879397	0.87053417116	1.57902983144	2.01571497079	
0.144900282752	0.415156177735	0.746124205992	0.761852605271	1.38142073395	2.33985842542	
0.158954977965	0.348517654719	0.61190650649	0.866935269392	1.3103668742	1.83928744556	
0.130497446221	0.383596648427	0.607650250442	0.815789405463	1.34406731231	2.17187136808	
0.159462353981	0.446605636973	0.660470397109	1.06518716391	1.6304132558	1.8482471857	
0.161134650993	0.327284074066	0.645416755405	0.918970523176	1.54640101415	2.1429345481	
0.162802605604	0.38586747008	0.654613131292	0.818681401709	1.33823265319	1.90934814476	
0.143307160447	0.380753435043	0.600136361019	0.748082380174	1.45794385771	2.4041294001	
0.156373504811	0.330332423839	0.632655321211	0.987150639935	1.30556345642	2.24973667259	
0.162189230894	0.369500760034	0.562064387806	1.03605387328	1.57333834965	1.75031533829	
0.145051382293	0.36756893516	0.553423369347	1.02944591156	1.47830383097	2.10345963998	
0.148093260645	0.38370798326	0.623341326283	0.890699051075	1.3432701797	2.24712833638	
