5	95
1	1	0	1	0	0	1	0	0	1	
0.0992140742979	0.170071669467	0.610937801352	2.20022460556	6.8163623068	
0.100952899405	0.151174283994	0.62892385458	2.39720294471	5.40418788256	
0.123789571051	0.14932609886	0.549798037831	1.98177296213	7.27852744402	
0.085274569776	0.143181576464	0.528217709432	2.03357151526	6.11954984415	
0.0962493316223	0.152485028941	0.714281876015	2.19218668576	5.57457565566	
0.0950167509589	0.159274791179	0.52926468004	2.43537143155	6.18229907587	
0.102779531973	0.14772578076	0.635032641857	2.35647052508	5.64093373325	
0.112066148562	0.120025543565	0.546190702516	1.87633522264	5.67015101888	
0.104761612687	0.185397401286	0.668114107251	2.24340692557	5.53843025019	
0.106316676484	0.135596485333	0.697737158736	1.8351066058	6.15636190943	
0.100445163515	0.148028500579	0.584495518997	2.46665738323	6.3091042492	
0.0940716358269	0.144924852874	0.573672146981	2.23347927175	4.77796393485	
0.0918960225333	0.146128166213	0.501046374927	2.125601761	5.76869283926	
0.122895670392	0.162206945271	0.482392603087	2.59261443451	5.50710382257	
0.101689285508	0.151859199045	0.626156731103	1.8122264475	5.99761067034	
0.113761539404	0.130352330966	0.627466145327	2.24391986419	6.00992018429	
0.0886131899357	0.164933085264	0.66518916218	1.97573253102	5.95584628559	
0.118022012392	0.160394239383	0.603735253872	1.9789627272	6.1118627289	
0.0870153902525	0.162648165402	0.633176988542	1.93078428834	5.24955055764	
0.0962149380517	0.170707540435	0.639612449844	2.16265508188	6.01829965278	
0.105422663724	0.130319475017	0.58299119152	1.87260835981	6.7206403719	
0.105426375699	0.134480654619	0.525772164289	2.2699540044	5.35298633686	
0.108883049193	0.154947154726	0.647036967716	2.22173720064	6.33652678724	
0.112099517996	0.143917178107	0.691342832744	2.35825448191	4.94766273732	
0.0986170645465	0.15232559118	0.584719742334	2.409751826	5.93603747914	
0.106583951343	0.148485997416	0.540065932539	1.72025732939	5.22359340056	
0.111170205889	0.138065971562	0.55427077774	1.88515189148	5.87690750227	
0.0972524175283	0.153851501894	0.634964895756	1.98139896589	5.08628392882	
0.0970008267622	0.150190466724	0.644418456084	2.01734576445	6.4040923414	
0.106820759608	0.13145175253	0.446711553009	1.99956811588	5.62545555597	
0.0933551026138	0.170658353233	0.514997422825	2.12556759789	5.71321096261	
0.0950836725664	0.173121469537	0.548390905998	2.19486895662	5.3862568298	
0.104573121012	0.168166133316	0.604308476799	2.08979777419	5.26728992394	
0.10006135536	0.156457295271	0.56296853073	2.18963793148	7.08928003593	
0.0992075475604	0.161613299705	0.491750855374	1.8996834608	6.15755280655	
0.102976881056	0.174199151481	0.56924356007	1.82878524338	5.90418490937	
0.104237236189	0.152673112141	0.588937636989	2.17886605659	5.74654639136	
0.0975544752432	0.185152931081	0.501207878537	2.27040996345	5.92262849281	
0.102449938732	0.144351137613	0.707122308815	1.69658057055	6.23764791208	
0.0828866361938	0.132658750829	0.719163667762	2.4975308019	5.89219871801	
0.0932079398686	0.148195472929	0.647907133001	2.01894525634	5.87693994856	
0.103327624483	0.167995684676	0.581746435371	1.89338943101	5.44290731903	
0.109058681775	0.194420464872	0.544794773561	2.27309587181	7.01228140671	
0.0872204037883	0.147443424806	0.544390608915	1.81685032363	6.14856618082	
0.106494699025	0.161206722512	0.783156022074	1.89413916358	6.41078716604	
0.117125525561	0.121349946586	0.569933668435	2.11817974056	5.34817535451	
0.0978502308907	0.150435479698	0.690218970312	2.12946914609	6.19998359358	
0.0906257250497	0.125261144747	0.64389563465	2.36089935147	6.45372378139	
0.0982101261053	0.182446312875	0.64356092073	2.28407479862	6.55828925313	
0.0992609982355	0.132216332407	0.566609505431	2.17757791591	6.46574378659	
0.0930285111186	0.164702732014	0.663384084599	1.9268785298	6.63030910226	
0.0877040532088	0.144881214161	0.565578643206	2.14199477774	5.97147455832	
0.0886522578248	0.174036256159	0.576342618556	1.53361089698	6.46565088332	
0.0957074483698	0.139165432272	0.569487168836	2.17089457007	5.46807424635	
0.0958662837876	0.148007159812	0.554185377914	2.28986253073	4.94399100144	
0.099275964452	0.142599441483	0.62926021863	2.11273829062	6.59169198439	
0.108865524164	0.153940651342	0.526228406779	2.17293148607	5.05916711722	
0.0971594219338	0.169532457811	0.555709004573	1.92567550252	6.8286995778	
0.0995435205153	0.156551378046	0.607695766202	2.42340146016	6.58659248011	
0.113590813347	0.154026232665	0.655662763355	1.97935160655	6.16880411175	
0.0837095168391	0.155072259641	0.557679025063	2.24313519212	6.38460747485	
0.0880083096502	0.147960855025	0.562659616388	2.50803651805	5.29695980471	
0.0957237761345	0.113028560502	0.573866666281	2.16596714295	4.62066268163	
0.0956461085565	0.174038907353	0.585023935597	2.06005137812	5.84414357301	
0.0969262871644	0.148709006655	0.605897825458	1.94784659757	6.64437921041	
0.102439735071	0.16202423706	0.617531088438	2.58414558236	6.31625609619	
0.0972163457836	0.150873515137	0.597539965778	2.04104573836	5.92133954011	
0.0843013699151	0.170155939153	0.723544052632	2.02190008551	6.0137969686	
0.0948301913666	0.142734848829	0.614458713903	2.5231930485	6.03388095924	
0.09122509605	0.141060952075	0.665537774428	2.2979529648	5.14114783713	
0.0945325245906	0.150850237282	0.641446094992	2.52758691028	5.95536018753	
0.0968843246795	0.159529084789	0.602484660062	2.17189682545	6.34640336453	
0.104565658092	0.141369713706	0.6322628786	1.87148363424	6.3540595961	
0.101399631133	0.129665288787	0.646176414431	2.01123918186	6.82032081834	
0.102049837871	0.141538848784	0.586572630998	2.07373620578	5.51818018793	
0.103128942114	0.132612876965	0.575800282189	2.23022370615	6.1573602323	
0.100020986411	0.130406679113	0.633263079679	1.87033493637	6.67223787926	
0.12122667189	0.170424348254	0.581664482393	1.9049686927	6.64825951577	
0.101579731004	0.159120641392	0.662966783027	1.99472254466	6.38495322498	
0.0883280506817	0.128273857052	0.720127220563	1.94876549179	5.36632078891	
0.0757650164641	0.168918060317	0.622701462863	2.60081641846	5.5035202047	
0.100981842679	0.149896608438	0.603738188325	2.29563028053	6.17807413053	
0.102576804643	0.153886717143	0.617571879385	1.83272422382	6.22000065566	
0.114324437411	0.150109123681	0.617195995887	2.14388871441	6.11512910469	
0.0987232201485	0.163777214367	0.571161515049	2.41300213178	5.85546522937	
0.108333775285	0.152739566422	0.645202920909	2.14197848139	6.13802459592	
0.0972257161501	0.139519649647	0.556652097902	2.17512330243	5.86862030442	
0.0862978503406	0.167925071062	0.554437437157	2.33662302564	6.11218367912	
0.0940798366618	0.14151763174	0.482834466963	2.02625151748	5.97953668199	
0.0943729969329	0.150582365942	0.634787816214	1.96767050154	6.03625606983	
0.104688546916	0.169656077497	0.503216841946	2.13355321643	5.29114897327	
0.11072849907	0.169673211724	0.584036559027	2.25812978931	5.88684382399	
0.0936462212524	0.150174076334	0.602491680916	2.29086951164	6.58708349566	
0.112675681395	0.15277830249	0.601890279477	2.36038199543	5.74239665866	
0.112157613421	0.146755182883	0.506485782785	2.019050833	5.14649254956	
