5	36
1	0	0	0	1	1	1	0	1	0	
0.0939120342015	0.97521222443	1.54583673779	2.31912823192	4.61017764184	
0.112752057364	0.873217761953	1.37442602959	1.5921550051	4.45812456698	
0.10579693464	0.956529143917	1.34076508949	2.33157300536	4.46677616143	
0.10766426712	0.975211920715	1.63370478112	2.22296312295	4.77447420282	
0.0992328291129	0.883231216043	1.50017470568	2.47308709997	4.22285370843	
0.0975186367121	0.932478490475	1.52794017232	2.22427346632	4.9108784204	
0.119739094756	0.870582178171	1.51719124387	2.21893755231	4.50856809784	
0.106060852237	0.905187319103	1.47619553963	1.86936212761	4.25753312485	
0.110475208141	1.02384471738	1.46709896143	2.05259430281	4.87136962336	
0.112364873815	0.8916498811	1.22193218481	2.24656400897	4.91119572483	
0.105874835263	1.07555236534	1.65440999517	2.08433958122	4.58954747351	
0.0950346515799	0.834948076216	1.29222817941	2.30415959095	4.63629938431	
0.108899608405	1.16544079113	1.50148106726	1.98059707549	4.9658070693	
0.0919348770766	1.09259533028	1.14808277031	2.03249197568	4.7799622229	
0.111775209938	0.867040569255	1.3072691106	2.1818989462	5.3590472326	
0.0846162236667	0.900786830963	1.46720645782	1.9788708869	4.14027620203	
0.0976660838539	0.957222013823	1.40210618455	2.46509661526	4.76667170028	
0.103831640232	1.0255717866	1.48731481347	2.05471487513	4.38158139611	
0.0887056378639	1.11645367135	1.56309352767	1.59968992307	5.09990779469	
0.0853406735956	0.978422214952	1.11482431725	2.05795219162	5.10342007848	
0.113966338866	0.958530111531	1.54260746543	1.84608240145	4.7422499727	
0.108509707433	1.16898636291	1.34087964015	2.15350510566	4.53515180024	
0.106985837338	1.011887494	1.58171086099	2.36241186425	3.83349676837	
0.0738680311968	0.882162996001	1.42493539122	2.01814743175	4.29313583565	
0.0966375057226	0.983702012946	1.28218203613	2.13326702946	4.4684218727	
0.105546993385	1.03805715009	1.67082735793	1.98961198221	3.60001142525	
0.0975807177126	0.782258632178	1.82104449802	1.96233068845	4.75372519454	
0.109340661067	0.961677876526	1.72697101024	2.10646655488	4.12430320918	
0.0911337538785	0.999750529598	1.40285885078	1.95940486728	4.69858734699	
0.107092492251	0.955231382325	1.5586422841	2.16894120176	4.23286859827	
0.108114000715	0.847221792422	1.26856939535	2.39852917458	4.34346841304	
0.116656839094	1.00966331517	1.36939106391	2.25453760794	5.6377711235	
0.107542731428	0.984097998327	1.34495488647	2.54657925968	5.09307197108	
0.0941443796827	1.10487839555	1.45355942396	1.96931793995	4.23066658193	
0.108777013671	0.852484485412	1.27225435608	2.05564198628	4.36971904902	
0.0932668447436	0.887783124864	1.56112116647	2.20514802384	4.26796166108	
