5	52
1	1	0	0	1	1	1	0	0	0	
0.107241766727	0.145530603538	0.955975070265	1.32882905234	2.24665371541	
0.0981540211186	0.123772262255	0.962215867559	1.52038880116	1.93525842261	
0.113915432115	0.13455669781	0.975147200121	1.67432496589	2.57253324291	
0.089153738628	0.161875003499	0.889206411897	1.29643430665	2.2047211704	
0.11001225446	0.14840886821	0.791084451769	1.2445527441	2.31189803321	
0.105056516219	0.15767796177	0.810871167508	1.33725781063	2.02428487442	
0.0876781138849	0.151824301097	0.861852607228	1.3971427948	1.97522712333	
0.0882745274549	0.131682951539	0.847882098263	1.47444127788	1.9583630072	
0.101506389205	0.167339236084	0.933856943751	1.24289609574	2.03641650445	
0.111010512141	0.150069472461	0.858032032701	1.35251800985	2.45014452616	
0.11013741255	0.14838206921	0.912631682049	1.48168306431	2.00962374856	
0.109622279321	0.151044892131	0.820884000358	1.56058585094	1.95671910087	
0.081936625558	0.166044660142	1.01786488969	1.33016569909	2.57135402112	
0.108862262434	0.11786925246	0.856151428494	1.61751585252	2.61796860254	
0.0990152140241	0.161704802771	0.881393050427	1.49298258086	2.07516635975	
0.0836418288583	0.147440842178	1.19878829493	1.37027604549	2.17786338808	
0.104282629684	0.147863528554	0.862306923176	1.48447723645	2.26471255795	
0.101102025485	0.141102104766	0.900980708909	1.32210263542	2.28624671249	
0.102803704628	0.151700487539	0.83830384366	1.25177511287	2.1213014012	
0.0792731295341	0.157061341492	0.908441546935	1.31206004615	1.8190720008	
0.100785712642	0.155379981161	1.06359791222	1.35446023432	2.44877995981	
0.101470478933	0.15286848271	1.10545147736	1.50851357009	2.23938670481	
0.0946174788141	0.131070366475	0.971795666378	1.48771157729	2.10265241715	
0.0971592351171	0.129832790038	0.885173390544	1.5565831566	2.1449972956	
0.0874191923403	0.151221530327	1.13287355721	1.72207723732	1.92000917572	
0.0879373516885	0.140890699105	0.88416244596	1.3865633207	1.81291412986	
0.103094943307	0.137740542425	0.931015732806	1.37570505996	2.04417616137	
0.0853471946648	0.14226397015	0.821120798312	1.25426380912	1.88104022276	
0.102003738895	0.1217843837	1.03410812357	1.5794257176	2.57822889719	
0.0897292287026	0.148367519711	0.889296201252	1.29035970378	1.97119712188	
0.112105597392	0.163329745639	0.868042290329	1.48522392998	2.28788148333	
0.0855802561894	0.146079424813	1.01119101065	1.05023202993	2.07315414898	
0.100481285667	0.14294658331	0.871663826475	1.49175829593	2.15372709809	
0.0761607062911	0.144247376742	0.783320251548	1.44561129138	1.95673152959	
0.104586673571	0.114298649415	0.902975871547	1.42163882512	1.78376625187	
0.105511985383	0.161734526498	0.948634817869	1.30353018255	1.74789492527	
0.0925034364504	0.15399564747	1.06961476855	1.4895505768	1.72747616592	
0.0989189500062	0.152946620286	0.764519762623	1.37242636513	2.33945552471	
0.101654818774	0.133428740688	0.981288203452	1.41534247633	2.41424653382	
0.0840947619722	0.142186405989	0.752186558229	1.30048832489	2.33609354907	
0.110194655948	0.179971416511	0.86477153061	1.68304208163	2.39099015556	
0.0969086262529	0.152947380656	0.88097873382	1.54510990723	1.83625259696	
0.0922699877266	0.152570876362	0.944088111774	1.44000781885	1.90421546003	
0.088325292828	0.143489785572	0.739742441785	1.55326223498	2.32154254538	
0.105115519736	0.150440570022	0.902138766199	1.17919168849	2.31761337529	
0.101639989696	0.173731622806	0.927057660804	1.40169325144	1.96548915903	
0.104882300076	0.158208134024	1.05362944026	1.56030381106	2.05535313646	
0.0862713711208	0.164995847269	0.888443689355	1.37361993918	2.08473616169	
0.119413959933	0.157019482727	1.00456048379	1.63963604584	2.21446726034	
0.0947341235004	0.130187873784	0.888913593626	1.47253971616	2.26152289329	
0.0967950592963	0.139824101068	0.902082012949	1.36972542294	2.40104965409	
0.111454016289	0.1563637279	0.87945195675	1.45710252258	2.38135823208	
