3	40
0	1	1	1	0	0	0	0	0	0	
0.131190969811	0.397364017126	0.645068613349	
0.154973670087	0.333292822678	0.582051303893	
0.131500166578	0.377014973562	0.52139233301	
0.149791551115	0.37679408789	0.693595505404	
0.156953699413	0.381287434398	0.558902390468	
0.146178967219	0.333884110705	0.642691320929	
0.155811659658	0.252546337219	0.644778210263	
0.150343635618	0.448422236324	0.523258969355	
0.183601012832	0.406570923817	0.627766624386	
0.141205266524	0.2652141996	0.607020488492	
0.161749994871	0.398386458672	0.598453018645	
0.152638319455	0.356441375032	0.597225337936	
0.143554284427	0.353743536182	0.488614045908	
0.150317922194	0.415261437371	0.494083860166	
0.163022813954	0.394853891025	0.641889024116	
0.134591301038	0.372475502349	0.604402166951	
0.163274054146	0.3449737836	0.608593267642	
0.153809725949	0.433954124797	0.556296887302	
0.141956324328	0.417747411345	0.618661781502	
0.167038857904	0.383009135778	0.613623479266	
0.130052476296	0.308393398371	0.562395536543	
0.148446605508	0.374644282158	0.58234301325	
0.162436410156	0.39105821353	0.619897478672	
0.146776518371	0.306964753085	0.656364601371	
0.148342204335	0.337964939395	0.722054612126	
0.16845267936	0.382660906302	0.555214860247	
0.12437439381	0.387354546454	0.53690757296	
0.149049277636	0.387264459443	0.640143089854	
0.162100616745	0.351778660983	0.671075133597	
0.150604433558	0.350076743127	0.650249702059	
0.174932332536	0.397189308504	0.606308285783	
0.163605974289	0.323071289091	0.514884590426	
0.16202434096	0.420498908685	0.547663027141	
0.133850920089	0.351711747724	0.652765756723	
0.142752609546	0.355263922628	0.552199872902	
0.154413767554	0.335700774804	0.601526179835	
0.114639490601	0.36055225962	0.5828555822	
0.179867208159	0.305532468953	0.648520459687	
0.152051039106	0.419644127445	0.693191076914	
0.150769379279	0.347307803408	0.725290311234	
