8	28
0	1	1	1	1	1	1	0	1	1	
0.174773336604	0.385332598917	0.58462091154	0.802540360325	1.34710613914	2.19985423029	4.79696137388	5.47161131458	
0.140934252058	0.369439962677	0.552085503319	0.992472217034	1.46649877545	1.97453645396	4.47770128581	6.53098730232	
0.15632489745	0.325912672793	0.633798981842	0.946207300969	1.4199448485	2.19505453292	4.78976318271	6.25242919296	
0.164837504975	0.394707526862	0.747802196776	0.980769459205	1.3953218717	1.9736349131	4.8869048433	5.87199323807	
0.154176456055	0.377207150913	0.59201269381	0.774405538634	1.50624262939	2.19492212604	4.00759329159	6.62549731031	
0.125253872543	0.396956788872	0.631205618276	0.937013391933	1.83722127872	2.76198344792	4.07797098195	5.55524615673	
0.154706464706	0.351157446711	0.63754886638	1.18655893156	1.45587827829	2.26969806192	3.90620108917	5.54463739177	
0.119817417016	0.369839714299	0.676382182921	0.830022770316	1.51114574338	2.10800679946	4.59700827478	7.27723474228	
0.167587026424	0.372467937818	0.577626673789	0.861857869289	1.69866738571	2.31418352151	4.95283511639	5.6416499724	
0.152938242126	0.38013909682	0.52637824019	0.825301442635	1.23979083101	2.13846193157	3.85890736175	7.10607795119	
0.174208670716	0.350502081287	0.522098623871	0.947797449943	1.45301651292	2.09309670145	4.84204533405	5.48811770573	
0.151591142649	0.347208560403	0.543336799532	0.986292512658	1.44390933419	2.47832430334	3.84376794969	5.19249938454	
0.168889733208	0.356612728898	0.606389765185	0.959251289169	1.37393612554	2.08765194994	4.55719348069	5.50885276112	
0.146790857771	0.415351399322	0.588974717896	0.821877479467	1.52050952836	2.29337747189	4.29799648026	4.52581192658	
0.153207919157	0.467381359128	0.646838712015	0.861954000768	1.15294783282	1.98371703738	4.78709724339	5.77880800536	
0.165890877717	0.339752431683	0.537372332243	0.853466951391	1.5213045452	2.12458358761	4.2572895298	6.47728704851	
0.168952234391	0.318773523957	0.661940120385	0.911294574896	1.58883915194	2.18194461908	4.87984768752	5.33029286321	
0.136454935861	0.372428611481	0.507281436808	0.824021932571	1.58096045505	1.83211979053	4.08436899274	5.86574428523	
0.150599291081	0.323824172768	0.566933877712	0.931867474332	1.50111644017	1.92893758303	3.89051107929	5.27991471447	
0.148111287833	0.360695066755	0.593251693405	0.908771469112	1.38538569405	2.09587064416	4.6630526911	6.62254304468	
0.152071020124	0.398636832494	0.533563344147	1.06091466861	1.50366778293	2.48062309953	4.38782947466	5.85197231811	
0.130025322374	0.411849825026	0.518056290098	0.948150095286	1.5822826457	2.099026188	4.44148298099	7.1744047155	
0.113515337288	0.373013361002	0.534792943278	0.979370810581	1.61027546901	1.90435281462	4.76569575177	6.2037370928	
0.162187020734	0.36292726976	0.667799905097	0.997914473007	1.42968465001	2.11186490896	4.82527755839	6.31443025685	
0.144248728042	0.307981949585	0.488407567997	1.0387072142	1.32217740803	1.91213430352	4.45968309719	6.13826691928	
0.138953429422	0.300579010177	0.578369538655	0.82725670627	1.24504592128	2.31925791399	3.88885331897	6.39238684632	
0.157801843982	0.37763007385	0.674845569703	1.02010678249	1.20756211847	2.16391726562	4.44158869407	6.72991721375	
0.120883385948	0.381723683268	0.608394219445	1.0360440172	1.45914435354	2.23182064101	5.2400130629	5.80605972034	
