10	98
1	1	1	1	1	1	1	1	1	1	
0.0894825165926	0.142684906178	0.368257253107	0.624790514102	1.05691837957	1.27318352475	2.07414323509	3.27159561732	4.60662615246	6.42967926664	
0.0958333002866	0.147862260677	0.372099978538	0.639076894709	0.903293578399	1.356883262	1.81876939296	3.68089726588	4.75475974659	6.75493919203	
0.111277838255	0.158253896705	0.438205699713	0.677285160891	0.93284119174	1.40275165336	2.54344397076	3.15163879192	4.64645693676	5.50212236313	
0.0910941951695	0.14747411704	0.366152053356	0.638298929021	0.782345018932	1.58701569816	2.62417529989	3.11660147784	4.55211860767	6.14936049704	
0.101102725302	0.129047155346	0.411569219216	0.663520719415	0.859456475208	1.39003591029	1.9666794773	3.07578867131	4.25093621814	5.42060778471	
0.0843648836573	0.141112068316	0.360984569644	0.621550463903	0.852076978288	1.40557570606	2.13173010189	2.71475484568	4.698181389	6.52614986233	
0.083243357806	0.140181049425	0.392583716378	0.61153880089	0.76860336792	1.47554896398	2.47071768306	3.35132862535	4.18604212249	5.87299371609	
0.0952122650743	0.179875688271	0.395609947464	0.554070028798	0.877080057481	1.34703810016	2.47780423543	3.38568332297	3.90966586721	6.960945654	
0.0858576117679	0.129795378336	0.330386350441	0.53715740682	1.09170133688	1.70586995251	1.99826610579	3.59255075677	4.62441215976	5.57875354146	
0.104102377929	0.142475473894	0.410896863548	0.667678789046	0.842465621538	1.42057910909	2.21884130599	3.42118191413	4.33601147983	6.09461159216	
0.112118059135	0.136486953353	0.338257991018	0.622749275853	0.929181985958	1.3884722752	1.9715299469	3.28745871765	4.23901472966	6.06595609406	
0.125004432802	0.1485812492	0.370996256935	0.564940060617	0.665747514026	1.6017651901	2.01331989543	3.68189965161	4.72739476892	7.36969405171	
0.105000394215	0.130964229617	0.294972827521	0.607234032348	0.897077539639	1.39269774859	1.97977274082	3.817141084	4.40706850063	6.43726013351	
0.108853789652	0.150842848817	0.389623978563	0.554426718374	0.893594460898	1.46772022912	1.98504232816	3.58274760618	4.29084246899	6.3234254211	
0.113235896302	0.135550057718	0.3767661539	0.515659450439	0.93637786608	1.35355157063	2.13666880854	3.89444338293	4.24998621003	6.67052368649	
0.0946743325777	0.169331684718	0.370739146319	0.651427204525	0.858560372196	1.49006455324	2.22649468244	3.42776538315	4.76930499305	5.57778570937	
0.103307941728	0.129839127011	0.354178568771	0.648810069308	0.917836075558	1.32405544165	2.19365273365	3.50833558838	4.29526694295	5.69993204868	
0.103833555427	0.15428495239	0.344876036596	0.483716788067	1.01943086857	1.4018569199	2.1187989002	3.36640325747	4.24125388644	6.08423437764	
0.10906998194	0.152838491201	0.382215628239	0.547695412566	0.924130059219	1.33231343636	1.83850441712	3.01591077156	4.68155335541	5.66019967421	
0.10128508189	0.13632740926	0.375446964829	0.44003686407	0.924885761344	1.59902467475	2.05202518967	2.67677646031	4.55650476128	6.05421432953	
0.113632178721	0.149930888995	0.397016093586	0.512819563953	1.17085396533	1.36639551741	2.21381925938	3.30746575943	5.03474105279	5.62425871312	
0.110199279566	0.15928504159	0.407092507033	0.546653594949	0.989312480198	1.38621145753	1.91159861189	3.13984635179	5.05432314652	6.1135123298	
0.11266934015	0.177246721084	0.371479971453	0.63548948693	0.884605404795	1.35680863038	2.14797214477	3.28729905851	4.70087017826	6.50833915948	
0.0978738407833	0.156149134927	0.318249365451	0.565445797834	1.00265382599	1.53127399179	1.80058971487	3.27020833522	4.45377650835	6.11120183003	
0.0992225307998	0.153989772671	0.375156948131	0.585833735312	0.844550005467	1.24634967427	2.32304656438	3.29451613835	4.23847831843	5.8179654549	
0.0999206458926	0.160630711384	0.406436015219	0.640943877679	0.845490349634	1.38215271187	2.26370680924	3.00679584226	3.20513646411	4.95181620039	
0.0913799280739	0.150454702327	0.387995106103	0.565242097793	0.959459513892	1.56793087495	2.15497620257	2.92338420001	4.93814699697	5.80825336691	
0.115024685057	0.155754394487	0.369775882801	0.54478144833	0.984325773983	1.6646598772	2.01035083333	3.40693076677	4.68912518044	5.98578196476	
0.0888134950924	0.16083618804	0.421649251999	0.638646472147	0.80575225759	1.4182620087	2.23227333025	3.06810242738	4.59707419449	6.77485250322	
0.103395256256	0.171050526939	0.343532467185	0.680187562794	0.920811037967	1.45730524583	1.95662097183	2.95805571462	4.07792928828	6.7041070962	
0.106378946337	0.138420687768	0.458242437011	0.60906493857	0.921827875912	1.50852513651	2.01021388411	3.16536520209	3.97895033051	5.35487169798	
0.0899583014149	0.163576237992	0.359494853296	0.555846910572	0.863227199328	1.60047286019	1.86356426631	2.56442588186	5.18125045038	5.96016383374	
0.0992205659322	0.169623695896	0.3982787598	0.621755026425	0.950143546766	1.4508658532	2.15313594734	2.98145275924	4.5332510949	6.12216732625	
0.101605565461	0.132626913212	0.373508576754	0.555584391807	0.880505929436	1.41021908134	2.10660796757	3.35208948126	5.05233749642	6.56827138395	
0.099599662316	0.143375153089	0.301058728775	0.546517023442	0.977969954624	1.59500354747	2.18840366337	2.96334677204	4.25324699631	5.90896143398	
0.101772048925	0.153867942159	0.397868780727	0.550599728457	0.85060570303	1.51935732387	2.44599482977	3.12882003815	5.02143989703	6.23339819019	
0.117070153592	0.184357789887	0.392546248171	0.613773393876	0.998022886174	1.47661893341	2.15653525656	3.13030249478	3.81181214287	6.35693068893	
0.0992381280316	0.132622810762	0.44693941937	0.521602908494	0.898260708159	1.60905225128	2.11500252707	3.1505384779	4.56376326726	5.88833685943	
0.0848513728312	0.151741727965	0.397319763527	0.591793196609	0.88090903123	1.43189457247	2.34527099698	3.31670112792	4.1221145947	6.68168261404	
0.107978713737	0.168806183587	0.341056702673	0.61358922968	0.743681600033	1.64168608978	1.96115756912	3.1213861717	4.73935082043	5.53397523045	
0.0926898042356	0.14545927802	0.366278914268	0.650681300658	1.00093116399	1.65281920677	2.62893432899	3.34549834083	5.17880334761	5.96379742189	
0.0888758516835	0.129436930286	0.32576822574	0.566347089142	0.917468153156	1.15540815045	2.38592670905	3.05962873494	3.93167184746	6.06350029261	
0.113273374652	0.156406870703	0.311125576071	0.53024440585	0.944009392268	1.59291126231	2.29105547172	2.53625178579	4.9687146603	6.34747972668	
0.121564403469	0.146782838368	0.352933261019	0.643724187265	0.888910981842	1.29135075207	2.47449028786	3.57376381793	3.92412162308	5.73709622789	
0.107294320507	0.145387883239	0.32942042861	0.69424681297	0.981174812658	1.6082236686	2.17437011321	3.3411922175	4.27194352326	5.60541984351	
0.112594453871	0.153652499829	0.354975682378	0.643527823216	0.771989785122	1.29640842094	2.18894255596	3.8050280896	4.32135105633	4.88127108989	
0.107318083668	0.166445550434	0.335268848191	0.673335259564	1.09226403165	1.27241110085	1.97445478599	3.17058444667	4.10602188304	6.16641160873	
0.104807142426	0.1741226458	0.409890957348	0.480515569189	0.950493306591	1.08868946449	2.13719501173	3.04977826946	4.72295695132	5.42678979681	
0.0987820479444	0.156806903911	0.359262464115	0.628337589013	0.843453665868	1.10638836872	2.16007162148	3.20912699339	4.20145072141	5.40649318497	
0.101777550375	0.157264639134	0.401478945103	0.48449740383	0.891564423041	1.29132059641	2.27373310292	3.22237545001	4.44422557321	6.6023634477	
0.0903437404339	0.154399658724	0.306157414188	0.552888931721	1.04091340592	1.25326315711	2.01621647474	3.20495601871	4.20646663805	5.24805119728	
0.0864709451568	0.181610668958	0.392222971608	0.696544982174	0.924972350531	1.46428403134	2.35240133512	3.15616410219	3.60479739315	6.78633360313	
0.104220193729	0.140583724128	0.42434847656	0.6903466163	0.894649976353	1.70498915671	1.93092144338	3.10931770898	3.87693436814	7.34877245628	
0.110364926774	0.157187356666	0.371229412115	0.594271841907	0.99988027501	1.24457600039	2.09570877607	3.19378318246	4.37123473537	5.85877712825	
0.109618694071	0.152666310935	0.408425780668	0.622316819181	0.877525340709	1.27225852133	2.30463016572	3.2913790336	4.45851622848	6.56978269471	
0.0800923729942	0.155347521793	0.362986273246	0.518933280942	0.893121195267	1.43937240258	2.33288969755	2.98284928773	3.98260877242	4.77494554417	
0.113437662112	0.151271877017	0.360074608012	0.558402013369	0.701345522048	1.1930099756	2.0277625947	3.75528552075	3.6794260273	6.18363872033	
0.0905955818268	0.138804471357	0.386122757701	0.572056618058	0.968526718119	1.37957292911	1.89514906797	3.31439750085	4.46778202924	6.79246116793	
0.0949693423969	0.169307252637	0.403275078139	0.497515234172	0.797185516119	1.32031256979	2.36181920514	3.29562548176	4.75270445779	6.52986193021	
0.111035139565	0.185001229325	0.412476975197	0.540108680954	0.939661807933	1.43230051701	1.97418878414	3.09425707148	4.01329621221	5.71513688816	
0.0807354872284	0.133749226795	0.369826913228	0.593450610744	0.847276773991	1.36140518053	2.74862661084	3.16379078386	5.39706227278	6.17593195922	
0.110137894336	0.156518034679	0.367984239253	0.579037863146	1.02021646348	1.51116103082	2.01379252771	3.21451385834	4.1998736505	7.30969078644	
0.0931791754117	0.137407278891	0.329754166553	0.622499967525	0.921172010438	1.40613912604	2.06976595724	3.49388996493	5.20946643754	6.9340376988	
0.101460336554	0.177323598023	0.354551164967	0.733988223804	0.974554019598	1.65838311319	2.14537346155	3.57719672317	3.5575986072	6.89989219517	
0.0931385112662	0.160933365349	0.371779570569	0.691623071283	0.964868838876	1.4169628323	2.05664370702	3.82375276222	4.08929060438	7.04498765163	
0.101626671024	0.13266170582	0.313773125519	0.497702232974	0.844323099792	1.41840980272	1.97609491853	3.17883035327	4.98075206538	5.73851084288	
0.0919420850531	0.137969012574	0.412058447484	0.650999309305	0.951244890604	1.33768082367	1.89770495961	2.93346642151	4.46380454775	6.46518211601	
0.0841931662067	0.149842674495	0.368244454036	0.52321752695	1.02406012777	1.37409851725	2.29003356743	2.83599376537	4.61018092199	5.76236362806	
0.0891111219373	0.153847494138	0.358933137539	0.593258979364	0.984599848517	1.37531170664	2.3257114057	2.99769334248	3.96619135846	5.60417726772	
0.0927073888454	0.161783673228	0.395508012064	0.680174914892	0.768067794807	1.49883307245	2.01272300199	2.93500443405	4.40594460419	5.98896835139	
0.109644523143	0.139243128268	0.363803088039	0.631910562334	0.859001230537	1.4756976048	2.33144008944	2.82344137291	4.1465413574	4.85094839351	
0.098761758591	0.145485174627	0.379895994647	0.61329165313	1.01914994593	0.980491700858	1.80642020021	3.33874175019	5.19770971073	6.70156568596	
0.105551998968	0.152505983582	0.423232370574	0.703668576965	1.00329686271	1.56163992977	2.13639244544	3.50785320399	4.53673079875	5.68576633948	
0.111631107835	0.168682686701	0.415762808671	0.71073487238	0.903150348543	1.31536959255	1.93827650837	3.16412770317	5.49490245522	5.61904383221	
0.0982911037018	0.168692838715	0.399850733217	0.761881619791	0.955394428103	1.74439916139	2.25864261239	2.66063482791	4.0255492889	5.27010525852	
0.0980682272286	0.157671185571	0.403236633607	0.637716118152	0.966769287702	1.45855524375	2.20644758716	3.05629471863	4.51165112881	6.01128891668	
0.115300677968	0.150354067572	0.391892823328	0.752436809243	0.997358193595	1.39987705661	2.10493894909	3.95555883216	4.68205675769	5.95619540359	
0.0946273466707	0.133789696707	0.377049717867	0.608814960295	0.849352311647	1.44192281619	2.08553718229	2.97978351435	4.36629011696	6.08411157777	
0.111078972451	0.166379735495	0.404812618175	0.503125669667	0.961576877325	1.56232353005	2.03522360303	3.74411210141	4.71280884213	6.14144341692	
0.0917018472428	0.127613794429	0.373207224909	0.515990513218	1.01944431649	1.39638567579	1.8511766254	2.82213420617	5.38986364522	5.26175801975	
0.0944259129385	0.147254029794	0.413386432984	0.610129376427	0.923511960307	1.58386028817	2.14553263305	3.94954358035	4.36550225747	4.45911264024	
0.0794457068394	0.142339180413	0.304636530173	0.630105152265	0.989529660665	1.53829722821	1.9486788952	2.99131875732	4.68004023218	5.33662553723	
0.105278620867	0.159173247328	0.393747657341	0.569173489085	0.836341826598	1.50800960516	2.29390312102	2.74069245896	5.17898094988	5.07246648417	
0.0806797833971	0.150631070844	0.41060373955	0.462726873218	0.947066192219	1.54354469691	2.59143275022	3.40915289487	4.57711661476	6.7657057668	
0.115157310453	0.1696604644	0.368892014938	0.50887747474	0.799646353967	1.25518042328	2.42376614184	2.94848114312	3.32885055307	4.92739702816	
0.093586039218	0.158893930325	0.401906495351	0.683212011332	0.937433509021	1.10200807169	2.26752739146	3.3386856333	5.14691225549	6.01429217154	
0.0887003523557	0.122558720191	0.364983739178	0.572852453108	0.857855427424	1.58173693933	2.21468098029	3.49473185499	5.15485045534	6.15261701123	
0.0811409861936	0.13918716045	0.362235512284	0.70623609256	0.902902230551	1.77603248005	1.97290267611	2.66921884819	4.77495853525	6.11173054229	
0.103322659551	0.150872626649	0.448343652491	0.582236627204	0.807958078939	1.33801704017	2.02719136574	3.15758340623	4.28018891385	6.66448738045	
0.107034535196	0.149879748582	0.408380388448	0.627613282073	0.945018663475	1.6029044087	2.36200656816	3.02032527568	4.84871634297	6.210871847	
0.102446567135	0.161664591755	0.363776104933	0.664765376307	0.862959819473	1.54279528294	2.08546195262	3.54217203246	4.51527582548	6.65534175801	
0.100541699635	0.107675888985	0.394634293452	0.558300738189	1.0484867446	1.37581866247	2.50093085871	2.97900755278	3.89287285921	6.84724519635	
0.101276070057	0.126270561823	0.369916944827	0.663431251208	0.995536471155	1.45386031114	2.44681324376	2.89925188847	5.08801995624	5.93428556911	
0.0988828009882	0.160101384951	0.389983596915	0.63899227591	0.996456500039	1.40936932541	2.19667164028	3.21163818144	4.20724109175	6.79990388845	
0.0831133460288	0.174995360774	0.375605805182	0.621144114897	1.05602908086	1.47790924821	2.09439465656	3.53451472172	4.1501556547	7.74887662414	
0.104134310415	0.153712086093	0.334877210248	0.586258931612	1.04327148758	1.26259120727	1.95777085829	2.71987278356	4.41935945103	5.92126896691	
0.0710637812525	0.153896255883	0.370859931883	0.64997192185	0.983833870917	1.43423289588	2.39297595124	3.32573608286	4.9225917932	5.95150562636	
0.105281316789	0.140355364105	0.425363904077	0.642281372749	1.08765801726	1.24417837717	2.64157382791	2.97211878266	3.65954099216	6.55666212236	
