9	96
0	1	1	1	1	1	1	1	1	1	
0.161540261982	0.334933836505	0.626819667312	0.647258357876	1.48685096062	1.9578064358	3.71485230078	4.92133520788	6.11080128831	
0.166195483439	0.471044427465	0.596983240451	0.962057201039	1.25186501055	1.96382294219	2.95245175492	4.52365894541	6.22576312688	
0.139848658411	0.390834814983	0.659963855942	0.94680200424	1.58610317862	1.77299753549	2.7362644906	4.78574686475	6.14772975244	
0.151218777723	0.384416135129	0.532033028989	0.77139432622	1.56323666728	2.38607129607	3.02789637659	3.54790220392	5.91818202635	
0.13984136717	0.411578262723	0.542577040377	0.996433923311	1.44527904837	2.43040950679	3.43150585205	4.32373493097	6.22426876718	
0.150142258321	0.32209392821	0.636725722162	0.925739640081	1.12558024212	1.84025610916	3.06681856363	4.8942780996	5.61780590471	
0.161226139458	0.410080581789	0.58910393915	1.00109332676	1.4231078196	1.99002067934	3.17848046295	4.14941744667	6.48813103208	
0.157108838232	0.438763820212	0.596292706516	0.966790292161	1.47391736301	2.26649355328	3.39549173493	4.16322764503	6.08498953895	
0.150611661583	0.464247754797	0.497074647413	1.00390976151	1.65038313841	1.95491760349	3.95594050031	4.5863101898	5.8879431979	
0.151767963976	0.388086714785	0.616113713556	0.822626185697	1.49836046581	1.78388168358	3.11958447817	4.35310694674	6.04493944825	
0.149121020707	0.390892241034	0.520716200639	0.933877981189	1.30375595064	2.21907500339	3.82362331283	4.55257310063	6.94607387452	
0.153998775459	0.355522599755	0.61419425984	0.740000170902	1.46652240315	2.42426243037	2.92687437127	4.99063603707	5.46016473259	
0.147993817922	0.339908772425	0.600972505904	1.20721242363	1.34702302992	2.11671737798	3.25788542898	4.43981139124	6.68663852027	
0.140696016599	0.392547585313	0.576885591648	1.07974094917	1.46713434863	2.18157888162	3.48557633254	5.15563931663	6.61464649922	
0.163216491802	0.427946293061	0.600451875758	1.12222037204	1.55149541859	2.2734447622	3.21846982971	3.83074365335	6.04689339462	
0.137137283482	0.363208770303	0.608017567741	1.05626187429	1.4133594785	1.94081890892	2.78376559182	4.01773818304	7.29039889428	
0.141548798751	0.312318915306	0.618006062809	0.874130665236	1.42760229611	2.34003214684	3.65115843444	4.45746392449	6.20529731864	
0.169789746263	0.350559141671	0.524300773527	0.975951467444	1.28329048732	2.05677014313	3.25194995551	4.59280012011	5.82742264738	
0.164934005435	0.377075782745	0.501980340937	0.951311065976	1.45152911873	2.08732614545	3.17180437695	4.2769878115	5.4873231009	
0.172579006336	0.403761791582	0.640722345417	0.909615300661	1.30252904975	1.49835866586	3.62160174211	5.42894638858	5.18785749965	
0.120491764814	0.404882799514	0.707528651608	0.859990390978	1.70982711588	2.2558693118	2.43937018454	5.01904062734	5.85147945791	
0.148054079013	0.369705540154	0.604937182542	0.850487574993	1.26293822839	2.27988010709	2.85311754571	4.01812420501	4.81118579326	
0.164060210961	0.470286009381	0.519715630517	0.862053120018	1.42822338431	2.32669924383	3.22634034429	5.24049275081	5.55096236862	
0.150059587745	0.381429911581	0.494778000894	0.91827787547	1.4743855868	1.82575310815	3.00791792127	5.31845403578	5.55058313815	
0.151884739229	0.368439405054	0.562785562935	0.818581038171	1.48194141617	1.94952867928	3.11623232265	5.05386495073	5.46854300367	
0.167194082632	0.362648906715	0.587497312855	0.972967425514	1.22827137122	2.30529754197	2.92610802101	4.58112900387	5.29681428464	
0.15549596175	0.326996363656	0.566187465035	0.87885960485	1.50301331737	2.46008628818	3.09943027817	4.34231879143	5.56623055885	
0.17341958564	0.369324562523	0.627930098255	0.964993715362	1.31397052025	2.26711983998	3.65263366075	4.29894209618	6.57514766132	
0.154252334021	0.334823212296	0.692890223829	1.00017665524	1.24730781647	1.94830247739	3.66900689513	4.05702807417	5.19541253861	
0.126451010642	0.35458417887	0.642335178877	0.953523582705	1.24893125938	2.0882997676	3.45332500836	4.11322845588	5.89360346112	
0.175899704855	0.38253372089	0.69669222286	0.857064216971	1.36931585765	2.42040084153	3.2696612291	3.94781460222	7.21959612964	
0.154184557423	0.45134931181	0.55946651104	0.913842635929	1.5263769341	2.45194108625	3.58763214459	3.41558170279	5.5765988308	
0.152238328416	0.409003246372	0.578601580398	0.893269333942	1.46187348738	1.96365251121	3.03819227997	4.57217685354	5.97642387451	
0.132561204961	0.389956205304	0.62494907825	1.05808442491	1.42386457599	2.39408310936	2.59115816117	4.47461821782	5.70020796218	
0.142587226158	0.396246086782	0.490424318827	0.772877084936	1.51456416124	2.19064649508	3.01252356935	5.08455561413	6.61421285027	
0.155192921497	0.327001877683	0.680352345129	0.753609011763	1.27047915577	2.32429551201	2.76412890269	5.11999335016	7.15615095676	
0.159555639897	0.351951137533	0.522140634995	0.788357445916	1.47305131092	2.17208548726	3.31568119459	5.12981906033	6.4703104719	
0.154558620717	0.383662351107	0.538816604723	0.976175790134	1.4641695466	2.38335057414	3.33783490374	5.57362324299	6.71580085928	
0.122272660726	0.389102947375	0.67636504169	0.872844042303	1.33779594341	2.51172329285	2.93107743593	4.76652205185	5.93742911723	
0.160462574208	0.358132707138	0.560063823024	1.03329028405	1.65765323366	2.11162782859	3.3918303107	4.88120217777	6.11843841449	
0.160410117408	0.445343109755	0.521069397762	1.02321056641	1.7361652433	2.38003254108	2.84736520478	5.244247146	5.9902081966	
0.15900024316	0.419556423345	0.687750630079	0.853842445978	1.43916157853	2.21176829916	2.96780948721	4.85363892019	5.8455121313	
0.151284116472	0.361362363251	0.634876288302	0.875495137301	1.42448515939	2.15252794704	3.07559494859	3.68019041033	6.41149605874	
0.149561691242	0.366721388013	0.59811509874	1.00815544599	1.73826260929	1.78070957174	3.38851261114	4.28775983643	6.85805338734	
0.130274661567	0.383710274568	0.590622675535	0.825931012259	1.3370632127	2.08407074472	3.29914433241	3.42501411998	5.8306173906	
0.161458330435	0.430387909663	0.618995347835	0.980848528704	1.24926355155	2.07719911104	2.84580655204	4.41614164163	7.37740064514	
0.171924980596	0.410086789061	0.619075575286	0.906631652256	1.52318467773	2.02052346646	3.95386623557	4.87365012033	6.58160991838	
0.142601847694	0.362489703061	0.555635972456	0.81379166581	1.62896498163	2.29708633634	3.11559249565	4.22867610789	6.87709000029	
0.157787394356	0.363946191693	0.669730428371	1.10702897828	1.34736880506	2.06013784409	3.17781161581	4.63367127873	5.97915886143	
0.128104085343	0.345217792965	0.607642735925	1.07038452221	1.46069300111	2.34940900161	3.36112641398	4.42789403301	5.47473294407	
0.155621756093	0.426807269047	0.523993824335	0.983189825042	1.35031327495	2.22575235503	3.00921027728	4.56534691314	5.43204128041	
0.164549655549	0.382103462394	0.707329310109	0.958379110061	1.28716385609	1.80830415644	3.7117063024	4.23097504533	5.4083175863	
0.170166542353	0.363471664664	0.654764169069	0.962802759188	1.15614257921	2.28765337213	2.93384803506	3.9450180075	4.67000266391	
0.13266924665	0.366420964792	0.604760086483	0.944014578487	1.5562762317	1.7842622441	2.57364649536	5.61685802076	5.96576380571	
0.15801585617	0.325313687077	0.640911332994	1.02750263013	1.15695459048	2.25495147311	3.40278449648	3.3777758449	6.10945582018	
0.140212770436	0.397506889039	0.641916093223	0.973591098184	1.38615008646	2.05690620391	3.31878931715	4.383631077	5.1127577301	
0.152911200162	0.373065164637	0.588954067914	0.896797649436	1.40168115561	2.01006757468	3.52846382505	4.30377521076	6.04800880085	
0.139392219418	0.338402975075	0.59317093318	0.992915006972	1.57825734091	2.30378287553	2.94303850671	4.52497254802	5.94965890963	
0.160911406192	0.399343421233	0.562476112977	0.962335908324	1.51169595364	2.22068379549	3.23811538028	4.20438204721	5.75882675054	
0.18246500809	0.335000781355	0.712919227767	1.10433175948	1.24403931825	2.01620113558	3.1499798337	4.2229985513	5.63651146386	
0.160452526239	0.389719081859	0.633001400456	0.915700231034	1.39806005235	1.98897611102	3.4057623585	4.95856468243	5.31151992788	
0.161782798615	0.390431403987	0.530599795799	0.79581424174	1.39044613128	2.03887722358	3.5888746879	4.32383309746	5.6748297722	
0.143367888179	0.371066645704	0.616757260162	1.02911415497	1.25365672837	2.23522497042	2.81510494499	4.97056780544	5.06703749844	
0.168360489067	0.415853038863	0.552923026625	0.880323116826	1.15888616153	1.77138147101	3.15267046399	4.58615631435	6.6240235899	
0.145771644049	0.374873223902	0.524574982657	0.916332059206	1.44386924998	2.27629328781	3.23472650898	4.92260077471	6.01281748212	
0.147971762908	0.410384848669	0.648406808765	0.900039985575	1.6875844674	2.20634352028	3.28685454412	4.35873313059	6.26860598534	
0.163072101912	0.383548632954	0.613063242137	0.826032701097	1.31025438928	1.98411345765	3.33031584272	3.99067933325	4.79332610786	
0.129038908982	0.400244466127	0.700558879597	1.01825248431	1.27529551779	1.96575145335	3.04529711274	3.80338366672	5.87812007962	
0.156831375073	0.342566690677	0.528151282244	1.00240177088	1.30033417831	1.97976757346	2.47145118511	4.91356261839	6.78953469897	
0.145095463349	0.377511629836	0.628752820745	0.991375541346	1.41848535564	2.02380010823	3.19794521474	4.32561284873	6.14204505875	
0.133753624293	0.424343494009	0.718260831534	0.862704291187	1.31780442339	1.96694159973	3.09558013745	5.28441845282	5.6545347256	
0.151919151838	0.362171399426	0.47690362722	0.878301273539	1.42322293599	2.47705578663	2.68124160579	4.92483921032	6.13527297739	
0.148471723818	0.34025630747	0.673536326229	0.960797922449	1.42309185797	2.126914705	3.55080737807	4.11167461595	6.85376253466	
0.182844921584	0.368189604331	0.67732710936	0.875035798173	1.26707083527	2.02344969747	3.38154979417	4.38907989175	6.23831414011	
0.153800090992	0.363464603145	0.525957843847	0.926341249947	1.23218825444	2.16335449548	3.35634246791	3.44852248721	6.75682987544	
0.144815684521	0.399121180816	0.560446292468	0.891481658393	1.65876361855	1.85771783523	3.08209264267	4.52024478404	4.51521759216	
0.135994707934	0.410709321886	0.522754407895	0.94420020377	1.47790111477	2.25793101828	2.90516633884	4.57060837185	5.2947178497	
0.145506463142	0.412866596304	0.548833569861	0.979233863669	1.41870731394	2.3127867511	2.60958025248	5.02921312928	4.91709200224	
0.131561382644	0.423421017723	0.595431418463	0.888725291332	1.56457838367	2.1221829919	2.92748065465	5.06107498848	6.1575147972	
0.130799862653	0.350707572505	0.539737181373	0.81990690599	1.41057889298	2.13358042728	3.38778411321	4.75178762483	6.50731919796	
0.165285553995	0.3984879682	0.621377758834	1.02000811925	1.4890516677	1.94515547226	2.79728205518	4.03844165418	6.18915074992	
0.14541288118	0.388627589217	0.584532462945	0.844500404095	1.05919465012	1.88771137485	3.81787916476	4.93328437899	5.5506848999	
0.141975321684	0.360916750604	0.665418628734	1.01453930492	1.56781100432	1.93221949148	3.83036083034	4.36921866758	6.50259112732	
0.154382760432	0.315001136791	0.569099615352	0.926255803954	1.31210495076	1.83168368357	3.10071771098	5.08841254853	6.33111131888	
0.141673087697	0.388341298596	0.518301288088	0.927830538083	1.15170298331	1.89375879283	3.50793799676	4.22692053516	5.71971078071	
0.148313913907	0.438092166055	0.378718572695	0.841931900605	1.76716370404	2.39446724201	3.41105481649	4.60602270578	5.83377702628	
0.128977242501	0.362903098686	0.590921383833	1.03376977557	1.4757508069	2.15765348733	3.02767261802	4.27470213162	4.93491777791	
0.15298962305	0.33170416178	0.577284906566	1.02254106829	1.46342863578	2.21547351879	3.63891684629	4.79456758951	5.9026631279	
0.119614962189	0.363051043557	0.593292825449	0.928109801393	1.19507223464	2.18485742407	3.48101715833	4.32108978134	6.25287561798	
0.13955075177	0.388057207789	0.710828851054	0.888812928132	1.26162965888	2.30319564112	3.15223130254	4.13568399488	5.53278694207	
0.153142648961	0.38055038492	0.675324248613	0.966114285636	1.56323965406	2.14823241009	3.39959638179	4.46483873007	7.06863878356	
0.156586652206	0.323747765679	0.587019759298	0.948705257574	1.42417803189	2.32347529966	3.08496451538	4.50205288581	6.53527770977	
0.128741029713	0.343034637142	0.714460620778	0.894779823738	1.54949247347	2.38040681696	2.82824665715	4.11289876436	6.00546596861	
0.139862907495	0.395281508616	0.631627519489	0.949026896547	1.42288231148	2.27378046689	3.6377939848	5.08578407575	6.16173628869	
0.136849176187	0.373332499124	0.640616075799	1.03218639867	1.58249940146	2.11208546033	3.32324264641	4.73394557922	6.87657592217	
0.138667602527	0.397473955863	0.569130060794	1.03866502823	1.425328714	2.20124825162	2.97771565381	4.3074687671	7.19076953295	
