7	99
1	0	1	0	1	1	1	1	0	1	
0.106152567067	0.373697036932	0.992610757478	1.37484093357	2.19854024238	3.23765644168	6.56358191508	
0.108415791537	0.380576636226	1.0133273864	1.41056592549	1.9007402587	3.56419088711	6.04324479253	
0.108987837009	0.387491300689	0.93798580858	1.50342244593	1.8956910753	3.07383572328	5.55898696707	
0.0849407242719	0.388460196207	0.897453293432	1.42698399606	2.41310267979	3.47441630657	6.1108117786	
0.0939311567993	0.382777452712	1.03706057535	1.34423045316	2.34444935241	2.99493720846	5.45557474483	
0.117436897192	0.352637907958	0.903651666873	1.38044683398	2.14080823494	2.92038331847	5.71928642165	
0.117443469185	0.396779508454	1.07773518483	1.49705283775	1.73810594891	3.12794344176	6.22825970715	
0.118710154215	0.40578648657	0.949712195003	1.5478988622	2.16782295866	3.07066460771	5.89690767241	
0.0857579358651	0.452320488341	1.00456300805	1.4495337763	2.21565784594	3.77697787632	6.84692755023	
0.106943990215	0.393728749895	0.91400605132	1.38246787333	1.96985767425	2.47999917329	6.48283291929	
0.0925769451867	0.435265682482	0.991491895615	1.19097903349	2.18929644859	3.39553691289	7.10638664699	
0.105917245649	0.359793591473	0.956723130899	1.25942873335	2.31754803966	3.2566493585	5.69765364391	
0.109746285158	0.306477571292	0.957029274038	1.49661365087	1.87967445481	2.92698646545	6.79350823609	
0.0903543499815	0.407632177262	0.953275050428	1.23591325358	2.35458321571	3.19758663998	5.96297153485	
0.0946730322078	0.398480115438	1.0147485185	1.14715782185	2.30638178607	3.3190121684	5.5835216949	
0.0999664821502	0.438406746509	0.906939371064	1.55011456452	2.40485702055	3.47473433848	6.09702998178	
0.117370518683	0.420272043117	0.928065251011	1.47219186599	2.34865062484	3.35842000545	6.33548498192	
0.0920612263073	0.424864230074	0.938596919616	1.49606307596	2.21913009339	3.02776532155	6.04585462585	
0.085312648011	0.39904597676	0.987694534524	1.58946469531	2.07957126744	2.89945907988	5.51198878092	
0.0997970498091	0.442597368623	0.797269057996	1.4503799612	1.78905602823	3.08419248618	5.41797134349	
0.094953871192	0.402785227937	0.907405721911	1.1770277408	2.03661332731	3.24043469077	6.12319540099	
0.101586359631	0.349893047683	0.969264025452	1.26162225147	2.35514198635	2.75040801665	6.79914358364	
0.113189172689	0.301127036233	0.941569251355	1.41049962941	2.3773303384	3.2014423696	6.89778806506	
0.108700267808	0.352639857943	0.984743721572	1.46956119505	2.26382778442	3.28479104152	6.52337060887	
0.102564803899	0.395202841154	0.924497504146	1.35630133119	1.96605254182	3.4343110845	6.00883228737	
0.0932328094839	0.384580655727	0.976007183123	1.44838122093	1.77040630403	3.0559665148	6.98698504272	
0.108853825148	0.352215806255	0.914455724907	1.3959612107	1.64896595623	3.86631207067	6.10969522162	
0.106513802441	0.470251033363	1.09031633464	1.49703254555	2.23769160147	3.73993303807	5.43619884301	
0.0961944575064	0.308541237765	0.999259412402	1.43468322602	2.44829364919	3.44341873314	5.70230507758	
0.111767903588	0.38654750017	0.952030922377	1.57966498743	2.01672889728	3.26425827786	5.52254154055	
0.105800168462	0.389116220947	0.959692135008	1.43231485071	2.1873341272	2.63654416482	5.78787557637	
0.101136564925	0.36529676992	0.926293758277	1.52462585536	2.36965852825	2.8678674163	6.59991163305	
0.109936195604	0.419041517944	1.00586757252	1.655357243	2.00189139102	3.16441532943	5.85950247142	
0.0950139227258	0.408176149233	1.00287742102	1.50566033947	2.05575195044	3.56362455445	5.61884994269	
0.0832819273402	0.335038969898	1.03237040548	1.43647740868	2.04846591928	3.93563840032	6.40375359703	
0.114587417454	0.332411267575	0.999785571209	1.34550965335	2.3833426715	2.7890139347	5.43072051011	
0.111460684677	0.329605455071	1.06694100832	1.63957095663	2.19706669323	2.95682486317	6.4713251704	
0.109087948508	0.402712203895	0.78224056617	1.38185858381	2.13543385319	3.18835241215	6.34297458394	
0.0871695838926	0.347001172572	0.923544109865	1.19725590376	1.97230221403	3.42254398251	7.07902628296	
0.116001022744	0.386603770139	0.979068968112	1.24914767477	2.14813639862	2.80128683437	6.59272110228	
0.11062201056	0.316656134296	0.900451156993	1.4215044392	2.09524159804	2.72817131921	6.44390972402	
0.104142975586	0.394191074786	0.810522692472	1.10619372881	2.07168371025	3.1391642239	5.71559749692	
0.0856908482326	0.383053104866	0.958250075683	1.22781496799	2.06687239074	3.45075022111	6.73457125065	
0.117006301636	0.325183771504	1.093754287	1.67303830492	2.13872155233	3.99178721524	5.63541832397	
0.114887923996	0.369129082939	0.874652465475	1.33797588888	1.92709595514	2.91888843216	5.96408769268	
0.10594890485	0.444320258471	0.970586639719	1.30592753236	2.33010199184	3.35237976538	6.29531599482	
0.086991420988	0.366087020722	0.9840512862	1.32026654145	1.95323587394	3.47578377224	6.3546283323	
0.104178543956	0.377084434618	1.06544130205	1.31221205754	1.85056243161	2.89550507465	6.61245311334	
0.102418221374	0.4350448207	1.10945048975	1.52423445826	2.15139373904	3.13021589226	6.74659208201	
0.0903474911677	0.373897697963	0.946972991768	1.41797259136	2.30636800706	3.25032132362	4.21910059005	
0.0855952854476	0.34947129724	1.00104572324	1.29586245603	2.43636069033	3.35880783364	5.82276138452	
0.103317968538	0.380767915185	1.01774222678	1.71063189124	2.12338085555	3.2423831455	6.34082583055	
0.103920244476	0.351784574088	1.06535327049	1.40959906947	2.06857086948	2.73259022083	6.51754614191	
0.0997432018928	0.436507367857	0.936141765267	1.35764492033	1.96065149277	3.2060523555	6.8331340737	
0.0972870141434	0.36943794443	0.889839594668	1.42461080896	2.1961516008	3.255056555	6.77309031133	
0.0980432078362	0.375187434349	0.920534284161	1.66984905458	2.24327123092	2.93966803655	5.71241854858	
0.0887629355989	0.387083779564	0.736402014219	1.57826811978	2.46342998605	2.81870166969	5.69553705386	
0.103989239846	0.347780231742	0.718052392719	1.74747480555	1.8620046047	2.97608936648	6.12840537829	
0.107644655044	0.408890630503	0.82838069673	1.53905743675	1.99095706097	2.59934224101	7.10574728849	
0.108603111241	0.393615705798	1.0833439832	1.30891863559	1.85263664085	2.80791524173	6.10390240061	
0.112193237035	0.330523344839	0.89132768151	1.5059146811	2.40978567731	3.08959813407	7.01756365882	
0.11103392463	0.34415570701	0.95322783317	1.33766714712	2.0591315632	3.79036547024	5.99780385903	
0.108312767467	0.402307791578	1.10118677486	1.38409550983	2.17937512131	3.3498616685	4.98247392804	
0.0782987794104	0.364905834848	1.11082029576	1.18352952525	2.41856831089	3.26365258881	4.05145181977	
0.105674440267	0.32878604655	1.01686233515	1.27438161864	2.11174233197	3.3826655723	5.73056946565	
0.0815103085674	0.394039906221	0.969712145014	1.41598354489	1.911126661	3.04054583199	7.37954218459	
0.0933839813606	0.415904635403	0.860879642896	1.52856749157	2.18658590847	3.62235247642	5.24798778933	
0.12961447627	0.368803683554	0.756150511309	1.44013519624	1.98002029567	3.25595877904	5.25343250476	
0.0964808282689	0.415971608742	0.87737860426	1.20261826722	2.1756292836	3.081747698	6.31386959515	
0.0990437084464	0.400358991498	0.934157059896	1.24812162463	2.18506984017	3.05728931161	5.82755228103	
0.10446275832	0.376849026912	0.844145600016	1.19800619915	2.30074335949	3.61211441432	5.15315472201	
0.099412147696	0.394161095497	1.0287534735	1.40695581249	1.80742457205	2.91723653876	5.65083010058	
0.0995652948288	0.301063064322	0.991181391088	1.45305904765	1.87613194607	3.23556160545	5.9376148032	
0.103893871418	0.380690697098	0.747545018006	1.45588157673	2.01761640225	3.27320048929	5.22474695069	
0.103027870116	0.368927694225	0.796108859711	1.05837255219	1.80367502842	3.1889648891	6.31293129834	
0.0934185712606	0.339661851145	1.01242834573	1.34735422685	2.01743172146	3.84886777208	6.16641201545	
0.110756448308	0.394062340962	0.857996583484	1.55588403211	1.9076878485	3.78668570057	6.06220634666	
0.110289533715	0.37829110803	0.798973274303	1.29489026843	2.19793256112	2.76200281139	6.61447475974	
0.0902384892635	0.38358013884	0.778515278928	1.37641170869	2.65526921089	3.21329952575	5.81083652196	
0.104858919303	0.410837580184	0.918518856366	1.53368871369	2.1057421174	3.04768675487	5.61020360807	
0.0910148038536	0.332656166581	0.828156724558	1.62923398505	2.24996903714	3.02556036707	6.12115492047	
0.108202943271	0.397026211124	0.74840086582	1.79045304479	1.58178746347	3.66027389694	6.32733657699	
0.112932288828	0.362490185422	0.889148159548	1.23308997704	1.8381636154	3.26709988579	6.07603753227	
0.0956900649766	0.32737017738	0.860917043542	1.32255310686	1.86141125502	3.64419786834	6.05538220239	
0.111958424346	0.404841299704	0.942944575151	1.87482008639	2.24839939432	3.5295466354	5.24060177027	
0.118393171426	0.382473431105	0.901056566679	1.36735067094	2.10253366055	3.67414637873	7.00686432174	
0.0920379068179	0.420609233738	1.0192807473	1.60078716228	2.35231135693	3.39625015594	5.46756320153	
0.0837857711315	0.340027277017	0.987110593011	1.37202132822	1.95963126744	3.58803689026	5.89244314751	
0.0906083621838	0.343543912558	0.934730483647	1.50699413317	2.36570116647	2.82612019726	5.66090375181	
0.108453122665	0.370509266074	0.891349201226	1.37950571386	2.03647780274	3.5603815227	5.8495307939	
0.0888477366259	0.388139107316	0.852321880249	1.46056586407	1.89217550114	3.31157221625	5.92809879173	
0.0982787505543	0.323213762309	0.961639670352	1.37976827884	2.05856172858	3.28720518137	6.14343979596	
0.0979274157242	0.34210067299	0.868348122243	1.36574929477	2.42686217805	3.86074847368	5.91114913047	
0.102725046758	0.401282303852	0.970030086397	1.41591146355	2.34575321749	3.28550745829	6.01698447097	
0.11007932787	0.359478735664	0.81562814744	1.37943263264	2.07768349259	2.81526366462	5.89432383811	
0.113120634511	0.316242620919	0.934383063841	1.33538944169	2.03506290612	3.57065379485	5.68700837185	
0.100527724455	0.386465129064	0.865727658382	1.43861949314	2.41625403139	3.16529689571	6.59281192965	
0.108012462379	0.389817866613	0.841911946008	1.44274982387	2.31812452562	3.6760935207	5.86313325566	
0.100893472473	0.372894717032	1.07538820032	1.56716747382	2.25550448622	3.53274334769	6.05602811532	
