9	48
1	1	1	1	1	0	1	1	1	1	
0.0755285989368	0.1396769734	0.36295711265	0.577312846682	0.931941229551	1.96961541048	2.83748143068	4.63627032435	6.02914343971	
0.0887485022325	0.146827496779	0.328579635156	0.597395600402	0.868663296748	2.19892268426	3.02699914774	4.55804070293	5.59007977565	
0.0998461087778	0.137592264434	0.360079853419	0.576286163839	0.919763098476	2.22189165535	3.42951668073	5.15705361342	6.29599176724	
0.0879839763329	0.155975697001	0.392182756452	0.590618197832	0.762301479535	1.81489464037	2.27706738264	4.43332911334	6.38224446738	
0.0989861008742	0.170317376323	0.404804404591	0.594304834273	0.83121069511	1.92009911316	3.18986963201	5.03515808608	5.61005806583	
0.101651148155	0.190086153086	0.434454517657	0.556761719456	0.950397264356	2.099369993	3.59685005864	4.7865338378	4.97425367444	
0.0865896301145	0.152779490029	0.421442907679	0.533539225395	0.916520111358	1.83462012069	3.27945905659	4.53786021613	6.43034795902	
0.115388681279	0.180299932255	0.362500660802	0.564108813014	0.994052817512	2.09436031197	3.41050834926	4.57810014362	6.30010796173	
0.0948456458442	0.126829446891	0.451572815525	0.748439182141	0.785574592376	2.25892279453	3.13247154452	4.14953135604	5.83283350189	
0.100359492723	0.155291206575	0.39890326496	0.647371194956	0.873439871918	2.10099794692	3.63240522068	4.55161243451	5.51844256027	
0.113645326712	0.153596948519	0.390417533977	0.566364596974	0.939112090419	2.41135189455	2.89681481282	4.13864346527	6.39887025458	
0.0968665921233	0.16567840769	0.42755991374	0.610578152561	0.867748218055	2.08506298029	3.3644459359	5.30921354389	6.23679617908	
0.0876131449061	0.136890107422	0.327202435092	0.662233824894	0.925480751763	2.39346759738	2.85448169958	4.29401140456	6.50538987014	
0.0996145034901	0.139949102807	0.373709556954	0.553929500325	0.999189117274	2.36502777121	3.53407287752	4.23859300353	6.37705811564	
0.0954562777198	0.13656910899	0.39210137432	0.60785528102	0.967597826959	2.17306887519	2.95962082751	5.06993027738	5.42828133629	
0.105299028934	0.123061265043	0.342551113023	0.624747567536	0.961739620457	2.28706353702	3.40706787667	4.81388777186	5.54949629823	
0.083559245836	0.148496245113	0.380301336502	0.616755300483	1.07964857125	1.72465096367	3.13753322252	4.77673833546	6.50844802054	
0.0908443306945	0.147799265198	0.272213661446	0.684489452248	0.924587783761	1.99835280165	2.91224415696	4.05823460048	5.95256658423	
0.107825177135	0.139994706002	0.467394014157	0.639738543541	1.02483795172	1.79222719766	2.81336751728	4.1213763807	6.3718095112	
0.097914803434	0.126352615651	0.454052548546	0.581930169253	0.949902451294	1.76362601283	3.42099144044	4.7860963974	4.75570331772	
0.107204973176	0.156634386345	0.429645659612	0.465261467527	1.01702382076	2.27745671587	2.72623713017	4.64401666112	6.15703287451	
0.0963144694113	0.155082354235	0.394487469072	0.651851255415	0.865755459374	1.99435817511	3.1789925575	3.71032212847	6.06806595733	
0.097461850398	0.144091007603	0.395653240669	0.500641267643	0.831240380996	2.22043139498	3.41778071951	4.82896496527	6.07162657059	
0.0818132856496	0.136215391813	0.406930747732	0.654809461566	0.810770368071	1.99586716776	3.21948168025	4.99835356267	6.06407905371	
0.0871814500336	0.133518474796	0.384581119477	0.546668804824	0.867700807278	1.66967937134	2.96985408765	5.27323105497	6.06271174038	
0.0923598738255	0.159111843084	0.306877306193	0.489365978881	0.902598740882	2.39592481392	3.10696773846	4.33760767799	6.43157195212	
0.110287025643	0.155267811514	0.355834684366	0.665036727795	0.960793278196	1.93788503164	3.82686720435	4.3637774451	5.7603860826	
0.0961178926291	0.159691376494	0.353727136282	0.604328393692	0.926611419364	2.19266670432	3.05147296525	4.60629220418	6.84199680589	
0.103710145807	0.151458208301	0.364329359211	0.508752160677	1.04392633557	2.00945477339	2.60743361149	4.43967112838	5.92207768348	
0.0880066384827	0.150803355998	0.410299865682	0.607534596342	0.909120782207	2.27645687072	3.30233860773	4.38167083139	5.79288870649	
0.0892113936426	0.124907622949	0.392239488188	0.654971407887	0.865789318754	2.11258700983	3.23028343902	4.43310948515	6.59398785132	
0.0873674467655	0.178308182267	0.358908865478	0.636338407521	0.90731005099	2.1497026018	2.95129393804	4.61763578991	6.35190119132	
0.100775152947	0.126176475071	0.352831376546	0.498928361584	0.855935610045	1.89366778084	3.62973508766	4.82727449743	7.387782895	
0.10966930837	0.122217746514	0.368919247233	0.494356860969	1.00681954541	2.35154847493	3.20394026808	4.3930692914	6.28769514883	
0.11077202696	0.146157971942	0.319523236336	0.49553070694	0.817912856548	2.19527584487	3.56160396527	4.78504031045	6.03399124576	
0.103173501914	0.134978950015	0.351941026077	0.566607606304	0.725488266069	2.11730550341	3.26448692982	4.14066389023	6.19108007738	
0.0953869053688	0.12948213389	0.375172841423	0.660981205966	0.811277695805	2.04659684485	2.62148412728	4.26706335693	6.97502746528	
0.0983669875181	0.132257224422	0.345104062693	0.565610480036	0.808256424268	2.31403797282	3.58444354251	4.21398588155	5.8044934081	
0.11184696816	0.147020272816	0.448393258058	0.621484335871	0.95199259405	2.26791301758	3.17692855853	4.20208712214	5.6379713046	
0.0967169164255	0.131426872816	0.363373933859	0.53850463955	0.734291782333	2.42391896003	3.05843919096	4.34452753802	5.61852644553	
0.10545359348	0.149640137284	0.393657290499	0.626280064754	0.851724407181	2.03161980198	3.04756036503	3.97842991769	5.82132562834	
0.0947901867847	0.166560113221	0.436436317537	0.526919265514	0.784584638336	2.36293931144	3.69358093024	4.08745240807	5.58307827478	
0.0919918977552	0.153832728079	0.411230165127	0.51798223229	0.856990830267	1.93583917771	2.71776422426	3.72293763974	6.70686620151	
0.0960659554362	0.14764359902	0.364923023094	0.568823845209	0.972073799466	2.36534782038	3.10134786133	4.07679800374	6.38647704747	
0.109239641069	0.130374471198	0.405094848627	0.6988152488	0.911946044553	2.26884343899	3.15703394917	4.63659404711	6.63534582359	
0.100183121654	0.148060475582	0.378803979331	0.609576338991	0.978763032055	2.30000193779	3.00289687359	4.43950078859	5.95169983722	
0.098722027328	0.135729654385	0.380269309932	0.629572444118	0.99716044271	2.00495963846	3.37333539289	5.02907175959	5.33695278638	
0.0827129944081	0.136868954118	0.397871827012	0.582081087738	0.88247850673	1.87014137577	3.70723852249	4.64038515408	5.30555699428	
