9	57
1	1	1	1	1	1	1	1	0	1	
0.0719862199809	0.140595837224	0.349999592176	0.599009190639	0.972954931612	1.39818169042	2.05484013181	3.37077301189	6.59692692473	
0.0914705996136	0.130545107993	0.458088692607	0.687544375003	0.923415949974	1.61429370877	2.60203115217	2.75382060431	5.38021452153	
0.104034097465	0.153345523345	0.379136954827	0.572913309757	0.77185758145	1.50526224771	1.94270111261	3.48066682859	5.88118577178	
0.0995810664539	0.156226399349	0.363554989234	0.54439902544	0.935676309199	1.6165805112	2.01494980892	2.91645207209	5.89633045196	
0.0906482619417	0.150884681515	0.371600196685	0.499976459626	0.999365671821	1.27805632656	1.87055338991	3.5726175968	4.94916681822	
0.0867661636017	0.145911074466	0.375772602457	0.698143311934	0.891030808388	1.34537827485	2.4118129331	2.74772203458	5.31724877596	
0.107175138274	0.135941214682	0.371922791175	0.653753303735	0.921641471371	1.68833653073	2.15742274025	2.89658382117	6.52410289256	
0.0879781055239	0.178808126257	0.359073895194	0.696251377773	0.919295977411	1.28611317301	2.32602801297	3.88123825686	6.60883861181	
0.0918365150972	0.159291452916	0.270502548594	0.677856302419	0.955790119457	1.18854049778	2.18424125885	3.32869238691	7.00572758387	
0.104223806057	0.160286325364	0.413764288243	0.622517982079	0.975443159575	1.44080375928	2.42841363068	2.52060173651	6.02879337057	
0.119277305088	0.149009206372	0.340295034758	0.557205018966	1.04182669154	1.53507158292	2.4501136088	3.87024313163	6.23705128673	
0.10417863605	0.126016059579	0.376848447902	0.551298796039	0.758386456621	1.47999993636	1.91277836303	3.39821099027	5.48023788609	
0.112116452018	0.153455742935	0.411103266424	0.587669659616	0.974930481558	1.42073162068	2.16747220225	3.41998596748	5.29150003829	
0.107269348861	0.13577741112	0.318394291398	0.699163176175	0.865810597873	1.803012444	2.29697996918	3.71238604433	5.610923677	
0.0866420160463	0.13221148355	0.422717587421	0.578630511184	0.908320679251	1.21687265973	2.00900456457	3.1832604244	5.9834475699	
0.103348513469	0.142241196049	0.351958703368	0.69412425921	0.837629030726	1.29588074395	2.30285777233	2.57259877731	5.57536405996	
0.108266751928	0.181981946525	0.327142202557	0.586523158644	0.900423969475	1.34549353889	2.18408551703	3.03278654346	5.72730927565	
0.10807719635	0.136168678661	0.392576814219	0.644581131803	0.825791232992	1.62557666097	2.35516009495	2.78866984918	7.14546681336	
0.12001423597	0.144196860521	0.369737252399	0.575977229408	0.93400485268	1.26732923163	2.08319940385	3.30634566194	4.9250697907	
0.110482824631	0.123895628506	0.377331921671	0.591328186901	1.0326362192	1.49198634542	2.04157768047	3.21784310491	6.99072380251	
0.107085104445	0.173077970017	0.406550843752	0.668596590896	1.09792510704	1.65714073194	2.13639070895	3.13480983704	5.04701564765	
0.100520991916	0.129868758846	0.326426939084	0.626337029297	0.918162681354	1.18606486346	2.32247550089	3.52043763009	5.71890921664	
0.109781424329	0.155923679107	0.405925003767	0.614178933897	1.03417559193	1.38427968463	2.26142705172	2.92786508466	6.24518530698	
0.07771130419	0.156658290265	0.441901833941	0.631505665066	0.919216324238	1.41519427915	2.49468115043	3.43099829684	5.82805731345	
0.106307439591	0.149924564741	0.407917415383	0.569022218118	0.891746591348	1.34041372064	2.07391102153	3.01225691443	6.96249578666	
0.110940390844	0.12561458519	0.303442585956	0.603126764345	0.849975139515	1.26895465908	2.64357735481	3.10088494713	5.30462287553	
0.0868512105615	0.178330864294	0.364964458027	0.628990741132	0.968412729869	1.39076345132	2.60500442229	3.10592317944	5.13170726236	
0.0855751563879	0.152124120776	0.428984927176	0.609821535389	0.80265127531	1.39688035321	1.89680459622	3.04790599541	5.46716575054	
0.0898571686061	0.138917550622	0.353668286833	0.571514192385	0.875304091158	1.60754971499	1.89895785649	2.71157607114	6.17732682071	
0.0997848625619	0.129908510628	0.448763949165	0.609453500314	1.0467545276	1.4333048319	2.43035684226	3.84349268784	5.17504521538	
0.0883149771022	0.144868136579	0.381074084398	0.653428405736	0.948001682454	1.44678197673	2.17223143755	3.59975930401	5.77688661133	
0.112077128362	0.154143155715	0.37923215043	0.530322148065	0.963127392591	1.37497380043	2.16535057663	3.0688382011	6.58329124298	
0.112046859378	0.139084865517	0.382640151346	0.541989859084	0.856056425396	1.39294853352	2.34763323306	2.78031093602	5.5035668969	
0.103611691666	0.131167948138	0.424596761119	0.654514698299	0.984697695553	1.43749759196	1.92442559694	2.8378612916	5.36106543648	
0.104512177073	0.136672501863	0.382041986191	0.48435457599	0.933525628993	1.40479305629	2.05464622001	3.30836923804	7.08480547481	
0.102744382547	0.141898853627	0.337598465819	0.55529203936	0.918087008656	1.47341492465	2.06962527519	2.91364832005	5.10431418878	
0.0986689027924	0.138930354793	0.388719750125	0.567752592381	0.809696099637	1.28775952344	2.43961971654	3.59525073977	6.7217339575	
0.105781488381	0.157592613162	0.385976244736	0.658781468692	0.94567585328	1.59411011853	2.42935331399	3.12876349504	6.50740423311	
0.0947614524145	0.148160132158	0.350575638802	0.652926180184	0.94935304148	1.50829539858	2.36844567144	3.07639933815	5.76052551574	
0.103742381494	0.146119433062	0.38083997204	0.678115013298	0.83288589995	1.30990550312	2.06618658288	3.41504360882	6.05104843613	
0.107780152509	0.147569475905	0.390503787927	0.639915557833	0.948955113868	1.34860550301	2.49025451813	3.82532048021	6.72519401928	
0.0922059877072	0.155167237043	0.408680505203	0.623777748182	0.884412496111	1.48709679621	2.05165491166	2.72351575938	6.66610427347	
0.112621321874	0.153897806014	0.263170177294	0.691757310086	0.877032353653	1.25528978897	1.93179342219	3.26693768279	6.34863286752	
0.103126329889	0.14896426045	0.435907753362	0.598800753588	0.909136265756	1.48161105174	2.02937472218	2.72395945863	6.04881311407	
0.104678373776	0.146552764745	0.392800999957	0.586433469007	0.880918261368	1.36119304429	2.0261548588	2.71842768371	6.30386261215	
0.087319035462	0.185207765159	0.307069411423	0.571872372356	1.11874951327	1.39261784897	1.99446200949	2.81880552054	6.04416426333	
0.0893654928395	0.149693519161	0.418293167227	0.57365629122	1.00198689881	1.40308622882	2.48292852019	3.5578101678	6.89253525025	
0.103058369615	0.172370194914	0.358980497023	0.588507604575	0.979896736152	1.25679041897	2.07841468732	3.35713735909	5.69717102613	
0.116173913964	0.15990278955	0.399456918495	0.560352930905	1.02094617472	1.21294315027	2.2256363235	3.59429389172	6.00016347288	
0.0870453667556	0.15518875249	0.318571493967	0.512305198759	1.06818198063	1.56557870835	1.75936619359	2.88112344609	6.44134970652	
0.111327635847	0.152426556915	0.361067963398	0.629402266632	1.04798534242	1.3571473433	2.37627282536	3.00713756095	5.4754279748	
0.105767463673	0.162881573989	0.39904898198	0.587284059728	0.961459864406	1.42956581881	2.18340794013	3.52587126468	5.42959643499	
0.108061773318	0.172545012806	0.348720074752	0.677024375887	0.949236996406	1.51861721691	1.86753572697	3.46175409534	4.70715057349	
0.0881935474043	0.127648432696	0.341134262171	0.56690488701	0.931557365073	1.14510037781	2.24005367818	3.1445068857	6.52155520208	
0.105653603777	0.163261808265	0.377824459998	0.62805075163	0.942168095955	1.48800383262	2.10567054087	2.47117289717	6.33909414897	
0.103380495731	0.159237893262	0.375026996685	0.693545295189	0.91838499654	1.41311353956	2.18694577582	3.45168314038	5.38781895856	
0.110903425989	0.156581269324	0.445810551439	0.619009363733	0.94613425195	1.2494004102	2.13244794112	2.88522473647	4.80822334173	
