10	78
1	1	1	1	1	1	1	1	1	1	
0.119615312754	0.141207987057	0.371257861509	0.589007847177	0.919668555666	1.39917734157	2.04718501885	2.55342639856	4.58358924979	6.3714320697	
0.0905744354712	0.160805751752	0.391679713905	0.607269005015	0.947085128794	1.53577726303	2.26687165539	2.73683354479	5.08285969056	6.33282407651	
0.0900700165112	0.123175731349	0.334020653257	0.67487739796	0.91961272151	1.54254625742	2.58619219935	2.87482389451	3.96268194634	5.98964202796	
0.102981983236	0.161497478556	0.344715704894	0.560189034778	1.05843461773	1.48793787947	2.21757474578	3.10544823434	5.0923179344	6.63687423867	
0.0996994160485	0.125030419704	0.415716510874	0.632069121587	0.938460766357	1.59739909406	2.24786762939	3.15307937366	4.95046071924	6.13206283273	
0.109216460388	0.152116476935	0.401308539145	0.688701654451	1.05992225662	1.35360005497	2.34960686619	3.05201137933	4.85769098278	5.92046132549	
0.0849161215543	0.154343359503	0.419922443993	0.636186376933	0.849724577148	1.4685194095	2.12143749511	3.51381787525	4.96537372251	5.22306706341	
0.100979948996	0.136471075182	0.387546138551	0.516799870759	0.924305843143	1.47052363201	1.65811344246	3.16288285486	3.82632727279	6.49804291265	
0.0805763763125	0.144698413636	0.429930968013	0.537205122099	0.861735096265	1.41926045562	2.16141056923	2.4948574523	4.38216918442	6.41618145276	
0.12151314344	0.138571958914	0.36874366474	0.624381527703	0.854191146595	1.64189698576	2.14231431753	3.32159720075	4.74138062697	4.97330780668	
0.102748916069	0.14053789194	0.346908354781	0.627548378665	1.03501103661	1.42986490161	2.48032880355	3.17349399378	3.72505366232	5.30087761729	
0.115256130937	0.176732955032	0.393791995091	0.562995695729	0.901489590778	1.42383208887	2.15306859267	3.43133965761	4.65441460182	5.28486499855	
0.0887200283718	0.158154495054	0.364807245721	0.595163847316	0.93156370481	1.35251292774	2.17837402925	3.47417885547	4.44176484696	6.82303272069	
0.115626920508	0.137321243519	0.395530305384	0.585641377702	0.859062784815	1.42469412929	1.69086521364	3.50276561709	4.89040984781	6.13772741381	
0.109663460571	0.139520451342	0.274200909206	0.571110484611	0.81679507619	1.43151858081	2.45964256397	3.34600052973	4.38387274409	6.66659321553	
0.116920925681	0.156659781187	0.355393441309	0.607391962715	0.94455202519	1.40301815644	2.42716429312	3.52464031711	3.98092012137	5.24194241497	
0.0946604658194	0.135089299635	0.362229746107	0.599920792509	0.913405185573	1.45448884581	2.07822832808	2.79631604829	4.06512670416	5.36729052054	
0.0920569885243	0.156089078004	0.364886901613	0.544218911235	0.921637847811	1.47157601626	2.20523960674	4.03200894072	4.23256588253	6.22466261951	
0.110674440488	0.173469586684	0.370473013865	0.492092144405	0.901372212806	1.48076264378	2.7183112585	2.79877893193	4.47538573205	5.59281376629	
0.109151925691	0.14073881072	0.321771342432	0.476535030775	0.954064932686	1.44121754951	2.26200967625	3.29379831717	4.63792398384	6.27755036216	
0.0916700055764	0.149999707103	0.399319824156	0.542793901689	0.76633737252	1.47969132657	2.11044444772	3.68510820928	4.79618884998	5.80957589396	
0.0864907865076	0.170194351114	0.409710332561	0.67727212527	1.01963844604	1.25570662382	2.24918716611	3.55977312018	4.54981200838	5.80578719331	
0.0953472233438	0.138535746007	0.375948842061	0.524863592172	0.760156702083	1.35131915597	2.02419335353	3.97734185043	5.11391926585	5.87762195903	
0.0996970653893	0.165776220336	0.379470682039	0.58869548417	0.906455995892	1.40932411209	1.90985287131	3.62278617172	4.3816732892	6.75514496745	
0.11080190392	0.157054135054	0.426878233701	0.58758090242	0.878298104128	1.33737894167	2.16540538766	3.47663256134	4.67259055684	7.15040900963	
0.105062085102	0.141741977382	0.386131056641	0.654061524747	0.885988528467	1.33949864144	2.39681916844	3.50192166115	4.51688395926	5.69025978393	
0.0971197613925	0.154457803055	0.407833671848	0.662212440679	0.946259353525	1.25751156742	2.46116622396	3.63429478084	4.93903858624	6.82095197366	
0.108220819926	0.151740860951	0.338321796173	0.553341234031	0.894077911464	1.54142698085	2.49152635532	3.69995719163	4.2959146185	5.92343417502	
0.0864832893017	0.175020308834	0.324702582438	0.589548821255	1.05882656234	1.48618815809	2.27174956027	3.33052601978	3.71961417534	6.26772900784	
0.106172574324	0.141557077014	0.408374073935	0.572218818772	1.05787162216	1.42399269407	2.27175626072	3.34656602686	4.82538307951	6.06537999414	
0.107174866761	0.160629500093	0.333544067735	0.639220965099	0.887828707659	1.40754370066	2.0962350532	3.11830990748	5.12719978511	5.17587413295	
0.0727460915877	0.141609628633	0.372790277268	0.551495999796	0.841704423775	1.52914134474	2.17430547774	4.07050815066	4.14502273583	6.23014556655	
0.105559378796	0.145672343248	0.339249439851	0.594316395577	0.981486536757	1.33492971817	2.09781028514	3.20872140306	4.14352943309	6.77514836179	
0.101607246826	0.146991106578	0.410960640843	0.609179221117	1.0418607719	1.30457993217	2.27932814833	3.24216116555	5.10449577233	6.57976585311	
0.10290121743	0.154490851488	0.376856727668	0.667978853687	0.880311179816	1.42140349168	2.28622680589	3.00914061695	4.04369208883	6.54486922521	
0.085642886116	0.163960256638	0.367220434469	0.527332021938	1.05699614331	1.17272870997	2.39034671884	4.18857266021	5.266579944	5.81508430048	
0.115366836769	0.1670757608	0.348647781721	0.541503252912	0.953216864116	1.50785764082	2.37382529505	3.57375048433	4.60006705526	5.69927088185	
0.109111080449	0.166914509339	0.385343567438	0.588645066519	0.885317721003	1.21826251994	1.99419640051	3.71996531446	4.51846936931	5.64391525467	
0.0997350470613	0.144500388696	0.396714475977	0.578772246181	0.925296099983	1.13871982635	1.93857455799	3.3505860203	4.43283389802	6.34997221064	
0.1025031104	0.171057044553	0.269599550637	0.596383336847	0.989573867123	1.44148682264	2.094215979	3.10738672908	4.2104037739	5.73596125868	
0.0908201106748	0.146005671422	0.348323365643	0.665822322881	0.849954695977	1.65494423251	2.35512744972	3.63310592364	4.48591793521	5.3189971686	
0.0829973193305	0.162578782574	0.376330700134	0.573123015262	0.991052795677	1.80672148669	2.15830240605	3.60986951048	4.42961902425	6.57943623475	
0.101008222802	0.163600853349	0.403608719545	0.56147619408	0.80124105746	1.10776849192	2.2391455949	3.68895304685	4.76491712496	6.82883439701	
0.116710119885	0.157657930026	0.295254245476	0.529980611424	0.866971274611	1.23189928079	1.79502328565	3.23780365628	3.97550502699	5.5230390063	
0.102749927381	0.136946433225	0.382496675292	0.583483836806	1.02991421865	1.33755161489	1.85865907952	3.14718836093	5.46765264278	6.92172602494	
0.11646814798	0.156295666725	0.387214637292	0.539649427543	0.972680614837	1.2358623681	2.10878581337	3.38196796835	4.22841155464	6.25958852761	
0.0946897264282	0.11095155507	0.40914378762	0.637935965711	0.87422902621	1.41746789411	2.68520513254	3.4816034184	4.22214754041	6.21084819671	
0.105830509522	0.14520111358	0.373650589793	0.495459959058	0.915303660583	1.24625452912	1.89353081431	3.10939852114	4.71205718673	4.81723068848	
0.0966188673147	0.128095363905	0.460791088084	0.511775970677	0.921321219863	1.25389793096	2.22983717206	2.508815093	5.13732457036	7.46365693321	
0.111439481308	0.151800442435	0.36477016366	0.538771515213	0.81147434039	1.33942956934	2.26697844904	3.07714374531	4.41038696657	6.1569840505	
0.109605724683	0.178122512451	0.318245428626	0.718306960014	1.05763160083	1.54199103932	2.079502962	3.10910876077	4.9747415427	5.78464950077	
0.0803858403163	0.14777952361	0.356786080129	0.663660681382	0.802021855144	1.77945263944	2.13567135018	2.69387292944	4.51589658332	6.26102148763	
0.112451416587	0.151032273239	0.386033689428	0.604708518586	0.817851304394	1.43426734493	2.14385285922	3.02253886674	3.64807608608	5.76905449336	
0.106067758911	0.17207866693	0.372121593469	0.591302569548	0.903705958974	1.47392717293	2.04505333157	3.43241949315	3.46462190004	6.32923695028	
0.0955677273604	0.1481622256	0.319048462292	0.598151844023	0.978790876749	1.59157106185	2.15240248361	3.35530222317	4.77871007491	5.54579410977	
0.112892773203	0.129642538562	0.410850608837	0.532077272142	0.8010808586	1.31002017527	2.27790950693	2.91129441047	4.88702383049	6.02037565224	
0.0884218038981	0.146230364713	0.40950531048	0.677483806846	0.998469541101	1.56696259489	2.15232321034	3.11258473504	4.40764657221	6.85604540328	
0.0914924761728	0.150777118931	0.394828084733	0.586185971173	1.05252322272	1.48287867744	2.19370063399	3.31751385494	5.01362669443	5.76434850716	
0.0933103793549	0.157046614701	0.40297466989	0.633244530885	0.713685159556	1.42764321144	2.16476952682	3.47621695874	4.01249906976	6.36887985096	
0.0938414309434	0.148973060672	0.432959282653	0.612478436328	0.948452116488	1.5125112617	2.30167711411	2.36381468286	4.89014006678	6.75612735694	
0.101273656521	0.122856256511	0.35307706564	0.52992985048	0.935085077273	1.44965331508	2.39362430783	3.70656295938	5.64304616793	5.585048892	
0.100042980233	0.14976199498	0.354376798293	0.61675513911	0.999331593493	1.76016338603	2.28546924791	2.90011977192	3.89943572578	5.50945019063	
0.106744027343	0.151112407121	0.330993376318	0.547952157828	1.03059997752	1.61391916601	1.67636840229	3.34032133714	4.88579182658	5.80104496868	
0.110359306938	0.176614111951	0.419229780048	0.625718868654	0.848167864139	1.67658119725	1.94950626189	3.43098512634	4.22230793243	5.3845774935	
0.113358976122	0.170976854636	0.338922780542	0.629312006714	0.91668510941	1.26215024472	1.96021335369	3.12450280662	4.61454494017	7.21145950058	
0.11028256093	0.153884777753	0.375810161446	0.502691292677	0.872430845205	1.59319007226	2.35447925878	2.83704321017	4.36887656308	5.20017076402	
0.106993131977	0.156019532012	0.325684211938	0.636211103702	1.0117215633	1.5389488059	2.09865866476	3.44356009908	4.93319379487	4.71834340482	
0.106388151725	0.12195080716	0.361097753164	0.58587934587	0.983666805924	1.41696749711	2.30075553113	3.08806910261	4.80441935761	6.29507953735	
0.102337761211	0.14481693473	0.372049594614	0.59698614129	0.860924250366	1.4205977473	2.21354107749	3.26470285111	4.02961704277	5.84222308404	
0.10068512054	0.143536054513	0.387821075419	0.569485622486	0.94613431446	1.52590595082	2.07461341257	3.37074808514	5.03653942244	5.90134848564	
0.106373277445	0.141583352119	0.389521188506	0.579649501502	0.754917863726	1.63911943658	2.07300655711	3.40597023078	4.39380620713	5.36926194328	
0.112576144618	0.159969979474	0.347308751474	0.64961952413	1.07995316828	1.47120759803	2.35526954719	3.687183225	4.14729244502	6.35942689353	
0.0863571227229	0.148800087783	0.360722038806	0.572487252491	0.853950529931	1.30408134357	1.90868721019	2.71119104585	4.3209939466	5.15199108912	
0.09252488534	0.135708184802	0.32496510071	0.618329475412	0.937821210974	1.46490248322	2.15955521642	3.45304084789	4.39711865592	6.9444349175	
0.0864349942729	0.127691673587	0.29928587356	0.487819457662	0.887202901406	1.39282328702	2.35570920483	3.15343585251	5.192573372	6.15268531602	
0.105198558684	0.163266692477	0.365274072467	0.70068086097	0.967002806184	1.66809041727	2.37217631693	3.43314433114	4.3393812407	5.95140483442	
0.103421934897	0.132890133802	0.294592155699	0.576213829585	0.899195724162	1.50407589775	2.44005829291	3.24554701388	3.9619124986	6.00517417514	
0.101608830185	0.146646568579	0.345319957424	0.718670502449	1.00357726202	1.51990037874	1.76317398525	2.85243344678	3.81027869647	5.82610890444	
