9	20
1	0	1	1	1	1	1	1	1	1	
0.111745820487	0.323204745954	0.605578532059	0.943270843873	1.48672627788	2.13827657054	3.11477304896	4.98139080684	6.4666595988	
0.0980807814166	0.430616040946	0.57298838422	1.05708285379	1.31541026679	1.95022874088	3.34487859435	4.902610365	5.533289054	
0.0828922721541	0.391723722881	0.504766703915	0.920308637796	1.10599918163	2.20508535682	3.36648688802	5.35735686882	6.14208692658	
0.1022282113	0.361741230278	0.651012748775	0.861755172497	1.24990757376	2.13650577122	2.86454177696	4.82971314637	5.30426346054	
0.0989665660571	0.380892988275	0.655993357126	1.0812671677	1.81026294126	2.47647165946	2.60019308285	4.4722299614	7.06173269637	
0.0800521654661	0.428146614614	0.541836189915	0.93343611005	1.76591934456	1.78879857356	3.63540813921	4.32410764639	5.71229811984	
0.111633142948	0.378650505747	0.62281957434	0.915256092914	1.50311219204	2.31008428522	2.54895115035	5.69933852307	6.73975354267	
0.0921362238326	0.367557467905	0.636078827375	1.03042114036	1.34777710351	1.97229069949	3.05141790318	4.16117403866	5.38694250631	
0.0805361562351	0.373360022655	0.64773410078	0.957765865448	1.42999227193	2.62742775218	3.74008471276	5.55836724113	6.29660884108	
0.0905770917105	0.371200682072	0.765074576369	0.835413990397	1.60151170891	1.98720570173	2.92783887695	4.82241832229	6.59727616032	
0.0988666479476	0.3243825173	0.626456625876	0.922222077217	1.18851692033	2.05102213321	3.43495513527	4.28810987403	5.39649399673	
0.109718784607	0.378273691305	0.68708397848	0.98484949468	1.7387820597	2.08810861844	3.04344735835	4.64792536755	5.57629498711	
0.0997879321934	0.341484615227	0.624107634361	0.918980830637	1.37686011298	2.17031334883	2.76252653281	3.9749578565	6.54569771308	
0.100369214209	0.361307281219	0.49693087206	0.978245435885	1.31214950896	1.87543872877	2.6847992197	4.39040832339	6.47585941051	
0.102065764286	0.356882895401	0.622270918	0.938855003537	1.38601810909	2.41886596359	3.70900523045	4.3714582892	5.54155186947	
0.099018893457	0.330803510751	0.576164410956	0.929435569426	1.32405265332	2.30641057258	3.30259774043	4.79781229878	7.33095441698	
0.11051049819	0.310669443778	0.514921202154	0.871648742085	1.37179897129	2.18736399442	3.02744826133	3.85435664072	6.42350849089	
0.0956595675127	0.306382896794	0.63814247566	0.791610744346	1.22416149586	2.30662755742	2.85017847833	5.0614030009	6.57705186931	
0.0855098233162	0.342817748091	0.547149320785	0.899232951989	1.54153884773	2.36108534824	3.25379767671	4.54632211329	5.67912237944	
0.10671476863	0.375779089846	0.517264801716	1.00077232815	1.34687113424	1.95465895241	3.28893706037	5.37732346098	5.88244031466	
