4	44
0	1	1	0	1	1	0	0	0	0	
0.157779135867	0.359926609948	0.884546722912	1.80914209922	
0.150691704118	0.292139549858	0.83573785097	1.57687516432	
0.16315289092	0.383825157848	0.912657494002	1.5380320078	
0.174071511869	0.296008632055	0.853321099018	1.33072683325	
0.14408566592	0.41093394363	0.802304861765	1.19800288659	
0.136836774856	0.371593369396	0.982021854898	1.43664742814	
0.169566663884	0.476848112654	0.953304293369	1.57720355059	
0.157929795815	0.374683489624	0.898949364868	1.50557646513	
0.149373111285	0.37433074122	0.872044699555	1.68035445304	
0.153132663052	0.371726096516	1.02011056655	1.55284104366	
0.143279095235	0.331903596671	0.890185411633	1.23659313155	
0.167137904681	0.297326856735	0.927024088319	1.38323142923	
0.146111060382	0.413605166023	0.960431968495	1.19372816615	
0.170258246401	0.342034505433	0.798969553519	1.45592259473	
0.115689123794	0.424632794556	0.762852980624	1.3865977778	
0.141995727161	0.415779758025	1.00520744037	1.26448407924	
0.16922254486	0.330355861398	0.909443555483	1.44486061682	
0.159905688645	0.421440506714	0.920572863429	1.20813420753	
0.140794264122	0.331080772289	0.930886149541	1.38304493764	
0.172637217257	0.417010407011	1.09694350752	1.53092009271	
0.152086738811	0.385548169987	0.876948932532	1.34681856012	
0.144477383998	0.440839521351	0.854242590227	1.52773742494	
0.13046758134	0.372456783496	0.921733594087	1.4687161833	
0.15808845063	0.360399965488	1.00079947116	1.30377560301	
0.140099389265	0.358101824546	0.900737697804	1.34719064536	
0.132010956223	0.403597599318	0.837001250644	1.54993929393	
0.162129485209	0.321807691838	0.978308674179	1.42525292359	
0.134242556094	0.367584046997	0.98241082358	1.60105645005	
0.135678460062	0.412305315368	0.896546698474	1.14976876287	
0.187907081394	0.458868212975	0.882643885371	1.46799239408	
0.174268835567	0.349193537853	1.00449174414	1.61005168192	
0.173773419149	0.381896945542	0.734424137543	1.68376413322	
0.142911863598	0.321522417893	0.838276048616	0.998694468746	
0.152007513512	0.361818934942	0.911930884227	1.48073390438	
0.1342506557	0.380327462042	0.876980595147	1.6603749031	
0.139320904667	0.26967982284	1.13226046339	1.64033492613	
0.163661619919	0.411403675124	0.959591643008	1.28296636952	
0.159054823237	0.315465416227	0.85840688745	1.22210870937	
0.120058463734	0.360022743943	0.817200330246	1.57988481289	
0.155930412531	0.351995971763	0.871190836855	1.66767474637	
0.13144710353	0.320311179621	0.970805459663	1.44518367491	
0.157456958196	0.326857395672	0.881705839366	1.23060294683	
0.167920429448	0.342149598296	0.900472117744	1.50578074791	
0.15908065508	0.329981032405	1.07122238665	1.41852934411	
