10	33
1	1	1	1	1	1	1	1	1	1	
0.104774674945	0.18075973518	0.329962471994	0.723596871879	0.891124357532	1.47101971415	2.51948086523	3.13358902873	3.74637249412	5.26490552706	
0.0953354182531	0.149727583612	0.410210018146	0.651155996302	0.914862690281	1.45163754885	2.29086575575	3.49439864793	4.30372499743	6.7117039483	
0.105759276156	0.169653211008	0.312119501045	0.589907773947	0.944287512921	1.47450427573	1.70839178375	2.87233583928	4.03889045234	6.95185578976	
0.10124436633	0.126864499791	0.348654775561	0.521163162831	1.03581959785	1.50679949881	2.12652584843	3.01411426636	4.36817833233	6.15478892537	
0.105409025579	0.192738707697	0.422280475161	0.591128610778	0.786769859458	1.48214117333	2.26016149581	3.13268890732	4.96969353273	5.99037463548	
0.0952535563687	0.178735227076	0.375154752337	0.642219733903	0.866152777658	1.33955043379	1.98413705676	3.73616935593	3.61581249332	7.5893871817	
0.0899233536285	0.129453261133	0.335919790972	0.646984497069	0.931651570171	1.34802657657	1.92013850915	3.35179178448	4.25861096698	5.02510162704	
0.0977028046157	0.137407026801	0.415380181727	0.585021535719	0.962904266727	1.43531418226	1.98088441618	3.30216095155	3.85891230403	6.8634742477	
0.091429345325	0.1707788337	0.426414110684	0.525639930244	0.914226846831	1.42549288422	2.20520816609	2.81282204475	4.13321679343	6.81861273939	
0.0801192450978	0.138958716692	0.339826526508	0.598153946813	0.92093753918	1.57451418104	2.49383951177	3.27331200425	4.84150932289	3.97985301418	
0.0997763398907	0.13853854478	0.356105338046	0.517032889591	0.86825819326	1.44782284441	2.10829069294	2.99244491846	5.0891177543	6.59218210349	
0.10593693543	0.143938989014	0.367087583016	0.504447716743	0.977034129698	1.45295566254	2.19842317598	3.51726886202	4.82962013751	6.20212848829	
0.0863247078972	0.158137368706	0.384686646293	0.562813268316	1.00052589048	1.57406054006	2.0681511968	4.09827832487	4.2691219954	6.13434054317	
0.0856748095664	0.152046555562	0.37251880339	0.603014116762	0.935259683181	1.59912865789	2.33087186564	3.23324411003	4.13615743578	5.55940885909	
0.0983865967783	0.131431979466	0.360958727987	0.625223424426	0.902619770386	1.23413964586	1.89236919159	3.35455436616	4.5285247712	6.65308124007	
0.081187848319	0.170142868824	0.405120935141	0.550285030028	1.01811299462	1.43773298188	1.99211903822	3.05768143675	5.3066491443	6.08714369618	
0.0855497040428	0.151120270076	0.45301952332	0.572948068738	0.939504441573	1.46078787695	2.34732433675	3.29895584048	4.77998294638	6.85687194661	
0.0946319056779	0.166091579734	0.425041787932	0.533324998979	0.860412612365	1.72288403499	2.18334253811	3.26197738035	4.25426396655	5.85151650065	
0.099684658311	0.151654518304	0.307182995078	0.565862278421	0.822206633436	1.3131997773	2.42613669807	3.03863146779	5.2909337114	5.54682444755	
0.112733092743	0.169282714692	0.407616654391	0.651589825869	0.777445922722	1.35655493523	1.70310427124	3.41244831497	4.27271573336	4.94211874941	
0.0846037014992	0.149552000958	0.362501361717	0.62227171337	0.883111908302	1.49889788226	1.90587539343	3.30243908343	4.88750050356	6.69956102924	
0.114090341703	0.147056683529	0.327829979953	0.544181011222	0.879652893404	1.18102984511	1.80369463988	3.07410828907	4.13469444899	6.75991570189	
0.0879235266065	0.155638204857	0.340452097065	0.604860362623	0.971757839592	1.25555014938	2.42558311799	3.2346183972	4.39997296447	6.00660223832	
0.106140242132	0.159756096905	0.412324461517	0.596417128002	0.764319790054	1.69847679247	2.3779117144	2.44389740027	4.20485418943	5.47746674991	
0.090066297054	0.144541997502	0.411667427676	0.553017671597	0.978941706459	1.55843249759	2.3685533197	3.51809249601	4.5771963874	4.88864247756	
0.116119162371	0.13377136059	0.34171481119	0.610133307743	0.868711343715	1.15908650129	2.34390292308	2.51736950884	4.48317064567	5.69755238397	
0.111353570591	0.153447768181	0.352742397022	0.619359994385	1.00143360331	1.4129231934	1.88876555253	3.54465877547	4.35755232047	5.35404449171	
0.101844899873	0.131486122714	0.359988904698	0.634616394398	0.814540703177	1.36255964786	2.04360426292	3.4398737718	5.31142029228	5.84932061113	
0.098395097918	0.156670544933	0.400750138561	0.645379115238	0.780434295433	1.41684646905	1.90795408236	3.16088176153	4.28021710351	6.07644068539	
0.103173524104	0.133618631329	0.358522686843	0.72699411368	0.877773565306	1.31257995026	1.95440037621	2.91608637509	4.28223622413	5.18773944254	
0.106057897947	0.150620313572	0.404142693997	0.553495865972	0.956881352041	1.35935163664	2.55942838776	2.95462159452	4.62546926557	6.31135253448	
0.109379268437	0.156839090569	0.325358725677	0.490557528188	1.0669183306	1.41165421769	2.12635698315	3.58231856387	5.06094428052	6.42948359021	
0.0732255608293	0.133820949322	0.370446222238	0.605079756672	0.872849768702	1.5032516406	1.92393148873	3.03896830745	4.78837015515	5.82065894403	
