9	35
1	1	1	1	1	0	1	1	1	1	
0.0955815803688	0.155372705343	0.357198964065	0.622867314979	0.858416064318	2.11738084405	3.14479017374	5.17504061617	6.59221728037	
0.103348635573	0.154635968277	0.392244710227	0.569436812998	0.999929885131	2.2642866865	3.44395037249	4.1773407728	4.48177657718	
0.103028067389	0.161312850677	0.387578676006	0.517844491398	0.833925102051	1.96901515839	2.67204515089	3.79851213069	5.32209673222	
0.101110818697	0.139475696976	0.45031302241	0.522421556884	1.12796466784	1.7109885865	2.87921449225	4.02471877585	5.5065419912	
0.0991810115308	0.149812418783	0.395081775501	0.63128661589	0.923921061797	2.41863627167	3.18564696984	4.7487035461	6.0109218066	
0.0918225663417	0.158147070205	0.37927663163	0.638582786886	0.942872668823	2.57625570912	3.75804147567	4.32521787221	7.24891817486	
0.109667880899	0.161829078758	0.368389398973	0.641857522926	0.948433482371	2.13045062223	2.6920065041	4.89746454463	5.98426101586	
0.0916562022145	0.129948917899	0.389070717689	0.645689128866	0.803774519438	2.32568911889	3.31101527065	3.36810705876	5.81410668859	
0.0952946649344	0.170184660497	0.369575329443	0.53009962981	0.876045705955	2.07172603201	2.83978514758	4.55555866633	5.84969878456	
0.0977899334428	0.168199213735	0.367872629925	0.620682635568	1.02578108948	2.02822404805	3.21123781439	3.99529607813	5.77568318102	
0.0947161761265	0.171684853794	0.41317171065	0.650907601829	0.831027614845	2.12703845888	3.09597850074	3.78222392879	6.15512504457	
0.117716871756	0.142670101858	0.387451700217	0.640826150008	1.01184863722	2.23193112316	3.21156845545	4.64183741471	5.78260400271	
0.120297580649	0.150328098208	0.455481000168	0.687162222801	1.14360099148	2.16646390718	3.29083043644	4.54166941984	5.62086078965	
0.0886798731075	0.137422663745	0.403564944649	0.644596772493	0.886227603064	1.89657082577	3.49798325997	4.61167856179	6.47865615554	
0.0912751433549	0.152684655115	0.340387113004	0.577137606112	0.887817625886	2.28852881194	4.05183611719	4.78193304255	6.61450467081	
0.0937639605501	0.127717420485	0.419159129043	0.639314275648	0.913558109277	2.37766316142	2.58523708022	3.81340128746	6.25315375574	
0.0985531199353	0.14347948617	0.401361190928	0.606182242501	0.799719309036	1.88909079915	2.98821962907	5.47382435863	6.79358209848	
0.109891473062	0.158038479572	0.353741274214	0.594081592772	1.08931243937	2.15347600308	3.31123855371	4.37429872815	6.10599227865	
0.0982719255598	0.149010639772	0.362719325151	0.600794286827	0.797284294503	2.41075292503	3.7781651975	4.57700228513	6.02966185948	
0.094822752743	0.145518076398	0.405224508982	0.606480314026	0.938266416301	2.16958566361	3.32289950409	4.89915541591	6.28736946347	
0.100752525302	0.165429002084	0.329145868508	0.64738240966	0.86820557278	1.9101266046	3.17211397358	4.46086843608	6.83586997165	
0.106367848957	0.162396787819	0.31811548031	0.560424203816	1.01904852532	2.44326558443	3.46704519166	4.58125918054	6.12973534489	
0.104090701203	0.141297115012	0.371943871152	0.589637091484	1.06182620673	1.9459999045	3.63841300377	4.43160068707	5.76605460668	
0.102096777231	0.139782708802	0.439668683795	0.582694295237	1.05736967043	1.97757867474	2.96964595131	3.77128283407	5.38574309781	
0.095474682936	0.163138579631	0.303199710378	0.637565913968	0.825555283304	2.11602489535	2.91426496637	4.62510101599	5.44563014882	
0.11347695885	0.148461461042	0.420955523915	0.456793516146	0.937085188556	2.3183189258	2.98748334601	4.36686484113	5.53960919664	
0.0978584900552	0.176697460704	0.439553585323	0.658364003561	1.0276576128	2.22878543679	3.31860626365	4.63018984103	5.83662834705	
0.0986263999509	0.166375344579	0.38128659174	0.735406560177	0.987090284783	2.25945615885	3.16973704529	4.24188463697	5.22918148284	
0.076739823106	0.14897370325	0.366804070474	0.572520428518	0.916579039654	2.29554211634	2.89660611796	4.98288976702	5.64748004008	
0.100384235045	0.126905452817	0.377424460334	0.680647780306	0.989765061529	1.97610800356	3.78192587659	5.11206780965	5.22067738571	
0.0918887589284	0.141155785868	0.371338532385	0.516709764258	0.9010162965	1.99979409391	3.67646336561	5.164326188	6.19718850849	
0.0879254644705	0.135134693118	0.463456308989	0.694667536299	0.786794025532	1.93337057201	3.44849422824	4.16991745034	6.41084245858	
0.0906743505195	0.151755736557	0.388707442098	0.63473117933	0.986901176321	1.90797959344	3.14709763774	4.40652304502	5.58191739161	
0.088819145973	0.156450726244	0.392352744814	0.540503921021	1.03631387084	2.36092858903	3.19930758983	4.77658367328	6.77429261384	
0.0932334924824	0.137136412593	0.434046086128	0.608265425397	0.886902800673	2.34921312366	3.33079897073	4.73834215395	5.84479479029	
