5	58
0	1	0	1	0	0	1	1	0	1	
0.171964856122	0.61201654247	2.45276607362	2.8039682559	6.17036816128	
0.138548113012	0.512173085931	2.20956899665	3.65073636578	5.44864116403	
0.172351933763	0.598177644473	2.19502313116	3.09032052415	6.54794051821	
0.145909888581	0.611001702363	1.97367427922	2.92658285438	5.38523699799	
0.125472164284	0.5406594044	2.04863744028	3.14956967662	6.41005624362	
0.128695912845	0.523164996863	1.99496277262	3.37949648308	5.52650106378	
0.135590591292	0.593488324592	2.60819606491	3.26196642816	5.41402651201	
0.154778365082	0.521461821562	2.58465287271	3.67032483841	6.04286862281	
0.157192529213	0.674089366249	2.09478002299	3.36889935094	5.84064184147	
0.147422540847	0.447154555127	2.58889004851	3.33891824269	6.83278428693	
0.130715713811	0.588465096636	2.32264869361	3.21394424284	7.35437720955	
0.155681360719	0.641668496691	2.0365504434	3.08663147934	5.68507334971	
0.173722462854	0.643276787268	2.16685760513	3.44118055882	5.65135261085	
0.119435228984	0.639753505604	1.68890310983	3.34017075854	6.04682397632	
0.142833921043	0.507061022119	2.40335043481	2.94798145111	5.52751126987	
0.159076859804	0.579533165902	2.26162342981	2.96267380905	6.7816419351	
0.136180089026	0.625907540713	1.97418046589	3.39114862891	6.03462016544	
0.139198635014	0.556713244053	2.19753552161	3.55359911258	5.26889044031	
0.169661714975	0.606886222795	1.92761924746	3.66163546427	6.11952702217	
0.149435810016	0.662724268265	2.31194130541	2.90217218768	6.43666934418	
0.179827622931	0.517521752273	2.14382104073	3.67465462427	5.7235064742	
0.112164177651	0.640598979219	2.34289536814	3.21671761322	5.15957445882	
0.1656697267	0.632873505258	2.010970985	3.23295101387	7.15390300712	
0.123719369975	0.650289746932	2.06016841433	3.15000997904	5.48487048588	
0.141862919083	0.624713941802	2.1462558937	3.22259013559	5.99587468503	
0.147246403177	0.646187834223	2.11891975503	2.93113159793	5.43114362791	
0.168369651868	0.539414522002	2.20904076593	3.25514068884	6.15089160878	
0.143443638044	0.605328767897	2.20246768382	2.89053402655	5.44720512044	
0.146583448521	0.63553904793	1.94659225978	3.11495355274	6.16638810856	
0.155533168642	0.533487819458	1.98500599229	3.16175167255	6.99734325353	
0.16502449619	0.561451467329	2.56796792444	3.19058702012	6.48356522381	
0.135794350897	0.502302591498	2.27920365955	3.74324039499	6.10910860979	
0.119043819741	0.622347991408	2.13330171245	2.86931677389	6.04409534656	
0.126429458942	0.580272498131	1.86593727121	3.13589640237	6.52249433392	
0.144755572347	0.643027107634	1.88688793311	3.38911720921	5.98151587322	
0.149007167362	0.580055049336	1.74655547135	3.36837123892	5.47340775265	
0.139921318708	0.640544425459	1.88949573454	3.05438681022	5.97022828541	
0.14392456059	0.565005231865	2.15403381698	3.36861584061	7.00218709241	
0.165797207222	0.685828957285	2.13013834776	3.15745110218	6.13797466335	
0.156559049002	0.571775314006	1.96781650172	2.72024292579	6.66030363759	
0.156824783773	0.693315679766	2.19186272745	2.59389752393	6.53424308993	
0.157693947758	0.615292463927	2.24953621349	2.77904651992	6.5913908296	
0.127548061221	0.637511647345	2.19942499905	2.52927947588	4.82593503783	
0.153887265895	0.483562666392	2.30897700952	2.66962130526	5.59375740052	
0.160577394258	0.546008857249	1.99947962317	2.97636385748	6.11690827876	
0.171496924035	0.645490506287	1.90524806247	3.31795046771	5.50516452685	
0.182510401797	0.658214889163	1.90360574396	3.39223873628	7.00791277503	
0.168277175743	0.714006385986	2.4629594806	3.51030518786	6.131199162	
0.140737814394	0.647503555636	2.27019690925	2.89798839176	6.87599573783	
0.138148004085	0.644131488604	2.1417766225	2.91444044957	7.14996415449	
0.135864397113	0.562248581932	2.18535794157	2.79481988129	6.55942753169	
0.14743259267	0.702741718055	2.48718228544	3.74013708947	6.13184264303	
0.113867853103	0.703307723932	2.16384556188	3.6376222908	4.73781639368	
0.122007054171	0.620373245591	2.22302336943	3.2164456939	5.38074075609	
0.15607219748	0.586920881621	1.99788197102	3.35971197563	5.36461623117	
0.155993841914	0.611476643055	1.85955128715	3.46735891018	5.39198996698	
0.142741971783	0.518649686683	1.96024110522	3.16679945857	6.1450164787	
0.121925701881	0.537605023652	2.02350371377	2.92729961617	6.46914498058	
