5	93
1	1	0	0	0	1	0	1	0	1	
0.102206130985	0.14992571713	1.48376736679	3.23414511752	6.28571323577	
0.0997197173337	0.152997994502	1.31495190382	3.35843765907	5.89241147506	
0.0881527532513	0.136148648806	1.38842820309	3.30760914211	5.90709090134	
0.0848656623231	0.120907714172	1.28135414893	2.9781538732	6.67222593879	
0.0947444774526	0.15761693895	1.4610497913	3.70486553587	5.98313218478	
0.1070424461	0.142335088526	1.60788663909	3.13707314325	5.57309839226	
0.102495080969	0.154422537003	1.42622303842	2.99134409119	5.74356801602	
0.0899321643138	0.170099909523	1.57557894121	3.29807462189	6.01165422466	
0.0873262108352	0.151557659166	1.28351727293	3.39784582618	6.51095614283	
0.105636454274	0.13431455046	1.11883985165	3.05116067327	5.63764603229	
0.0909760710257	0.159599050298	1.3869898305	3.29401650587	6.17932944695	
0.110256865575	0.153800335899	1.45774287272	3.02191947289	5.55225414697	
0.107858880403	0.16063717123	1.47355524817	3.68933582518	5.19317854543	
0.108573618503	0.147228883694	1.31746406564	2.94236824868	5.41664589118	
0.0898709990554	0.151029919063	1.70330691237	3.21440599868	5.59430017666	
0.104432694464	0.167568014962	1.27807364783	3.1031907386	5.50983961704	
0.102804126038	0.14308590932	1.52388754396	3.40588743261	6.06143380224	
0.106408307453	0.166143335695	1.46161292233	3.75121951261	5.84459271896	
0.0995024181468	0.153193296038	1.30610747946	3.89368862994	6.7941455129	
0.106732135087	0.150119044982	1.23907349727	2.91153768673	5.28254495827	
0.0944561255309	0.136655590621	1.61448341814	3.15644462132	6.11534038325	
0.0945648383694	0.131186113518	1.35118935179	3.06842433936	4.58076320972	
0.0915397903653	0.14065649332	1.55180602623	3.13754397694	5.70332898834	
0.108088187466	0.124401556571	1.24121619077	3.0753505949	6.12316225918	
0.0908254431267	0.124220498695	1.59871008866	3.42837544599	6.18063945474	
0.0817919679526	0.160240468541	1.36059247442	3.06231677521	6.72262161894	
0.100440201576	0.149479419488	1.56355701003	3.20135781866	5.2429286847	
0.0893382008095	0.128522823516	1.53579280072	3.26299340902	4.31434577027	
0.0949454652362	0.136470008381	1.48620310115	3.83029100779	5.90855282084	
0.114798533015	0.158184276157	1.40799442302	3.56926802751	5.60123245428	
0.115749505505	0.14721735999	1.58132888465	3.60282606199	4.69235594528	
0.0891659993629	0.157100175675	1.61969258945	3.48528980275	5.46838812468	
0.0867166216763	0.148359910589	1.45310235667	3.70339502125	5.49812692652	
0.100250920736	0.128928408175	1.42748184122	3.25323444497	6.25511831752	
0.0847451055608	0.161390331605	1.34673368529	3.34834336449	7.22256809538	
0.104291621091	0.137023570529	1.40671826668	3.01689418791	6.57165786138	
0.0877656184195	0.167509484029	1.54264845345	3.0247442609	6.42806983792	
0.0876457221172	0.159412923	1.30778525273	4.1069725998	5.61038539688	
0.11058472014	0.148420712737	1.37656314418	3.19099447481	6.71819650814	
0.0943079738583	0.160939495977	1.31259837567	2.9604556021	6.19035259471	
0.116681563777	0.137140910055	1.63996266882	2.83381241047	4.41651556773	
0.0813456150464	0.149456371738	1.49063669191	3.88168154439	5.52188784596	
0.102599968727	0.146093052316	1.29207057528	2.76454602238	6.49182028039	
0.103512656459	0.14114393421	1.51395994655	3.63174009768	6.55222335009	
0.0824806055606	0.164406722395	1.34659908909	3.76488225775	5.75597811596	
0.102886857212	0.152192999564	1.42793063351	3.54878048901	7.08527266568	
0.109463508289	0.149077671527	1.55187817114	4.06702006333	5.47851017952	
0.109379570103	0.164352599815	1.23803004707	3.54957413552	7.31069241225	
0.11771535618	0.138499682815	1.42633865044	3.13960505297	6.44284634429	
0.114093059389	0.171330607855	1.34446666351	3.18773655857	5.97001544733	
0.100722493235	0.161204605007	1.28764372703	3.5213660364	5.65566682809	
0.100789988725	0.167790489511	1.77017656912	3.78634080506	5.97812180772	
0.100315250285	0.129643876438	1.34960599004	3.41908911308	6.80704689871	
0.0711583817656	0.139462420872	1.37183000049	3.39383576286	6.9504730358	
0.0832708235221	0.146148997507	1.24763585448	3.04111022939	7.13069922813	
0.102137250271	0.136764008986	1.36105475228	2.96868678454	5.99901190747	
0.0932210559775	0.172010285862	1.37252132478	3.30289752053	6.07690626875	
0.0960753878296	0.139336249498	1.50454305527	3.29986429893	6.33885747093	
0.0669677786319	0.12527391667	1.33001263647	2.93736829297	5.36495844611	
0.0926796986345	0.114019644852	1.4607086891	2.97174656876	5.74308628579	
0.101283353249	0.168949687455	1.32127838167	3.45979281368	5.80824309894	
0.0889287984406	0.15483398159	1.46768053175	3.2487455675	5.88709535013	
0.0937963095572	0.15160182703	1.42138864034	3.18561841294	5.98778655837	
0.0805029018819	0.160603858673	1.33362558416	3.38850372518	5.56585559894	
0.113888708305	0.149864743166	1.46291248782	2.83141862386	5.25341643889	
0.108239906735	0.157880939954	1.53274084163	3.27207072968	4.90088969078	
0.0985468649465	0.161939455917	1.56978203641	3.06072440094	5.37046976398	
0.0861960387575	0.140205249673	1.42321439494	3.54879252392	6.00462554245	
0.109975239576	0.11892763835	1.38393635165	2.66297921572	5.93183913999	
0.088220870497	0.153547195031	1.36319621499	3.39802545441	5.02501163696	
0.0996773023576	0.144693481939	1.50704777536	3.28830536488	5.26965486941	
0.0902454191781	0.153506392787	1.49205739774	2.86334997027	6.35815348021	
0.0928965464049	0.150933703403	1.55084866095	3.39528898295	5.70477424517	
0.0771344894016	0.139323070971	1.3421306223	3.5253137478	5.87645321853	
0.0957064769157	0.152417770547	1.45581515555	3.21590904644	6.79175382689	
0.0925661725604	0.142960835345	1.40008103383	2.9613013189	6.32726965658	
0.102404291757	0.164031818347	1.38220542829	3.40643149151	6.43399369525	
0.0944350774597	0.151965570671	1.62573887909	3.22532311761	5.89773867335	
0.109861682176	0.165982170264	1.45992794806	4.02116833964	5.55810726398	
0.10397376003	0.157138114599	1.58767990252	3.16429001624	6.00201859556	
0.103009633169	0.153200704156	1.48616211551	3.49594191146	5.94150434814	
0.08379241778	0.139042463611	1.32268757236	3.37115930996	5.47266086308	
0.101384776126	0.150342395095	1.20230533236	2.14457330596	6.04484933971	
0.112428426874	0.135446495131	1.43985361271	3.47559849743	6.2432870397	
0.111335630914	0.149001142697	1.57985320116	3.43956196847	6.28749886795	
0.0996616075277	0.150044282295	1.60794003081	3.29489451748	5.49045266585	
0.0961115360221	0.142786336423	1.18776021748	3.39076420353	6.67321492558	
0.0939959952543	0.139132268318	1.52169379301	3.61280060213	6.27917066632	
0.0884066508766	0.151858594944	1.54243460587	3.32150474003	5.76763871021	
0.100945714091	0.160720284443	1.5531817021	3.2943583297	5.45203898664	
0.0870715199218	0.130141164124	1.28658857215	3.35330753342	5.40632115322	
0.0788590231512	0.142346860544	1.46249177907	3.30529386543	5.42342349212	
0.0929821262669	0.169104518891	1.23251131159	3.1366381666	5.70810567575	
