4	75
1	0	0	0	1	0	1	1	0	0	
0.116221104579	0.930324012959	2.00416223212	3.10083320747	
0.0841354515782	1.10067113031	1.87753912003	3.19868179982	
0.102105655156	0.924395203849	1.84182441025	3.82120657835	
0.0845484711661	0.90200844276	2.07541256654	3.57379007199	
0.0957023071508	0.943948995242	2.52190909204	3.17058167048	
0.0931028466487	1.03001476818	2.10280467902	3.94249163802	
0.0885487484283	0.684353772119	2.08870413856	3.48202460707	
0.100732856987	0.932321599199	2.41469254276	2.90859365142	
0.0953779660321	0.979405300397	2.14160313719	3.56227079438	
0.0991335972948	1.08507763412	2.12864771685	3.59902473333	
0.095990995509	0.989656398943	2.11779312282	3.15032301077	
0.109907558523	0.959624877662	2.07298742753	3.18694946089	
0.107328433664	0.919354471516	1.75351870564	3.02997741576	
0.0926583197958	1.08909751202	2.00084235532	3.36811776427	
0.091761789016	0.92224862506	2.37364513973	3.50688865468	
0.111678723753	0.900136455866	2.23741967913	2.77619846436	
0.105261088523	0.829721364736	2.03843979968	2.87769414976	
0.108606404355	1.05413333839	1.73045924906	2.97435688973	
0.095462064905	0.608445267796	2.3357185393	3.12107856105	
0.0825001589417	0.942487163495	1.74839261609	3.07554175995	
0.110754852783	0.851563087429	2.27707908352	3.51009818921	
0.122507521871	0.979215920869	2.20142180574	3.1148992666	
0.0880737468972	0.810048091528	2.13298096363	3.30018602007	
0.105744498474	0.976630180933	1.83594700977	3.16060169081	
0.0938799966652	0.971209436459	2.13201943597	2.99304789347	
0.0931047547648	0.85075639897	1.64422755096	3.7964896932	
0.103373788316	0.834946674957	2.36308375173	3.37687218738	
0.0997799497236	0.870906401111	1.98385091408	3.75894355868	
0.104070437673	0.967190753227	1.93973371543	3.05354922895	
0.101538800182	1.0610232703	2.40831245119	3.49196998638	
0.102180527591	1.02862564488	2.50772362708	3.55398728949	
0.108189585962	0.954003272554	2.10525281188	3.11310538993	
0.113004711176	0.927859655861	1.94860128693	3.31682332863	
0.103985234451	0.911167561761	1.97228788547	3.60073873136	
0.110094033529	0.756488616049	2.22199173791	3.40543462078	
0.111372741359	0.802762599665	2.03875166927	3.58815202121	
0.104807377431	0.950299963605	2.63429261125	3.81601765352	
0.0929074103524	0.966325031251	1.97893247554	3.41169410703	
0.114249065701	0.910563469293	2.20524603785	2.60516568309	
0.101216010033	0.909317348027	2.21530178256	3.07938594347	
0.090897552043	1.04015143677	1.92693991136	2.91625871523	
0.101902594675	1.17458881319	2.19828557247	3.04542207539	
0.093603754915	0.974290994588	2.3000414713	3.04211279263	
0.0798047267652	0.899451045159	2.49124278078	3.04920802223	
0.0984121352235	0.781720026742	2.20566089657	3.04189747327	
0.0993173199792	0.866380656289	1.81879691274	3.15613900687	
0.119219973871	1.04365837988	2.20336439703	3.03836258394	
0.097132189937	1.02505941443	2.15134539075	3.15109662622	
0.0965083602749	0.926325290074	2.70561549904	2.98784445107	
0.0984718088421	0.951035523124	2.3937610711	4.04882929666	
0.111010534592	0.842093765612	2.29662145967	3.58276189165	
0.0971409227503	0.846698704808	2.23628904756	3.38294577144	
0.102403415402	0.7805082599	2.23873661978	3.63115790884	
0.106267317508	0.874088509625	2.23984563745	3.59212042203	
0.100806305914	0.929475614872	2.14640960346	3.37395356023	
0.0924823892645	1.04011183952	2.25478406645	3.49432998005	
0.0964921597131	0.985347509954	2.29984979422	3.55192547336	
0.0972317370649	0.869107772114	2.00668387033	3.19048066643	
0.105328203462	0.943397806842	2.31494394755	3.39088067187	
0.10071966594	1.05766915252	1.98172091559	3.52100716038	
0.112897799753	0.89348476203	2.41670089484	3.40689140248	
0.0859427538945	0.952859945263	2.30215019321	3.56593117385	
0.129332753714	0.955783487901	2.17437192503	3.17230931218	
0.108071645837	1.04108431221	2.05935249861	3.23463059372	
0.112520300704	0.997134115491	1.87891430113	2.6788592951	
0.104606913081	0.83229812857	2.25619605663	3.6964284385	
0.108864026452	0.961808379778	2.20236633248	3.43583882724	
0.104515824395	1.02356846351	2.00816078823	3.04188500285	
0.100090777998	0.867411224786	2.09039953574	2.95176702602	
0.106436807476	0.851544468814	2.09186857658	3.09241585655	
0.102347544906	1.06694700399	2.08344442406	2.9191154253	
0.0984211723735	1.00649259395	2.50667295505	2.87670899046	
0.0942351875439	0.978225615732	1.94520958274	3.27359724454	
0.089109435615	0.930904348411	2.27010978633	3.68068822428	
0.0873891152205	0.998006783818	2.45787138551	3.45307621621	
