7	85
0	1	1	1	1	1	0	0	1	1	
0.14748466103	0.385249945809	0.576546792321	0.840879696642	1.51146402493	4.86556210594	5.58860471107	
0.158712101263	0.369109036631	0.551922015706	1.08189290683	1.45755366565	4.84800780669	6.19295066103	
0.139418564104	0.386214202826	0.692654117141	0.913771049841	1.27529997858	4.47773214002	6.63802560147	
0.163904745295	0.352620129864	0.672695696368	1.03472949712	1.5554385897	3.89786263371	4.91237996742	
0.18673108307	0.373747433504	0.548536935525	0.883264163091	1.46191911898	3.77017986979	6.33164681946	
0.155482026688	0.386445945571	0.654532889053	0.892180931686	1.51879110169	3.8410831497	5.81638664448	
0.155949609611	0.34745350926	0.62235029804	0.789345627599	1.30663995452	3.78299359089	6.51766795031	
0.135769533794	0.383380509209	0.558057483632	1.06575958748	1.5772522444	4.65369629285	7.11599495708	
0.147069797143	0.344132619161	0.660630823023	0.799161347152	1.43661768619	4.63524051712	6.23102230484	
0.169330155396	0.450259898207	0.558161504223	0.962981802283	1.49513619593	4.80859087934	6.29836742962	
0.139439615888	0.361498666176	0.507461425712	0.843052936742	1.27649442887	4.38419535966	6.75117123436	
0.145339083425	0.43349435343	0.490289674599	0.884740102103	1.42033858105	5.12221674452	6.53870507482	
0.166229208906	0.386052031345	0.600760513788	1.0854638666	1.41157207388	4.48170253271	5.59247570688	
0.160576124536	0.36862372186	0.627589914805	0.916683447848	1.55859722924	4.33571755485	5.85001330208	
0.157855292004	0.407628468925	0.63497194059	0.960316494997	1.46682159513	4.4212796618	6.95560256983	
0.145181663505	0.399703451185	0.62667772639	0.779249406901	1.38294050846	5.16531741045	6.2513003799	
0.178634092537	0.367051033452	0.614425838809	0.999718355098	1.35246678791	4.32416985177	5.28729661772	
0.145059834102	0.389577520412	0.712702803256	0.98941601133	1.23320006086	4.61030262738	5.54219021564	
0.131829613541	0.4244146397	0.594275138738	0.876153368173	1.62709588486	4.06738056476	5.63239554817	
0.176775901288	0.41486367188	0.624314114106	1.04368096409	1.4133878844	3.89298569343	6.01606604802	
0.13154452729	0.396838147134	0.721496338963	0.928812648893	1.43110979292	4.76872635675	6.54424336075	
0.176170983008	0.406780347135	0.739977901196	0.897856290149	1.42809723357	4.35302179978	6.40936685665	
0.183088358863	0.363622382799	0.620514224061	0.882294431942	1.32204683764	4.50595285396	6.17780597504	
0.133409430816	0.412418897712	0.591494903554	1.02112160784	1.67350093426	4.54998258231	7.07174192573	
0.15620075093	0.379373374792	0.560595452448	0.853143157775	1.46006519778	4.54998531778	5.30820541469	
0.130499478283	0.345182734764	0.604538390693	0.794171083411	1.34871484662	4.47693822933	4.9245671384	
0.154245477165	0.397195515087	0.570454311254	0.835178699515	1.45857459265	4.48607514332	5.9674236049	
0.172888121007	0.355593883114	0.571701062063	0.883547855673	1.28928954425	3.92315143225	6.06449277888	
0.152672431026	0.383653731751	0.466340918427	0.972079674331	1.58272547582	5.00180933731	5.4854448797	
0.144503692642	0.342183261194	0.488854275073	0.953334660667	1.58313320305	5.12929539101	6.30347658801	
0.1625000914	0.432143842834	0.619515294063	0.917552435276	1.2949592754	4.32899234038	6.53513268247	
0.154571533358	0.43192563981	0.569365520506	0.774021993312	1.51150428974	5.04156956554	6.66560123937	
0.172620873874	0.412225349723	0.538024080042	0.865721102846	1.17803864774	4.90428096624	5.30778014042	
0.140829882019	0.330566717674	0.53832185697	0.930167673345	1.49868224808	4.35054485123	6.03406330759	
0.157955184727	0.405862284217	0.691939272246	0.936883945806	1.40273217519	3.94844314496	6.30921527939	
0.128200040609	0.447531681997	0.710631735378	0.800146915908	1.3771146401	4.41579138419	5.58961111259	
0.160369968321	0.304128455685	0.547996747109	0.753165565324	1.65364301038	4.85959212625	5.7958224777	
0.130767450345	0.425873925504	0.583361015763	0.976138632219	1.42935472	4.54178041894	5.82004282763	
0.16636864722	0.396958346921	0.590399826986	0.751117156282	1.4913046054	4.76770688758	6.67303931764	
0.146412841993	0.487230250687	0.502256460551	0.762539629289	1.60380654358	4.94336455183	5.29626367649	
0.150039708777	0.333316799145	0.539764114769	0.788131434787	1.22672002987	4.4170717338	7.04106074078	
0.148845500648	0.401420797717	0.574579596971	1.07789404651	1.36898429695	4.10794593666	7.01390202947	
0.144008765506	0.392167003274	0.70376934555	0.798134695461	1.44574041183	4.98717392437	5.79171879293	
0.136221724918	0.421326576697	0.633567570101	0.882845742803	1.59386745524	3.76753452575	5.91123321071	
0.143656629186	0.342359011588	0.655237735176	1.08782102198	1.49179826064	4.62426608965	6.11670438715	
0.142195391089	0.321359697	0.557676162384	0.852119032512	1.23764857263	5.00457063093	5.70685489414	
0.160444042332	0.381899059757	0.530945201261	1.09279591452	1.53141835566	4.52359555757	6.54310234094	
0.171268467995	0.352289927175	0.524226810955	0.940356014684	1.337030979	5.08598540755	6.43484469868	
0.143367099365	0.409222723611	0.497882751807	0.959115837484	1.46647701065	3.88495825263	5.37674227282	
0.154388132513	0.345533900237	0.603211243542	0.968316385586	1.62522392276	5.20896114246	6.42238306757	
0.14092120787	0.359076846102	0.644500022122	0.767681455914	1.42564255669	5.09750222848	5.00124675792	
0.158749155978	0.36101461512	0.576791617764	0.807667406421	1.44048324867	3.89996427428	5.66582990776	
0.139307647522	0.350073279529	0.542576492509	0.779485322886	1.31617541513	3.84105695771	5.41588722178	
0.155231391206	0.34429603746	0.57819050192	0.991235664758	1.4898474264	4.1924984601	6.05112549156	
0.118419085493	0.324914659192	0.630570116321	0.982032292262	1.36094996876	4.65630277519	5.93718855931	
0.137631274119	0.412834336597	0.668396454307	0.892893277361	1.4712755181	3.96686490415	4.55062330381	
0.15675588071	0.32253329423	0.642099853349	0.853165848031	1.42922065222	4.14122612398	5.68525729001	
0.129995216045	0.374792662087	0.659659263339	0.843276128411	1.2756171753	5.10792763165	6.45878802532	
0.14996116856	0.357778658133	0.488464581508	0.808550185845	1.66265669525	4.17764372642	5.39668977783	
0.162081486043	0.311585323243	0.590600539007	1.07379269823	1.35882667063	4.50590344448	5.6246551843	
0.131261689665	0.360492521558	0.618575938384	0.98118470544	1.54453120285	4.99582982486	4.99256874109	
0.164541761517	0.415312783914	0.529822491453	0.944231474413	1.42330832505	4.55633117805	5.43564790096	
0.149237939534	0.363204621977	0.702775067484	0.831664141003	1.26496335713	4.41160968114	5.74508776809	
0.132635989381	0.404694615882	0.571117583862	0.891005838786	1.14161146415	4.8672760989	5.94473202854	
0.17343947789	0.407781712652	0.585247765795	0.920679545432	1.35713148286	4.31836498417	7.28187585983	
0.123831738331	0.36577671603	0.526541495587	0.760814058316	1.45394230063	4.3937576342	5.97526645418	
0.17518924155	0.33238950686	0.7583608627	0.842906400775	1.25665561795	4.36456362054	6.36306071968	
0.144145021572	0.368296865665	0.64458842302	1.0556363898	1.58028765625	5.61071264943	6.35146305399	
0.170608978244	0.34436717468	0.576674036804	0.963054631106	1.34037629842	4.72198276159	5.62926469823	
0.16560430573	0.395950688259	0.559918683652	1.15126024074	1.19450757615	4.33928014906	6.57777270312	
0.139300347338	0.321469882803	0.524089152417	0.986541128932	1.47179688974	4.60130412855	6.12978677001	
0.161483936242	0.31219760378	0.722343554405	0.82382945725	1.38156943188	4.89927594542	5.79108814468	
0.149504882477	0.321195448046	0.522042848128	0.776592515267	1.45186530597	4.6299818684	6.14361972401	
0.150370395753	0.402835069109	0.68254118113	0.666427071057	1.64125917783	4.47437941386	6.69756800965	
0.127547067725	0.366441933111	0.582808470666	0.937814440659	1.45476603838	3.74866998673	6.08614071715	
0.120643843329	0.400875265773	0.575809163639	0.907228657037	1.38132865693	3.42459751386	5.13757749926	
0.168185951066	0.418254003929	0.674165520542	1.06037505297	1.14193041859	3.64532645709	6.44274912224	
0.151563904687	0.426161424	0.571674262286	0.775836927873	1.69739367243	4.35229717991	5.79735940235	
0.159841641947	0.368101581155	0.63252036944	0.874025244999	1.5210914293	4.26167231607	7.07297525862	
0.166981861557	0.401059480705	0.640461107568	1.01338747302	1.3379106301	4.22077720939	5.58242781868	
0.135635684764	0.397093178758	0.56083725347	1.12946621253	1.36881583193	4.79997805094	6.02031083674	
0.15447614042	0.38341792081	0.616790498788	0.857027669809	1.28287669266	4.38698551749	5.29761565189	
0.132466165194	0.349569745327	0.629019885735	0.889945422315	1.45173250366	5.05117412971	5.17074592256	
0.177584035164	0.427446784384	0.632815205395	1.06652270604	1.4226888382	3.78339240083	6.74110082885	
0.135725663446	0.404075370254	0.524069494967	0.972013699674	1.19725681007	3.95078900561	5.97328326565	
