3	35
0	1	0	0	0	1	1	0	0	0	
0.131395555337	1.50096354497	2.46880906627	
0.160571841637	1.54576449002	2.21321352585	
0.127452673956	1.28061268612	2.24779829714	
0.149835914221	1.49289753277	2.51043103484	
0.160890539988	1.61002072742	2.17035649874	
0.137891764838	1.42172513923	1.97697836005	
0.173374424352	1.54302592394	2.26191018678	
0.168539148033	1.14113193272	2.27644965954	
0.130340313235	1.42896243512	2.08298286762	
0.159926049181	1.46263078232	2.43920019233	
0.140971542586	1.53140335772	2.18487799163	
0.125470645949	1.29863784643	2.11777622279	
0.166684386748	1.49631239723	1.89898732287	
0.147895256579	1.71854632218	2.17391301699	
0.145090116374	1.50031876863	2.31412951211	
0.143157474788	1.50186819274	2.07928875822	
0.160789914027	1.45426612159	2.25362308282	
0.138612246807	1.31255604708	2.3532819205	
0.148809054279	1.47075996812	2.08412498318	
0.16348090161	1.34308317286	2.12084573342	
0.161789892191	1.59773438098	2.03739175243	
0.179395259729	1.4747935622	1.92577042371	
0.155535780729	1.37523111233	2.24332472474	
0.149357156285	1.4406211377	1.95400742403	
0.164850918461	1.2646737865	1.91161554749	
0.155510405237	1.65920672735	2.07419248413	
0.160514584841	1.58348764529	2.32515715402	
0.145331875662	1.27398031944	1.67537727338	
0.146057392508	1.5984664937	1.90830431328	
0.160503147713	1.2941281882	2.17280560392	
0.160616874212	1.33569215253	2.18665420635	
0.143773629949	1.53083625823	2.20059319122	
0.150847615116	1.6528440443	2.29239582061	
0.139644722008	1.41772146219	2.13368176121	
0.151204793589	1.79100482655	2.22973315693	
