8	56
1	1	1	1	1	1	1	1	0	0	
0.103234248357	0.109871734	0.372137949607	0.640559346097	0.912620240272	1.49326852837	2.12937597471	3.027657673	
0.107225449276	0.136064848461	0.364184054629	0.611332989032	0.819462631893	1.44461279518	2.13905004165	3.10200685844	
0.098649269566	0.145458111974	0.346735674816	0.572530036922	0.932367092995	1.60994843169	1.97510150003	3.0375996815	
0.0969639968685	0.172015681219	0.350030834848	0.513624286399	0.968141506597	1.45166573867	2.14624233263	3.25049350829	
0.0872941654702	0.153919071506	0.425398184057	0.656409526563	1.00016996993	1.71273865036	2.03868145415	3.15494355119	
0.0906478206842	0.176566932516	0.382930382883	0.634738939741	0.925731412335	1.30989290486	2.02903683503	3.08396056766	
0.0880685232589	0.120904709972	0.392205070823	0.624246682429	0.998596448175	1.5560090746	1.98145073466	3.82459574171	
0.10726378518	0.153449408076	0.39801892298	0.51558603731	0.903361233399	1.56077156756	1.94913957029	3.14422344421	
0.0911093277566	0.173413927697	0.450635097038	0.559680474647	1.11401244341	1.35939119703	2.1457498398	3.17548082694	
0.107080826793	0.120156880368	0.441658189929	0.589728015654	0.836639130654	1.31834067856	1.96326445193	3.00220431199	
0.112170056808	0.133061254422	0.351711637629	0.627267086537	1.07275414489	1.36142879953	2.23933766083	3.66789076404	
0.109035278746	0.156676365	0.452446502224	0.618708029806	1.01234809262	1.28184268947	1.70345291944	3.27788326778	
0.115320427234	0.15468808796	0.384953696594	0.555620886884	0.884876512753	1.49568264372	2.32645558328	4.13328113493	
0.0933851540262	0.147307478282	0.374158590356	0.685432838371	0.894330066343	1.10904051214	2.32534926091	2.63809698496	
0.109274705592	0.101269795395	0.412471738666	0.604095842175	1.00883422298	1.2469924065	2.36502809731	3.30391479776	
0.0995208071732	0.126664351012	0.412266446681	0.61018639983	0.86680411954	1.51586623842	1.89004518734	3.74857893627	
0.0935704904075	0.155511542264	0.369859793261	0.5374091755	0.917511643413	1.49287389046	2.13506407197	3.19105590053	
0.114018867538	0.14204950674	0.441825506133	0.611818093177	0.941520449365	1.44619903512	2.12004526394	3.08620078696	
0.111435820231	0.127742635721	0.310853868807	0.661462406545	0.76001017966	1.81383593515	2.26045166337	3.77527158085	
0.108384358877	0.13638232435	0.357191266491	0.447786454044	1.03116417034	1.50918271859	2.51665698365	2.93701915663	
0.106067392458	0.173160501861	0.352640620015	0.658892253095	0.948960532067	1.36512008982	2.15873419103	3.56260561864	
0.0998406088704	0.137228300819	0.336649722492	0.59593810513	0.936845970118	1.45474815188	1.83327275451	3.03754093501	
0.0935382841278	0.170058334684	0.304001292985	0.573133490996	0.952560803873	1.27986023299	2.19615083933	2.92695005494	
0.106006307994	0.158960037384	0.3625082	0.653532201787	0.883276777858	1.31879991491	2.38956277186	3.64934197228	
0.102756368718	0.155532430017	0.420386514637	0.611972475701	0.924198548278	1.46187857385	2.01951404772	3.23523561482	
0.0925772704929	0.151818632666	0.339707446578	0.658156097324	0.893704908002	1.44325026978	2.04493954291	3.50089685304	
0.101466544905	0.155938264871	0.358749313791	0.607402288804	1.06681552383	1.3335314399	1.89694925817	2.99742202242	
0.13143337191	0.134253330888	0.412719008448	0.63361522041	0.903810263694	1.31855215344	2.42954625485	2.94392689448	
0.0961571162947	0.158034705199	0.31408803865	0.619060424382	0.939187365703	1.20855736378	2.32698672256	3.08299131465	
0.113095117426	0.153964067946	0.344325555183	0.571914265041	0.934175198934	1.37755769846	2.082033923	3.27545174092	
0.0998960418803	0.137967438598	0.421027651462	0.602641934942	0.989049190348	1.496982333	2.2448523164	3.15931557834	
0.102973624009	0.135759096687	0.385110332307	0.545817863461	0.890770526217	1.48353056011	2.39284574531	3.38089422693	
0.0965715983353	0.140432620124	0.388152776459	0.552526446411	0.89329154448	1.46895439469	2.01776964774	2.97233654096	
0.0861688965461	0.169110530193	0.410301821908	0.542848610522	0.916514921808	1.58105179268	2.23380319459	3.42097061158	
0.108047023852	0.142026511573	0.393997463224	0.61272854206	0.835483730659	1.49274714406	2.04048006131	3.20963356665	
0.102110318285	0.165348913291	0.380851746237	0.623278268332	0.961185267519	1.26104456382	1.93311007306	3.30303769566	
0.117846293343	0.155775510759	0.402188868979	0.662753897003	0.885024016337	1.77190816726	2.42591655313	3.38034291351	
0.0961671167457	0.133537751405	0.398343423648	0.696335076155	1.05518985116	1.70632336297	1.61257867331	3.45065518038	
0.102958318591	0.156579523214	0.408549941885	0.621361634532	1.02257227503	1.50095321207	2.21963845312	3.30674025958	
0.102122194277	0.129768612859	0.387973584623	0.62875026208	0.988625599253	1.3655875621	2.2202785398	3.36288369093	
0.104153680393	0.142547776586	0.287070298741	0.61359020217	0.905548759085	1.34995611757	2.18042148979	2.96766162057	
0.115441782436	0.127269339533	0.371121577143	0.583247046016	0.814049651209	1.23168034765	2.23823432347	3.98406885775	
0.0881480482494	0.106965550833	0.322566985718	0.562873998506	0.898626482464	1.4418013381	2.31256423314	2.97446182466	
0.0881057398342	0.173437896287	0.407854943182	0.535590019392	0.974533410057	1.46655502671	2.33771059394	3.35345311514	
0.109835455086	0.138250002867	0.373137139508	0.543599659804	0.874281639772	1.4157398298	2.24956187163	3.15950149149	
0.10666496699	0.153047123443	0.370627810263	0.670800746703	0.920357418214	1.30104494974	2.18222806831	2.96928661783	
0.0829731745453	0.180668972773	0.35832807802	0.673373097492	0.805544910786	1.64932412283	2.21508775352	3.24305067404	
0.101622253419	0.141122358629	0.368550934863	0.560772834132	1.02433147401	1.5118630455	2.134896346	3.29149636591	
0.102940154189	0.148173951713	0.344355149812	0.600526903932	1.01360228872	1.25139989294	2.23438053819	3.21328497101	
0.0932242109436	0.167261527242	0.310592342474	0.54730748758	0.861577563019	1.72265402161	2.64343083021	3.02123708189	
0.0980206996223	0.149860568968	0.353750949766	0.63337013745	1.02572789869	1.49251580152	1.9476030078	3.03159693903	
0.0975750033525	0.164219285665	0.367169582621	0.597526213283	0.795303240993	1.59192746584	2.02841308959	2.74690445771	
0.116957118189	0.163301533603	0.374591943618	0.58179386241	0.913218099188	1.41924992502	2.40211856811	2.8087170258	
0.106993592733	0.133988734946	0.414725949603	0.503692583688	0.818427599403	1.36368175751	2.21221989273	3.4219259946	
0.097121870091	0.144067509143	0.423163624805	0.526126880607	1.1053153525	1.5863267135	1.9659190762	3.23805110775	
0.103666666138	0.118549460238	0.443268424605	0.69674616804	0.931550984682	1.70833628587	2.17199531048	3.15547136719	
