9	39
1	1	1	1	0	1	1	1	1	1	
0.122773187474	0.114024598937	0.384388727754	0.532270507196	1.42651469169	2.1650964156	3.21821549017	3.92789998983	6.07626483267	
0.100048552229	0.15330838348	0.324399561914	0.681960325158	1.32965319266	2.22760080098	3.4168044546	4.7399680936	5.34201266423	
0.0802443977656	0.175483460652	0.423557385988	0.701124907671	1.43367101777	2.33263272278	2.93838651189	4.65695541542	6.0078368274	
0.102872702692	0.149496282275	0.418497109966	0.543439304587	1.37136537131	2.1587125496	3.50357848288	4.74157258736	6.77759884452	
0.117234324256	0.160592429147	0.389490149026	0.531349105488	1.20902824086	1.83730613316	2.91524546068	4.78219208367	5.16073759965	
0.113717252262	0.150288936246	0.33588614704	0.693891439119	1.6154669674	2.35337170732	3.28325815958	4.77494405103	4.94002056991	
0.0934033340554	0.141045192702	0.312641099631	0.591270291016	1.46992092346	1.95795694873	3.17782471024	4.26665474312	5.24237439792	
0.105620626328	0.164254751635	0.410854357977	0.599545542928	1.29210771036	2.0712278963	3.5150049098	4.65874068465	5.31314367354	
0.10124525938	0.149519909233	0.366918208809	0.601200661926	1.30963625149	2.35500792446	3.32996340369	4.96838406009	5.17468751572	
0.100683120798	0.176400866274	0.355165780085	0.66323155146	1.45075357864	2.38250649623	3.08892878375	5.1014314065	6.33607770409	
0.0904337166671	0.162712520677	0.423315988591	0.677200445904	1.24572718941	2.19507917213	3.97855063666	4.65572886609	4.82176146566	
0.106045921646	0.164292013306	0.432750765812	0.563743890795	1.24003657518	2.40368602631	3.21910137747	4.40185655126	5.47352274812	
0.102774800701	0.140361111163	0.318267661269	0.556859826266	1.33125046312	1.79046098882	3.17576936232	4.00349187312	5.83851762064	
0.104563658549	0.158988102221	0.321161580278	0.65698607578	1.67295905458	2.25783935789	3.77464359709	4.69014230874	5.97137247046	
0.0949786552696	0.160632931597	0.330095617459	0.637445862565	1.66249482694	2.25693291119	2.63929242483	4.35366991881	6.53389048727	
0.0960820612577	0.160236783736	0.325820837876	0.480584214424	1.43312638775	1.68262926481	3.64466900411	4.15913331687	6.20996688681	
0.112651647529	0.150635411153	0.348198241316	0.558951038846	1.4703688247	1.96081235947	3.19741061622	4.52818406002	5.76174770591	
0.0796132953306	0.154120074978	0.401034585399	0.544030832215	1.4759610541	2.04190319322	2.68165006158	4.24636309706	4.92716978465	
0.101842778334	0.161033373244	0.487469958068	0.682921805137	1.60306993309	1.77177526691	3.34666224451	4.71077471351	5.69332775608	
0.0851685141273	0.156519547454	0.30999151624	0.579666425755	1.50675015893	2.21951350855	3.34069481997	4.40584730713	5.55635968814	
0.0948470140917	0.109855476137	0.337337374895	0.647278467943	1.41985328586	2.40929646803	3.12743298471	5.40992904952	5.89690546571	
0.113012263771	0.163290534756	0.399109945523	0.681265512397	1.61486158539	2.10615089458	3.19919739266	4.7057302698	6.98021377834	
0.105641466446	0.17374573236	0.394174031719	0.559912423506	1.2299832302	2.2868010274	3.07477140328	4.83392064793	6.12028786315	
0.0955405788327	0.135978474545	0.361661334969	0.534811210652	1.29425550521	1.60044604007	2.51787762336	4.56148316552	7.21101329435	
0.10233782074	0.152938261628	0.424634840957	0.610532456645	1.45116920334	1.85524048742	3.24251823521	4.23338400917	5.91859389291	
0.0948138121807	0.142286955132	0.372064404691	0.609582359971	1.29276681045	2.09049644529	3.21554180473	4.5672606744	6.69864858218	
0.110498305575	0.166326383818	0.408445849632	0.768334948422	1.45240715002	1.93287589312	3.84059106734	4.57256804181	7.02083045	
0.0983696172876	0.173761233065	0.472236052861	0.514373637759	1.30725785569	2.31632153247	3.56755206623	4.56135931454	6.11446271281	
0.0923260086688	0.168638879141	0.427393514914	0.641080837332	1.23550135751	2.20106399888	3.21245060858	4.46998216484	5.05578592499	
0.0944788104487	0.152561293259	0.386054130586	0.596279144648	1.35269360309	2.18081321137	2.94718189621	4.70183314189	6.32211270869	
0.0919996994431	0.163374022838	0.351958252015	0.612774799945	1.54911069923	2.14301371092	3.07870980529	4.50594975406	6.43601119248	
0.103867305951	0.143253337013	0.36487187664	0.598563892046	1.55587974489	2.22775273491	3.18855722522	4.34757889906	5.1987536398	
0.122535650427	0.145414646303	0.355115733417	0.679393716697	1.36569763037	2.21606218611	3.2102744668	4.37627074074	6.30804201635	
0.10391196978	0.135253979826	0.371069012895	0.640361658788	1.49954730329	2.11113563703	2.94501541312	5.07794354873	6.43219621572	
0.126019850425	0.151107439373	0.403345657986	0.618596748069	1.22131101921	2.2114086913	2.65188902	4.1416463456	6.17719218837	
0.0997899123121	0.107151550676	0.387768348517	0.531020965852	1.52771479461	2.13207147024	3.64111731906	3.78478964081	4.90145629243	
0.111127685566	0.169424215892	0.47658935782	0.619044722343	1.46877262283	2.21944914212	3.49731211718	4.51720471322	4.86091397894	
0.0960764722878	0.143218544797	0.358675888022	0.646646753373	1.68607985953	2.13597977183	2.89356028297	4.36276390192	5.33472416165	
0.099280535291	0.125564660681	0.36412037265	0.645021428252	1.42984169964	2.25180760345	3.41554313123	4.05290982401	5.96164875967	
