9	66
1	1	1	1	0	1	1	1	1	1	
0.111090133407	0.147914301251	0.38985932176	0.598424576999	1.40469742573	2.1259048473	3.46280107544	4.41516323725	5.44678135881	
0.0947699726964	0.165143603909	0.387069571061	0.533855932528	1.48187019978	1.98153687552	3.27017047579	4.96167037092	5.55363339753	
0.0892396946737	0.156570194906	0.375731593085	0.608557789512	1.59064147354	2.01273066665	3.34457430403	4.59443398353	5.21203378673	
0.10663991818	0.15686223288	0.373059741419	0.657908440839	1.16457709704	2.04391218196	3.46399866916	4.2139231677	5.42787077791	
0.103655550615	0.136017182972	0.403261602241	0.654814910122	1.40101152831	2.11223165633	3.05637679086	4.47945878207	5.75723803193	
0.112636590492	0.169954080318	0.375276683389	0.652552793141	1.49839112179	1.95745962424	2.8778511513	4.31917834061	5.48060884094	
0.102866452659	0.157345838701	0.352749425836	0.651370829911	1.66370542403	2.04454973948	3.38062450584	4.72607399444	6.00976720639	
0.116086614523	0.160707056531	0.407670271054	0.575736226947	1.56290576479	2.09009940607	3.47142455842	3.77767230419	6.40088085209	
0.10663898706	0.154266167659	0.292856281379	0.65471758979	1.59772820282	1.89341802579	3.56102624094	4.00385160674	5.63493638041	
0.0979067947674	0.16471342754	0.402158498907	0.597549429979	1.39745526816	2.2423850318	3.28972738326	4.94258946752	5.48026111364	
0.118900323987	0.16349366341	0.30771478241	0.610160957508	1.25716187599	2.12819154365	2.48729759305	3.88253874417	5.96136370959	
0.0949466669915	0.165562521214	0.364459580467	0.627177742945	1.6080306123	1.85462723865	2.88866083107	4.20576503508	5.95441567199	
0.106874705703	0.128480987145	0.332795102274	0.603310328402	1.22016207825	2.00069424421	2.9961148554	4.33007972127	6.93015075928	
0.0930573583487	0.135321579727	0.356983905298	0.557101967966	1.51993792527	2.24457164185	3.02891746497	4.43443999545	5.59354611104	
0.101617822904	0.166256747821	0.419809901379	0.625882158585	1.34719321322	1.99684286812	2.78896493138	4.45186755358	5.59120683434	
0.109874216335	0.128980098634	0.40817861076	0.51363978415	1.2832828656	1.98389422822	2.97010610769	4.98976567932	5.95986916433	
0.111583175657	0.150880336925	0.349809433121	0.515979180513	1.37666190841	2.01549978749	3.41054785898	4.94655537829	6.8368596621	
0.104652454535	0.135616735381	0.40576735266	0.641369469169	1.31178074978	2.1955552614	3.07679894302	4.11041572695	6.57658580434	
0.101211471874	0.165057637608	0.373813318574	0.563069530159	1.1597380097	2.51799296552	3.60301975806	4.1183491532	4.63508121814	
0.110496749415	0.155041812611	0.411501577317	0.480142706771	1.24819571086	2.17414207097	3.03382778852	4.27493262475	4.80087654731	
0.0956481091645	0.153098737841	0.405486374289	0.6240060187	1.36780200646	2.32124687654	3.11460240563	5.35610047669	6.21053980649	
0.0994311760501	0.150399000699	0.34709332478	0.645850131678	1.31978264123	2.37758821023	3.31784064041	4.13541691008	6.24745401117	
0.0934081510053	0.138704072733	0.387076356572	0.618380940548	1.36566392575	2.04846481208	3.12534383293	4.76209476757	6.39172076257	
0.105584382586	0.140253922067	0.461019701587	0.464453045917	1.29799284165	2.25934513385	3.74470764806	4.64606403513	5.80914306758	
0.111789507869	0.142597871058	0.349011448133	0.648217864199	1.63820251125	1.81140105156	3.78781616323	4.90750192394	6.49388557977	
0.108628055441	0.159756109674	0.397161254702	0.585259177564	1.25010872652	1.9557408096	3.33870838136	4.54210806376	5.54053386838	
0.093979064557	0.149346260008	0.355329051552	0.555336141718	1.54645963839	1.92961909939	3.23938221667	4.7249338613	6.05048262377	
0.0962415291012	0.173769171061	0.413222028635	0.711179850727	1.36106144668	2.18681088894	3.57922612619	5.37758596324	6.61482965406	
0.0961877975016	0.150642326767	0.379695151654	0.607647364034	1.38855859067	2.18717937077	2.27676751089	4.061891413	6.44149430937	
0.120306296315	0.153604561389	0.36537642109	0.530210058864	1.32132988231	2.13959806787	3.35125147312	4.17264121817	5.98520670784	
0.105332074375	0.1645234653	0.388056943318	0.573931625893	1.22346374636	2.0847575279	3.51879045533	4.59458678866	6.29281159468	
0.108092990971	0.168801441634	0.402544118658	0.625319666281	1.06473429254	2.27325457459	3.85643893128	3.88133974301	6.62897011886	
0.111334923043	0.15463336722	0.322426280609	0.514686437241	1.45506525929	2.48164949508	2.70823335505	4.37168060479	6.44227885867	
0.0961173012366	0.146471908232	0.435366480612	0.638346459614	1.49844332115	1.88525974167	3.04157637748	4.56614816222	5.98733784737	
0.103226912177	0.171692681692	0.380327304119	0.630614263946	0.972425979613	2.04015698037	3.43672802124	4.22626107618	5.42719202679	
0.121646811455	0.160719607308	0.359244023693	0.667625250624	1.37096395437	1.85678651195	3.07255716336	4.15042681964	5.62144838164	
0.0890556717789	0.149664538692	0.406229856731	0.58817444259	1.39646840471	2.24000773849	3.16903210244	4.76287611947	5.89044346236	
0.109554613302	0.148399118712	0.347191462866	0.653062826742	1.64771430359	1.97959127732	3.49153116597	4.00644586314	4.86577722752	
0.108073387727	0.157107426279	0.38796560434	0.604870310328	1.55883920959	1.99594165981	3.73881846572	4.81303186278	5.27330480483	
0.0902512332949	0.135503374121	0.402222183991	0.621418583113	1.34277839013	2.1538046041	3.5683258773	4.86984292008	6.04823736544	
0.107081627372	0.17491291963	0.403319421167	0.512472767942	1.43410922609	2.25473594515	3.61935195366	4.28609526249	6.61694119634	
0.0969197097109	0.139289559999	0.333276413062	0.546082380888	1.45205730071	2.14684789238	3.08987741999	4.51020761354	6.48243677975	
0.121280011815	0.147791105859	0.444454032777	0.603517489772	1.33452481836	2.46699055559	3.03461416965	4.44195521302	5.76057386295	
0.129198998026	0.140581991784	0.345798597403	0.686675229458	1.37162040514	1.84968520902	3.5700643391	4.04663060842	5.79603647539	
0.107426177425	0.154490927895	0.351632237594	0.590295036821	1.30694459667	2.40317585766	3.35656626159	3.57669064804	4.56332943025	
0.105788379836	0.151400852724	0.412033958296	0.520917768925	1.42230098298	2.26465749778	2.86361281717	4.04768587942	5.75049441506	
0.12118951292	0.14274108236	0.405878772648	0.657549705308	1.37697579116	2.19243483909	2.60531302685	5.36748529583	6.04721467791	
0.0983139471028	0.129255668026	0.35551541381	0.74727370372	1.40303851914	2.01567686636	3.07091346417	3.18911690779	5.96256347197	
0.103787083443	0.136328701192	0.39003400686	0.61607266928	0.934532291922	2.19952305904	3.41872687976	4.06919439626	6.44712236996	
0.0882928157929	0.152298345779	0.385651696242	0.659814164871	1.510394131	2.09141400942	4.1180409728	5.14997819652	5.42025695525	
0.0973341363424	0.147893325793	0.322965540405	0.544718065893	1.52403769347	2.16546800332	2.85490799854	4.41952030326	5.37098539071	
0.0945095049492	0.192849127835	0.389333231738	0.647228027389	1.57224085179	2.19524645111	3.30753096549	4.79013992631	6.05125950768	
0.102486198479	0.148504018377	0.361560251094	0.499626429438	1.29659676621	2.07804117176	3.1802634454	5.04159932354	6.15544945955	
0.103389420025	0.127989981305	0.372209336751	0.540559123442	1.68138037874	1.9478392048	3.39107368295	5.72556140805	6.27107488147	
0.0678334648994	0.165781804735	0.376503121665	0.508335044157	1.44739029678	2.29278111603	2.83483568055	4.70478986262	6.22516332316	
0.113214944446	0.150468900232	0.39730987005	0.505760221552	1.49053313163	2.2201955826	3.14291813989	4.74947542624	6.61962408602	
0.0939562357015	0.14461340263	0.465493844482	0.494533102382	1.59818015125	2.68256038686	2.74907276414	5.20408049985	6.48842539796	
0.110037204429	0.153765499355	0.356491947779	0.548111850867	1.3881432327	2.39703007901	3.76213370162	5.25694684357	5.83767695676	
0.0899362590832	0.149558314797	0.451930705928	0.598893103952	1.3637883071	2.49153331608	2.83062808604	4.25174615181	5.29396871884	
0.114498915258	0.158106169348	0.417565927305	0.54100075191	1.62069075101	1.52704322505	2.8334015534	4.57367685736	6.54426513193	
0.0932122684504	0.120399086463	0.345895906783	0.532646954918	1.82984521257	2.29819576589	2.91810556442	3.79051901417	5.50793090787	
0.101616515712	0.14277267102	0.461866508935	0.555303016328	1.51848808258	1.99828829591	3.52144485813	4.30219931759	6.62615559856	
0.10429567515	0.177188679647	0.388029395975	0.633781249314	1.24881378402	1.82561430129	3.47377611919	4.44095566311	6.46012488	
0.0949404132806	0.153770177316	0.351211374181	0.628268132265	1.29712013228	2.17530765821	3.06031339644	5.07355469597	5.57280941362	
0.0941463971563	0.145795782265	0.414822340825	0.597577131494	1.40527802135	2.07467488559	3.32611610739	4.23050095253	5.52196154369	
0.098064007616	0.141240112644	0.361943427713	0.474071876283	1.61775387548	2.15397347952	3.24578083752	4.13279988063	5.72376790692	
