5	49
0	1	1	0	0	1	0	1	1	0	
0.133003491796	0.396481258744	1.40714679008	2.94244845555	5.42394772986	
0.164151163144	0.399124948477	1.45630009888	3.47128086077	4.63610362854	
0.151785162074	0.420326320451	1.43574384489	3.65461421694	4.56475980119	
0.128143633921	0.39827215568	1.3452243212	2.92576158554	4.20974616632	
0.127012794207	0.409359151998	1.48994717076	3.32698724364	3.96414178021	
0.157592615139	0.457310175444	1.45676263465	3.0613379741	3.98998348595	
0.138754153948	0.446483776821	1.36506561877	2.7215019613	4.64269566638	
0.143158122008	0.34167130596	1.52065677301	3.13894944698	4.58420428569	
0.151390746119	0.436245176267	1.49256307326	3.41509093167	4.05791832487	
0.125599306957	0.478454140857	1.53484669672	2.90615214399	5.00891819188	
0.150826971044	0.368459046548	1.33535099118	3.33645969641	5.10096628029	
0.165653211013	0.461790997302	1.40003679646	3.26270198176	4.92940780166	
0.160120921785	0.465077116915	1.75487622164	3.1474901057	3.59017080763	
0.108601847315	0.396830414025	1.37503716469	3.48953390654	4.23970758768	
0.174790665265	0.331795510775	1.35611452276	3.08280182904	4.73976900584	
0.142739651872	0.364816822285	1.60356726282	3.60560396292	4.65714689237	
0.134068631204	0.395639358504	1.54818120416	3.21010595076	4.15047304292	
0.14218975816	0.390276782245	1.62595667472	2.95699558431	4.691479521	
0.165621204909	0.397197372852	1.57175300841	3.07428937658	4.41593133562	
0.129376654711	0.355094834896	1.31233544166	2.92887103019	4.78838567913	
0.125045168347	0.331330687522	1.54346993137	3.16836947894	4.01375607836	
0.15719866039	0.371179192547	1.46688798364	3.31491299401	4.38889609038	
0.137455998041	0.368646167956	1.47587431981	3.38578941132	4.64112818362	
0.144987230326	0.392880305786	1.22000157226	3.38073240359	4.86377326263	
0.103701608004	0.419905249419	1.65348052918	3.40382510198	3.53238368342	
0.151681676345	0.349906908913	1.43747753088	3.37493820903	4.80113502254	
0.153397651184	0.370207942495	1.63465899245	2.97266003565	3.92533497798	
0.145943991927	0.366622350681	1.31058071607	3.42728245932	4.26681535804	
0.160518694493	0.317585280973	1.32162395448	3.58094687519	4.24558570054	
0.13862479057	0.436508432317	1.62961933374	2.87774148753	4.39681929899	
0.151444771892	0.395293689489	1.23099961762	2.83075083235	4.66666111275	
0.16423005175	0.364639038036	1.3587934661	3.29508633028	4.56071834164	
0.153079400485	0.469838288706	1.30161718128	2.96384036647	4.30815553899	
0.15094710863	0.353984531145	1.36000372785	2.8989697707	4.08091261498	
0.127896473409	0.398504499302	1.34888159648	3.50382619316	4.75794252941	
0.17834186209	0.375516621944	1.46648502785	2.91372161568	4.41746621484	
0.156179957718	0.329848502098	1.50626471591	3.30359793085	4.46702559074	
0.152091395245	0.37196689657	1.46675780603	3.5673390978	5.13004770771	
0.142081581585	0.391506891263	1.29437527023	4.03719667465	4.86600885437	
0.136355701389	0.436626827015	1.19893481022	2.97151752508	4.22756892839	
0.146579997902	0.402997352882	1.30290964702	3.10076871953	4.4303812943	
0.159796328134	0.366901934361	1.46797099575	3.38414691319	4.71527065914	
0.110793735534	0.39045219173	1.17791839407	3.24371028415	4.41528386347	
0.159695045072	0.307036064478	1.27043220795	3.10935220846	4.32488690041	
0.153945110675	0.334854662987	1.46268637673	3.20719727886	5.13670122588	
0.13381045859	0.413252809957	1.3965350286	3.03671608202	5.18477275947	
0.143486415783	0.395047703028	1.39883597704	3.17587775602	4.76962312275	
0.161137573324	0.351303993652	1.3324838089	2.13967583163	4.34784894746	
0.170919171364	0.438812679268	1.42963294503	3.7530767953	5.0195183075	
