7	81
0	1	1	0	1	1	1	1	1	0	
0.146235373107	0.409767521839	1.00355921554	1.19307673103	2.38931481661	3.65095968023	4.7979397059	
0.142946309406	0.348355316826	0.922376473415	1.17820408968	2.24122467712	2.8429171796	4.66118048384	
0.144003762186	0.395118369832	0.885632963101	1.41831861827	1.99675004239	3.33435357096	4.91480847763	
0.168112909895	0.366103950597	0.682680330317	1.35806125315	2.29940136054	3.58131625754	5.35645350131	
0.14003138825	0.439071542608	0.900970623714	1.49446488899	2.24122226361	3.65970531553	3.7749561889	
0.129649920056	0.384355854704	0.830050909344	1.44265905725	2.34402963374	3.71553411464	4.0880477091	
0.133740591441	0.398728754508	1.00678132472	1.33514158009	1.97329033243	3.50540803239	4.97480203043	
0.150247970094	0.401450761058	0.854980270441	1.35214555627	2.10891000335	3.05492249801	3.76338088355	
0.141509106358	0.394125253248	0.890782146552	1.55167415441	2.06906787547	2.91949477477	4.55053830066	
0.161306097368	0.34607084022	0.752930665883	1.47694576244	2.3132651362	2.68344315158	4.95289714594	
0.141887912519	0.37003626089	0.894264594508	1.37783551108	2.09379686138	3.31139099613	4.34572843544	
0.172800997138	0.38406973811	0.973958318684	1.71746571809	2.3253382175	4.154068758	4.39078602212	
0.16210138778	0.398379886237	0.951307312604	1.50342322048	2.16888473581	3.52015430044	4.17488019246	
0.132260605076	0.393877522907	1.01586639964	1.51220041264	1.79676639095	3.55460987761	4.50693737827	
0.168171014015	0.326662070869	1.03848012013	1.421695639	2.61542739819	3.3649890616	4.80470405444	
0.141906486696	0.368209656809	0.914427869926	1.44683039423	2.09808760078	3.45796846434	4.99957809468	
0.158888166229	0.38904851476	0.899685833438	1.00822928467	2.30525207841	3.01583635249	4.26550652854	
0.141759976932	0.390804663163	1.02979762865	1.33050920498	1.81448105781	3.35951848888	3.96498322463	
0.143000073643	0.346241615913	0.936182601259	1.49550821129	2.27854608271	3.1803298162	5.13010409	
0.137863002868	0.333691118578	0.831638017602	1.80321823329	1.88807971929	3.64515073209	4.38425176681	
0.161786351477	0.295385600682	0.892371713757	1.52397968469	2.26772178337	3.73627532563	3.81081448815	
0.158872428731	0.389979850406	0.916979833083	1.43785519797	2.02882651516	2.94556925919	4.75172755751	
0.163748896822	0.382829077147	0.949092347176	1.45391661719	2.53995412227	2.82681138566	4.63377776911	
0.146152545329	0.36098933107	1.03312267948	1.49263080105	2.11666178329	3.5263533479	4.16651997889	
0.172422583521	0.391474069572	1.00057135547	1.33048154667	2.03314768795	3.34926368359	3.85403401678	
0.172816439653	0.366139065522	1.00628794653	1.53210802109	2.49574828087	2.92794802034	4.64548790813	
0.160492600309	0.33260040332	0.894304431496	1.45833917755	2.05576409581	2.53865873518	3.72598577235	
0.182451346945	0.42576050722	0.989844559555	1.41286151007	2.00791878391	3.38126375342	4.07641964441	
0.165163194405	0.400969790121	0.938519961919	1.39186023273	2.08941310816	3.355989165	3.96181788902	
0.18563089218	0.364387043383	0.818504467434	1.54619994883	2.05092563024	3.09394432542	4.52629212897	
0.142278539661	0.359191316599	0.916243035559	1.6301015831	2.10854045092	3.19235007902	4.98633565959	
0.120418661073	0.403939661354	0.992903319155	1.44599379814	2.07567702887	3.26394782571	4.36685837643	
0.153910660906	0.371104640619	1.03065345634	1.37717336497	2.10987276118	3.5015460327	4.80948541024	
0.152242645821	0.368124702805	0.911999612325	1.83299608852	2.36074972795	3.39962763164	4.47057823535	
0.172635239277	0.301356961423	1.00349058267	1.45233756701	2.20413123628	3.66292751963	5.21805289707	
0.150133644814	0.378886824393	0.843498492394	1.41498835517	2.48193735892	3.14589859196	3.65436603753	
0.134727112377	0.36305821748	0.860852279747	1.52029106352	2.24838752943	3.5880224149	4.36344068427	
0.153956708471	0.343056901876	0.902926388704	1.4342429838	2.17135595029	3.54977502994	4.68233091363	
0.148657391919	0.459419745649	0.838640831689	1.55849559147	2.15177672265	3.40873511946	4.00769364046	
0.133257120517	0.36914071741	0.926431665124	1.27408416117	2.03740925959	3.35406572933	4.2138813156	
0.174250249357	0.357664236705	0.923237593518	1.39419997185	1.87968407365	3.23521245192	4.12175530251	
0.167413274986	0.384291565203	0.915303175703	1.38101075133	2.3861974764	3.27264876512	4.01347731548	
0.162170338892	0.407646711472	0.846145335624	1.38243469263	2.60528905606	3.35014983853	6.19480512136	
0.170080240186	0.475293411176	0.862431929183	1.78059798869	1.88656916379	3.1907151663	4.17568274379	
0.150859711607	0.403458818688	0.921190905122	1.4733043748	2.08876185019	3.43003056702	4.70846517648	
0.145855004592	0.371354352838	0.816433834306	1.45077475672	2.25337943082	3.56580018129	3.9666140497	
0.13768885582	0.401923784578	0.983826257277	1.55069901247	2.6791343589	2.86314965411	4.18298938831	
0.153117119355	0.383370885889	0.964951288967	1.66291139467	2.63969859781	3.00520704956	4.82687105669	
0.172418016925	0.357320078464	0.953566201607	1.38418553219	1.81501625543	3.01080306909	4.42828517146	
0.171570816706	0.393589028954	0.961130256106	1.41693185102	2.20550898352	3.35749225124	3.71409247458	
0.159690447271	0.379261294382	1.04263302599	1.30022873932	2.51123708885	2.97701058036	5.02624750391	
0.143044786639	0.404095961763	1.053774541	1.50734664952	2.09595409409	3.08680582637	4.36710907347	
0.132515104908	0.388156809033	1.04872193252	1.58924462489	2.42538706591	3.50117564616	3.68482885387	
0.144729907308	0.400322361307	0.889105923767	1.38445798832	2.19994483471	3.26544398325	4.80854112639	
0.138470017791	0.283689197941	0.831684760182	1.61718536399	2.1732567191	3.15265344032	5.09837305806	
0.128542582415	0.419947630858	0.973830886411	1.55415563805	2.25374957343	3.53917058032	4.73668599936	
0.155763084134	0.397485956525	0.826502678224	1.31901119151	2.71958617282	3.01919177309	4.02038379667	
0.143983235523	0.354853051953	0.83596342111	1.52989506353	2.09943568476	2.8475407693	4.19558201459	
0.132518300197	0.364447668719	1.00263078132	1.42630541433	2.25238729486	3.34853327974	4.47286908406	
0.153715532649	0.399305534765	0.831235270191	1.59725801358	2.44369403852	3.02190451293	4.78361954709	
0.150005744432	0.367633271878	1.11153850264	1.36661146027	2.04322134467	3.26303499998	4.36191195388	
0.130046097094	0.358041948062	1.01317060932	1.45831785499	2.1949153127	3.5892710661	4.66973746908	
0.133842069162	0.400523957057	0.932434410712	1.41099269793	2.25274172934	2.83555780804	4.31375039041	
0.145298486525	0.438376096971	0.884638783117	1.51784266546	2.04698782068	3.15388049077	4.71418897378	
0.138313807435	0.330306224213	0.868322264299	1.48329222192	2.16774009495	3.72162223385	5.05547053353	
0.15577934511	0.385868910346	0.964238130849	1.36197726293	2.22393299217	2.71304333453	4.55211256855	
0.159151560774	0.403163817449	1.06740377661	1.31168120437	2.54382479761	4.20976129905	4.90542776814	
0.176362501008	0.395295436008	0.827927851706	1.21293916317	1.68289164135	3.45896017466	4.84269130661	
0.161790780456	0.399370498733	0.92973738879	1.22636496629	1.78372749817	3.13147559184	3.81166069637	
0.111830672954	0.380802488056	0.948251727276	1.39219236205	2.18760398026	2.75164454416	4.81699293461	
0.161520244443	0.365338888507	0.721952486154	1.32495834659	2.23661814424	2.96157291709	5.52060102465	
0.159823233768	0.397110765068	0.97725156504	1.27777931204	2.16555385976	2.59627003729	3.53357380516	
0.145928901186	0.373618269839	1.01811782071	1.2652696732	2.14975354304	3.07665885331	3.7575306559	
0.144051334531	0.342749349544	0.864606870214	1.36973218541	2.61215734397	3.48781215585	4.94384121821	
0.156970243941	0.381959680345	1.01882042698	1.3907852645	1.82244707608	3.20886399526	4.45839894094	
0.184052889976	0.415595316211	0.889755040125	1.40219953171	2.04767212125	2.99339850206	4.75626718534	
0.115944884981	0.377507946044	0.848782783424	1.17883767827	1.74399806035	3.37649960698	5.26189881702	
0.12998471102	0.411549652854	0.894730890354	1.37470172024	2.22037798316	3.14568729862	4.65748616291	
0.166158826357	0.385558728108	0.938178883383	1.56308322394	2.07141056708	3.60075465493	5.24467796066	
0.165318944211	0.396089070888	1.01992281027	1.35674541845	2.3331610626	3.17484557747	4.3583984167	
0.143393826501	0.429266514062	1.0447294175	1.61253945766	2.24278309715	2.56232415288	3.23032659354	
