9	57
1	1	1	1	1	1	1	1	0	1	
0.10321560488	0.151364465955	0.38431918628	0.585354006534	0.912172980313	1.40487712465	2.51875666545	3.56080290054	6.36965928077	
0.108813531824	0.145208585178	0.397791609563	0.681268734456	0.825893867696	1.57565884375	2.01231489724	3.39847020402	6.25160071135	
0.0893685594564	0.144129281964	0.325000473569	0.712808001179	0.982632248113	1.44308247575	2.40353096598	3.78022742586	6.12309280956	
0.10165688712	0.135046554812	0.385131175555	0.40386155639	0.968000294177	1.38177927759	2.02848605569	2.98641075755	6.34029621524	
0.0955523177502	0.155629399242	0.366562618638	0.601532603951	0.998667883184	1.34916070598	2.08612095883	3.29363400404	5.65753896744	
0.0946033933441	0.161567384115	0.387191083643	0.598151593202	0.919766808276	1.19653741362	2.43958428967	3.55446528387	5.07719072709	
0.0972914801776	0.142157118368	0.429838310011	0.587501147169	0.99625049236	1.63377587441	2.02161026176	3.63071488005	5.31691171437	
0.0935569409544	0.168601492299	0.392684746439	0.56289792307	1.01299396653	1.52623941462	1.96559678461	2.9796019485	6.69468508879	
0.0972293035635	0.175296468254	0.340648071622	0.654217392777	0.753198516922	1.42742487004	2.08675546545	3.2986202677	5.30206580968	
0.0906262231115	0.163593106898	0.324241715788	0.62448927865	1.03085174536	1.56688287525	1.9733179249	2.89888040636	5.41637513508	
0.0910956188736	0.152666002707	0.403108299417	0.566074821017	0.964895267695	1.55998003615	2.32621383393	2.91969521331	6.32119316148	
0.0947353958464	0.172924656497	0.369500067636	0.641834191438	0.876629993874	1.1804122993	2.03425204348	3.09006726801	7.19774589224	
0.0867355287706	0.174666849184	0.381138900845	0.583816117446	0.779818322227	1.26669911711	2.03558551975	2.96082052657	5.38139734531	
0.0901428670727	0.159159307049	0.354702319045	0.588493854543	0.799673855382	1.67934245233	2.29895889393	2.88044931216	6.44465751577	
0.0893366819011	0.155224095078	0.379564165072	0.679281522538	0.837389424728	1.16379769741	1.97392628706	3.17808017965	5.94305429937	
0.106095200071	0.132753929239	0.347393085386	0.630221104538	1.04358953392	1.51526982761	1.81807510502	3.41631604428	6.10246813755	
0.118742078037	0.145983572924	0.368322315696	0.630981721334	0.847445369489	1.31179331031	1.79764418296	3.07995801144	6.21631189237	
0.110174154968	0.151727478478	0.3634930699	0.661272176817	0.919228689637	1.08112672287	2.57842306466	3.60741818898	6.16326978134	
0.0896792101785	0.144564786283	0.380006795177	0.629175092999	0.760898474768	1.35011839431	2.31385751333	3.28684626942	5.82699465716	
0.0983755556618	0.133074054021	0.375060774942	0.52794227212	0.960281291001	1.44287757255	2.15198557477	2.73423144894	5.64895221872	
0.0960722728134	0.147792959707	0.377252290597	0.602453883065	0.899779223846	1.46627519301	2.50234298986	3.54088394809	6.38882659512	
0.074323921426	0.12449560034	0.397614754605	0.543794590967	0.984427300057	1.25577780509	2.09342802342	3.7196665389	5.19388567684	
0.105264846023	0.154942192481	0.415920986723	0.757480314801	1.11263486866	1.68307816036	2.42451305741	3.76458073466	6.56502799767	
0.0909668032989	0.161386290039	0.402071644847	0.636407595397	0.917718396006	1.29006422193	2.04057377445	3.30076998874	5.78461145868	
0.10581073593	0.165146798349	0.350255014339	0.564873428389	0.710267615387	1.50781957222	2.25404368939	4.03272297292	6.01382715386	
0.0985403780192	0.156750497733	0.451734699471	0.654721117365	0.949341975481	1.41532868704	2.55211370907	3.60438118237	5.12165013678	
0.105838444941	0.16730549312	0.377037535631	0.635927863225	0.879584481043	1.63537040172	2.26644519575	3.09423904399	5.96533287529	
0.0927704874573	0.134868217225	0.329374259561	0.694992391337	1.00537718589	1.61615288758	2.11801847751	2.89675810605	6.54952401921	
0.0749783393019	0.143062218398	0.409029084688	0.464535135655	0.989074802648	1.3895384571	2.24326049951	3.16741796383	4.82507799324	
0.111465160347	0.139064221391	0.383045777	0.670602598342	1.03649371192	1.24001691797	2.56412443502	2.8325217903	6.66357379087	
0.107332841149	0.171671270422	0.438026784793	0.493880651599	0.911887123191	1.44762775503	2.08684165524	2.83245272587	6.66198002913	
0.0945597151723	0.149518984641	0.332791435203	0.598494292107	0.84523187669	1.48263663059	2.41303174544	3.2361031558	6.65033923623	
0.115508756234	0.160459351434	0.403165360809	0.688004049334	1.00101980161	1.55909534294	1.92409468651	3.25547995442	5.38520556099	
0.0982444027753	0.167392227514	0.410871949106	0.508976858211	0.887628369107	1.34525013914	1.99518147703	2.81420045155	6.76394262027	
0.0971876740399	0.1555928582	0.313990871913	0.547681480566	0.851301524428	1.39581773224	2.13726600622	2.84003189072	5.49099576204	
0.106829973181	0.140986800865	0.401403635204	0.559012751403	1.06371065854	1.52436653136	2.21504296846	3.18719201187	5.94226267783	
0.0991462995001	0.154322605646	0.397820244523	0.689519567588	0.989353344417	1.43321838982	2.0100956734	3.1153582083	4.97812272582	
0.112525172001	0.148464221138	0.335489024166	0.624800954295	0.91216927854	1.4790929051	1.73755483415	2.97881024849	6.70645271203	
0.0961517508119	0.161857279445	0.370901457608	0.591900604737	0.868400128592	1.59250739019	1.95807066069	2.45684131404	5.69840858211	
0.095718426711	0.150860772165	0.353659726656	0.667125382738	0.996606401922	1.43090796287	2.16774091813	3.29355270206	7.65196965437	
0.0973339897373	0.157324010632	0.35527623509	0.612194097233	1.05203887925	1.53024171132	2.62518370495	3.46661212355	6.2901141273	
0.0997195979341	0.143212641512	0.423598716847	0.588693506024	0.89764705488	1.51550466235	2.04846614052	3.37044379405	7.48444766997	
0.101973963878	0.105318242553	0.426838943604	0.578955055173	0.883856677548	1.32114080591	2.2896697646	2.95247875568	6.01806780568	
0.118915526258	0.143797479215	0.357552008332	0.58303248818	0.785424222938	1.47219641836	2.39652780808	3.0394732555	5.36783365731	
0.100590996818	0.146960525668	0.363735151036	0.646431799828	0.951327642096	1.32073576606	2.31870892692	2.9505909424	6.14388511067	
0.120934197954	0.144518403498	0.440867836039	0.650248113784	0.738751361262	1.4272783485	1.86965273238	3.59293510817	6.3039311375	
0.11054628299	0.176483347895	0.37226073876	0.579373099369	0.939191515695	1.26332911236	2.20118625087	3.21067349358	7.17945978108	
0.102637534382	0.147657736962	0.424119115534	0.572408277989	0.889651748497	1.57207094254	1.98872856452	3.48535163402	5.31935232547	
0.109260580197	0.171481179985	0.391147929595	0.725616899502	0.812337974874	1.242347274	1.64658148364	3.33847279471	6.00408419359	
0.087783721322	0.177721374618	0.364156908849	0.602821838032	0.840195284382	1.39592109193	1.7160361098	3.16299430966	6.30711999845	
0.102143021071	0.154445003461	0.373609400595	0.627627835267	0.860789222402	1.28701169567	2.13935244103	3.22242054721	6.0654614716	
0.117954892504	0.147426077061	0.412537031855	0.607705962052	0.955463816514	1.17532087304	2.1498092797	3.81174931565	5.96771629143	
0.0886135885774	0.148509382856	0.265071578035	0.59060245365	0.914340089814	1.27804498397	2.34132315601	3.06428367646	5.10428422274	
0.110922899595	0.162894313391	0.452856538558	0.520075390191	0.978922763018	1.46440152916	2.28642930116	3.43691031655	6.67945954688	
0.100524031848	0.157442564732	0.413519642821	0.613963119632	0.936599529027	1.43191833662	2.10729343302	3.10231636231	6.13225724382	
0.114887827477	0.138029911403	0.328704687866	0.591416404864	0.864472737749	1.42928368669	1.97007038725	3.26997996051	6.50372315896	
0.0988162167592	0.143607111632	0.374911134156	0.697759348374	0.946694035292	1.33284146473	1.81854675744	3.29120941409	6.15475186191	
