9	100
1	0	1	1	1	1	1	1	1	1	
0.111560273078	0.306690982788	0.713346599743	0.932336349648	1.55619337468	2.07922562828	3.38916571895	4.8398740826	5.06314683436	
0.0951040619768	0.46339886593	0.622033150091	0.774791897261	1.20357282908	2.26522642007	2.41248042653	4.31789100451	5.3630739357	
0.110622495714	0.344292933673	0.562578668989	1.0504476887	1.39933920709	2.0911538184	3.89263941191	5.10252444084	6.16698138449	
0.0983270997004	0.413274106726	0.654825734066	0.845881922203	1.40611190501	2.19853682882	3.25859511769	4.52284983464	5.89982389872	
0.10617533615	0.374583199747	0.684869518294	0.919343550407	1.51093050141	2.24944874236	3.60613901364	4.60766714783	6.07085229464	
0.109679162531	0.380954306617	0.629901275768	1.02247911175	1.69046501276	1.98573689612	3.6709108751	4.01634451188	5.4485246672	
0.10689796149	0.340579012875	0.481235495814	0.974630061872	1.48157427975	1.97760644416	2.97956927531	4.67986981756	6.58431023138	
0.100277363689	0.417295545958	0.62651710846	0.900551970372	1.18864117579	2.03214175841	3.4064120024	4.32836256179	6.78736163665	
0.108933115294	0.393765305954	0.603983137026	0.940822808109	1.34683517467	1.95570369966	3.4661820072	4.54258505964	6.31240296308	
0.0917513167699	0.374115410761	0.578574975911	1.00256776622	1.67132597608	2.34130283875	2.85712112854	4.68372354544	5.82926048688	
0.0935894518174	0.393291564777	0.556144901114	0.993516766143	1.29882562835	1.75851026466	3.2885769748	4.93867873312	5.96845421279	
0.0843612353888	0.326127694762	0.572602565109	1.02821048277	1.26881760987	1.98310410812	3.49060432811	4.66608675031	6.38661716011	
0.11255582102	0.337717359997	0.551081026763	0.842667267585	1.43357876875	2.57729294795	2.86799557529	4.32225377892	6.62582183655	
0.101699297577	0.32397630063	0.473187222514	0.894338817515	1.4957035578	2.01296022554	3.31388224228	3.69747146856	6.36014645151	
0.107800771209	0.41482960082	0.592005302993	0.931086369018	1.42239705424	2.05722887313	3.21586723481	4.23654880354	5.73147417195	
0.112287730083	0.373094924575	0.64487995898	0.807343080409	1.33385587443	2.00981593797	3.24355246918	3.95298183362	5.32412013095	
0.0963455636402	0.341623601108	0.575841737624	1.07517344959	1.27727165769	2.08707666257	3.47445616065	4.17579017278	5.25710909974	
0.0932131576902	0.291380436458	0.641735417321	0.912984079129	1.36442002051	2.12110937875	3.09914576917	5.1438391524	6.66168734711	
0.11654222679	0.397986781779	0.640994825479	0.983511236861	1.35632209528	1.7087013877	3.21050472759	4.74307823603	5.93910088464	
0.112971615198	0.362049647046	0.609663762101	0.888703926488	1.67477085151	1.72811867933	3.66331020365	4.44456476834	6.20653082563	
0.0759737258788	0.325203019292	0.600265979013	0.993352848135	1.40091400308	1.93081703328	3.22554106059	4.14371707894	7.42906356744	
0.106248524334	0.384119907656	0.683728838977	0.954450819114	1.61761858137	2.83620636872	3.06024715299	5.02851174844	7.16290513601	
0.0993022118634	0.386696166606	0.639785490733	0.797609237922	1.47816404068	1.93640158964	2.88927519358	4.93019013515	6.60275224812	
0.102500114974	0.355581043403	0.657262689754	0.96504606532	1.49662226801	2.28111588356	3.22220912125	4.61819306341	5.71813575748	
0.109295003473	0.406991531511	0.670644028976	0.785346759017	1.54909808807	2.26662362013	2.82273429916	4.95661701134	5.59243887	
0.0983491365327	0.414334045516	0.517328973135	0.977655773574	1.22122658371	2.3893937478	3.72360227751	4.49855188012	4.86496202074	
0.101537303196	0.43089458076	0.660513709769	0.986491280095	1.58083805455	1.99837132175	3.33115695852	4.19062348832	5.65743639	
0.0924113586134	0.350961187488	0.772017792022	1.05144646599	1.36376974902	2.31587838569	2.99609077126	4.00224634532	6.64726702288	
0.0915327955781	0.325245845679	0.622378732881	0.886956099074	1.6367905925	1.95726597917	3.41062094126	4.73375148558	6.13391445731	
0.113653780004	0.400679998162	0.61225294968	1.01060715807	1.33787460937	1.98403202768	3.30674795364	4.77447236513	5.93851262577	
0.0993346003032	0.37669485044	0.623142806716	1.02410658431	1.45567416623	2.1111777428	2.93598726181	5.41074936908	6.97122632686	
0.0910156714459	0.358158421719	0.623910839972	0.969623815368	1.49843674355	2.20397410774	3.68432509646	5.14284737873	6.40643948203	
0.084253788645	0.381454392336	0.572219813673	0.804707891536	1.37455375819	2.25729149128	2.79627399499	4.91792886782	6.63271392044	
0.0876252989325	0.360471275709	0.660417571006	0.996623184452	1.40436977897	2.50499581655	3.61025782724	4.47353235399	6.64151688184	
0.0894557154764	0.33239580765	0.578475748948	1.0058668681	1.65997254202	2.22589936576	3.3220316923	4.95371844239	6.01457852429	
0.106212727115	0.417735737841	0.670402845383	0.811429696081	1.49960234272	1.93515978024	3.15725044281	5.23712804057	5.56118017791	
0.0885050449459	0.355607404474	0.562702668588	0.8426492433	1.27706732312	2.25171397736	2.43919177866	4.48460976905	5.64900923301	
0.0998034436531	0.388521446281	0.733311317515	1.11435828318	1.57321235488	2.41652974062	3.2531444888	4.65984601139	7.22752035075	
0.104879773898	0.335807478417	0.574565961059	0.939171841657	1.47554675632	2.48530016473	2.79107876296	4.73821875919	5.93926817199	
0.107497727707	0.363971121084	0.529167649805	0.891962534366	1.48157402374	2.26250775523	3.06486614517	4.58049806657	5.82974579973	
0.0941077702778	0.386166654605	0.654606355974	0.900941548699	1.42961075278	2.32217891454	3.16060655214	5.49698456571	5.20488125201	
0.101144886485	0.354723294901	0.482669664724	0.968267173147	1.30817863454	2.39391508598	3.57771632714	5.25674655637	6.42784575821	
0.0974517067246	0.333501788117	0.614380987538	0.962578106176	1.52253847231	2.15396916508	3.09856045893	4.28211343236	6.47150822993	
0.108459824873	0.363927002499	0.518199139028	0.914327407235	1.55872054118	2.33746925616	2.94108046247	3.32069344026	5.7725248726	
0.0995010303859	0.371346609506	0.41836996704	0.706624490961	1.37021707018	1.71613967987	3.17553774688	3.9565370249	6.66865534394	
0.0973405419406	0.399371655335	0.649360047568	0.883551393753	1.35781605197	2.20868515041	3.31915504148	3.99308289958	6.05857522805	
0.112102115611	0.391626953886	0.503468919707	1.00157067551	1.39464909585	2.04489559607	2.92821685755	4.50061646513	5.60139370766	
0.0938062306473	0.285058995827	0.635408752269	0.969134557131	1.49226358556	2.2222441315	3.86326254418	4.59408607676	6.36838878265	
0.101930771178	0.345398011987	0.624600908719	0.874854039767	1.31483484256	2.37090215314	2.94047357026	4.47902212713	6.56812414102	
0.097516752073	0.388640987418	0.597783649612	0.91874655778	1.29730924414	2.0619329719	3.00804047014	3.48746118025	5.87544057158	
0.0931577708246	0.358813460227	0.701044159221	1.04620598554	1.28069782231	2.26262454238	3.02670064782	3.86377462494	5.77043478247	
0.0895333584011	0.424868108413	0.56288359809	1.01835166181	1.24261663834	1.78367847916	3.22950614603	3.10901594394	5.84241876958	
0.11340379197	0.355134783503	0.596592397578	0.89825336763	1.26803143679	2.04234691624	3.43019013839	5.26011106719	6.32342462138	
0.101411378129	0.382431322507	0.620648902729	0.877782204989	1.45327996706	2.27409845545	2.5453195078	3.81522554919	6.22507298929	
0.0955492100082	0.292413081396	0.623749376427	0.90186873364	1.45791930114	1.75881135788	3.31836865443	4.09385223429	7.05239350386	
0.0863775796398	0.368092942588	0.516293165716	0.948884384889	1.51723678436	2.20920979976	3.2742669945	4.90725360674	5.22455359019	
0.0931555025119	0.408121582092	0.567631751405	0.769861824976	1.26055635626	2.18547308297	2.89814509951	4.37777551476	5.21149774035	
0.0964673446262	0.342000081839	0.564962382657	0.904702435975	1.41009222066	2.2904569699	2.9445866025	4.1586946485	4.89739391991	
0.104785526699	0.371119167243	0.504709802519	0.953235726255	1.6669220801	2.46477150853	3.47808126631	4.31149632709	5.66144042397	
0.105823485594	0.396125599565	0.591618091749	0.861595915663	1.6004970614	1.9220205209	4.12921020027	5.07518900614	4.89525261237	
0.102509330638	0.382364236642	0.560293107887	0.7633456906	1.42608027837	2.0443121227	3.72470292349	4.83953136274	6.05646645722	
0.0970211029305	0.379231293135	0.641970083342	0.933631453074	1.65334131881	2.37222159339	3.56110888956	4.91729009315	4.68334288466	
0.097927816722	0.371476842943	0.612521413998	1.02514868109	1.61738497052	1.67481337698	3.40927107513	5.41712230669	5.76504156232	
0.0996789446163	0.380700927842	0.53970687816	0.904657536405	1.60855634676	2.31460506461	3.06931984332	4.61550850896	5.04403499779	
0.0782113985862	0.429845804939	0.640718586298	1.00525920362	1.41035191455	2.08317424371	2.85273146362	4.61177329703	6.16177445368	
0.107016537693	0.408709326191	0.599981372635	0.947616403283	1.48267367552	2.01236382903	3.03472960865	4.41825102218	5.57095110292	
0.10849974579	0.412168359244	0.617158426008	1.15244408734	1.68221144152	1.79273488106	3.66367691559	4.3954722743	6.39761993594	
0.0935513317413	0.390349997522	0.536664890749	0.864934927103	1.45920037989	2.47058720595	2.83194359629	4.21968981918	6.21090210031	
0.0870484262911	0.447975407042	0.59100510267	1.10348236516	1.13141947475	1.97675983706	3.29548456413	4.26298490382	4.91168746866	
0.0891538501138	0.344826786115	0.615958638654	0.901863999156	1.46502388899	2.38426207266	3.53158910638	5.01967285849	6.21100860783	
0.0980624344117	0.335184560645	0.578327982382	0.915420424489	1.46574029748	2.17217770289	3.67857642664	5.10842291374	5.4554603835	
0.100168045407	0.409769463401	0.532393042087	0.92564466224	1.67257077395	2.29679376046	2.86225468422	4.93087285602	5.87229374145	
0.094053471257	0.416790407884	0.654572813468	0.824752187975	1.46775022659	2.310754088	2.70070098842	4.69196792175	5.19442664307	
0.0987523546465	0.36698307986	0.505039689501	0.833786365524	1.31866835442	2.23151850874	3.25955417067	4.8906278818	6.15570208533	
0.091068676816	0.33242555659	0.55854522264	0.949636294238	1.57781231177	2.46698057375	3.43326725658	4.50807004076	5.49004439836	
0.0922680787385	0.352485163991	0.540387011182	0.784530457859	1.4881653928	2.18422400068	3.53517767629	4.4370573732	6.24974011465	
0.111200547045	0.374015009933	0.610153656098	0.862116163782	1.2856257914	2.19676382338	3.22292468845	4.37420759077	5.88765503976	
0.091581470923	0.332957474069	0.613788260639	0.908805047338	1.43993343244	2.33714588017	3.02934631439	4.34467136793	5.6437424341	
0.105877500048	0.333321211788	0.672656148818	1.07385080616	1.38653323159	1.94059914699	3.02790383413	4.64433713106	6.67436810512	
0.0984905873478	0.35745207137	0.608849213324	0.70881360485	1.33669793712	2.0936072205	3.02051861289	4.47183397723	6.65630645801	
0.0950095713581	0.373096848967	0.644753666891	0.93244523514	1.15522303893	2.00693567605	3.12723175504	3.84180789324	5.3363834915	
0.107979549758	0.379941402695	0.529764887591	1.07043601322	1.33113214083	2.09264823297	3.46386537891	4.43922007157	7.09014689067	
0.0966989590011	0.268904520971	0.540008871116	1.01080495781	1.33017638329	2.00808873054	3.37079727423	4.80450597603	6.0339096938	
0.0961020846047	0.34476306348	0.547687440054	0.868381440246	1.3522139973	1.68644494662	3.57846384031	5.13292408983	6.9502844229	
0.0896635903051	0.344924508545	0.459335276236	1.03443552094	1.41098520234	2.33818354208	3.41595329841	4.97334127959	5.47569622041	
0.086441461584	0.321643713845	0.5832398322	0.924258712947	1.1492611058	2.21263659161	3.07798477921	3.69797304459	5.94986480861	
0.0961963989993	0.385471111748	0.574043429845	0.952616396914	1.28522946793	2.16300144417	3.3111902309	4.32032167077	5.23214924528	
0.0750777986838	0.338541534842	0.587693815387	0.929070161312	1.38448276204	2.59532709048	3.78302676145	4.51426694807	5.69342068223	
0.103767343408	0.314833665181	0.646069073849	0.864648437773	1.32077638684	2.6122462242	3.32190228467	4.62120973388	5.42106398417	
0.101395463428	0.379901970893	0.590451089288	1.00507132334	1.55364418073	1.83037509758	2.87019907478	5.15902800473	7.49385847036	
0.104130789476	0.285996277015	0.682055938167	0.88722436358	1.49413919611	2.30898507009	3.38924843896	4.82171757378	6.65279243124	
0.0949901671619	0.369771756464	0.593763921382	1.13692891342	1.33691837714	2.01295845616	3.60879219214	4.04022271917	6.00796161729	
0.111602483418	0.343704694267	0.65068771159	1.06303934171	1.35568491499	1.63620989341	3.45169473961	4.82383495262	6.9861049416	
0.107395838378	0.410981287868	0.603359280066	0.996796058832	1.46409921118	2.49484267022	3.21079453234	4.29412475182	6.24506301139	
0.106668052834	0.458233456151	0.587085835189	0.868002545724	1.47204283862	1.95214497426	2.55325427194	4.7026935588	6.43589500081	
0.0881870698295	0.437710119915	0.75388460691	0.912547839846	1.2567754243	2.69522110246	3.61373422832	4.8311269188	6.46577211904	
0.115085936691	0.371161213381	0.568873666961	0.925289170447	1.39422357424	1.85917431598	2.83665023383	4.57013321923	5.73631336175	
0.0976700145045	0.397421274108	0.614011015231	1.00895749904	1.48506481192	1.6744293382	2.98878632956	4.88236578595	5.53392114399	
0.11030558985	0.322411577806	0.562588480948	0.968867960498	1.3882373739	1.87034768822	3.04454592626	4.67586773705	6.28710457159	
0.10680508853	0.341366289559	0.475097961858	0.873702039494	1.46148517971	2.21556231771	3.02325538844	4.46152621541	5.7969582445	
