10	61
1	1	1	1	1	1	1	1	1	1	
0.112306282717	0.134819218626	0.401962057388	0.725492907951	0.959323554064	1.733290554	2.17022807295	3.59514807448	4.44641934538	5.54278849937	
0.102183142682	0.116184070994	0.343674151936	0.589391999163	0.96516671795	1.68214908838	2.09188634625	3.01227797307	4.62852878974	5.61138907759	
0.0835773585542	0.139798670341	0.338067011494	0.645810566373	0.863118857001	1.53838719594	2.0035221609	3.35670213421	4.75613461308	5.59173932335	
0.0900180727633	0.161421735418	0.347250345829	0.513570461689	0.850704453665	1.33367626872	2.38019091854	2.62335926117	5.15975433514	5.52123917928	
0.102539249579	0.162181809482	0.371172921612	0.541281826426	1.09363918022	1.38994317515	2.06272627096	3.90353378628	4.29499220022	4.74332116421	
0.115996001303	0.133657990018	0.454436807054	0.611695724322	0.92475727186	1.24189760022	2.27095264007	2.9183878879	4.74947555393	6.06635224243	
0.113255863132	0.137027964938	0.331171335623	0.563088868239	0.962264938136	1.63801382474	2.04716472641	3.18208534584	4.56602417087	5.47475427092	
0.0869146671396	0.148826219964	0.41218849288	0.581523737376	1.0114658619	1.20253109869	2.12986129733	2.54171423821	4.65028831995	5.42989741996	
0.107898315701	0.103167830198	0.419869439987	0.51151220842	0.876884233212	1.29460912876	2.30562532955	3.3229035023	4.87356516453	6.23405913676	
0.0951082909883	0.135276201261	0.401842590178	0.631540889787	0.864798845209	1.2913439355	2.21713403556	3.67424661533	4.50451625677	5.85910039196	
0.0972611137854	0.128289665765	0.424687463613	0.586334976252	0.849140742776	1.18895699196	2.3126012808	3.5161797478	4.57431025485	6.37079279747	
0.0986279581325	0.131969610309	0.428287313426	0.65150867394	0.84735945408	1.56115415365	2.39069044679	3.28138748783	4.28390853896	6.25786677349	
0.100877760726	0.140849164865	0.42664177017	0.649348350055	0.956899144833	1.39090500227	2.43035995536	3.04285172699	4.73781600613	5.65028215956	
0.114789754093	0.142994950808	0.368214023849	0.587365073937	0.849275403905	1.69714077335	2.28985954259	3.2874130014	4.26047677633	6.33532300187	
0.089154281603	0.130408530974	0.350357652426	0.647700661399	1.00982068969	1.44510213563	2.10556003719	3.23709455708	4.80160401748	4.75982815437	
0.104111789843	0.161459287712	0.4089511185	0.619121866717	0.981979735181	1.65664830745	2.00919978532	3.23523640097	4.4138478349	6.70852233038	
0.0967344383696	0.136834316216	0.35350703576	0.508283427356	0.910410800094	1.41508097885	1.86925402421	3.05337207698	4.33629557645	6.51383518326	
0.0915342798871	0.132690162526	0.368127636573	0.644629727097	0.911262370967	1.49525341209	1.99154813709	3.36046473877	4.7418521507	5.45304127175	
0.0924042453467	0.11961728928	0.398872290616	0.553488811659	0.906433051496	1.40413625481	2.25378789614	3.06344434527	4.42490118771	6.73077721777	
0.115801951519	0.158328872274	0.426882950206	0.620441828947	0.911136560499	1.53027023667	2.0308062024	2.93607346792	4.11258069688	5.36790903919	
0.102321550971	0.151258838018	0.29068527361	0.584569511255	1.01013495536	1.65107946621	2.36437013419	2.79438632997	4.60087836866	5.91096765438	
0.113289299201	0.130396888423	0.394759779991	0.676989012887	0.753472316971	1.37898864518	1.91283727387	3.4636260385	4.62887496664	6.51179727383	
0.0919993154574	0.146687429873	0.369988365896	0.619600151879	0.95607817384	1.25119825758	2.18401656062	2.64620017294	4.74653168203	5.0451155519	
0.106316127017	0.138964091686	0.400501193325	0.656350001508	0.839078321407	1.60753219001	1.92464116213	3.29237631729	4.13559072832	4.98052800431	
0.102569273814	0.164363586418	0.364127523558	0.645273056108	0.831316193691	1.51177684074	1.51237133095	3.65248874672	4.24350725492	5.29074200646	
0.0942705827068	0.178251564267	0.397296434366	0.587462419702	1.17377057591	1.5274042213	2.22223442578	3.60955585345	5.05511917368	5.62303640821	
0.0892658160535	0.135222552583	0.38242120868	0.595340409762	0.872307716087	1.2965835507	2.41650863896	3.0583183	3.99167281871	5.78972623773	
0.091056328781	0.138028299684	0.379520090561	0.633903131447	1.207979531	1.68268775118	1.87231269652	3.18723826517	4.71610082133	6.23800668784	
0.0939220591275	0.162648691714	0.344350812461	0.564533992339	0.898186681185	1.3379087691	2.46170769592	3.39913490751	4.72859668672	5.65797264424	
0.126044758101	0.13060073969	0.413186556762	0.717362899668	0.969219251486	1.45910159318	2.08024194159	3.45770310027	4.48290397391	6.99236100804	
0.0943261048938	0.139104175712	0.343709299451	0.694766741794	0.977537877189	1.63252021906	2.08303935389	2.78951195287	4.97572803056	6.54063377015	
0.0931462639859	0.135301108073	0.354026319473	0.586505700624	0.941023128942	1.49980526666	2.06319296509	3.92106618829	5.41835859743	6.17805338943	
0.1034008041	0.140954898103	0.425258790146	0.612712171416	0.800874321233	1.34485114724	2.1654951709	3.61179685482	3.42589226544	6.22361994722	
0.0998946565346	0.142359635993	0.363724267241	0.660917203292	0.929570592843	1.08035659777	2.13687414122	3.42899234838	4.19913416923	4.95053761911	
0.111885451929	0.143016534257	0.388441237417	0.483566903085	1.04035862772	1.25023371104	2.43685844563	3.04117428886	4.67883297359	6.51004111524	
0.0874487516499	0.158686619169	0.405748233367	0.490047910177	0.886201106555	1.22554762353	1.69508271948	3.17490650857	4.36233657683	5.57817608439	
0.091259859949	0.125442479971	0.3800255255	0.636300483621	0.963204490008	1.19178009053	2.31117993451	3.58656690742	5.56808371647	5.56082358467	
0.106312751622	0.173957700305	0.40282952576	0.78278160768	0.905751900404	1.36453591768	1.75642116597	3.23342587558	4.51995856895	6.17866809898	
0.105382760396	0.147349973936	0.391884560369	0.584031820106	0.984123616031	1.23714774599	2.00080850965	3.35644045603	4.82881790223	5.91490419353	
0.0965288850047	0.146647237606	0.346913784153	0.586116521308	1.02816575479	1.41469143141	2.09002812823	3.19033614561	5.31543580921	6.52118092891	
0.108597204691	0.158092079135	0.40122183382	0.652054973414	1.0924322221	1.45868526894	2.19599597335	3.70084414248	4.5691197869	6.62058168274	
0.0965023474529	0.129375129966	0.330892937978	0.703374231532	1.19401083253	1.43734907348	2.03483602244	3.36549656096	4.20177839476	7.20158974237	
0.092347970489	0.130392068027	0.385225900899	0.641431771776	0.926234674288	1.63185366159	2.16809234461	3.12898317297	5.69723135981	6.24483717331	
0.0934364380564	0.134202817736	0.336994612575	0.42255930555	1.04700152845	1.41153951911	2.31149358728	3.31883243101	3.41755664143	5.85788920174	
0.0984434109672	0.171406377319	0.416153561147	0.589827337365	0.926676620029	1.32210623142	1.95524221892	3.00566300703	4.40797764048	6.0670713537	
0.0972055815204	0.155122878105	0.363350077844	0.641579702926	1.11300181471	1.60892562237	1.9285234655	3.06290740208	5.06656639761	5.01951057709	
0.097050662829	0.150682164971	0.369572770035	0.58664584893	0.960095155683	1.43817930371	1.9751823408	3.81789552067	4.49491326883	6.22052543616	
0.0969221361307	0.150560669952	0.351243901139	0.525037952155	0.993205405722	1.29953300123	2.08742592835	3.82937055112	5.07868733567	5.53828462658	
0.104292628096	0.128596135654	0.428826439647	0.605295539088	1.03865157925	1.47003380194	2.06043864498	3.16009807375	4.32576878585	6.26696805663	
0.0923375211216	0.150158303756	0.38449159768	0.504886634259	0.826883219113	1.19013395907	2.08705466648	3.22057822269	4.82882522231	5.47578191045	
0.0866617492611	0.141948590681	0.394636673728	0.702736435576	0.939399166351	1.28195575614	2.23698437136	3.28390734377	4.51502038905	5.19674484638	
0.103963965251	0.142967468072	0.361844759758	0.654019803264	0.98402985668	1.26737463301	2.47316715681	3.59070886568	4.12084797119	4.68755719941	
0.103557055891	0.154010886032	0.344612384708	0.709404521672	0.919866104861	1.42498200039	2.22301058815	3.64846397534	4.62993425465	6.04815918097	
0.0855443714946	0.149711533876	0.431057666395	0.559954395488	0.942142921636	0.989098589882	2.45633211847	3.21547828549	4.42657955277	6.31226980072	
0.102973234013	0.156274489144	0.335743852582	0.679575798522	1.03776691538	1.47833689292	2.48472130944	3.25953362523	4.29052677393	6.16583524348	
0.112027227795	0.143805066163	0.361706471409	0.536584046953	0.928960805927	1.46007477141	1.92805060014	2.60362877495	4.33440877873	6.15545295426	
0.11707527473	0.161780763539	0.470934479751	0.571109715779	0.973781229086	1.41471372696	2.68787442405	3.44692173648	3.44285692966	5.62964833247	
0.0849953095055	0.169612650026	0.349289678566	0.625556214748	0.916028283611	1.37315357077	1.94349735757	3.09115702782	4.52342898247	5.80430343738	
0.105127710333	0.123952592341	0.324693096254	0.64541473408	0.834237992889	1.2070431127	2.21164764438	3.19129650283	4.88305857018	4.42427806966	
0.0826084921633	0.157779148304	0.400426986482	0.646485865318	0.986791941947	1.4387933653	2.02045968033	2.64107678282	5.37196699413	5.41507855692	
0.111719016174	0.140858877056	0.370898817974	0.550799755352	0.936106208341	1.49998768264	1.77916070403	3.4138441394	5.24129162789	6.31037684594	
