3	22
1	0	0	0	1	0	0	0	1	0	
0.103852861621	0.964173160793	4.62162360531	
0.113776407146	0.875810135901	4.6606623108	
0.0826319745951	0.787361475128	4.45624017459	
0.0920482363327	1.04519418207	4.86834055731	
0.104553550641	0.918149230692	4.03831129329	
0.0700670841785	0.853515863104	4.6559588941	
0.0884626307964	1.06223169608	4.55116063811	
0.106690435477	1.06090777981	4.05832635071	
0.0971712811805	0.98759096356	3.80495340696	
0.103633326781	1.04021637129	4.76136855028	
0.102755035911	0.795808962063	4.45157569054	
0.0867962749284	0.922841337719	4.51300921476	
0.0923013169151	1.05112232676	3.87603970551	
0.124220913696	0.996997245228	4.87284610565	
0.100835926852	0.78032338607	4.19036577868	
0.096417344014	0.911313059041	4.16677696584	
0.116131225677	0.83800876049	4.35610375239	
0.0898122173037	0.910026391838	3.60969249457	
0.0946823609505	1.02590418392	4.53720391958	
0.0847076565992	0.953108144504	4.71535369218	
0.102605634924	0.960212810332	5.18787139422	
0.111660935223	0.859021192923	4.2352201062	
