6	30
1	1	0	1	0	1	0	1	0	1	
0.0955784572841	0.159418358911	0.547659841716	1.39065851932	3.21097997167	6.5642296956	
0.0896765831082	0.162245976607	0.60044425142	1.51638543845	3.25368100147	6.12488153479	
0.104911037045	0.145247444533	0.664194888908	1.29770861237	3.0556492033	5.15195959374	
0.107009478106	0.147166665753	0.709864545957	1.31172095182	3.49313843882	6.32715974395	
0.0984001893543	0.134964538805	0.577717297448	1.43522635629	2.96484813079	5.47009126731	
0.108078563456	0.14549622067	0.717381224599	1.50513557861	3.34809306058	6.51397436746	
0.119568311987	0.138014020018	0.594423296179	1.72821290477	3.21321160974	6.18952782597	
0.110887096751	0.161390507019	0.549922879921	1.50235792931	3.54314521389	6.42305796348	
0.10974725048	0.136023021708	0.696044029744	1.54831176561	3.65998451529	5.32099113167	
0.105366927502	0.14102671749	0.642280937237	1.49942192035	3.57244775771	6.0090765313	
0.0930831085694	0.153038016704	0.584118082871	1.55443248049	3.39443216612	5.73943479441	
0.100379932597	0.162263362392	0.533411036443	1.69119590192	3.3737134029	6.49856589649	
0.0941219310988	0.150360471888	0.493845627905	1.4670944855	3.39018584818	6.47898517961	
0.111257081918	0.153981911369	0.617583828886	1.63488176639	2.60769627913	5.29855863077	
0.115416153159	0.147414744316	0.513485471594	1.5141439734	3.4753378213	6.90154002392	
0.114700654684	0.169008847582	0.553048307529	1.38708026569	3.61068288564	6.95558948354	
0.111195077054	0.15848097245	0.643385469688	1.3683950588	3.12333780924	5.11935521399	
0.101911467562	0.15813602846	0.575263142135	1.44881565747	2.76265874743	5.53919554526	
0.111325326415	0.178199788389	0.564331186187	1.47605345617	2.94651614391	4.61002020611	
0.102482006617	0.142464691823	0.601238093437	1.53111976498	3.05906805741	5.6374095374	
0.103236696411	0.165399377688	0.606740225546	1.45837296068	3.19362240739	6.45915934231	
0.102265166874	0.154504054093	0.52354382333	1.5903420367	3.54307192972	6.68153780231	
0.0950668873553	0.152750829109	0.465329809473	1.40048186443	3.12221159148	6.7959118271	
0.100075977038	0.140461773821	0.609375103698	1.43308785659	2.57726647416	5.4113168128	
0.121347595739	0.145288662762	0.560573666033	1.56750986551	3.06483785433	5.9425468553	
0.105338224824	0.143616224734	0.662715254095	1.53277852685	3.10689477983	5.68846372356	
0.109729945945	0.145218382688	0.522723595795	1.59599728613	3.06209559241	5.77447472475	
0.11697114302	0.124905250718	0.640913129611	1.32856250315	3.31996274866	5.69328852463	
0.0849580835626	0.155170547934	0.602371546286	1.48778273876	2.92622005542	5.67547522548	
0.106326061118	0.143119224834	0.587500383211	1.2638044316	3.20153950424	4.89147588606	
