5	65
1	1	0	0	1	0	0	1	1	0	
0.11549127377	0.152914094295	0.927790260181	2.92661769562	4.50370027844	
0.110896940364	0.140635862307	0.877986214178	2.04488857103	4.08106098524	
0.117859222032	0.146388256073	1.05772521307	2.97716778998	4.41521575956	
0.0935589640482	0.170075121874	1.03166729367	3.16264235807	4.16019865215	
0.0965663191948	0.136730024921	1.04962477755	3.07771549544	4.38027318578	
0.0932702368446	0.15017515165	0.981488133886	3.00338126194	4.62036658323	
0.104601412992	0.109887045973	1.03630515724	3.23504755022	4.2952313724	
0.0872027088625	0.168078651555	0.98085298598	3.87403694091	4.50683953699	
0.0986145530717	0.142034867068	0.999242917687	3.49536229434	4.58702531419	
0.0998660152997	0.147703263461	0.957162062204	3.33896427747	5.37012488236	
0.1141111868	0.136759731913	0.905259790056	3.85552249533	4.50488298865	
0.108278081593	0.167162456279	0.993803285524	2.81689788112	4.69188663476	
0.0930435118402	0.134344996778	0.890897044104	3.57744487337	4.38054543958	
0.0967554969712	0.12323030748	1.02080420928	2.74221799555	3.93487918045	
0.127623139758	0.133828575457	1.1026257786	3.80051398098	4.61145190982	
0.0968748232805	0.146158845239	0.881282723477	4.03219484596	4.12397206938	
0.100021652167	0.153892554545	0.790234270953	3.50430558831	4.16221672171	
0.100207208493	0.15628630788	1.02211574973	2.93108470049	4.35137550515	
0.100753286865	0.1669037137	1.00748414943	2.68624815476	4.41607086866	
0.0915075408086	0.154135316946	0.935413038905	2.87416856223	4.39056835489	
0.0796017509855	0.159923878629	1.04935216317	3.42660910869	4.58217733788	
0.0774268075847	0.154494153753	1.08785586094	3.96706389477	5.09919076129	
0.0941152649851	0.151992052974	0.864602813025	3.38702990914	4.69185288967	
0.0936125011694	0.136619883022	0.956203666378	3.58002955404	5.85347326684	
0.0880396205673	0.164644678725	1.01594480686	3.43262905035	5.34114774736	
0.0932101341811	0.136606671347	0.766366810759	2.64519513212	3.691859836	
0.0924717287657	0.169407927051	0.908936369291	3.36058221463	3.8234822235	
0.101574594371	0.118958914426	0.848205936239	3.22984168454	4.21257627577	
0.111182213919	0.121141096509	0.980544838944	3.1782608533	4.39233352324	
0.121853447435	0.143870553923	0.870154297802	3.37644830443	4.32101152355	
0.116665036448	0.141481616879	0.998594556615	3.18388778454	4.13102848825	
0.0928074189909	0.140403097189	0.987781522629	2.85966397698	4.6219515905	
0.0981323925566	0.156215981131	0.807038362564	3.31243377296	4.11492035975	
0.111068886058	0.151479467153	0.925643733541	3.4233891914	5.19082436952	
0.0884453796836	0.149408526148	0.939957698625	3.11982111224	4.58274760433	
0.0840841452286	0.17319176859	0.897361366778	3.05201578875	4.33070739046	
0.111138939653	0.155352665338	1.00791124757	3.58331306221	3.67225699157	
0.111394140156	0.141498739049	0.90504664833	2.80496578592	4.68525288921	
0.0975145882731	0.155263881138	0.866444336185	3.64336002763	4.75704367544	
0.107631067859	0.150214691352	0.925763648518	3.6651282153	4.60895651576	
0.107727595319	0.136540904046	0.952800429111	3.35888694579	4.39653765494	
0.105008730214	0.122280260061	0.803433652068	2.94792339684	4.30669898965	
0.0958741211964	0.155360762483	0.837393181822	3.29867631945	4.15999824738	
0.103219830949	0.139202384069	0.892644271267	2.80165899249	4.01959105281	
0.0929590689782	0.143132740055	0.797016292858	3.28135794338	4.70940793145	
0.109920061442	0.141584995323	0.909686718702	3.12393866516	3.7775343942	
0.099272904631	0.160238977575	1.03231344235	3.22147237623	4.43592731131	
0.108847941486	0.15428029602	0.952688649034	2.92294925654	3.344774109	
0.0965167563179	0.124708615514	1.136799654	3.19340684303	4.90079203829	
0.102064786015	0.136284480994	0.964834649667	3.32245163992	4.43702490825	
0.101603547614	0.144663287323	0.881212259583	3.62053368797	5.17580440799	
0.0989263079743	0.125781505118	0.98516905374	3.22346072194	4.77519578534	
0.100131197073	0.170362994234	0.758655853913	3.33249362432	4.64966265608	
0.103160488993	0.170609641375	0.948071611596	3.01030093295	4.87650683046	
0.0989876874816	0.15203358764	0.991069844009	3.31050232063	4.59181664865	
0.0831725549506	0.160592658233	0.976847956755	3.26238630983	4.83039222814	
0.0896195567527	0.166695729268	1.01577567201	2.78728072966	4.79852097113	
0.0908494054272	0.154957818949	1.00065498175	3.42557918096	5.09015804579	
0.0927877036708	0.157881005715	1.01630179536	3.70194625191	4.80641839053	
0.0973521487263	0.156547065932	0.867964039207	3.39855632231	4.49564574109	
0.0854976181875	0.147739999976	1.04793804185	3.35390731534	4.12141668129	
0.104201050108	0.13666183499	0.928461359961	3.24789680392	4.38909261216	
0.095713714368	0.141412205127	0.865929452652	3.07097344791	5.23332718489	
0.0988447358036	0.179237991339	1.06703726593	3.09893096251	4.6756238168	
0.101751644406	0.151548514554	0.987095350795	2.93841528793	4.63734897786	
