10	57
1	1	1	1	1	1	1	1	1	1	
0.0911442795164	0.146327870531	0.405684605275	0.685593698453	1.0877680898	1.34587108838	2.09335279954	2.93874258803	4.90068733988	4.98631076991	
0.0980674685395	0.111899769963	0.353279181123	0.716946704991	1.03801171156	1.6372191171	1.93815349594	2.74176439382	4.60420927775	5.77957661071	
0.0914898900854	0.148549407403	0.41354068271	0.653009104203	1.01687899098	1.56045363315	2.29564897542	3.2719595747	4.9697782279	5.93300598035	
0.0984470921517	0.147281896941	0.363904335292	0.656487034955	1.05977933458	1.36792325491	2.45987419706	3.34482729913	5.03400881178	5.67619041874	
0.0981342701274	0.142872205127	0.323807504029	0.528450125987	0.847148037791	1.51533907731	1.96237109946	3.86458437071	4.42654438116	5.0556528478	
0.103011602279	0.157553035062	0.408815598505	0.619492564826	0.845414408996	1.58878402836	2.23909052096	3.91419766311	3.91531664368	5.58807752757	
0.101885793391	0.143188246086	0.345810818557	0.595496197766	0.83686860055	1.43048551363	2.2558535795	3.22269521761	3.76506788944	7.3589595081	
0.104129914366	0.1397654427	0.354122812282	0.661310749625	1.03342768642	1.40786817019	2.1857826458	3.2803526513	5.17723032993	6.42864234404	
0.096642465497	0.166857643583	0.435458179366	0.694484796663	0.99814487246	1.50680113682	2.18306509124	3.45622627949	4.45453398518	5.2868994311	
0.104751894402	0.156463840648	0.304946873355	0.618068209169	0.872344819813	1.57188817316	2.56755445945	3.4279908999	4.59755101565	6.06605452199	
0.0991536408855	0.151600274671	0.369208901514	0.54813144526	1.06452230427	1.38512317923	2.27085861534	2.82834854001	4.8166125817	5.83929717007	
0.102445345698	0.161864435687	0.38724686485	0.555075647521	0.920945044048	1.43401907084	2.21830494765	3.70124412784	4.27410120701	6.04711153526	
0.0964986575244	0.170709500307	0.436140558523	0.483850515412	1.02824643661	1.46539728055	2.19750677052	3.36424132658	4.28529527218	6.12396607816	
0.102144579814	0.13293234432	0.346413251458	0.51779399153	0.801741884625	1.32518186238	2.15025325846	2.33025631923	5.03649993288	6.07509880831	
0.0882930186274	0.127530026534	0.419251691534	0.561332930468	0.931274875605	1.65625443588	2.15774804252	3.77956950999	4.15890103762	5.95092666138	
0.0883898790123	0.140023883847	0.396480984079	0.556992986134	0.824122237866	1.15838640407	2.11253779996	2.99465650229	4.663825831	6.58056574762	
0.104697461293	0.128058120594	0.371249426229	0.617938863829	1.01616662102	1.69625919074	2.06974933235	3.2376633993	5.22065748449	5.19900027086	
0.0870370627847	0.157779712255	0.368170225817	0.551170787006	0.910316544686	1.50473659275	2.66170941743	3.37222644065	4.62051349871	6.24068599186	
0.109631481203	0.143607357589	0.391526357218	0.708555311662	1.00325141361	1.38259986302	2.35715046195	3.31566732748	4.20061101911	5.78962580235	
0.103697865902	0.134162133849	0.475428411898	0.537907141074	1.04696489609	1.42527860106	1.99031464673	3.38691362652	3.9638854173	6.57774298616	
0.0994572131933	0.149203011909	0.333113728573	0.642294342541	0.897385847705	1.35663659785	2.32409009146	3.07239908769	4.90408872616	5.95509113859	
0.110053726685	0.131498671506	0.358771077586	0.623953165606	0.929740650584	1.4922462171	2.20704301596	3.70736365527	4.46993137351	5.72701061913	
0.105894980033	0.148107108523	0.34681600228	0.493199933933	1.01956413956	1.48220889714	2.1991322767	3.37755053363	4.19439805969	5.64689598717	
0.0959828494853	0.171598794491	0.357507693638	0.532083070844	0.943578281219	1.3667673292	1.9857929212	2.84160657557	4.96114673868	6.13564141898	
0.0912218849189	0.133095881147	0.382792757106	0.609920695976	0.994633015564	1.43217351113	1.84228964313	3.06484287113	4.3747053375	6.67944882108	
0.113496513272	0.153938308713	0.401191902235	0.537669564529	0.986323087413	1.22636351252	2.42816604072	3.16723022744	4.48394274421	5.52471578958	
0.125094517901	0.152451265903	0.347260688397	0.665378762226	0.994888440018	1.49686461408	2.39537061418	3.00181132074	4.39985118728	5.46350462993	
0.108666395588	0.173078571758	0.376996837392	0.652979648032	0.938555227165	1.34982534525	2.19142334614	3.19605482034	4.11648601214	6.24340153376	
0.10080284129	0.139613751347	0.43081598126	0.61024097693	0.787340939708	1.29957675884	2.0044464702	3.05574036632	5.5224206998	4.66077696954	
0.111858696914	0.173567802084	0.291571571285	0.622487483867	1.14960068867	1.38341412869	2.18227086536	2.47589228549	3.46855750959	6.07160001102	
0.0915936310454	0.15476410902	0.397697505025	0.620955121272	0.8929187486	1.43361786201	2.02428055025	3.83747843813	5.12229966536	6.10128422696	
0.0747312595345	0.163288824641	0.390016262711	0.588683382874	0.908070832465	1.40559517776	2.10841629102	2.9911141327	5.20624847765	5.42254048596	
0.115751222445	0.161364031695	0.42091581323	0.583025698525	0.8828182259	1.72265827247	1.91696809552	2.66970679606	5.28391040811	5.9191094078	
0.0885333361845	0.149170260643	0.388358098952	0.595098658066	1.01399834432	1.54101839255	2.12980122974	3.39499918278	4.58370856531	5.98835540694	
0.100196461152	0.158194138252	0.419313208283	0.643375405484	0.870844136366	1.38495166469	2.1262273123	3.14506718333	4.2151653544	6.70872553806	
0.0856021280475	0.164243316184	0.388236439027	0.690639677113	0.760679867775	1.47941653945	2.19857963916	3.44183357696	5.20750305352	6.83472479251	
0.100009415596	0.141426336759	0.375247513558	0.533899591768	0.831168509677	1.27812150727	2.04019202808	3.25539807473	4.41611281738	5.90580101999	
0.114300292914	0.13821968999	0.398831992991	0.656147386499	0.79558072462	1.34713246916	2.04684918778	3.32702155249	4.48329723631	5.36339233846	
0.0839647146359	0.149519689465	0.343877959837	0.585742005706	1.07815773711	1.44923800347	2.20908543092	2.4814260103	4.32467326554	5.7962579003	
0.101426511925	0.151991047331	0.401359207839	0.615743398331	0.941462155273	1.28261334535	2.10392797766	3.41298235524	4.41210736204	5.47302081828	
0.0954320301119	0.130430104638	0.3893939059	0.552929138441	1.04503429721	1.71169485936	2.39485271612	3.28628148271	3.79497272749	6.44725995712	
0.114513407154	0.134710531468	0.3700150686	0.657845148286	1.00294561681	1.47856582376	2.32025649801	2.90895460119	4.78218665593	6.53615104037	
0.105154887473	0.152572987029	0.405355505033	0.563907883498	1.04832392884	1.555693465	2.29117221422	3.00648090223	4.36729493249	6.56509903121	
0.0932919938553	0.146658130483	0.397248544211	0.598980323867	0.996439927493	1.49895369406	2.00618309043	3.5656043633	3.71739947641	6.53842192775	
0.0903919363819	0.151848630549	0.348082379298	0.576048881551	0.834234732666	1.55026959763	1.94443545333	2.85337261702	4.79949346251	5.49397739068	
0.105189679995	0.143639022869	0.459580848888	0.604168439872	0.902321789977	1.14678430202	2.19710807912	3.15236360589	5.11048828939	6.36181311573	
0.100543152382	0.145204074147	0.384756275667	0.578005438051	0.964658418968	1.55228220656	2.23667048538	2.39489112642	4.03067649778	5.37206350138	
0.0993244464347	0.162913262151	0.442092968271	0.677829874968	0.835400965827	1.52589787388	2.16472945558	3.04045897929	4.79619059092	6.01544590024	
0.0807438455564	0.141956367607	0.327258302399	0.64314985035	0.930280806803	1.57681512392	2.13271981463	3.27720659497	4.23215109274	6.36741309969	
0.102160903994	0.16857125136	0.38707966356	0.665293475599	1.05357805071	1.221953065	2.53620594459	3.30582861605	4.37240866302	6.17972223719	
0.0944281675991	0.138914558731	0.402530387309	0.469727301924	0.893584170982	1.66480712669	2.08908741355	3.38044289172	4.9101232328	6.40645047882	
0.0973617071336	0.16891274983	0.396610981899	0.645035400071	0.923449641105	1.52793325366	2.0597290298	3.42699357151	4.14463048037	5.5777534119	
0.103341206136	0.154892665367	0.39289905002	0.576168662361	0.986578455528	1.41176509293	1.90401193558	3.35881525829	4.68040488277	6.44818676309	
0.102790910204	0.171526129405	0.371724692296	0.583280449629	0.940615691168	1.59072185767	2.05491586855	2.77120777568	4.10788827821	5.98094246777	
0.0888987450947	0.149385558007	0.438544319033	0.650903510744	0.912981064855	1.82607886574	2.05279730175	3.35310885897	4.37197413303	5.7274374435	
0.0955686766826	0.148829611858	0.389546103824	0.569193032163	0.940805651987	1.51260159974	2.39486820393	3.2066784803	4.21452081375	6.58848144685	
0.096213561083	0.14012030425	0.321729246334	0.661743936249	0.949045059822	1.19645010748	2.04324559415	3.18385793496	4.30181323601	7.00959698605	
