6	100
1	1	0	1	0	1	0	1	0	1	
0.108307519116	0.15792924747	0.615382747401	1.3970664395	3.9551309508	6.65820488261	
0.0842275308841	0.147428120568	0.523789899995	1.52049149848	3.09138001562	6.45592454026	
0.0992992999215	0.133138440747	0.545358738604	1.57303775679	3.41857480879	6.68097024977	
0.108037275288	0.141834138524	0.589826654491	1.42571648359	3.16696338436	4.90573056192	
0.114285184758	0.15732165275	0.62634416506	1.35117270042	3.07143789584	5.98917347612	
0.0831916122631	0.146784992067	0.556097418618	1.26032964491	3.86170727781	6.90193644224	
0.0908377985003	0.15253230319	0.401108465428	1.39770837201	3.52596036331	5.65564846982	
0.102737531572	0.146311167866	0.613433790389	1.46253988187	2.59936827509	5.93570629184	
0.119179720835	0.125809270925	0.629698358867	1.53746349404	2.49040642677	6.48423702586	
0.104018235174	0.143791038572	0.601966460783	1.45670473006	3.16176361761	5.13712007298	
0.121605869169	0.14822042664	0.588167725166	1.1747948324	3.60120180335	6.19111555563	
0.111518035353	0.140080158654	0.478582727352	1.35381099125	3.56540097839	5.61337536315	
0.102832432836	0.141126240354	0.558456623723	1.48141422959	3.1370845965	5.66324750112	
0.0902578634496	0.132234825661	0.636257891457	1.52574301864	3.13605990117	5.17692036683	
0.0981564872542	0.164037680816	0.465755709189	1.2169950178	3.14970471381	5.6475836354	
0.105334732193	0.143271306237	0.639153957207	1.4997093131	3.28565959375	5.43671136075	
0.101492079651	0.154689410543	0.628021480708	1.48963905548	3.78135837156	6.21197824275	
0.108979840246	0.145791437014	0.514404174207	1.36901334177	3.14133988275	5.12921447362	
0.0971399763488	0.136179464164	0.602327245481	1.44153064301	3.35038026718	6.78752572918	
0.107310546238	0.126798372781	0.563558397321	1.43685308328	3.43009913226	6.56406152881	
0.098472385987	0.155116641092	0.589748110064	1.55779185824	2.95179337873	5.267862954	
0.111375122692	0.133030147974	0.575110130147	1.3969457862	3.17449636475	6.05138439618	
0.0964901617661	0.130708084912	0.652286861715	1.53040389926	3.24239787444	6.08666954449	
0.110616163124	0.156822379257	0.602099762729	1.73104880607	3.12239865891	5.22972049308	
0.1023389835	0.136779934208	0.614993384408	1.49567767254	3.48962210327	6.26622188923	
0.103594081782	0.161699113904	0.650173327439	1.66940182057	3.5714697087	6.72754350882	
0.0907436761748	0.169505045121	0.668583397492	1.47940784095	3.86562783714	6.28625782243	
0.0955717539225	0.149140891519	0.553511074971	1.7043534386	3.26828837547	6.82985933114	
0.104805868817	0.166291656024	0.568702414029	1.57733482303	3.07235773218	5.46166090718	
0.0977300955731	0.189588387392	0.45097275471	1.41326767271	3.24919724022	6.43166894772	
0.109946122975	0.170623979788	0.567049653854	1.55891289016	3.44974856331	6.61962224127	
0.0904296627228	0.149184282889	0.471311279258	1.83912356334	3.47672817838	5.44333505248	
0.103043605845	0.127426235243	0.611392180453	1.54263786575	3.50944465579	6.524296763	
0.0772190398186	0.171575608802	0.598644115509	1.441889463	3.12326900035	6.92366131334	
0.102326051797	0.116417757535	0.481862489809	1.34508578688	3.48030608541	6.00876016052	
0.0974777670052	0.156122907744	0.611100428335	1.3121915731	3.0304650246	5.72415357558	
0.121711470591	0.164903624906	0.55766336854	1.40700829333	2.95383631777	5.56778121966	
0.0990930212279	0.15628025726	0.623103000648	1.48470430379	3.45415608161	4.93282105664	
0.0917869107087	0.154746623115	0.648070170352	1.51130508859	2.60829032555	5.49454389586	
0.0919482640236	0.148243335959	0.561392455267	1.58242637068	3.62192338408	6.29862708966	
0.112545304997	0.165602978884	0.612464149989	1.50673608932	2.97398667944	4.61135388562	
0.0990607694301	0.169796091354	0.465936320245	1.33718708351	3.28370837295	4.22107982979	
0.131845143377	0.130007402794	0.612042563188	1.2477352209	3.20401942765	6.82985136799	
0.0917296040248	0.159893213808	0.526876866052	1.48690203404	3.47335337339	6.2431586032	
0.0928056778081	0.127999569251	0.611555023995	1.37825824343	3.36985335069	7.03547810545	
0.11528890388	0.135985808575	0.656082419219	1.51173842266	3.28089823196	6.40051661325	
0.0883976555235	0.160324972726	0.628039123013	1.47517478159	3.19608242865	5.36518213955	
0.108877394612	0.144849533242	0.593087917546	1.51217426945	3.15123878821	7.09975252197	
0.0929413145047	0.181098226625	0.630668585282	1.21696863644	2.82021258468	6.21210797693	
0.105417583832	0.139513904196	0.574419901006	1.52528745208	3.14630234684	5.61498738351	
0.111069382657	0.165234511743	0.61695206059	1.50137521571	3.41558835336	5.62078263704	
0.116135114219	0.173968577956	0.534150289916	1.40902123115	2.7811403394	5.81368978244	
0.101942081817	0.128911692163	0.707474533467	1.62050983782	3.10188426922	6.47556304775	
0.117068450368	0.155690172841	0.560748085658	1.51212555496	2.91284622165	6.42469253878	
0.0926995261357	0.148183237704	0.584440613673	1.55677122526	2.96055141989	5.83734911985	
0.105852178838	0.137673080801	0.553428976958	1.42225930738	3.5514895468	5.98875412925	
0.0883223191199	0.145739861667	0.63984494811	1.27816290203	3.69421686298	4.55887951415	
0.105805072699	0.169752848834	0.667898379478	1.42816320024	3.28409250458	6.42713418414	
0.105401000503	0.124712686295	0.58223091919	1.48377964309	3.19819298677	6.51522713965	
0.110668370979	0.132545373251	0.561457404629	1.49665849076	3.65732779951	6.74159254713	
0.0966139883901	0.141722473564	0.628685976138	1.51369143948	3.68232663496	5.68086616856	
0.106015194427	0.148420905836	0.613192546246	1.30675871998	3.07399568084	5.77944494396	
0.0930733007175	0.156124057652	0.652124266449	1.46337165715	3.50728786239	7.16359903932	
0.10353902343	0.15126990744	0.590972447883	1.70371375241	3.28137978693	6.5605637084	
0.0833789268266	0.136983814979	0.582629631457	1.37197325431	2.72529550535	5.91517270943	
0.0873975572019	0.153063209723	0.664769798678	1.33349220266	3.62125837824	6.48855279472	
0.0780678650522	0.168494158494	0.621564444302	1.46528207762	3.36139053169	6.31311914233	
0.107340826776	0.140105894868	0.644700284902	1.38527870897	2.92036770918	5.94467270036	
0.0986008029708	0.152733087062	0.622172604529	1.33410201493	3.5646158485	5.14223611569	
0.105862492302	0.171814117226	0.535702090275	1.46355658158	2.79381424404	5.72140570416	
0.0987138977987	0.153235782669	0.619181113412	1.7088202174	2.64356365032	7.13469256787	
0.0959617204112	0.132487217934	0.5257331912	1.42079348415	3.02375923408	6.06401212088	
0.102883865252	0.137335007981	0.573936357342	1.33143068238	3.23370113649	7.29351440209	
0.0944445561478	0.138913375633	0.613092596715	1.49276415559	3.31141918468	6.1161918643	
0.101066766362	0.123786466883	0.575805785264	1.21953503404	3.27827852445	6.52489084421	
0.0912299173254	0.164677657506	0.623773311444	1.34015779117	3.2383972243	5.49692394163	
0.103465018274	0.155696195658	0.635625345337	1.25564982251	3.2170687364	6.10623628071	
0.109626192617	0.14452670852	0.646097237428	1.07996060397	3.33602825246	6.55372272796	
0.104904041473	0.170918458589	0.596818327944	1.54506053149	3.17306048645	7.2084448149	
0.105895381665	0.139044252614	0.578989598728	1.43553200998	3.47950277492	5.53914955632	
0.0935476268269	0.137921184323	0.648413229688	1.42985663736	3.09115359907	6.89937784551	
0.0903659368254	0.148359457316	0.670158276845	1.51120867108	3.45649057331	6.68751178256	
0.0957136690489	0.15085062805	0.604109007125	1.44852707779	3.43424828251	5.51969579623	
0.100241036277	0.160153390205	0.533060171419	1.34684345179	3.08832980189	5.7363447936	
0.0957866837376	0.150758126688	0.548017759553	1.20593779566	3.34266531257	5.82780651444	
0.106546252674	0.137122735966	0.604582622159	1.58937046917	2.87787853792	6.84484278979	
0.0869993643993	0.170700644508	0.678708055716	1.5730061208	3.4772413951	6.13786669009	
0.108716763826	0.175001794148	0.573215814285	1.32326698625	3.21877235197	5.74747124467	
0.102850623863	0.144014785323	0.679809581494	1.27755830193	3.34063667433	6.5797952917	
0.0950992718866	0.144434066426	0.578594455752	1.42158258133	3.76240831804	6.53258641293	
0.106315669604	0.174625464074	0.486218894809	1.29822009787	3.48110339568	5.73601679345	
0.0935474241706	0.182854334309	0.515548700204	1.41817651796	3.21388126443	5.82139210679	
0.104920569661	0.139332556578	0.573182835823	1.34112389078	3.12245978156	5.8136343592	
0.0972217552588	0.154511998959	0.563845314334	1.45159919925	2.82248631528	7.23534330762	
0.0937960794908	0.176028972204	0.693131408143	1.45524747498	2.9914563099	7.24677793887	
0.10391880071	0.156713775793	0.586819210253	1.48990546126	3.0902571957	5.25673188143	
0.101597684802	0.159666306465	0.633969479048	1.33607843273	3.36222474282	6.6908579276	
0.109069295966	0.162522928105	0.574780759521	1.23658693832	2.7519514086	5.49881617865	
0.111467546737	0.134456126961	0.654749629059	1.34528815375	3.34576863674	6.66488798714	
0.112785703971	0.13544630648	0.599371545273	1.32133568418	3.3544861994	7.0068720662	
