9	29
1	1	1	1	1	1	1	1	0	1	
0.118242875053	0.151217364781	0.382807668352	0.564833848697	0.916350920379	1.39101193547	2.43624720771	3.34412083397	6.42333044843	
0.100984969947	0.14383571898	0.394097655104	0.695444807024	0.83249945693	1.48998581588	2.47176500123	2.98519884761	6.55320679515	
0.109231708346	0.130585790071	0.422196585825	0.564352919966	0.963373039765	1.57645218912	2.40801745562	2.75084890774	7.07316150187	
0.114179282277	0.165779011805	0.393736162617	0.573858127203	0.829264089424	1.19779083165	2.28857524134	3.59171499575	5.94922720688	
0.0953902549362	0.151048692562	0.355665247271	0.601296581752	0.865107801194	1.51752162197	2.41743194534	3.41526457195	5.95172072119	
0.109891307112	0.150283594695	0.416379251499	0.561831362355	0.882873419573	1.28859947782	2.04992270493	3.56895388359	5.47695141883	
0.0769543995963	0.143782280897	0.335398292405	0.569735335971	1.12593886573	1.3028773684	2.28620979538	3.22393004202	6.22348839792	
0.0949073966697	0.167420194991	0.396220198983	0.627278123584	0.939197138196	1.6096024567	2.2704325963	3.37054403279	6.39158708567	
0.0824002210826	0.152816407555	0.377567097485	0.670115050622	0.864804303243	1.45875812368	2.5636257065	3.24164261186	5.20183572162	
0.12173940051	0.139266795943	0.34048843646	0.539978384262	0.997672797937	1.61558253623	2.528486648	3.25497904194	5.4078757818	
0.0943005506798	0.150503761241	0.379194971088	0.678497890003	0.807461926818	1.27048691027	2.08339089576	3.36999134631	5.73440623987	
0.0947591709085	0.16760619629	0.397934216143	0.540916633352	0.882597128021	1.50390483597	1.87888019566	3.4159882643	5.79372114825	
0.103628082766	0.151797967166	0.337540536045	0.561802817587	1.06460829285	1.76909901856	1.77434292965	3.5890150127	6.17737004327	
0.120822832565	0.141622322339	0.414134784421	0.581841405219	1.04917049857	1.76051416467	2.19580902251	2.87983722566	6.84832366376	
0.105654821697	0.1556704913	0.440163067106	0.531741811808	0.86339507913	1.51497994434	1.99122713819	3.14729695297	6.76486061717	
0.104329535655	0.132317586163	0.395505361068	0.674344392458	0.945953039814	1.55466719	2.03884279836	3.33446046261	5.05394142445	
0.106297322797	0.155401958842	0.330969902593	0.69125275571	0.983115495017	1.33094752961	2.29106743317	2.93005851652	5.49231741322	
0.0902076867984	0.134878472949	0.39662928808	0.605671472989	0.999584573383	1.02678491963	2.06581902947	3.12734345758	6.0315805735	
0.100267717386	0.153421279422	0.383374957316	0.572472149571	0.892842198035	1.42244685483	2.25849831399	3.27765681663	5.52888905978	
0.0916187368402	0.157648433389	0.408780923052	0.664260854186	0.884343874498	1.16149124468	2.23205363102	3.01741964835	5.93797778417	
0.101482298872	0.15830474496	0.413941556193	0.670178093619	1.05269662223	1.44487863881	1.78694181207	3.05189934763	6.84487565181	
0.101487595579	0.18267561915	0.365598554907	0.73877178214	0.92985972017	1.36997528073	1.99699169398	3.46445254253	5.15216762833	
0.0945024427008	0.149211274768	0.294202202035	0.59415384744	1.09000617672	1.49176956936	2.00852018428	3.09469052574	6.20228724868	
0.0948925286508	0.157028396986	0.359518942076	0.53854243887	1.03981397488	1.53139268678	1.74398766407	3.14052109338	6.62576350769	
0.0983385936007	0.141291760923	0.370403323356	0.60665504448	0.913293879762	1.41817723521	2.11776294735	2.9335740165	5.38490426091	
0.0891004397386	0.151372492657	0.402145090173	0.543521809982	0.790488855792	1.30540136925	2.45151676161	3.14823961855	5.87154903202	
0.0920228702089	0.158575587099	0.375313242702	0.556401667308	0.834125311672	1.48403220532	2.20675680824	2.84755877625	6.73642931302	
0.0935811162536	0.116628699779	0.438088107802	0.593847468088	0.970405765803	1.66913693308	1.93443638838	3.40578402107	6.70519700649	
0.090654893234	0.171909852538	0.326451932171	0.594278103493	0.829993672554	1.52950553713	1.94244022874	3.04937456751	5.47262075181	
