6	51
1	1	1	0	1	1	1	0	0	0	
0.0937642119235	0.133695561202	0.370513738185	0.949924740101	1.1793525014	2.20780989726	
0.0943826302727	0.159109658445	0.371829040763	0.98455022364	1.49889777442	2.18587197038	
0.0984688079329	0.167079589143	0.377335309445	0.833962687422	1.2485953584	2.28275635839	
0.103352300656	0.169276202335	0.438110572892	0.971603154358	1.32717619363	2.26931450263	
0.11064156628	0.129512854187	0.366475634155	0.667963308945	1.50781363339	2.48403273318	
0.107595711899	0.125038902897	0.339344989665	0.941755520021	1.52135769045	2.4615308437	
0.103527128461	0.129193450486	0.368892826544	0.893327861281	1.45925308722	2.29877767023	
0.0848649901529	0.155894944797	0.323788156189	0.939301538558	1.65428123685	2.18201924212	
0.085073635682	0.163161024628	0.342330630155	1.05466941668	1.32700998761	1.88283950019	
0.117387409624	0.149665801506	0.366983546006	0.945665820045	1.23935888612	2.19889492687	
0.104493678917	0.119342728817	0.421273285915	0.868696776599	1.4150790597	2.05251290043	
0.111924408848	0.152748767491	0.382222734532	0.929906403395	1.47266134238	2.32584643988	
0.107658060454	0.151022508988	0.406370081875	0.959588004848	1.11910308849	1.77466265862	
0.109651260889	0.151450830475	0.372229096921	0.860034814537	1.53950314559	2.07573567703	
0.0772603435525	0.118018179978	0.389118406254	0.847414582523	1.25779572535	2.1278371051	
0.10387737425	0.16816980789	0.380381419893	0.996838991704	1.22103926886	2.42052635181	
0.0788911632961	0.155820256419	0.354208236046	0.905290618324	1.36356721807	2.05757166283	
0.0970568491989	0.175014021156	0.421716046634	0.986582571765	1.38532165978	2.21555445386	
0.0931578159313	0.15520256148	0.376216625921	0.975808415337	1.36378461974	2.3611046346	
0.100504425625	0.147136304058	0.408883896311	1.07973777274	1.43248126271	2.11001480829	
0.104116587424	0.143030215028	0.338218555259	0.867998229833	1.61374574376	2.04291404127	
0.102448107185	0.125060844828	0.337733228038	1.02847347552	1.49308956323	2.179753936	
0.0870419087175	0.152609736596	0.384315055593	0.933025700666	1.31890882102	2.30598035627	
0.0921647091524	0.146238909035	0.302029695622	0.924679458354	1.26321725192	2.18891104788	
0.100423002038	0.150018117353	0.335480307236	0.793165813083	1.42053865655	1.77929346448	
0.112373975579	0.154222632742	0.411993687912	1.01917429097	1.47702933954	2.13294817975	
0.0988985510535	0.169142653953	0.358810614711	0.916856633192	1.29228935065	2.01675547149	
0.0955123646167	0.147345119994	0.37436747466	0.939256440939	1.4717802307	2.18145614342	
0.114982808652	0.149224043741	0.382240216104	0.993115209978	1.26400953438	2.10226975376	
0.103696783865	0.156738542329	0.363305814111	0.953561182545	1.23688381716	2.37799899062	
0.104876796893	0.149793538607	0.390111372381	0.865392941096	1.61778078384	2.52559828963	
0.0842961394326	0.159747965141	0.408029069457	0.973574656197	1.29882118126	2.03063774692	
0.0777161611293	0.133269166709	0.450968517533	0.797816183614	1.60818164643	2.24312857915	
0.0966594264395	0.14852838382	0.422943073565	0.819032972841	1.36907313062	2.29972525148	
0.0949666217599	0.175235337849	0.400303403293	0.851144922471	1.50899655081	2.08451413687	
0.0864983667183	0.168636659888	0.320992423971	1.02841354176	1.38538494006	2.49893008545	
0.103809259663	0.156493883767	0.38107165191	0.879588900868	1.52569735818	2.09384403771	
0.095391783024	0.144292093697	0.375333290981	1.01527655995	1.3260274981	1.92902172321	
0.10280194343	0.149168532167	0.379330794995	1.02004845365	1.37532553328	2.26510013489	
0.114974333577	0.152149877158	0.382972806882	0.811498722116	1.60118878826	2.00993792582	
0.105615979978	0.167109691363	0.438486764967	0.719410168753	1.41451575878	2.46083412013	
0.104493902296	0.143659930228	0.362875020885	0.897493803595	1.64466241118	1.74795082403	
0.0964537843691	0.155234498533	0.363678783759	1.06253906198	1.33132252771	2.25349635448	
0.0979931000958	0.138766037988	0.359766899755	0.988744001016	1.45856838737	1.9386938854	
0.116752061274	0.154418456799	0.329157642487	0.817048643866	1.3428188324	2.57481248391	
0.0965851998931	0.148725527309	0.367737251422	0.807735135394	1.22134373325	1.91170061547	
0.100832641464	0.143121598774	0.367411802872	0.985854958436	1.58131697506	1.89297294235	
0.0885960554947	0.131837617085	0.321137752714	0.978169401628	1.34279032262	1.8966433642	
0.095508264186	0.144217420547	0.404396111912	0.97947448268	1.28778556553	2.1499242178	
0.0926822230756	0.141637094159	0.298217594433	0.794103196669	1.22541804712	2.06875425007	
0.09633620626	0.155261072109	0.392178363057	0.949631811875	1.6190372436	1.91438933784	
