6	38
0	0	1	1	1	1	0	0	1	1	
0.355296146542	0.565926932316	1.02016287262	1.48757600954	4.15310260955	5.61531357492	
0.433281913218	0.692105797117	0.860892610493	1.3161274056	4.60366550624	5.73620381237	
0.373696640746	0.526932072782	0.840084469004	1.48310631762	4.04223596121	5.60987229233	
0.368392182145	0.610630818057	0.930387789161	1.42835569402	4.5891712323	6.65432651057	
0.369163109409	0.697471427422	0.973492882767	1.69481340103	3.59461485087	5.50168269574	
0.375383344824	0.435009875757	0.901298767656	1.20370610742	4.58224031513	6.25757498099	
0.420496209272	0.574392749041	1.06739403733	1.59825946126	4.85203057957	6.50332782835	
0.382630055151	0.56453247832	0.942688932606	1.48800351573	4.2082136372	5.35923033036	
0.430410533803	0.603531879229	0.670132014119	1.5455868043	4.42064189521	5.86570437273	
0.357077569443	0.551351200729	0.858230082099	1.52931313552	4.09311529902	6.645970663	
0.352295130853	0.482288835775	1.03225888551	1.16476263958	4.24019793628	6.11008085383	
0.319021968013	0.503413897946	0.911552527955	1.39440807259	4.06459556674	5.71508908013	
0.404155591521	0.584080034359	0.816908879884	0.98510289206	4.865193581	6.46129244296	
0.398783822325	0.615212149491	0.813014656762	1.22041389993	4.85037866922	6.59631434857	
0.331958592431	0.574200784549	0.840306840905	1.4897879471	3.8515344754	5.75197018762	
0.407796820153	0.541695243133	0.824456663372	1.39621787215	4.6307676235	5.44886342872	
0.419767114295	0.619948486853	1.01549306608	1.4504780049	4.33771181893	5.99861646677	
0.375425247861	0.523602082015	0.936167176032	1.31137820061	3.8324823502	5.91786458548	
0.369554493025	0.648692869719	0.901188085437	1.55069762584	4.70308211238	6.13356907304	
0.377023114986	0.521091480994	0.933431079544	1.68457985439	4.54867997307	6.41406908025	
0.291760775362	0.530200892367	1.05957398573	1.43480203946	4.58175947483	7.09801392992	
0.368456302313	0.536135177154	0.961146474557	1.57963671583	4.79340091322	5.823527501	
0.343538583615	0.618042356455	0.939826683375	1.71582770176	4.72553710592	6.07442376994	
0.333742272711	0.472418470779	0.953572270907	1.57221532829	4.07778447318	5.87628801061	
0.425989829545	0.637489582189	0.946490990201	1.41371104846	4.77664939193	6.10483837334	
0.443760187282	0.639582583237	0.97928381728	1.37937241231	4.54383760681	6.24609075809	
0.436580723144	0.588792068601	0.948447812938	1.08489769365	3.64957765125	5.45231224934	
0.422992250643	0.61438895282	0.951337272869	1.48632963184	5.51355496051	5.78109724386	
0.394620742596	0.62906111789	0.893928935564	1.67909260541	3.92285735532	6.42495893415	
0.448813821071	0.582492415645	0.842750790824	1.63252314907	4.16781538071	7.12327490581	
0.384480994886	0.572605415496	0.933707500842	1.27093117374	4.49614767237	6.2053519156	
0.420355981157	0.680535375801	1.07424668293	1.18816013874	4.32723658575	5.95830400409	
0.328363882794	0.477475568529	1.11178875918	1.58526673873	5.28759052239	5.47962405261	
0.364395916591	0.554691187502	0.847350428764	1.49245229901	4.60391564236	5.77223862073	
0.343645734467	0.527639332068	0.855748965888	1.37097247416	4.59143444232	6.35694133011	
0.440832692584	0.47401828077	1.23746837429	1.59040378338	4.58028216565	7.23373881669	
0.374593380802	0.605147148423	0.85538787338	1.48344722371	4.50920614845	6.02238536613	
0.412572551734	0.596126159127	0.952530023271	1.16344180961	4.71904536693	7.06763567249	
