6	96
1	0	1	1	1	1	0	0	1	0	
0.0930873300559	0.360893018647	0.597971137632	1.0261067344	1.47597463143	4.29198392499	
0.115641381662	0.3918654606	0.670005872917	0.996820168065	1.64266440655	4.50494574644	
0.110982401418	0.403489845537	0.580408367047	0.921055424351	1.38079507226	4.21442817803	
0.101925394831	0.393133540065	0.650567418531	0.949981356506	1.43095125383	4.42540930358	
0.108908331263	0.427961804241	0.627251137696	0.94009334566	1.12305278397	5.13802712467	
0.0895722174512	0.352522141986	0.691165936048	0.932436514179	1.59224450972	4.30495026694	
0.0836407708682	0.379433393813	0.638090341825	0.945553515896	1.43442203986	3.92914164546	
0.0982983315619	0.387706128908	0.702314737808	1.02442240233	1.39569261136	4.39245641425	
0.0960779902472	0.352032603905	0.695935677004	0.937894651051	1.56201400494	4.12164092432	
0.11482453644	0.336191099116	0.657047332178	0.90953406739	1.60163942351	4.07156299423	
0.112314735364	0.394538876986	0.514843209977	1.02487698582	1.36738804975	4.2801445436	
0.0999296839016	0.408273507441	0.511708581336	0.89585007314	1.47505123918	4.49975373149	
0.0932195128329	0.345106234432	0.692595154627	0.943402860116	1.2563106444	4.58354189135	
0.104226424035	0.406869067517	0.579935670234	0.918852487799	1.61518172239	5.13280359572	
0.110553090773	0.327944659819	0.53891701831	0.893207853599	1.38597083085	4.94582133314	
0.110121331928	0.438460699451	0.581569526502	0.818783138238	1.36642105203	4.7141375453	
0.134320860994	0.361295163799	0.615484070647	1.01529570404	1.30752048813	4.44190265904	
0.0893586959292	0.384604322852	0.633606379699	0.852591542824	1.36987613342	5.30509856814	
0.0995088449156	0.351834781158	0.575409314062	0.945051910042	1.39171556334	4.78809999739	
0.104456237658	0.365019761693	0.664143939454	0.90609687486	1.53317777161	3.74038545858	
0.0995249074816	0.386139225048	0.683580229403	0.930444423582	1.60500456863	4.75518626266	
0.0892008234581	0.312026682566	0.718881753361	1.09919542429	1.53324093595	4.36210982687	
0.0972656252648	0.38492116324	0.566679552658	0.742164680226	1.62235363324	5.016531209	
0.0793505253715	0.380845458337	0.69867226547	1.01257903151	1.53369670233	3.78255734721	
0.0923241435621	0.380216054846	0.675336480076	0.971522780721	1.51525197949	5.62451121711	
0.111345800686	0.443720892471	0.651316597011	1.06854538614	1.44090280296	4.63093037455	
0.0943181869373	0.37597643903	0.573752788007	0.956864781339	1.39941650474	4.51069804201	
0.0913542244553	0.402177158031	0.676562153745	0.855091092296	1.23999338404	4.6957800176	
0.0936924646613	0.305499456843	0.697336697394	0.805083739884	1.68410292592	3.76971997932	
0.0947620315297	0.431851654399	0.513065171488	0.90838876565	1.17149624511	4.89734393146	
0.0987997776683	0.366785204597	0.601679584547	0.894601256841	1.44802633157	4.79594288647	
0.101252528148	0.389755573528	0.54351549504	0.955700757093	1.38344803109	4.20326952112	
0.101448420282	0.379011990792	0.682057673305	1.05183263772	1.27697785587	4.56369957621	
0.083264935927	0.392417395713	0.495074842698	0.983729178438	1.76409076345	4.62302816728	
0.0961810317508	0.378989345948	0.621549986074	0.826850755792	1.34462911709	4.23107459328	
0.0929936416995	0.446723377239	0.573494257289	0.952467014525	1.48924230934	5.12718594956	
0.113936950947	0.384392617052	0.609072187832	0.971433194063	1.47450934218	4.06283369123	
0.107203350318	0.394859452451	0.523224456347	0.864275363241	1.42212682025	3.93502327744	
0.0981484946555	0.266417386627	0.586812499879	0.77125105488	1.40085298272	4.42485594948	
0.105685823977	0.404854672197	0.599095653319	1.05498895951	1.45620853396	4.44292554618	
0.106626058675	0.410086139759	0.599021981819	0.879496816894	1.25094112936	3.92144653189	
0.121282093236	0.304334804965	0.521120769718	0.797307521211	1.65857293468	4.08511057559	
0.0874396331952	0.309686129039	0.593032681432	0.821334980182	1.28068659884	5.07132375767	
0.105930724228	0.354093266516	0.58239596444	1.16767022215	1.21558935346	4.14140122876	
0.0966191906568	0.358906962918	0.546081692775	0.815229209717	1.31659126364	4.77234698579	
0.103064928517	0.346606308305	0.478563601064	0.991432667229	1.35226358405	3.91201416398	
0.101020398758	0.359456428353	0.616210120666	0.991937902803	1.21937347607	4.86754181254	
0.105943375103	0.37718777324	0.595942350921	0.933472323629	1.39166967385	3.90785204705	
0.0901490505258	0.360280063928	0.69747094869	0.928543349856	1.44908955264	3.64338408643	
0.112989351056	0.348481214248	0.607559660829	0.861338217837	1.5908618529	5.51384406884	
0.104791962063	0.34331185848	0.608826159246	0.921190879137	1.46749457287	4.22412859163	
0.0840614814616	0.340547010384	0.542764062591	0.794525160513	1.514333372	4.29304306144	
0.11381801014	0.408067195339	0.557142597067	0.868672829654	1.67454371677	4.23335255835	
0.0992355312593	0.39038437803	0.713496867494	0.789749940069	1.58842522113	4.53884574888	
0.105754524168	0.343659203199	0.641009714702	0.882786414368	1.3868019438	4.67762727247	
0.104805412987	0.298200329558	0.600586156625	0.859768814448	1.54448374801	4.58694355146	
0.0869792714085	0.354466556121	0.680182753027	0.942357039929	1.58350573537	4.59095554323	
0.102142435595	0.372972235513	0.496799014636	0.974526773007	1.48078613315	4.56211452992	
0.109451462419	0.413876656125	0.562759746834	0.837013782234	1.43056064401	5.14399931387	
0.101182665556	0.385378199029	0.565116862996	0.86309847887	1.41104242625	4.77274869812	
0.10001902977	0.336376485993	0.627872922919	0.927397691787	1.33702252627	5.43642679741	
0.113590704956	0.32110614168	0.721605386625	0.966399628913	1.55504612234	4.54746588437	
0.100066328894	0.377915458595	0.618184199554	0.857055029651	1.28038814514	4.60574805423	
0.0943153108815	0.381289913731	0.606989032438	1.00496391456	1.37905091458	4.23299104849	
0.0956804185514	0.359304945489	0.627003806655	0.878240492266	1.67122382778	4.08185274735	
0.0952288588624	0.309431078192	0.560532129038	0.945494867928	1.44070746304	4.25825407104	
0.107465814698	0.361700817039	0.524904630361	0.966417424149	1.45689860327	4.31939439805	
0.0979443935117	0.39869370596	0.698170145158	0.886359797759	1.67928838951	5.10203383227	
0.0950011544683	0.368633712263	0.754742201924	0.805013915502	1.3481784218	4.20671815247	
0.0773727104693	0.424635962542	0.644922395212	0.96974252583	1.5649521699	4.63934032513	
0.109832396118	0.446851060648	0.608438886853	1.22652333787	1.4259754825	3.91996713264	
0.102527096346	0.436876902178	0.640099542154	0.919782176147	1.54569748254	4.54910081912	
0.0940850818068	0.450376890021	0.662182609045	1.03303727847	1.52560982126	5.64696602594	
0.109232110015	0.328154744228	0.609196420393	0.971117712508	1.48089726423	4.78329037383	
0.0945021165822	0.394227940663	0.582646555842	0.87073016563	1.64191188511	3.90021260751	
0.0837099603913	0.3451306621	0.583745395854	1.0883702589	1.47100312184	4.70850342973	
0.0937549467383	0.40443212127	0.679038952969	0.825893757835	1.4834976897	4.68632748276	
0.109734464424	0.314312301643	0.562027844192	0.895356398327	1.53484157613	4.93096210913	
0.0871177023369	0.316939075935	0.688083495186	0.873640611237	1.68064844148	4.75814472505	
0.0985184781079	0.41259284353	0.671455769002	0.907307908405	1.35275379355	4.53416223174	
0.112235186182	0.368153966769	0.583473929972	0.879149811562	1.29878131084	4.65849403619	
0.0943574259764	0.433350929148	0.689191785172	0.769657716083	1.44756944221	5.04083769994	
0.106877956343	0.431342782636	0.556120783745	0.781668921626	1.44287039244	4.64530930317	
0.110466431204	0.37146865443	0.705077416836	0.989384991831	1.36283532252	3.86936055158	
0.109137853582	0.380864279741	0.649717717661	0.996014144721	1.38728116933	3.96949523189	
0.103099511663	0.387785698717	0.593346271424	0.924643083916	1.29450498328	5.4465500678	
0.1072196822	0.354971002367	0.631015197266	0.870740607862	1.43981478251	4.6792760018	
0.110858647813	0.337616712497	0.559538897643	0.962764139124	1.36001870376	4.60522850062	
0.0786080704095	0.34365228891	0.662268875679	0.98832666869	1.34683966198	4.26007870096	
0.120436966684	0.431384007093	0.568154493457	0.985687199416	1.27932776719	4.13449108915	
0.0944117847528	0.361931372716	0.633599307046	0.87049559711	1.31080075744	4.12508462245	
0.0912293224488	0.425587852586	0.515196017623	0.788725132512	1.60266471987	4.07171574893	
0.111161369439	0.39443383432	0.642878406886	0.816222959546	1.59763225457	4.47585781882	
0.0966298547225	0.399853387644	0.603718230751	0.864963359641	1.60882733196	4.06282021501	
0.0802883283154	0.396522299807	0.642063382429	0.941047990868	1.35518367536	3.85678491328	
0.104413874934	0.36848786495	0.580263834083	0.852001139891	1.20010165096	4.21413503919	
