10	40
1	1	1	1	1	1	1	1	1	1	
0.0879806406838	0.136148025052	0.38288399601	0.619287785238	1.06040291426	1.34583091721	2.49783274557	2.98773206334	4.3928914138	7.05884385147	
0.129029416285	0.175289048309	0.371503512364	0.63089251418	0.993485229953	1.47939560612	1.93331299195	3.3262393018	4.27236944884	5.41895237177	
0.0968863075873	0.15472997206	0.418052559535	0.584764301399	0.922689288437	1.54496188698	2.16523745215	3.37400426216	4.53508581249	6.12163901294	
0.0892097554073	0.151834900292	0.434258770519	0.610139485885	0.852461162409	1.64114379536	2.30509491072	3.49947902274	4.83323503004	5.32417776231	
0.10647804972	0.170769456873	0.361752334437	0.484283176177	0.963998154581	1.4346829136	1.81726266463	3.44674803064	4.73863156158	5.12031652003	
0.118893072224	0.161266817862	0.308170112526	0.649131843935	1.00345382455	1.63234615319	2.01586668755	3.52082349234	4.39350664259	5.66610913792	
0.0913499349983	0.12145285191	0.400536112096	0.583617055049	0.676099043226	1.44077579358	2.39893707306	2.82522972578	4.17933041314	6.26455302565	
0.0744112376981	0.141994780502	0.393171040938	0.566332917165	0.809285210793	1.25123731946	1.80339559072	3.04426349482	4.97549787717	7.4171344219	
0.100361827294	0.161523728657	0.344248761181	0.474500885798	1.10219964416	1.34490088003	2.3045222829	3.30149988516	4.94756591798	6.57245859623	
0.102777256563	0.15581671814	0.426078214115	0.575418427422	1.07467219142	1.32877655662	2.16646468521	3.45448345381	3.76690802012	6.82910882148	
0.104759008345	0.199514578415	0.459066315396	0.59934593214	1.09605956333	1.55116909453	2.19968804123	2.71070720075	3.85940918656	6.00262215095	
0.0950463537321	0.153377838372	0.432150053576	0.65189749235	0.865245394289	1.56226897891	1.95347982602	2.87877191811	4.67173668047	5.51129844463	
0.0935815421723	0.164909580961	0.404990080258	0.577691659153	0.778865795909	1.32487178966	2.56754677219	3.56412563487	5.14061592796	6.15361484694	
0.0964895174253	0.163577888511	0.428709883087	0.571215486282	0.863671953323	1.21245987153	1.99123862372	3.46739863481	4.23168260195	6.55903803058	
0.119671749628	0.150372308319	0.379381749085	0.632916691627	0.876580570234	1.33743315399	2.0172358466	2.87768730098	4.90490408284	5.70205202776	
0.111113869254	0.15793924488	0.379134336043	0.648577696684	0.842258073181	1.31840218829	2.30342346004	2.53640645657	4.50657503114	6.35430139128	
0.113108827267	0.172732194985	0.375049122527	0.646215991709	0.855195435322	1.36658143922	2.44404701043	3.23703109873	4.57185499282	5.38011825595	
0.104225671647	0.161310814273	0.407474870342	0.527318331963	1.02299482393	1.28727160559	2.1443207752	2.72411126962	4.41923923905	5.3978481191	
0.0955114284033	0.150898656595	0.411434542661	0.647574208002	0.712631445286	1.52699951306	2.19434942726	3.06793412499	4.10381671384	5.96254311751	
0.102305980189	0.155668234234	0.372502976613	0.448546699181	0.883936798438	1.26073199509	2.59187250823	3.26927664876	4.8335040058	6.38107625625	
0.10310328476	0.143756735702	0.359334495951	0.47876438998	0.943223961568	1.47295447398	2.13971658307	3.29661210733	3.95711534972	5.82357161162	
0.0935014620622	0.159975088735	0.381557404473	0.561611241648	0.915124567735	1.28134797137	2.07944234773	3.43937326255	3.90046730692	5.96330603829	
0.0925006508622	0.13002627508	0.450881156773	0.67522644108	0.874380110901	1.38856301917	1.71521715102	2.73244165817	3.99238721684	5.97984901489	
0.0988527848821	0.154975829199	0.405787091045	0.616680557093	0.82942907014	1.47633535109	2.28660063943	3.11113641093	3.66911025343	6.71044143507	
0.100883145495	0.108407418854	0.458669617225	0.571274248855	1.15682915641	1.48396310436	2.10642386986	3.3096682854	4.18082772729	6.03678623853	
0.120106206332	0.136520663546	0.40026785894	0.556814469316	0.91436846845	1.71265527774	2.26318928988	3.49234389513	4.53188087822	7.61729322568	
0.0905036125491	0.126309421387	0.444068478187	0.577104987081	0.968154093415	1.67543926533	2.24106514996	3.97501593834	4.56128813826	5.57512388159	
0.0764651680637	0.154508211726	0.295015804267	0.619478384469	1.06573705026	1.42756032174	2.19087285296	3.54759102636	4.8012904096	6.69629909365	
0.0998082137483	0.11623297164	0.424688672288	0.585671886759	0.848285300701	1.47803876097	2.19010649156	3.0064246994	3.92148700415	6.28104921491	
0.0915012832859	0.151715752127	0.394190923507	0.658090569173	1.12707663502	1.46392091578	2.05854728389	3.78899166978	4.97164172798	6.10102981667	
0.102364869461	0.150403675862	0.38616403718	0.593888078901	0.839340765142	1.43126890462	2.52781395667	2.98478634968	4.37792790624	5.46484844031	
0.111573322957	0.162445561941	0.331424112827	0.478892254292	1.01051020963	1.23848480156	2.32807726671	3.04262626354	4.812749851	6.2664698557	
0.0946354588498	0.136815119802	0.40188027509	0.558444856805	1.03313516218	1.31097396221	2.22532531897	3.12318353556	4.50257134975	5.57968380563	
0.0982139356459	0.111573726569	0.34910894567	0.564743298995	0.923315482749	1.61492642292	1.99998793906	3.70954517602	4.11236161286	5.33512682153	
0.0811578373148	0.159101769704	0.383268852152	0.632852173157	0.942240724076	1.42868480554	2.2111511042	3.94955799316	4.28672781179	7.23259332334	
0.108523631348	0.155477968626	0.401072085661	0.408262554691	0.905665286667	1.3341566292	2.60416456559	3.13904543773	4.48659001071	5.97237375938	
0.0869346735834	0.141596675584	0.41104212063	0.472091592945	0.95895577162	1.30108839019	2.42948258028	3.37834957434	3.81610445274	5.75031287009	
0.104535600303	0.145440689054	0.385514572651	0.598845794336	1.01061436099	1.49285790578	2.13963519709	3.25582326492	4.01272467184	6.88042920632	
0.129622138644	0.145044761302	0.381812579893	0.660902816608	1.02388067954	1.45549832375	1.94012366103	3.84090162192	4.806555444	6.13232934414	
0.0927717236986	0.15086932753	0.311051000044	0.644454277983	1.02158032577	1.46285553585	1.94354562125	3.39686671549	4.85431112101	5.55405817993	
