7	47
1	1	1	0	1	1	1	1	0	0	
0.0897474953353	0.146961141735	0.417564300116	0.767039047735	1.47057584653	1.952515007	2.76479490447	
0.0861008796649	0.14637918417	0.413006904443	0.975235942696	1.46447211156	2.32723617705	3.65084590456	
0.109379786946	0.135901925782	0.410456561112	0.93915581545	1.28403249419	1.90927467658	2.86951431373	
0.102262471455	0.146098096679	0.456156487577	0.918510547547	1.24634723866	2.20950731211	2.97218792134	
0.102557554635	0.144037588716	0.36367188968	0.946807924282	1.39693154243	2.03399372054	3.12742414925	
0.0918589818427	0.159474912205	0.340221864193	0.876056647173	1.24715193949	2.1122003925	3.79444824525	
0.117948443683	0.149503875838	0.409833080284	1.04614317548	1.45742460996	1.96331914236	2.67512487018	
0.114103917854	0.145607849619	0.434628306987	0.869306584799	1.19542659007	2.47885296898	3.2127566464	
0.101083048935	0.146010516981	0.43416367987	1.03866253264	1.47705773688	2.44005238847	3.61801114537	
0.0978593748875	0.180321149253	0.405553216276	0.898007320093	1.60554379723	1.95612075543	3.73013086939	
0.0897329501691	0.155263016614	0.371341534848	0.944173263305	1.45735507286	2.10409774534	3.31116424229	
0.129258985116	0.144812197969	0.409771253287	0.966959880618	1.13924657364	2.06081900947	3.40771943196	
0.110316743803	0.135946206931	0.419119241824	0.946146135564	1.67313165005	1.96264084364	3.0653693317	
0.0858950052956	0.161208124715	0.437836752245	0.92594301932	1.43859524023	2.00726456086	3.24516232915	
0.100863166351	0.155808527291	0.392915901319	0.901429891592	1.29675317623	1.84345648733	3.42939368025	
0.101600833745	0.142139753022	0.336887021469	0.884077999755	1.4591576945	2.40815095147	2.78153265633	
0.103719306528	0.149270268123	0.304169888889	1.14695973255	1.38136116589	1.96049347867	2.82666025869	
0.0946801561315	0.152120038072	0.401664173786	0.937806641528	1.49450028936	1.6460310919	3.44443037372	
0.0948352302823	0.14263589139	0.411238827097	0.985667356043	1.32321438988	2.26547413925	3.65785743819	
0.0948487783784	0.165638738445	0.316350419547	1.10169598057	1.40582024838	1.96854522223	3.48917317389	
0.0997902688011	0.160468846612	0.351721981176	0.844036455563	1.39958617801	2.09981899642	3.31295521941	
0.102027684692	0.147508050785	0.270299344613	0.987211327822	1.36211265598	2.0360511221	3.22577754795	
0.0964449833355	0.124650705756	0.361869350343	0.872645936371	1.65680388707	2.13984919845	3.46579689162	
0.0944712780166	0.157212435523	0.416463142542	0.82559741398	1.43972651127	1.70210316242	3.78728584211	
0.10892330684	0.136134294494	0.340096397985	0.963844015463	1.18591970559	2.06654439612	2.91462203735	
0.0921946678848	0.137619808352	0.372429028849	0.951405320774	1.40872350419	2.01968522973	2.95861781488	
0.0853522428066	0.140770794237	0.38959726426	0.936729582135	1.61606173434	2.17778449321	3.20018252372	
0.0921470177346	0.136536994231	0.337606446293	0.941076127025	1.60070949008	1.84026015494	2.90246226159	
0.111372278412	0.125646197503	0.335076264126	1.1436978439	1.34246811305	2.36181910581	2.69318210727	
0.101304904708	0.155608747487	0.420676031607	1.06116787682	1.54908820087	2.17877358991	3.25927650335	
0.0964805956862	0.140114092117	0.309273801438	0.806146190998	1.34671474914	2.23173541883	3.57906794488	
0.106567839182	0.11500534974	0.363408880606	0.921268668666	1.24153707939	2.0719794729	3.23606708726	
0.103864875765	0.152944962577	0.423689074956	0.802884354942	1.41425522373	2.18600546263	3.99535933631	
0.112119131023	0.155785640727	0.423706803659	0.864619392449	1.5581956526	2.16039993368	3.87584086902	
0.118088399719	0.157947271986	0.358732072998	0.990950570708	1.85243364975	2.3177956687	3.40179980631	
0.102427321403	0.153391284271	0.405912327871	0.999062851307	1.60591638632	2.16151450244	3.56546556281	
0.0972527511515	0.160127004595	0.402678915665	0.894384636444	1.23719496159	2.42742672351	3.00825964097	
0.0916796761467	0.136100182502	0.3983141202	0.962122712191	1.29580932954	2.21303962759	3.38041350676	
0.102896764351	0.158960970827	0.397082997427	0.959583409915	1.78556750426	2.51994520876	2.82880295398	
0.104655918242	0.166769968278	0.284415931712	0.927360679525	1.34410646009	2.43474071946	3.48120587258	
0.100634269006	0.140913848651	0.353729175854	0.983257712992	1.34223281397	2.10001250418	2.76498497026	
0.0935396221982	0.133722393313	0.361372060326	0.864112290124	1.21310739822	1.86822150299	2.72276614331	
0.100672994849	0.151246270833	0.335900071076	0.91727278432	1.23023106929	2.08600312874	3.02364230999	
0.102285816308	0.154812820008	0.456924254192	0.778475746768	1.59665526154	2.17513765202	3.55793294845	
0.103743956892	0.156408840576	0.35056765913	0.865703937732	1.69574981799	2.14102710576	3.49443754092	
0.0969358499072	0.145182433224	0.375731731934	0.863271161564	1.50247821298	2.20120853828	3.45641243886	
0.0939010791438	0.123604578959	0.428872404682	0.7234755256	1.38112533967	2.09805604602	3.7074114188	
