3	85
0	0	1	0	0	0	0	1	1	0	
0.312083718938	3.50033037935	5.03179134963	
0.351034632647	3.39295911198	4.31947150006	
0.44426969757	2.82105766666	4.39977944308	
0.333536385976	3.41875116696	5.0580980005	
0.35475997312	3.45148928049	4.79533293304	
0.417897348766	2.51292601973	4.55468488442	
0.391531439005	3.52614900532	4.4844881673	
0.401830146383	3.25795582085	4.61529114285	
0.3990557945	3.54152211355	4.5915023534	
0.33871576821	2.93223445575	3.25043615357	
0.382822942756	3.26714712836	4.44261065708	
0.430441754949	3.19413533259	4.36517981345	
0.409187936143	3.48064768078	4.29794136479	
0.442670294686	3.11698788263	4.442792981	
0.429042195138	3.11165655351	4.36504696867	
0.351541219686	3.59693613811	4.69375689345	
0.363755026195	3.55084280132	4.35482427001	
0.401340998472	3.56033379185	5.03639995026	
0.39074657931	3.53277768168	5.08557858404	
0.423024273796	2.71618608576	4.55797730543	
0.427727299342	3.76099132156	4.61400829676	
0.318613935688	3.73557014991	3.67798166274	
0.348747481965	2.9848566746	4.09632221612	
0.413740108403	2.84561635452	4.71727160448	
0.444939421967	3.09648552514	4.62217624406	
0.372673662412	2.56907742528	4.95528251202	
0.330175970568	3.11961029421	3.97033585571	
0.383205902728	3.44853970033	4.08727586288	
0.431272222685	3.07712131139	4.97294014646	
0.36633662055	2.82479250347	4.82130642469	
0.338477407683	3.34220799651	4.25940409241	
0.348864469241	3.65790377818	4.54654556917	
0.403798851409	3.07962400909	4.79402252603	
0.434888972967	2.85350998009	4.45714756861	
0.39282311424	3.28866625987	3.68348792742	
0.367576368339	3.10484057838	4.36979885447	
0.288404158377	3.39385864963	5.31083352109	
0.351706700189	2.83414837574	4.54116194428	
0.415402609926	3.22549929138	5.02418533498	
0.392993999713	3.66423720303	4.0612209112	
0.31786407392	2.92719591466	3.48165014204	
0.379354312966	3.04280031693	4.45218376519	
0.384163656126	3.50715950956	4.22296988121	
0.353693026932	3.61062266174	4.66105437492	
0.444852291012	3.16344806762	4.46959298265	
0.298523232911	2.7785266585	4.36563651296	
0.378504436507	3.3113952742	4.67225522962	
0.345606084391	3.01940536126	4.28692686313	
0.415347660989	3.20824996476	4.31234302274	
0.307536366238	2.82144898956	5.31850839071	
0.432818286818	3.46415055803	4.31596305943	
0.357278965503	3.11210669881	4.90229492418	
0.413267298977	3.59976182122	4.90090536263	
0.383248344044	3.16548329499	4.80022173854	
0.316158704363	3.38992910734	4.79328035616	
0.392137695202	2.81890014856	4.26388626699	
0.354241956822	3.79397367068	3.86034080223	
0.306817826955	3.37420670714	4.74880218062	
0.408684349168	3.33485796471	3.43688640713	
0.436675104103	3.15590505647	4.92488206696	
0.34863600037	3.22158572155	4.45143998448	
0.408604863471	3.11614541174	4.541860372	
0.40592540251	2.93078603242	4.79986157636	
0.411272585643	3.47230989002	4.15629518041	
0.434402122043	3.60243966735	3.86273409352	
0.407286767822	3.85420850187	4.53678141809	
0.356832603983	2.89179302543	4.13737758972	
0.33794099673	3.60010148382	4.18852359095	
0.457284559624	3.18949257789	3.80728745486	
0.356629581666	3.1170751142	4.47786573649	
0.394212679072	3.36205566713	4.16918471246	
0.371338537901	2.82201581318	4.13739183719	
0.418782397936	3.08716028522	4.85373795105	
0.356196961832	2.9115803546	4.60809684582	
0.369381644739	3.47718421496	5.18436672421	
0.412494695627	3.16998935259	4.65745975378	
0.368146138268	3.20007690363	3.59493278892	
0.376080631603	2.59167616875	4.57008330688	
0.389463611832	3.45439096616	4.14911052319	
0.320988082387	3.45333713724	4.42208690434	
0.378922620413	2.97656366415	5.26932481447	
0.450644478656	3.00694371716	4.6876334748	
0.353572789918	3.06137945717	3.95891107598	
0.332101677084	3.65396709761	4.24469367431	
0.350532211716	3.35328393793	4.05319843364	
