5	89
1	0	0	1	1	1	0	1	0	0	
0.0943513271171	0.645036074493	1.02364455288	1.12047396917	3.15374455762	
0.108075254058	0.623891234838	1.01908382396	1.53128657499	3.49495079103	
0.0982425190162	0.703607686099	0.965754838251	1.55189178429	3.04486596279	
0.10094261464	0.562123923361	0.829519394634	1.3371973465	3.80758020674	
0.0964526952388	0.469069015626	0.921086981312	1.42679200282	2.89024279929	
0.089175369327	0.470025148819	1.06593539486	1.41826433278	3.10402134909	
0.116759957246	0.552324964997	0.940348123186	1.35513810883	3.44167916711	
0.0926761858057	0.463773867303	0.86018940604	1.73324345671	3.34585848564	
0.108744848841	0.523053701341	1.02259152169	1.34066185612	3.35781520476	
0.106385496503	0.54330686732	0.864551294353	1.27910691989	2.6364145336	
0.103096123169	0.57447649163	0.909370182015	1.559057635	3.54735689787	
0.100601776622	0.595247639946	0.780712412568	1.50646280334	3.57515932071	
0.0977597275985	0.621728411431	1.01351871078	1.33778247395	3.44486049627	
0.0866534318868	0.549604064472	1.06134359315	1.38807543426	3.29631996618	
0.114954217881	0.566341562298	1.10196692518	1.46954401635	2.59942274172	
0.10730891816	0.58667094328	0.764527472607	1.39363052201	2.67290858678	
0.0893486306159	0.575796403748	0.843366101796	1.52228555376	3.27282208754	
0.104059183676	0.632707897318	0.832404831407	1.18036856224	3.31693535715	
0.10301806479	0.574056182662	0.936611633532	1.39969774062	3.218393887	
0.107570812197	0.611992402989	0.772025962684	1.47654193369	3.45840176143	
0.0968488512572	0.7090642404	0.9367282189	1.19278068739	3.19965337555	
0.0863666928713	0.615617823852	0.986340898684	1.47414036783	3.05610759597	
0.10354774591	0.647708997283	0.862858086868	1.50469906294	3.04985784742	
0.105767323088	0.587183411975	0.999875670901	1.17841338018	3.12036148262	
0.115615413186	0.608787579662	0.823158868025	1.27983980565	3.20916095006	
0.109389669049	0.663749243486	0.855334231489	1.51795681022	3.68196249859	
0.0936795226578	0.569321411115	0.88189060871	1.69108062919	2.93499283077	
0.100468803349	0.61575689839	0.900694359825	1.47156767784	3.31801537418	
0.105974786555	0.630646604978	1.07042115507	1.29865978925	3.04340564756	
0.0876291247867	0.591292936606	0.9911436768	1.41627966007	3.685721357	
0.0885514007972	0.665257395904	0.944023328081	1.5691729185	3.13004357884	
0.0993656164335	0.444153606802	0.949435836805	1.4453472598	2.97454027122	
0.0718988247171	0.582510203985	0.857701602961	1.57860897185	3.14084606908	
0.103656319159	0.555133579734	0.84119904183	1.60426834651	3.17699372002	
0.0937789604318	0.717067604545	0.76194456076	1.58638415028	3.53387095344	
0.0901240411375	0.632517436276	1.01728772926	1.31059107961	2.51705502057	
0.104851621974	0.493419811463	0.990042953485	1.44737977738	3.34784627023	
0.0839046978996	0.585433240017	0.911508990489	1.48169284845	3.08084511832	
0.110812497254	0.59180908433	0.995028462433	1.29335823432	3.59799070334	
0.0878274397446	0.529177291523	0.935309171532	1.68740791465	3.17101705634	
0.102506253155	0.602673189611	1.12038158935	1.53924073136	3.63928519362	
0.109950507699	0.618948999504	0.926365206763	1.24275437731	3.08532055336	
0.0912555946378	0.706559764955	0.909258000569	1.39265108623	3.20900944609	
0.112000501957	0.629318881264	0.80032243526	1.45655278994	3.30614314043	
0.11251578939	0.62723876349	0.825340762043	1.46891915478	3.28306081441	
0.116771222559	0.633415128599	0.938263534073	1.42003103578	3.36633629306	
0.0804354604404	0.401710016591	0.878507200544	1.52477502531	2.8789076489	
0.0911788705399	0.61482428489	0.774653179387	1.32799715037	3.44977480452	
0.112869260969	0.647674154731	0.816902696926	1.42697659601	3.66775583085	
0.0975375258537	0.652211480174	0.800883684214	1.35531671486	3.06998031826	
0.112647977053	0.652193935463	0.94195468127	1.57574365658	3.54030427316	
0.0976651325375	0.584263692316	0.849629314452	1.43958089124	3.6843040281	
0.0755978254714	0.666092019342	0.708535197262	1.38542895612	3.66565249668	
0.103184541548	0.502741467992	0.816063159206	1.45272887042	3.09307302632	
0.104449780016	0.590056126316	0.897498519895	1.52962043509	3.47806853851	
0.11130964466	0.55308189913	1.01986151374	1.4512365559	3.48487030507	
0.127342998234	0.579825834691	0.86564390503	1.79211776594	2.73950150014	
0.113653706784	0.625296172628	0.948448579389	1.36653646467	3.70982568135	
0.100217341873	0.424353746942	0.930645534657	1.41898501237	3.07462741786	
0.0922364556072	0.602298380581	0.950452220958	1.44215274637	2.80226597132	
0.108402314517	0.665685864444	0.580421148779	1.26683359088	3.62213885738	
0.104639632719	0.550158639234	0.950628527472	1.51257299718	3.73583415159	
0.0949505338006	0.604089549502	0.721824520978	1.31640221287	3.42788787508	
0.117621056332	0.652709925631	0.842590483534	1.44749322552	3.5721360224	
0.0933885586723	0.644305432073	0.859366642695	1.3727313591	3.1158347832	
0.0976668095766	0.667146661401	0.776009152168	1.59312649614	3.53470935919	
0.108137710681	0.609358011042	0.873379205061	1.30388618905	2.99583505143	
0.0855916986064	0.688537062011	0.91579971137	1.3520327008	3.43995440323	
0.0990251482345	0.536030064684	0.957598660903	1.70099619568	3.67827673425	
0.110367703769	0.580487325057	0.98771638111	1.36569807424	2.85060078284	
0.108065535469	0.501464888269	0.915088188389	1.457657336	3.94191724402	
0.107695394811	0.542649030351	1.10575181553	1.29303563076	3.12295495924	
0.0923411093073	0.552006367418	0.862697548696	1.67208821972	3.38790932373	
0.111296971294	0.682887077521	0.897710662614	1.48878491325	3.3524513573	
0.0907567921219	0.548672210432	0.93408876368	1.46481824932	3.32598766366	
0.10163107381	0.572162585165	0.974531016087	1.38012197812	3.54766004361	
0.0859437734063	0.586501137837	0.893784380943	1.44725636149	3.46502757334	
0.10273858855	0.518726759162	0.837434125327	1.55386553663	3.00236190372	
0.110641789507	0.563027340491	0.977741221435	1.29838330182	3.23112923049	
0.0853924275769	0.640112359134	0.843707831567	1.65446873099	3.1822544742	
0.100286928305	0.670518452754	1.03035942315	1.54249199228	3.54990275323	
0.114753783461	0.623872001422	1.00344927172	1.41531268754	3.11730386745	
0.112724350578	0.603288701291	1.00108857588	1.39946174077	2.65728131277	
0.106207844848	0.605128005872	1.01266027569	1.3539381504	3.11641058995	
0.0999029238575	0.585459561014	0.829788031861	1.26023740359	2.84066343239	
0.114308036829	0.558459226855	0.742207076501	1.73809318657	3.85028738107	
0.117007128277	0.607659696746	1.01995656062	1.42682360654	3.30275044536	
0.0932108525015	0.584079986821	0.943991524635	1.65965861239	2.91027744246	
0.103369102125	0.616342828623	0.982530394907	1.16330564009	2.75958154582	
