5	52
0	1	0	1	0	1	0	1	0	1	
0.146837699691	0.600055566363	1.47005570751	3.2647703151	6.64402825336	
0.170437914019	0.544874336359	1.48728562399	2.81946818238	6.83706383793	
0.143399430417	0.604933807461	1.58575373356	2.996079657	6.10790179861	
0.132673137631	0.604969214345	1.47122680552	2.55566032099	6.42735026992	
0.133418349506	0.578428334289	1.39332299763	2.82826650036	6.21253256966	
0.150825236226	0.520268247463	1.6387921387	4.11093231555	5.75967675926	
0.139395875321	0.557121483847	1.41035339555	3.42300542891	5.48569842576	
0.160803424445	0.595348804702	1.47267112023	3.21703077177	5.08061274473	
0.157170088458	0.661734455973	1.64533577393	3.24382664178	4.84654771064	
0.150232640238	0.589395903177	1.52970822272	2.81180865134	5.57986027721	
0.136381651643	0.578539981069	1.40397780845	2.98560122344	6.59856668863	
0.172973985676	0.458338683415	1.45728721359	3.97126915834	6.08519761408	
0.135898496668	0.561341907973	1.60383815425	3.07618999584	6.58907305914	
0.14721543352	0.567116438718	1.59926119959	4.01663640183	6.27223535416	
0.162499866019	0.691327188971	1.37862339854	3.25969660383	5.25247109617	
0.159191776741	0.541222091422	1.58061716765	3.04163652082	6.19505690106	
0.14690999617	0.696188862927	1.70369567509	3.44473415546	5.73064101992	
0.167320573558	0.677616010385	1.21462553981	3.42302068896	6.35914211179	
0.144467527007	0.584553120945	1.27163789188	3.40744935787	5.46460969242	
0.160625424251	0.6176299882	1.23521977971	3.07087177338	6.84762930574	
0.135398367223	0.556304364606	1.42589654348	3.5466016365	5.90200303282	
0.12854108074	0.668812075074	1.78028064339	3.15278828178	6.47544517638	
0.137658166504	0.67467117845	1.61591033361	3.50221002047	6.52410831259	
0.166964930748	0.604531448817	1.13035727804	3.22245939615	5.60891107235	
0.144455098162	0.623446860521	1.47868469109	2.80686920794	6.41456335834	
0.149945080471	0.65631563354	1.47519992795	3.37556480614	5.76277471531	
0.161306044964	0.642014399715	1.46693021016	3.38324513689	6.2547855316	
0.150838719676	0.547015473207	1.27831171563	3.07893359525	6.92128690638	
0.167542333719	0.654361397875	1.17982446362	3.44306691602	6.53033901758	
0.155139873176	0.628904972958	1.51062921013	3.3913703651	6.1062685539	
0.136583508826	0.590289529925	1.15153080234	3.12625957085	6.47063002866	
0.133395689574	0.550034677679	1.24252434426	3.96693200242	6.70729872087	
0.143355158689	0.748198152605	1.60725621887	3.58764545378	5.95925047585	
0.161034338835	0.648539210261	1.23867459657	3.35325196927	5.95152327835	
0.1503793051	0.652480016577	1.62140223981	2.85754115846	5.4984990568	
0.147292482507	0.659601352199	1.3602123321	2.94866553211	6.19363962945	
0.118185823218	0.604984550948	1.75915068437	3.39790964825	5.52577052389	
0.151503073346	0.555575666466	1.24679583067	3.12706891603	5.51859157823	
0.170737816954	0.714538451729	1.41334195208	3.13383955872	6.21252772462	
0.139097858693	0.588987858021	1.43875301355	3.00977971168	5.30780776802	
0.15483263335	0.625506611573	1.29559396795	3.40069708504	5.85476731027	
0.143070974305	0.493259134279	1.52871286601	3.16130287593	5.86901026508	
0.158829464233	0.681980716983	1.35882153693	3.3093526024	7.00556971735	
0.154625634025	0.583722753808	1.69048496564	2.82817866342	6.17872901876	
0.14297060283	0.63663633156	1.50048448716	2.10074566311	6.61944013733	
0.154997508258	0.690232810389	1.28817115015	3.16932009916	6.48166628851	
0.148250464294	0.596935519882	1.05609939699	3.18024203988	6.8211798518	
0.161411495791	0.602456094975	1.28709788524	3.18486342502	4.96972585715	
0.16398057264	0.639828539858	1.39338477596	3.64740916756	6.56997668231	
0.162747791765	0.68636465195	1.71217645348	3.10940680072	5.73865462644	
0.140858855215	0.542785316822	1.21780099905	3.10375050224	5.9041395288	
0.132791261917	0.572139293519	1.39743477812	3.12428629811	5.68539365729	
