7	90
0	1	1	0	0	1	1	1	1	1	
0.137115861054	0.351625041434	1.25094730734	2.21666667807	3.36414502858	4.35202405892	6.26630281536	
0.148656280202	0.359315152758	1.21711658639	2.08988774705	3.15986498955	4.61314197464	4.98352368367	
0.168405623518	0.409937109206	1.5133081846	2.26680694031	2.97340115694	4.65974232427	5.75383549113	
0.150276059074	0.424597543219	1.35219760871	2.39846450311	3.1698131887	4.0008190755	6.43065205578	
0.160848399051	0.378393236135	1.28099467436	2.36678805533	3.16762326334	4.81355377806	5.29227092698	
0.183740810696	0.419310930793	1.57937659786	1.88853801472	3.00559419608	5.37055464246	7.68055217909	
0.137769446312	0.371864961033	1.33159235168	2.35788135832	3.34333422584	5.13058183866	6.13206700525	
0.163769151909	0.372050882753	1.59413112464	2.5318023036	3.55602687633	4.87991208233	6.6168774551	
0.162465646365	0.370392288308	1.29827166236	1.8471923018	3.27106441966	4.37220692487	6.22142899461	
0.154783298268	0.380011028011	1.47136472066	2.07396007753	3.01652491422	4.44181388336	6.39373287169	
0.170900190501	0.462625866967	1.55687915943	1.97935032365	3.22943284224	4.92532135169	6.60513121758	
0.128101486073	0.398343238355	1.20842832557	2.40756013769	3.4417165447	3.01002427653	6.55037518715	
0.166836899136	0.366536600955	1.63667516614	2.11755042069	3.35544122586	4.46132016895	6.02430140312	
0.164516812583	0.333171455439	1.57430225399	2.52865167819	2.86574091653	3.78779715005	6.43851588784	
0.132159029186	0.386303604398	1.70993218135	2.39644939753	3.59022770325	4.46817802259	5.74981793026	
0.164395367956	0.477042085331	1.48700533001	2.00795215386	3.13675875029	4.20530331716	6.97291978715	
0.17386639215	0.378576168696	1.31570971594	1.73430832852	3.07151868041	5.0945833227	5.81862951409	
0.16985234624	0.349622975265	1.34675520981	2.27279922928	2.97886958762	4.71789613201	5.55657081935	
0.155469202042	0.34827944079	1.45460525235	2.33527924898	3.52028461189	4.12804458266	5.17216319807	
0.140654398928	0.336452376887	1.58063854079	1.88208236967	2.97613692149	4.91221168649	6.18851223094	
0.186397974073	0.348401577569	1.22721542183	2.09443752153	3.11870828121	4.60545512803	5.38032392752	
0.156679208987	0.37219446913	1.60440937267	2.34195864687	3.20945486999	4.36510524266	6.01474848825	
0.13364201859	0.366969520692	1.47405825174	2.29436217015	3.76214510037	5.19886536464	6.76744072327	
0.141689249709	0.408835868804	1.5009991536	2.3751460401	3.56748740784	4.27141533841	6.32925910358	
0.14829742593	0.432159306756	1.29703567465	2.15529138864	3.50428758325	4.75970969155	5.19783279345	
0.159994721358	0.410908467511	1.28148541546	2.18935987016	3.3228782875	4.31520261191	5.91159607903	
0.111462331015	0.420956162669	1.43407510145	2.25270580339	3.0841270372	4.05638319564	6.2711396644	
0.157378858509	0.342670554482	1.36817524937	2.24017813439	3.61721113451	3.8386256847	5.79185343806	
0.172229065745	0.346548609935	1.47816453123	1.92410286794	2.96224056332	4.49778891427	6.54456802594	
0.138567473534	0.396278495017	1.69215852756	2.09155114251	3.48939245685	4.48673894602	6.22703646279	
0.164650070573	0.325185128022	1.47821710521	1.78472114712	3.7932734588	4.91021067768	6.28488671116	
0.144097295882	0.38660883057	1.3765295253	2.37255839276	3.35306432772	4.57279147283	6.11039525977	
0.169769788628	0.376957013138	1.49010389501	2.28512737819	3.7952200095	4.42882095028	6.4411712336	
0.161538710131	0.448792090908	1.48219921369	2.13843312216	3.30494811705	3.68241925131	5.91097548788	
0.167447534184	0.420979070403	1.47974584656	1.95647548161	2.8674379582	3.99368877644	6.28150249992	
0.137407921978	0.39693223281	1.44694601438	2.60728692836	3.5857723079	4.5198033378	6.2077365093	
0.146737407526	0.342559693686	1.28827382924	2.03125812757	3.67762792257	4.96651630431	6.77554443125	
0.147530471302	0.409483836402	1.6678443958	2.13738231049	2.83033739843	4.05068762508	6.60197584311	
0.133857855287	0.364374871844	1.38749145758	2.06974972023	3.25481501127	4.96924368826	6.05453609192	
0.150661019119	0.359252865845	1.92767041417	2.13593745788	3.54159874729	4.42236313243	5.35892874722	
0.154188916891	0.344810488809	1.46909968949	1.80051398675	2.77088428261	4.59979548572	5.95114655513	
0.156268949361	0.353674240944	1.33312971302	1.96005139997	3.28216710176	4.3154725976	6.25254934511	
0.150524161036	0.38559897475	1.73370492804	2.28672245898	2.92093103967	4.08465039564	6.41887798032	
0.127707193867	0.427692112089	1.51597125927	2.1451458051	3.50643872931	4.80659034092	5.3963938294	
0.16223691159	0.381126856788	1.42347154023	2.0256309562	3.03943500407	4.90301934521	6.43072820205	
0.130242551995	0.373909658631	1.67478468235	1.8218724219	3.12906908649	4.03899266304	6.43647348514	
0.147509233826	0.280201776966	1.49539554847	1.95223310051	2.74360966489	5.37807561265	5.60009431465	
0.162639861516	0.390682543185	1.286786442	2.13104976854	4.30049946627	3.71500696747	7.21296366509	
0.152259339361	0.341748043476	1.36775912856	2.28733484572	3.67939972466	3.95652714565	6.55523513332	
0.164728006258	0.38215317897	1.3406127564	2.119487887	3.02324561759	4.65763277372	6.31187852718	
0.150951564147	0.421639293395	1.38152194348	2.46107747222	2.64181309679	4.87578864204	6.15536170045	
0.142829398999	0.361202004531	1.30097825247	2.34912197304	3.68797280236	4.93919777188	6.47947088735	
0.150282363885	0.386815817791	1.46363356458	1.772712257	3.03796322089	4.36550024751	6.18185955381	
0.170051455121	0.306593732865	1.26366138452	2.42693203928	3.88075926654	4.35017930621	6.57189824359	
0.153035396082	0.407741759365	1.460134013	2.75306357674	3.57271492599	5.09550799194	5.65425224733	
0.154439030736	0.359427653638	1.62174393015	2.3223571387	3.42993060148	3.99656016236	5.7120267736	
0.130613363399	0.363847635758	1.41477638612	2.03330295289	2.85101374835	4.73555227392	6.43180964488	
0.158955105336	0.374901622007	1.23614108592	2.09456241312	3.5794776768	4.66213741808	6.55537527572	
0.161870885888	0.375673288833	1.45651208049	2.11273578259	3.54598521762	4.3290405487	4.7945496622	
0.146046455341	0.374895092119	1.67476249902	2.73885240053	3.2636977448	5.27244014432	5.09832974069	
0.137436077087	0.271067997228	1.54515961427	2.33374447552	2.88319305948	4.84718718935	6.29343296087	
0.15529850952	0.375136754252	1.51349949136	2.41133804099	3.20592319263	4.89094244958	5.68993190066	
0.145653745999	0.420252617073	1.34639753209	1.68243686953	3.85868165619	4.65537787408	5.70005187757	
0.14837930238	0.388594027704	1.46868261921	2.17092552489	3.26551704134	4.18014321078	5.68481955723	
0.141154759368	0.353916996845	1.34509369019	2.60314517947	3.52436513669	5.76700573107	6.00174082397	
0.169027439057	0.322056335912	1.71948924016	1.99572939499	2.99906614047	5.3352835342	6.01637989914	
0.128414480885	0.492537459783	1.30255340558	2.08028367817	3.33133697513	4.69391245428	6.15425942446	
0.116746936022	0.328768504464	1.51858088126	1.88433861978	2.82638571065	4.46394425848	7.25848326013	
0.150662286288	0.409151631565	1.69802787627	2.39305389375	3.02533592596	4.69729306431	7.7103400656	
0.14811215183	0.36780669555	1.42353311654	2.13472623518	3.32339888261	4.80058180522	5.88206978261	
0.174130841802	0.377059760677	1.44798076026	2.07433587715	2.37665439147	4.93148156111	5.40672818406	
0.147387860509	0.323145049087	1.43163942409	2.23748380218	3.06601301133	4.38458382765	6.30450069666	
0.14237715028	0.394331300496	1.39421253134	2.28003459228	2.8972945793	4.1338263058	7.64433847479	
0.146899055706	0.33377779133	1.21063014769	2.26182480789	3.21715165462	4.65478684849	5.96934320995	
0.13695846976	0.424724536076	1.42998787005	2.46326360514	4.10019419107	5.28962899966	7.014692741	
0.148952355011	0.349692780422	1.65158436482	2.56206699591	3.31576125639	4.51856163059	5.97942858549	
0.148449479333	0.37686514055	1.55814968878	2.26945015574	3.39406319668	4.23395630944	5.39677929705	
0.148501621208	0.357588107937	1.50758080938	2.23026184417	2.506640349	4.73415557953	4.82613091658	
0.162792119434	0.439680524662	1.65752544232	2.15479881179	3.14655945062	3.95171449733	5.34289548186	
0.172944179753	0.36205270987	1.41229550719	2.52371070154	3.90537393037	3.4548153596	6.5745057913	
0.150622666057	0.351531091075	1.62394791515	2.20703934953	2.91475341341	4.97701214796	5.18446644574	
0.166260127778	0.399705552937	1.38357945756	1.94093257844	3.64696603832	4.36473339709	6.13053595525	
0.122947053827	0.410382758502	1.49972199318	2.05492036174	3.0395071902	5.77321262813	6.80608580409	
0.158911959923	0.411560918441	1.48461429332	1.85662228364	3.55086544412	4.2814109214	5.40306238914	
0.165036979085	0.361987950195	1.54227395396	1.94839071153	3.57428504156	4.47949357631	6.13130803607	
0.161168761315	0.353516714255	1.57523831097	2.35778773589	3.6343162444	4.16380388585	5.31932974405	
0.152030722273	0.371374694235	1.56285522894	2.31181130058	3.14010709488	5.39881434331	6.73289718118	
0.132303420992	0.351914375871	1.78885908926	1.93248256644	3.62570651543	4.6887957086	6.21498681783	
0.185832870329	0.38730704875	1.24394262011	1.91916742101	3.56017611925	5.28166599126	5.58690306408	
0.176624664233	0.393728702434	1.46909800632	1.6176701962	2.53520243832	4.39699067536	6.44145449718	
