8	65
1	1	0	1	1	0	1	1	1	1	
0.101583910077	0.182107543065	0.683993554387	0.869395247164	1.87823557425	3.05372668384	4.67102425499	6.20775611556	
0.106645302956	0.136118952928	0.553302438522	0.981943596805	2.57804360005	2.89349050999	4.46740451685	5.78411229112	
0.101453732248	0.132041519087	0.605287426173	1.04353282893	1.80084234549	3.5737105619	3.96229202265	6.15488572863	
0.104888111959	0.155627641725	0.579991236728	0.991611612663	1.87969462488	3.54723644709	4.29073510403	6.19319947856	
0.0964857527563	0.172981573937	0.626318168754	0.990703702358	2.3193258216	3.17167863205	4.63017294499	6.0991706367	
0.106449006262	0.143315953112	0.557605722918	1.03990892283	2.31914303905	2.97720903874	5.3560054969	5.65715201408	
0.101186232092	0.167530301314	0.669549228506	0.864392023422	2.26120704527	3.14918010104	4.68880299552	5.92460106933	
0.095972428952	0.135564407309	0.67111028331	0.860828452593	2.46569952274	3.15451458973	4.7180934917	6.92355016096	
0.0956940802801	0.157077701795	0.629642005844	0.868008627032	2.19778569648	3.49205565466	5.26542676092	5.75105985611	
0.103458761369	0.148093975445	0.611601684937	0.874963225266	2.11365608952	3.74341887352	4.55734284572	6.04566332458	
0.0914760242847	0.166364926071	0.650817639556	0.94183535683	2.55874161808	3.07690695427	4.03096472725	5.94304481461	
0.0915277894975	0.153609970288	0.604391729197	1.03721958581	2.05202059261	3.35790649799	4.58335551426	6.49952045919	
0.0886958374122	0.136533333033	0.565264696643	0.829155282342	2.2816508905	3.45211553772	4.99142870674	5.91256038325	
0.0953760700132	0.135792567989	0.678213713545	0.909331050197	1.9939455395	3.49388792767	4.34735255749	5.35981909754	
0.0913263287292	0.151357838482	0.535661150101	0.922040366744	1.96407151768	2.94255342995	4.28042310786	6.09556909449	
0.103194965977	0.163864890913	0.553016671865	1.05941033285	2.73500455604	3.11351743032	3.70476811289	4.95505294436	
0.0950318603063	0.139588238945	0.600308325645	0.977270521515	1.87349285284	3.19425487775	4.27230941396	7.22133057107	
0.0861841728418	0.13861770848	0.602011922974	0.860055135198	2.3936198343	2.91854071039	4.0878528448	6.73160969417	
0.0880909256936	0.162518840522	0.572845810924	0.872494375296	2.04081359228	2.88582246037	4.90817899915	6.08164020289	
0.108909629638	0.167645219384	0.63246161325	0.79489184335	1.94160363123	3.52654699447	4.5249769039	6.39022758791	
0.0991107146672	0.143554590203	0.639099223429	0.769349481984	2.08125710457	3.27160483947	4.59391166259	5.22330175047	
0.0874688607995	0.144102726315	0.596234198483	1.07462045102	1.96123435494	3.08973017386	5.21617537323	6.63845253676	
0.0888600198416	0.160131699605	0.649944180088	0.948205130994	1.89776309019	3.05646107212	4.21741715101	6.31734540469	
0.0957056370349	0.146028004765	0.56388032813	0.785064070956	2.70794573748	3.38090727711	5.16240587646	5.33063694306	
0.115187145258	0.144052892799	0.631816476785	1.02223277196	2.47485289136	3.23492680054	4.04804434181	5.99113564413	
0.105910478649	0.141961795817	0.574613433852	0.786010583493	1.93969449296	3.3943970504	4.89687414068	6.66105363898	
0.122759546835	0.172322446415	0.590878740817	0.842981960534	2.09492867249	3.07087317813	4.57464738446	6.53456578439	
0.104797658631	0.173639329541	0.623731556155	0.811369391429	2.02745170923	3.38083693592	4.60290135133	6.78495145741	
0.100070381401	0.14735395785	0.505561040181	0.854974769393	2.21638602159	3.3181374997	4.76769892698	6.27034797989	
0.0988663010468	0.134974576486	0.600034332374	0.925885184254	2.44494166646	3.68166068228	4.28454928792	5.62684688257	
0.0864631576216	0.147526680957	0.571547568515	1.17248137349	1.91019343751	3.26903882125	4.21071268098	6.01477023378	
0.0966660382489	0.162172455322	0.626419087286	1.00236005373	1.98831924603	3.60077354014	4.28323486454	5.15625173725	
0.0981810960963	0.151700482913	0.525015520928	1.01124439574	1.97560057417	2.97246370513	4.49998161916	6.51438227439	
0.087841766976	0.164109424063	0.470438008236	0.96075212073	1.9071157537	2.99047104881	5.28204938233	5.40710242133	
0.0994375639825	0.133999333388	0.646151328961	0.968031677322	2.2682074005	3.61753254153	4.34798560253	6.64470454188	
0.11489906082	0.154266680075	0.533622982536	0.817938927965	2.2450888306	2.89024942929	3.89547144467	6.53024520707	
0.095412023503	0.186291002347	0.560552058397	0.883745645185	2.22723051553	3.31648364301	4.46211662804	5.93522218051	
0.132428320718	0.174911562861	0.650611426149	0.816035921566	2.1341091948	3.46467689394	4.83669860183	6.76656442963	
0.0935884716764	0.149421961079	0.554699106863	1.05413145783	2.30024782335	3.08511370255	4.60119505338	6.03018564135	
0.0912006799165	0.163952493433	0.604618525617	0.880773228746	1.95712147856	3.52774381732	4.62066361474	5.58320786154	
0.0950216467082	0.150082800924	0.603828623273	0.947861061086	1.76962412374	3.28913405771	3.95138216658	6.85140251775	
0.110429263264	0.167350956229	0.45246638467	0.902176089675	2.1332283957	3.43687385567	4.90539355253	6.77077538424	
0.0768349483521	0.137980492777	0.603467930291	1.00714341151	2.32238951905	3.40434331006	4.21332262119	5.69411958603	
0.0937055119634	0.135284197046	0.540296511542	0.828565528243	2.22222927946	3.29040740733	4.08294597002	4.97311040686	
0.0963066674066	0.172200832845	0.600362595658	1.00440713904	2.18870987909	3.23110622418	3.83712665028	5.75598899979	
0.0946521189944	0.172218279154	0.610993239318	1.04881082827	2.39240098191	2.97507793689	4.5005218037	7.01092715831	
0.105631792269	0.157540784447	0.654814864897	0.974675443976	2.26746635278	3.34818590313	4.34710930372	5.36514544547	
0.0814304872273	0.145059373553	0.626196262714	0.952187111583	2.2867209548	3.20903580794	5.72490004206	7.21635432634	
0.0848240479267	0.159847632011	0.658126525529	0.732605807345	2.18588010104	3.41799742525	4.49747023788	6.23158426498	
0.100790634675	0.160538691892	0.692900539717	1.00166409848	2.40269217247	2.9063387845	5.41234052332	6.18895603123	
0.0960943394151	0.156230708035	0.567323282905	0.942840757928	2.21474155466	3.02697394954	4.5701027022	5.5794305044	
0.0929261164294	0.13483579707	0.577577654355	0.878785581829	2.25188374982	3.60629909643	4.79793912758	6.58349881454	
0.108881681309	0.136099562124	0.579956044617	1.09548499043	2.03290267002	3.85251152531	4.31225670205	4.77146734259	
0.0975271950105	0.162698539194	0.699807103426	0.792554496032	2.3280774004	3.54027304315	5.08563107564	4.39728102955	
0.116568296207	0.156613530035	0.627518827855	1.02662687336	1.71895839229	3.57987460281	5.56871279258	5.17880988857	
0.0993560621785	0.150561907153	0.621387174843	0.969621676474	2.00562924571	3.26298390663	5.28481417754	6.24369162759	
0.103682490075	0.139281784867	0.6803484512	0.909826271055	1.70922059832	3.38656537371	4.81811999651	5.82071729709	
0.0776784718714	0.133256948264	0.593092639526	0.893690534506	2.24495934602	3.44229486197	4.30387999742	5.16061072682	
0.11453210072	0.158408681112	0.640283971502	0.965725516194	2.38594503255	3.12614382981	4.87274702614	6.40110069168	
0.106354185679	0.132080605665	0.608347404275	0.965996083811	2.53248216948	3.2824511016	4.98688548376	5.10811886398	
0.0928348120853	0.156586473007	0.625823361734	0.863344890766	2.35548675115	3.19555599567	4.41413747715	5.95294729973	
0.113386257705	0.166334299607	0.712988277827	0.981194355219	2.56514543225	3.32738520571	4.4431067829	5.73711905116	
0.0982379430802	0.148092374747	0.55885991	0.875070504676	2.28062254558	3.09136483138	3.73482787741	4.94925202571	
0.0790262656651	0.128737586329	0.528003908861	0.839415922789	2.21149697105	2.83660085014	4.08625921707	4.90090823524	
0.0933959710045	0.160858333757	0.598597676751	0.937624904336	2.14957989024	2.83243368912	4.31605987905	6.13258522097	
