6	81
1	1	1	0	0	0	1	1	0	1	
0.102709376793	0.144280390259	0.383718762403	2.27074348992	3.67523239522	5.94817139791	
0.0796284022941	0.151778675558	0.394795635094	2.02704492244	3.54777382755	5.01217862807	
0.105228954934	0.161364716734	0.387721921994	2.13266511355	3.37808165583	6.49269066337	
0.110369734675	0.124925924592	0.422661587688	2.19332080107	3.08405289911	6.1413869551	
0.112933918264	0.136549492258	0.37672841295	2.2989738976	2.99729614235	6.0337758518	
0.0909187010767	0.161531389973	0.382690906134	2.08258377235	3.15149455175	6.05884129736	
0.0798746860403	0.150595191939	0.387452276367	2.19674467529	2.60689612298	6.35868242204	
0.0911363370754	0.16107923424	0.414125706282	2.57175514108	2.71430183339	6.14766280304	
0.0959958616988	0.139524872731	0.380422516573	2.19103597148	3.65746351885	6.46536702298	
0.0860641361083	0.15959557143	0.45573186995	2.37694489484	2.82118767368	6.18758754345	
0.11555329619	0.155232790883	0.423629674184	2.08099756665	3.32740427992	4.47677504294	
0.118225811412	0.160536630125	0.355483005565	2.55232880053	3.0963043239	6.20587816268	
0.100034825776	0.127975649778	0.382685421552	2.11122949516	3.22456209001	6.32925258339	
0.0779521560815	0.127540319865	0.346778566588	2.36674209007	3.29845521385	5.33264464058	
0.0981961571422	0.148147493377	0.278383339395	2.31617330419	3.12289880932	5.97677770575	
0.110994143812	0.165954501644	0.399680932224	2.18298411151	3.13850092969	5.83999477395	
0.103309664308	0.139043450255	0.384910071609	2.27045702116	3.33346255258	5.99425096417	
0.118852500718	0.126640732673	0.334086969102	2.8555935273	3.42048142466	6.04618089752	
0.0999661758676	0.125158448912	0.365024000646	2.26302628364	3.04816868439	6.42524050672	
0.0946548962106	0.150937038069	0.422925375686	1.9606850455	3.1388361652	7.20027418774	
0.0994337178747	0.165044093507	0.367706243747	2.02504055389	3.25232443911	6.03491512224	
0.100921114665	0.149312754197	0.39941979592	2.12955977402	3.0817859046	6.37131336184	
0.108365113989	0.144269363813	0.345395747385	2.35239771852	3.59751378094	6.02764031002	
0.123177148852	0.185267210195	0.395485283115	2.1868914769	2.76014303178	5.51626685884	
0.0977119105316	0.154800476192	0.369428429643	2.65257528679	3.09390968484	5.206957124	
0.105279034904	0.146689381207	0.445914239365	2.12188450106	2.55137681613	6.32100807464	
0.123949241901	0.136264345345	0.392844246782	2.3509883796	3.16931823763	6.00130286629	
0.112285230504	0.131098790376	0.391036423394	2.1019666875	3.38405269722	6.47581781957	
0.108077254185	0.161376330217	0.431528418786	2.02277412177	2.87296527262	6.38682005395	
0.0920264144284	0.152595898805	0.302426957987	2.05376288288	3.19050819429	5.57257726184	
0.113410163863	0.14817825478	0.392353807082	1.87514802882	3.38210346005	7.00090189918	
0.0975658791221	0.146940682143	0.322474901552	2.42801181962	3.51823253048	6.25862199886	
0.102256272467	0.164133044354	0.340716290124	1.86485371152	3.23560018389	6.15732286943	
0.110558669759	0.163220514053	0.429092474807	2.16290417911	3.67434827908	6.13744720199	
0.0970077648763	0.148948586417	0.388732740636	2.1970086226	4.03008301556	6.10279086572	
0.0942804738301	0.152976320015	0.344833742675	2.23816915277	3.26861902411	5.97897569723	
0.0903673663101	0.158865621801	0.322891582196	2.0284948222	3.29767664237	5.29575617208	
0.102608888905	0.161319616924	0.427703304984	2.13530011245	3.27006799632	6.53336828848	
0.0906981548861	0.148139731614	0.372274205797	2.11363045448	3.13223154198	5.89127907271	
0.101567830346	0.144859965932	0.331617382823	2.23652270812	3.22316742379	5.73037400182	
0.102427417755	0.140608259556	0.374606102112	2.07779517001	3.61992321339	6.23242797067	
0.0933995929724	0.184200677976	0.431448705177	2.32672974099	3.54334456841	5.88368031864	
0.100172130212	0.175599542733	0.440926875804	2.41196372773	3.33169114791	5.98403260314	
0.107354955713	0.15984788943	0.406171984435	2.05502493305	3.63023990731	5.90263543355	
0.107138706277	0.142027522184	0.353446387267	2.14130861517	2.66721057182	6.7087826146	
0.10062769994	0.157773590075	0.364058870528	2.38620635183	2.88051697602	6.52735809941	
0.099494122749	0.165251978301	0.435071308364	2.13383172678	3.1059195991	6.90437477356	
0.10733255712	0.149698031817	0.397229096576	1.85784503548	3.53590719472	6.42320082399	
0.0874498083678	0.155902625629	0.409704623435	2.19179052316	3.2874295115	5.15574915592	
0.102010742213	0.166364874357	0.369672946304	2.1793565979	3.42191184628	7.37901846721	
0.0984272141965	0.167786307283	0.375978044421	2.29516458509	2.71232348348	5.69596582653	
0.0797879724172	0.133236932529	0.378418406399	2.49054056306	3.51072363129	6.83829688109	
0.0844445162834	0.165178377691	0.393895277336	2.25994169291	3.18424191081	5.89058931066	
0.10457523064	0.161620559433	0.342807617564	1.85373883865	3.7113756512	7.22906355955	
0.112920478682	0.1696036386	0.402488785636	1.90479800081	3.29032013892	6.02541982455	
0.109440893599	0.14107902096	0.423060635441	2.19525457845	3.11828146832	5.51419549615	
0.0868935136897	0.188536450017	0.325056136509	2.02172793764	3.69132523401	5.43099313871	
0.0909375572819	0.17340149114	0.334593731046	2.2045510148	3.4947853499	6.72045286512	
0.106762702582	0.165469688789	0.344348762869	1.98064011773	3.40102176735	5.76459001116	
0.0969076065643	0.146440957574	0.352588706026	2.42784083836	3.36599269233	6.04886088688	
0.10278657593	0.148376673145	0.34849586963	1.8545147527	3.4832133369	7.2419490558	
0.115152586384	0.140579458569	0.307769573628	2.41215157036	3.42472749672	7.02103561877	
0.0938153356456	0.165599635415	0.364640167682	1.72334789491	3.30889538178	6.51706965275	
0.103344167805	0.174534627268	0.400191625077	1.89051243971	3.37627190578	6.57457262767	
0.105417930338	0.13340148409	0.40226552819	1.7814768275	2.53879182799	6.31887268327	
0.0960256694154	0.150239330028	0.36707323246	2.01280989887	3.55211180479	6.99569802728	
0.0914547708027	0.142937520392	0.398246255428	1.86602892342	2.63670043424	5.65138086622	
0.0964969410442	0.159601373829	0.358355509876	2.23197731569	2.47706189746	4.80013134668	
0.114644529052	0.154548894576	0.373313457307	2.19932530238	3.43399047508	5.74941095947	
0.106482558579	0.174289998384	0.358971982701	2.51387833942	3.28027198424	5.45759914419	
0.10615766158	0.130559864425	0.360682081191	2.04147688575	3.19345038774	5.49633563598	
0.104708134837	0.141013509515	0.464404319597	2.42937442463	2.94803213047	5.32339840357	
0.0864164155957	0.134105252761	0.439494090879	2.07120043433	3.04167932936	6.18116037803	
0.105499842679	0.155506407047	0.41950580296	2.19783813175	2.79889038623	7.35385823557	
0.115761107096	0.174372667674	0.387975246629	2.09618792388	3.36609296983	6.58986390424	
0.0976733314397	0.184055425565	0.41189539022	2.20754714823	3.26985172415	6.31006802748	
0.109383467669	0.140478286176	0.392778120363	2.21392728612	3.21100574504	6.52410199424	
0.09538546414	0.156790198567	0.347712819283	1.91681887859	3.74826558573	5.34568497846	
0.108768252893	0.146587300797	0.421515760246	2.2236552051	3.04587201285	5.911482405	
0.122467123662	0.150537534482	0.384564521861	2.02998290041	3.26602154401	6.41708725732	
0.106793299466	0.151999694483	0.367699073022	2.10399427642	2.94434605555	7.08524478316	
