8	33
1	1	0	1	1	1	1	1	0	1	
0.0943011608784	0.139994921918	0.561875519865	1.02566941334	1.44456975059	1.90197082575	3.29405898832	6.83344124479	
0.111807186869	0.165240843404	0.615422011496	0.910870353955	1.36395552494	2.25817097498	3.27768325175	7.21311489788	
0.103479780975	0.148351232769	0.578078393807	1.04639151751	1.59869349704	1.61153536065	3.6825567952	5.96914957089	
0.0912161534508	0.147899599839	0.531981612892	0.818939135346	1.55637652427	1.84338730854	3.76513898456	6.07297859717	
0.0959644367632	0.144279172187	0.643835637242	0.869443174077	1.32151541577	2.33686941483	3.18406044502	6.80875829419	
0.069530895562	0.159075919745	0.59122885495	0.897518526795	1.38860864416	1.90691460582	3.29935174582	7.27700204035	
0.0988827728521	0.152792225704	0.562338026144	0.976311077791	1.290193863	1.91902501693	3.40211635836	7.24411708417	
0.104746787205	0.158553797259	0.618154449341	0.947374170548	1.6412876855	1.97350203249	4.12026838158	5.14218903727	
0.0801927955746	0.151962114202	0.461989361913	0.852698577	1.27198795936	2.2924435023	3.66146060681	5.22396992108	
0.109565942116	0.12473263188	0.573531188374	0.989161189413	1.61703251671	2.05367531825	3.53577121956	7.08018118462	
0.110290695933	0.170416516531	0.597637075202	0.966015429269	1.36514391806	1.94680363004	3.43116780007	5.15256268326	
0.109815188027	0.180924521803	0.626802418073	0.958329679386	1.30321359328	2.26601411598	3.08289077161	5.60551639258	
0.0979530729126	0.15616220431	0.670580220895	1.02980929671	1.56272695495	1.75146893459	3.67073371229	4.44571684181	
0.0978929516706	0.144462740398	0.697426848685	0.953586166662	1.47442509337	2.44680732941	3.3510386867	7.41385343082	
0.0940410744102	0.181273484257	0.651431322685	0.744090737003	1.40070617164	2.57421602585	2.83719452989	5.28561202157	
0.0971918901385	0.151517704049	0.540112243411	0.983607754868	1.45569181476	1.68082565552	3.86833397605	4.66450953404	
0.0928093255781	0.150693946303	0.566524777777	1.05802573381	1.5270659415	2.33037245264	3.2190851522	6.24029627324	
0.110723694759	0.150672285736	0.506705053582	1.00116547387	1.41339544563	2.5067349751	3.17149930515	6.79329759444	
0.116383957256	0.174436469239	0.641980856003	0.851179571215	1.28829213994	2.17532415321	3.59016725393	6.34811121625	
0.101592362377	0.152619951569	0.517600235608	0.87888912822	1.3419543658	2.67018561353	3.28274618777	5.81932344119	
0.105153994816	0.152050624456	0.623754494275	0.781451137006	1.39014228652	1.98265423892	3.94396943159	5.72194361936	
0.09252803119	0.166672507913	0.589896618844	0.938303064632	1.19037069026	2.00756449396	3.43501303792	6.2458801798	
0.0947909109244	0.122748263519	0.637605632759	0.958962668476	1.30599515468	2.27542200579	2.89474644057	6.1132389905	
0.0821528991178	0.163955969594	0.625069776448	0.986959211112	1.44585698084	2.21114179043	3.38161644878	5.34804539252	
0.105656938622	0.133845706399	0.723738553473	0.958457095158	1.60930751578	1.96409844387	3.36925405843	5.75267960789	
0.102557337588	0.152324995782	0.609386122856	0.772443275548	1.49064983994	2.04855500668	3.20314517519	6.7532799216	
0.0914770140374	0.147963684683	0.672941178278	0.779743412853	1.47132513206	2.35554922097	3.7815287757	5.60096039649	
0.0995741241508	0.17975544795	0.536685972522	0.925869397571	1.72599067319	2.12481681841	2.94923195097	5.99074482658	
0.108663825332	0.130742520563	0.569432855292	1.0447291469	1.61571925678	2.38412743186	2.49001195766	5.02296536829	
0.101360490348	0.173889191655	0.709023983658	0.879250042634	1.13237814119	2.19467889436	3.57060053802	6.47552246071	
0.0983490714309	0.165919434648	0.680514455093	0.938097951962	1.5823370574	2.20115370101	2.44104504	5.35891394178	
0.0923160605605	0.144580326092	0.607604644509	0.973571396436	1.29839514256	2.08674181524	3.29312304361	5.73566860233	
0.0943076973767	0.164471058495	0.700444547011	0.992167182328	1.23055782287	2.00109650165	2.54381343459	5.5572836482	
