7	72
0	1	1	1	1	0	1	1	0	1	
0.1334854273	0.364065864293	0.592525190021	0.984039972996	1.95838883644	2.73118466364	5.98440011543	
0.1486878744	0.356190340386	0.537786273884	0.790495266916	2.02533901194	3.56577328294	7.43514838638	
0.170305566711	0.405423041568	0.558082442749	0.958302386704	2.36256289557	3.33224645405	6.62028678061	
0.159788266677	0.48374154049	0.671765031067	0.735224292513	1.87445043762	3.22070556499	7.01879042036	
0.139595299179	0.366205234964	0.550573389042	0.915116366349	2.42896549417	2.50232089486	5.8141239588	
0.131486180975	0.416616307168	0.621267231098	0.871191923546	2.49697836192	3.24297830856	6.47615069561	
0.171056560631	0.372473567935	0.576780053594	0.894785007728	2.1376802342	3.23653130659	7.14496277609	
0.165102020783	0.34434108225	0.715780082279	0.998626548758	1.97327100491	3.27605305741	6.05006811706	
0.155160157572	0.354214424076	0.635875345799	1.0795499815	2.35923999484	2.62086350748	5.61417963564	
0.152265498248	0.382230098703	0.687552481711	1.06533056496	1.92433376691	3.04933219021	6.50356583841	
0.176004245758	0.410298073892	0.62663693231	0.916498189961	2.46411961328	2.77370507431	5.0439368446	
0.177163532895	0.376037586941	0.568648988792	1.05279842469	2.22942951915	3.22535601977	5.76625468807	
0.15780214713	0.406902749604	0.595649036504	0.965591508672	2.10911064307	2.76609344971	5.09058017445	
0.158640787832	0.370560264085	0.641751298535	0.813419742061	2.41438564221	3.18691844119	6.12458092664	
0.168449148917	0.365017525455	0.640229464201	0.975179619417	2.17548231446	3.55247200863	5.81015278401	
0.164167129799	0.465466835201	0.659884507445	0.9436765418	1.96010425937	3.75437959157	6.22482485933	
0.147469757618	0.418816235867	0.63289804125	0.949011897832	2.11105082988	3.40604966781	6.27656830055	
0.124102046661	0.375743679375	0.672239269722	0.895665562368	2.43085428023	3.28035623931	6.61750019514	
0.154702238506	0.397822914975	0.557074501622	0.843321777086	1.91713453077	2.98995391723	5.85480503693	
0.145279164341	0.377204815736	0.695951815148	0.987831438996	1.95372686919	3.06987818895	5.54753881037	
0.150103240213	0.351474318018	0.484955022365	1.02397429966	2.0866934724	2.72221142395	5.63632694438	
0.121589088229	0.33757040894	0.516371460514	0.913083387244	2.64004123161	2.56819624928	4.99511044515	
0.133832620293	0.418911767444	0.672723267384	0.979394394648	1.74956794259	3.23646299746	5.32220271756	
0.129206785423	0.379758946157	0.579169792294	0.902148444215	2.23692667318	3.45325905104	6.2853271112	
0.143645445678	0.338543269683	0.521513774917	0.940619091145	2.10240112384	3.1640289317	5.09591525372	
0.156129510566	0.360295210989	0.643132332706	0.928334077639	2.23485924942	2.57773321453	6.73237806005	
0.154583387821	0.335123080676	0.613291236034	0.819329841724	2.23092913667	3.15654462888	5.32352467816	
0.153913541518	0.325566265055	0.653974523523	1.02487722976	2.17935672835	3.20625069174	5.64531590989	
0.143964867585	0.360799370606	0.594854555196	0.958289178769	1.89785627957	3.24166093749	5.8570118296	
0.139184989593	0.412351561105	0.653481151672	0.956037340024	2.25058743536	3.58684415881	5.23113698223	
0.130494375119	0.366552530958	0.622501203326	0.889226758142	2.30244369668	3.45027994986	6.55224145577	
0.139879921461	0.373749286555	0.539116702297	0.89778032506	1.90050426515	3.10157933127	6.25049967994	
0.163812525253	0.376513582897	0.481251201384	0.941773786388	2.21317069221	3.26199676416	6.29181895028	
0.149149751269	0.368874493088	0.63741267199	0.956296152852	2.207944018	3.58521378157	6.36913937195	
0.169003954984	0.385226084266	0.720659230687	0.999148240136	2.05230403828	2.69122044557	6.07529391137	
0.171287034958	0.395229093507	0.648395572553	0.774136702535	2.30608865748	3.79649308161	6.0673399934	
0.158401428296	0.444097001145	0.644656628221	0.889331513975	1.92282190329	2.85000500846	6.57682543679	
0.184889358331	0.427923350026	0.582726999617	1.12401356363	1.93231458981	3.42003727651	5.62429097367	
0.115505909634	0.427224244652	0.648687833515	0.819211974394	2.28582468586	3.19408416005	5.94702524555	
0.146655606203	0.446640580029	0.637154557062	0.957074795474	2.04626685348	3.34971927311	6.18804059645	
0.157329426198	0.477117518587	0.619589749843	0.88074270546	2.19334160741	3.16238838185	6.0574545175	
0.129533469543	0.359925761188	0.523202551021	0.862834128569	2.07602659087	2.64977059551	6.43441170579	
0.127894335582	0.355692544141	0.558849345273	0.816138452407	2.40070690616	3.49209653531	6.31195500534	
0.154072904078	0.390246004598	0.601461712403	1.05448223425	2.211237421	3.48639630559	5.03316650416	
0.130507382206	0.401851256302	0.626021224507	0.984571291822	2.04557536399	3.65877751126	6.65558271698	
0.146600198964	0.339916254332	0.596420056614	1.03821038854	2.12857260744	3.55790687739	6.20375353352	
0.168934495779	0.31463047195	0.607006295205	1.07275023158	1.84216873827	3.79729682067	6.04582677557	
0.138492840265	0.351625065834	0.574606332822	0.928096699377	2.34434000228	3.42812120286	5.34249255513	
0.145523386422	0.371601640806	0.641427098103	0.947888771385	2.37999630253	3.59850557716	6.4388754374	
0.113233995041	0.346158022682	0.545748616705	0.985784184949	2.30625204596	3.66962448942	6.65986112964	
0.153093982597	0.362139410337	0.661645969824	0.816368256517	1.94597637849	2.68241534305	6.28427680114	
0.125940963583	0.336827954074	0.614363305645	0.913639510757	2.03286222705	2.37407917501	6.77670556435	
0.166284096139	0.382478491334	0.644807111782	1.09496843154	2.06585324571	2.66396734062	6.52878776023	
0.127739535991	0.383638538229	0.597600282168	1.12720263888	2.37918186455	3.70331915779	6.89742622823	
0.149670771586	0.356067874119	0.68511875339	1.06940448858	2.24286247612	3.23749433382	6.76061944347	
0.141809854212	0.404119624759	0.584465702693	0.963995162467	2.28487555558	2.38958143896	6.63351743116	
0.134782066832	0.419401138719	0.625409618613	0.927234594519	2.18778597033	3.17423362838	6.85122547944	
0.142683688022	0.353636806493	0.653423773783	0.731995418409	2.13800143523	3.30868648532	5.64583321371	
0.129232847676	0.34724944007	0.635173967867	0.791216550405	1.85000323978	2.9356582795	6.20188356706	
0.132628671327	0.388792147402	0.655908977364	0.964021655518	1.99947291717	3.83006905178	7.37033174037	
0.140914769925	0.296887343932	0.621142404998	1.0187636775	1.6110654357	3.39743684464	5.27757838517	
0.164674565736	0.326368157438	0.625976211008	0.958330030942	2.11669115431	2.23634947912	5.61347107636	
0.137502277996	0.322921899887	0.569234321213	0.943331849029	2.31876185326	3.73367688814	6.61543069735	
0.167449318325	0.384835676141	0.660511092442	0.721135968407	2.46955485849	3.75465912173	6.20323288066	
0.139811072525	0.420756970371	0.718196030357	1.19370944711	2.17467443665	3.21033864636	5.43452209396	
0.159378227495	0.380569317957	0.639465945765	0.890840767324	2.23728460406	3.505369615	6.05192611985	
0.151538653156	0.432462232872	0.589126042311	1.02311527016	2.27573370318	3.77893695855	6.56941397586	
0.163655486891	0.432232560071	0.539445884349	0.999384405017	2.49573430061	2.8218430239	6.31832178043	
0.176141666435	0.348995448732	0.664259479062	0.945240355091	2.00315875877	3.55428190022	6.29017889148	
0.166276780225	0.374184590584	0.586954445173	0.670202699843	2.18965106385	3.60399908677	5.38291515495	
0.13838509982	0.399895746242	0.642984647928	1.00904770068	2.14926232896	3.05649209741	5.47344772153	
0.137665057896	0.34636999754	0.544126704338	0.925653645924	1.99916682212	3.4575834781	5.25013785589	
