8	52
0	1	1	1	0	1	1	1	1	1	
0.158312296954	0.326910039735	0.612790832734	1.39406693955	2.04713019329	3.39576288817	4.71181751653	6.7157440884	
0.162665169353	0.409045106061	0.580024814513	1.28447790072	2.02300185781	2.80276263671	4.48669182796	4.93833661409	
0.169009502618	0.397805149103	0.628047532319	1.74191570831	2.07045385943	2.81110755876	4.85593466912	5.85257400787	
0.130484278935	0.437725368586	0.663964987941	1.62695737291	2.04440745117	3.10029993037	4.98397642469	5.6643494932	
0.145646822327	0.399977275538	0.699970385358	1.09061071745	2.07349675884	2.93077147329	4.92156628031	5.22291649654	
0.157007872404	0.301600173789	0.647754173318	1.55707210298	2.1659855774	2.68658654311	4.57476489918	6.09981938376	
0.151370325566	0.404020890505	0.50149740184	1.56540008308	2.39690181307	2.53210153215	3.73915829035	5.99208693911	
0.129944572575	0.39853128621	0.63556604619	1.52582326427	1.75191142951	3.04212545742	4.47137627014	5.19109640022	
0.13921032909	0.387703418615	0.590520669917	1.52127583284	1.74827671206	3.2968128716	4.40916634103	5.93710291878	
0.145746284732	0.354775107776	0.581323635335	1.37358654013	1.94609207872	3.27259871477	4.65287685668	4.980857997	
0.151996418237	0.347675409646	0.556574639219	1.58369698692	1.63723800909	3.16680433994	5.03661101755	5.60025920354	
0.162469061394	0.387786122581	0.486057480007	1.507276883	2.05102657677	3.20243434959	4.40162577302	6.08850786882	
0.176797698354	0.378252740468	0.572454027175	1.3963092789	1.8941073773	2.85260096747	4.73833244752	5.15590426441	
0.142428620013	0.341759742373	0.581358195276	1.22082104925	2.19179625557	3.41871816531	4.86976265511	6.03583703666	
0.151753616076	0.36074295415	0.596686020394	1.44471824524	2.38673951557	3.25472292147	3.37460298852	5.81914393421	
0.159712129946	0.340296259432	0.568888703081	1.29792668575	2.0495850104	3.37526381465	4.47808641764	6.28828012479	
0.159953602312	0.44045739215	0.641460383291	1.54524218133	1.91797385006	3.11732808824	4.44603353997	6.22448503764	
0.171420835423	0.409365805988	0.566260625304	1.51377975286	2.27521093029	3.34900379309	4.16272446656	5.30802083596	
0.148837218855	0.383331672414	0.606087925661	1.61343266116	2.0485313955	3.60357339809	4.58925678764	5.4651127227	
0.136067137201	0.329300888097	0.577849628899	1.25386352583	2.27478627556	3.00627484345	4.3146070726	5.84043536865	
0.157585306108	0.370892131485	0.520083418349	1.38303596026	2.07382269491	2.70561904368	4.69984045282	5.86660156806	
0.173399306071	0.35172209622	0.449698198309	1.42821013952	1.96500507809	3.03467688643	4.55496240233	4.6971845787	
0.164174478191	0.34032187534	0.603998500485	1.36035501725	2.29893225313	3.34841999309	3.7616264028	5.51041792811	
0.161227894097	0.394011948881	0.617027848505	1.59965111508	2.01311082855	3.37295713805	4.50117489578	5.73433745213	
0.153347508677	0.376102722688	0.489964689418	1.66145576148	2.06252825101	3.5315131122	3.71983507468	5.76878288073	
0.147344875135	0.380821437627	0.637167892637	1.35045068677	2.21934606281	3.51506923843	4.58650058152	6.18723814209	
0.153456712407	0.384884076362	0.6020023083	1.12089786071	2.39222631386	2.97905197985	4.92795215359	5.90852769968	
0.160861471452	0.420316148022	0.545591282401	1.40708671391	2.13409752854	2.97748629686	4.43433268645	5.92341270148	
0.151357789268	0.421785120795	0.660647768622	1.61263181069	1.89316716944	2.89760031582	4.19106336699	6.52580638112	
0.141644671364	0.375108789015	0.619962788666	1.14807336163	2.08937478509	3.17640221905	4.42827741363	6.57878453376	
0.122430931654	0.341324661347	0.605409142087	1.51210266276	2.42816694098	3.59557467725	4.32377523793	5.12058771085	
0.150714361927	0.377913593089	0.649330040745	1.57209573815	2.06988244787	2.95237291981	4.93945820448	5.5734255035	
0.13640677497	0.335412435989	0.529254316173	1.78657046859	2.16613000864	3.1157432434	3.77731036641	5.69278367606	
0.178764062684	0.355216804363	0.606057465057	1.37180575606	2.42431032282	3.17694175279	5.01939652115	5.41567301069	
0.153591087978	0.302910216444	0.605390561317	1.47985189402	2.1053869634	3.61740220662	4.31962050017	6.31462064439	
0.15958162097	0.339386498074	0.684338901408	1.49608465691	2.14410614917	3.45243652121	3.98064609723	5.58640947688	
0.157596638736	0.336315438575	0.59931017062	1.78770267116	2.36035033932	3.25198187598	3.93030875941	6.4270917428	
0.151818695739	0.408364142477	0.607119589579	1.47724091057	2.13905822541	3.78094432072	4.58120763178	6.16332655499	
0.145699310768	0.326502583695	0.695904778304	1.37439322803	2.27480281374	3.64063901168	4.4360250373	6.9075134791	
0.140560989731	0.30582903091	0.554261017166	1.47877561262	2.16928652803	3.41563089298	4.28519808355	4.56769680709	
0.153399681989	0.393926514272	0.620253612664	1.38543546475	2.18323585829	3.26736656945	4.52657903652	6.42011991364	
0.126981203379	0.369945635641	0.629916970952	1.32031642274	2.11725800539	2.80971385702	3.73968907654	4.86091587195	
0.151771842022	0.356154106724	0.61018207892	1.62594980932	2.08353956565	3.38203385655	3.89937930133	5.32217107946	
0.114393835725	0.324457966244	0.549050093909	1.37220705276	2.00677120054	3.14520341544	4.65435336121	5.52499121243	
0.14697087846	0.386680593107	0.56025430156	1.37087036739	2.23499764168	3.79420780871	4.77115797429	5.2672617674	
0.138299522856	0.33682026927	0.625126903793	1.54459901095	1.7703089442	3.2267226355	4.24574880895	5.65426602394	
0.145827953446	0.368158216902	0.553668748737	1.48138961824	1.98080399639	3.13637834555	4.29059727011	6.75841754685	
0.144192217336	0.455119504915	0.634536321081	1.20404107947	1.91775589597	2.9986167934	5.15036655934	6.67280903391	
0.177419714533	0.380680182116	0.577052804215	1.29152220809	2.35427570126	2.88933480972	4.63590133289	5.76700439389	
0.162669418808	0.37271277591	0.642275199848	1.42011015266	2.11136286353	3.439392046	5.09139838627	6.38147369363	
0.166027759692	0.326920650834	0.642283803215	1.51538889277	2.18618707964	3.03648153376	4.70787919108	6.80204394184	
0.147849623672	0.368809371623	0.563756739617	1.78330670352	2.17589440521	2.93989602258	4.3033746853	5.56518373713	
