3	94
0	1	0	0	1	0	0	0	1	0	
0.127801849554	1.05316578193	4.48367693117	
0.145704159822	0.966977123133	5.12955665132	
0.153241031311	1.03626651379	4.3678633082	
0.135579906243	0.951595903291	4.1861885976	
0.160331213422	0.891932467765	4.4619558415	
0.116394009699	0.918400923979	4.3908366672	
0.167444457117	1.01091997119	4.51089826516	
0.125543427696	0.889058391197	5.02381083981	
0.147023259716	0.830791440659	5.01832075458	
0.125647289222	0.919496882153	4.75113769279	
0.151890808821	0.814538713222	4.08186339779	
0.139530351881	1.00295566513	4.57673631633	
0.144186847282	0.968028690994	4.16241592826	
0.161075681633	0.971901885386	4.39897538706	
0.147566001914	0.89821042115	4.94817391023	
0.153241377692	0.909866723069	4.06336009362	
0.158842373171	0.980476232433	4.26346091194	
0.143697645871	0.919117674253	3.9808684526	
0.151105602284	0.776974281042	3.92423875316	
0.142356083923	0.871568556852	4.70312591686	
0.154244960715	1.05802604074	4.54178151845	
0.153091949523	0.821835953052	3.97756047346	
0.150966400106	0.937599209142	4.63031566483	
0.169044509211	0.826136908411	5.26046039772	
0.127649845601	0.964683465431	3.93914074718	
0.160862056984	0.792003377189	3.2703865463	
0.15218804931	0.918376840512	4.99773169842	
0.151167986787	0.860728533109	4.25708547471	
0.19824030252	0.848664550472	4.73604713283	
0.156032997036	0.980951071844	4.70979626882	
0.145985734171	0.766129463875	4.57003389892	
0.149807690826	0.941525668439	4.75435437699	
0.143795736287	0.872312947676	4.90537940518	
0.14506729775	0.884084180233	4.23889071937	
0.158918533304	0.910491776466	5.49576350525	
0.150861718726	0.817786002935	4.30340668867	
0.159829811933	0.874184071379	4.49225168479	
0.164676831065	1.03498468242	4.26401197131	
0.146147654794	0.939004693537	5.10404690677	
0.133502950655	0.963454406071	4.52494838287	
0.136544697424	1.04507246756	4.94565316258	
0.173074150565	1.03975885172	4.50458979428	
0.159291368551	0.960860560813	4.09181301954	
0.130433912079	0.964317896122	4.54341284952	
0.144953798494	0.921409695115	5.29625872293	
0.117305852801	0.989510358397	4.87913451348	
0.16451586145	0.801813080188	4.36806326007	
0.144852858198	0.957154683387	3.99176673554	
0.155677162987	0.847716741919	4.36608900026	
0.170175795661	1.00832030035	4.55572218589	
0.129116110689	0.960911374539	4.67981699836	
0.11850878255	0.962628954797	4.01577020156	
0.127806371595	0.825655727732	3.52733450698	
0.143886201081	0.836508961452	5.01326285654	
0.144614078882	0.863056065594	3.78315074673	
0.14358107566	1.0558707526	5.19629355977	
0.144528893883	0.92353572256	4.81630620884	
0.134616885606	0.964322708546	5.56502818669	
0.161476708011	0.99818923062	5.10471590106	
0.163556762067	0.906487803675	3.96909107581	
0.147997588799	0.839819632967	4.3731546622	
0.136931287888	0.893741984642	3.8316033307	
0.13960029351	0.967712720097	4.79607205837	
0.156614162808	0.895033644147	4.55617016344	
0.179159502357	0.862970428342	5.2222143567	
0.128342108008	0.771078115056	4.43372331358	
0.149438274524	0.824851282915	4.35189909525	
0.15603927597	0.83933730615	4.9571604527	
0.16687742811	1.04578980685	4.09144501989	
0.138331999609	0.91392280399	4.37749086714	
0.145114641258	1.00028549837	4.77525197744	
0.136881525034	0.82387184418	3.94241716221	
0.13681412862	1.00866773654	4.56449803725	
0.163887737561	0.771898187843	4.62302599679	
0.153908867177	1.04162960266	4.31590840103	
0.142802618443	1.07010446078	4.42304403253	
0.152659060721	0.974295780249	3.74950930333	
0.150616532036	0.814202195969	4.46056678711	
0.145581543659	0.882907694234	4.78200270761	
0.151460952331	0.831336070591	4.00732031465	
0.162602259872	0.926486595017	3.85915461762	
0.143752564334	0.915357249583	3.94473515019	
0.140446166427	1.01536047345	5.62033271717	
0.154539933899	0.803996977132	4.40205371315	
0.151830448773	1.00312995951	4.86449646261	
0.170463791855	0.929855775881	4.50795532583	
0.121680945876	0.835811538685	3.88698669844	
0.137390376742	0.822875915	4.01211337097	
0.166339173505	0.751105864278	4.41074186031	
0.162962358877	0.901961161323	5.09719879256	
0.14100642946	1.09281912138	3.79412230953	
0.169934633802	0.846835839181	5.15020429087	
0.142978938316	1.0327269722	5.07321036292	
0.141330711627	1.02503640258	4.48741527355	
