7	67
0	1	1	1	1	1	1	0	1	0	
0.143354231814	0.412621282208	0.561604011195	0.901338192789	1.35376594006	2.16926000024	4.46930279902	
0.14359335943	0.378679549045	0.572550487742	0.775075011932	1.39905342332	2.06240935438	4.28587401219	
0.139545527281	0.318165513861	0.580185766108	0.92258916065	1.29531706526	2.29476200044	4.27941706122	
0.160379166493	0.333587593542	0.628879604026	1.06712121961	1.38209853531	2.46066900861	3.91255924844	
0.14774984987	0.351969636081	0.666890497758	0.888717824615	1.43229864267	1.9882789695	4.81959460983	
0.156534317712	0.37793482737	0.621542607753	0.945940780041	1.46323083352	2.22028619254	4.79633946699	
0.140999237057	0.391946643255	0.598319114369	0.764971982823	1.37237938623	2.05515213823	4.28938847001	
0.150887270529	0.399614545402	0.55174631039	0.7900083681	1.3437782685	2.32578243184	4.18620561627	
0.167271992685	0.425326321028	0.607763586281	0.798827549284	1.30320649196	2.34471224624	4.33955226085	
0.132660469615	0.363039543902	0.631167204902	0.914579274572	1.56481566463	1.78628742158	4.38388850902	
0.180691593906	0.367965963837	0.692185350561	0.88760582615	1.36188499303	1.84030256599	5.29011434176	
0.172647110104	0.399674700274	0.508621095915	0.706473053662	1.41527795998	2.05823244933	4.29289036261	
0.137323935797	0.374799939773	0.610156501768	0.977247706242	1.42925328893	1.93429625113	4.78293459765	
0.148527853092	0.428895561316	0.501034513941	1.03135703558	1.15859212427	2.0207538973	3.63633377431	
0.142233895524	0.398742823564	0.648107410745	1.004249742	1.67822674851	2.02407737252	4.75770589492	
0.171209576405	0.386821149097	0.652762880155	1.10380364035	1.53417933372	1.97903575716	4.52360540707	
0.14834481421	0.334401560158	0.533071053791	1.03173288461	1.5152976384	2.28817899989	4.63553483436	
0.150811051478	0.355582981902	0.702783863611	0.944239466151	1.20751580449	2.05865065703	4.43234772953	
0.149174964998	0.422077025814	0.591167032081	0.944995153178	1.56291891703	2.35226646391	3.88001705492	
0.161328597667	0.407574884605	0.715701422968	0.930831993231	1.4903075213	2.25072195213	4.59900829375	
0.127297024902	0.331825405203	0.579482261433	0.817864663182	1.41749559056	1.97005921852	4.10456059971	
0.133481253268	0.378517191091	0.640022879821	0.960222868928	1.3057274489	2.57214161245	4.2132133073	
0.157344380021	0.371694337208	0.656861182144	0.895286332721	1.63232045526	2.15218898985	4.00796668046	
0.152102194766	0.403207577844	0.586457120864	0.955583190552	1.57676657455	1.92642425355	4.20704323522	
0.16145414789	0.335886098518	0.558734725018	0.931056111733	1.5918946416	2.24409265046	4.24163842532	
0.134091071638	0.381133267004	0.602910360248	0.919482152374	1.47389899807	2.10848706174	4.7773531351	
0.140879930192	0.456978758968	0.550280719965	0.85036865181	1.57550264905	2.41433673165	4.43456824423	
0.148167015952	0.404593974753	0.666453946783	1.04540435683	1.3323938774	2.07257471221	4.76393831441	
0.151668688254	0.376723532105	0.507670898145	1.04723987792	1.3411886269	1.80253990175	4.34843502051	
0.142383274528	0.398158786731	0.564248561567	0.870422464699	1.59047653861	1.8949799802	4.52912405684	
0.134373214911	0.36538614957	0.550667003394	0.932409669844	1.2436673702	2.20318253605	3.94571933202	
0.122513613332	0.335260921484	0.603520317193	1.01035363757	1.04011505481	2.44126986947	5.20643778593	
0.151743441622	0.429678711519	0.529006570222	0.923043582536	1.48867483354	2.10799014527	3.7071882007	
0.171603240474	0.373037450354	0.496310829282	0.788403307987	1.36316760487	2.24805582107	5.31753007903	
0.148986305594	0.421888689162	0.604930342046	0.882722983274	1.47209054357	2.16185539486	4.30364933348	
0.133051854456	0.411590013768	0.611114797727	1.16001135058	1.24894696028	2.10358713058	5.02873997047	
0.14594111509	0.441028247846	0.61909250982	0.824056610811	1.58908232692	1.64982955139	4.48266885207	
0.13665682253	0.359842958834	0.597470326253	1.00382403596	1.58506158653	2.12554831733	4.04981170527	
0.13898853239	0.343847979856	0.548832802445	0.857608784283	1.64610012357	1.72755321561	4.31717974295	
0.142476814409	0.366105953356	0.568596041934	0.814324087755	1.50489483816	2.28825336414	3.94911146666	
0.166668159429	0.419826180027	0.571088811081	1.00796863541	1.30182150192	1.99003268098	4.07367022036	
0.151790736492	0.337372461426	0.688981893497	0.728603365369	1.51557549231	2.3423577977	5.0358162269	
0.1618379771	0.368350459133	0.666270841801	0.8066464016	1.36699772091	1.8616944882	5.2938326169	
0.138923818477	0.339376068787	0.583638157781	0.935102093292	1.15317893037	2.2235791563	3.93992505458	
0.151644517082	0.407369623948	0.578105804302	0.943818368643	1.23143323607	1.85888276135	5.28342896489	
0.14362122163	0.328678865056	0.65527539965	0.904729025457	1.47047607233	2.61534588021	4.18803775925	
0.166199313266	0.327395795901	0.617356329534	0.77647201113	1.20647410118	2.01488233413	4.49577677865	
0.134647381043	0.40930214301	0.621710673092	0.884732791818	1.33706416668	2.49898036805	5.03000984274	
0.144244607797	0.381690199568	0.606792059269	0.940861889958	1.71352517791	2.18129972308	3.63119916562	
0.140850294514	0.30644967062	0.587741660571	0.943429089361	1.43599195931	2.26005520769	4.15343086542	
0.132926820078	0.310249652925	0.513991696627	0.859446783887	1.52606961592	2.23591180169	4.95239901543	
0.148244886791	0.463914283604	0.604115050508	0.934872468222	1.14288480088	2.24132843537	3.76066749122	
0.171437570716	0.38862881227	0.605955669124	0.87186773754	1.47815794216	2.32824811828	4.55240934957	
0.166123501955	0.29575390233	0.644268105485	0.810732088449	1.61860693262	2.13959590698	3.89844518291	
0.150119791743	0.347686474453	0.696607296698	0.800065874375	1.33927519475	1.96336934239	4.61429715695	
0.157451996308	0.402053759765	0.559088685158	0.951518597539	1.67840285771	1.71150059748	4.06156581772	
0.14623681804	0.319908436846	0.526503098785	0.764967059656	1.52614942869	2.40027351122	4.22393076954	
0.139264044596	0.410451968451	0.624249902605	0.856394422238	1.62847127438	2.22286864555	3.95260183284	
0.130270633535	0.329274053947	0.610484813921	0.690907501599	1.4952788619	2.18978950804	4.28201274388	
0.136957084072	0.378256120206	0.674184521302	1.0859970145	1.55253203179	2.28656323292	4.34669589682	
0.145021071926	0.365330211442	0.652301774153	0.939319458331	1.29797186662	2.35345990776	3.51496765645	
0.158654072461	0.351352752702	0.682065215667	1.02517974617	0.973150078507	2.07256156141	4.31219011048	
0.171506107666	0.377063901654	0.60180061148	1.29138632282	1.39168703476	2.34581328319	4.46934906238	
0.150927811293	0.37865106612	0.565661102656	0.875759125416	1.47593233244	2.17617213751	4.28111289122	
0.144201880707	0.350606641292	0.604182535251	0.993465646196	1.49410277865	1.94381467356	4.95900448273	
0.162099923477	0.382225298197	0.61594379748	1.01903398497	1.38270107143	2.02907948047	4.66997985743	
0.175452113369	0.389909388387	0.62952049179	0.941640240735	1.49767849942	1.76109459662	4.09233127717	
