8	71
1	1	0	1	1	1	1	1	1	0	
0.0919794402447	0.180622127447	0.560656447461	0.798915420162	1.45958073106	2.47965682178	3.30303483824	4.60071266327	
0.0910330860916	0.141991867038	0.65222342756	1.05617779615	1.31110670635	1.93177794349	3.04283578822	4.70611034776	
0.0903245831572	0.14894336194	0.493363298299	0.950484194916	1.4612303296	2.16767360222	3.34270122469	4.78599373238	
0.103883354109	0.162726895829	0.673582783749	0.929814456536	1.19546160972	2.01134795727	3.51292587231	4.49978517402	
0.0876446335736	0.155039500892	0.625855348843	0.893181082358	1.346574176	2.06199186868	3.44052085668	4.11647892959	
0.121981999395	0.165177283209	0.63668897049	0.901635217131	1.41309647488	2.22892158808	3.30689248299	4.28232065243	
0.112095428737	0.183026673178	0.72975791755	0.930383314692	1.29597507211	2.07077041509	2.99498506329	4.10669195083	
0.0934854945531	0.166056382361	0.613132373254	0.989026672117	1.50782941019	2.24978635531	3.05592791402	4.34225492305	
0.0909955489652	0.134470688355	0.542918385991	0.767359383998	1.38594795228	1.94088089303	3.03211840713	4.06387607748	
0.102205772043	0.148564247536	0.593483297046	0.953693990281	1.35019369576	2.33002324913	3.366487552	4.64720504847	
0.0979613029629	0.160047343101	0.559487324856	0.907870514375	1.64851645162	2.16913900976	3.09674308604	4.92915561441	
0.0874385212772	0.120772794694	0.60350660544	0.874985053493	1.04897399119	2.15097721077	2.75165750567	3.7111460475	
0.106503264265	0.157224998745	0.705414858724	0.881051423366	1.49422429058	2.14693986631	3.45403206634	4.71180177083	
0.0905934355781	0.154125378205	0.616803562679	1.09228565098	1.39390602889	2.01145328238	3.46636432445	4.62387620129	
0.0966080393096	0.148221241928	0.657048673706	0.86286381283	1.44852408599	2.54928068326	3.03301639239	4.3548794018	
0.107499199397	0.138730858897	0.604036951838	0.920444571328	1.41635474019	2.39926260199	3.78179914693	4.79427691663	
0.0796532072241	0.161076272486	0.679280725394	0.982419654252	1.45661240623	2.12042508524	3.31147821747	4.22478466489	
0.0945590370219	0.174648161847	0.606539822461	0.907163481777	1.43323834741	2.2342095482	2.9350318964	4.92797469152	
0.111362673119	0.156623699957	0.61481402882	1.09571167432	1.57321897292	2.10518496554	3.64250734184	3.70905326633	
0.0870939305919	0.141263177219	0.605021290094	0.914455980069	1.47870385698	2.15310192668	3.35921183603	4.11788743925	
0.0971517755946	0.139707600488	0.68925278162	0.815637601077	1.46810884386	2.15995950221	2.7238608977	4.11300132854	
0.112472408093	0.159756721298	0.536261514643	0.751790866465	1.61285775948	2.42964425616	2.98961269209	5.14551352969	
0.0936813676372	0.161982718984	0.480589564441	0.87657184332	1.36717158198	1.88180359609	3.27521323104	4.74927885236	
0.106096613903	0.156963545539	0.68453867695	0.925057763002	1.39896802199	2.33650648254	3.45791810845	4.27468198467	
0.0914283716634	0.166691898476	0.608899550237	0.909342696857	1.47504087898	2.17887263429	2.82530293475	4.66416420623	
0.111423773642	0.131332967659	0.552692492479	0.850453659899	1.63576802222	2.19634555556	3.41120866712	4.42139041519	
0.100243208092	0.122157814171	0.611011166308	0.907071557407	1.52477638041	1.87455010987	3.19339682654	3.60277524374	
0.097506201712	0.146392893817	0.565472242475	1.06245753102	1.47322931729	2.19937527532	2.85871807006	4.39574177172	
0.092195077571	0.146085066973	0.731677643173	0.900967343443	1.23882126004	2.18557094894	3.12540268258	4.12079349277	
0.112061313306	0.145306232864	0.536638625738	0.791346333212	1.14072492877	2.59829941287	2.83270380197	4.44717123279	
0.0977638954103	0.138235910968	0.66054205992	0.910206078242	1.43335851752	2.30769572163	3.05160502783	4.45282656904	
0.112566751775	0.147358304038	0.615533747132	0.983421997502	1.80521917881	1.90220184879	2.93127369695	4.652770577	
0.0899347377446	0.151207036017	0.588955436479	0.888022100839	1.61164106042	2.19190173522	3.63748431327	4.20859516389	
0.101131989116	0.130506531015	0.651766626159	0.816791906384	1.39620566269	2.05358348244	2.95792387169	5.33778113731	
0.109435613433	0.1371031081	0.60950389122	0.978926663547	1.44473289932	2.13328630028	3.56497703173	4.41217428441	
0.114471373685	0.158491530501	0.563504484997	0.864379598431	1.37195477591	1.94820921246	2.81316977058	4.64191335066	
0.0979493050718	0.165805723837	0.559262581431	0.928989866987	1.44064661614	1.858954212	3.1778495944	4.21110417424	
0.113472266024	0.14639124928	0.607433804485	0.817525251963	1.51119137745	2.27470751156	2.46722552589	4.64047799296	
0.10263325433	0.153707599285	0.619234453676	0.791819257876	1.48442147381	2.15634293374	3.14229455442	4.6358362365	
0.104965449749	0.176315947799	0.551597106876	0.985804566405	1.55819514465	2.61250149445	2.58412762829	4.9433117071	
0.085918380049	0.155914921862	0.577676146019	0.997073660327	1.65533802564	1.94450724183	3.07222233778	4.69365215713	
0.0916247161626	0.140556750811	0.610882649718	0.756348330866	1.34142372544	2.13223042106	3.23564269675	4.78553354973	
0.100342058011	0.154823892464	0.554117828096	0.885640282116	1.58163798757	1.95520875717	2.84354833323	4.84788387681	
0.097252147462	0.140912549081	0.607993139267	1.01937063675	1.25343789801	1.80837284352	3.12927073953	4.24087637119	
0.108118876945	0.160085130996	0.542903723953	0.879147097298	1.52914487621	2.18120036983	2.86627786909	4.9130401251	
0.0979391507669	0.165458508134	0.537337048184	0.937429928957	1.50402414805	2.14057107818	2.73958347383	4.74720460351	
0.111562383799	0.145390601409	0.601735607085	1.00906469387	1.50983792059	2.25248597957	2.84465530236	4.83366890528	
0.113942067074	0.138714342945	0.641639809407	1.07096371648	1.24374325323	1.96914728544	3.52692435009	4.72485357903	
0.0926788740579	0.164959265335	0.603865908472	1.0305907989	1.27386479364	2.10987373065	3.51704378106	4.64572284898	
0.094918225798	0.141725336853	0.595131970835	0.937377314033	1.05565873635	2.34594209801	3.24098247546	4.46659635879	
0.0923782886889	0.134852693269	0.674026641505	0.960727787513	1.44711476612	2.1499433268	3.31837326787	4.82705822332	
0.112096018663	0.124044185097	0.640495231424	0.899388426399	1.30574702522	1.97255228076	3.77240850055	4.52640133741	
0.0970914561759	0.127309385904	0.56764197519	1.05058184986	1.27968261101	2.12852146177	3.1104258051	4.59316393185	
0.0959071173945	0.140315575509	0.621596924641	0.88732608497	1.64865503735	1.96961877992	3.59728217957	4.46436102862	
0.102288507109	0.156145667271	0.523110156353	1.03509307929	1.44116743139	2.22579939431	3.68041210109	4.52726774974	
0.0999565645742	0.159341322533	0.566571004561	0.929362647521	1.13212784127	1.975603518	3.07277474998	4.63877111328	
0.0947469722008	0.165415683738	0.707631539831	0.90306612297	1.4192228953	2.0461398617	2.74176065223	4.71046770754	
0.126812575494	0.137982188417	0.58053642505	0.9695195539	1.33981111179	2.35397629986	3.04390815506	4.09665669424	
0.106435973532	0.183919429128	0.585639429353	1.0430106068	1.53925646285	1.8406892735	3.54739024162	5.51409716426	
0.102906850598	0.143805939687	0.685162494143	1.0202719825	1.39295654005	2.13788799826	2.7439420019	4.69317824573	
0.0939065872163	0.12762249603	0.678229487159	0.898101732854	1.48581142695	1.85488784701	3.10613115464	4.65590157277	
0.103653470505	0.13787139393	0.587265584977	1.02197249378	1.53779176058	2.17072527557	2.92074975482	4.39569101766	
0.0984923181356	0.141998321903	0.533338460506	0.950289432212	1.41927203621	2.45809543783	3.15681047721	4.31541648904	
0.0778594462007	0.171155297438	0.497850953894	0.808849623962	1.53091624594	2.19813754204	3.27607861297	4.30753581097	
0.0840960684956	0.155401003361	0.637774936679	0.827749366552	1.46398699203	2.4097925761	2.69102018881	4.41227273255	
0.0913658099186	0.134436294988	0.606134348446	0.94944406602	1.46297638847	2.2746370789	3.29198542074	4.8856055098	
0.0957285364477	0.166142682579	0.554358938707	0.783487505748	1.52391965716	2.16654975375	2.83103177089	5.26695149386	
0.0831254597571	0.166740956496	0.71546495753	1.15809873219	1.55499210848	2.34651112424	3.71526406057	4.29244517003	
0.0886815572106	0.176702429552	0.549592171507	1.04540579951	1.56259973414	1.83465070865	3.76809934426	4.16644320556	
0.0944777976568	0.130401032681	0.517749297696	0.81332236815	1.56184930611	2.48216458513	2.58932937296	4.54961091657	
0.100821246779	0.133561731694	0.62727605174	1.09171974997	1.43222836396	2.25066425398	3.40302680255	3.6198299376	
