3	34
1	0	0	0	1	0	0	1	0	0	
0.101901829832	1.03628101993	2.84342121322	
0.0935985628734	0.915754200663	3.04967994601	
0.103165468529	0.848442835476	3.15273132188	
0.0877678184937	1.04458110618	2.49623012203	
0.0811268167925	0.936470414108	3.23095083699	
0.0890792140886	0.840245827907	2.61613019076	
0.100042184917	0.977662535095	3.25790704536	
0.0929057236304	0.851398910491	2.99739222283	
0.107234844235	1.03486720445	3.21584203956	
0.097673638088	0.979218184201	3.21904714214	
0.0966058639329	0.898152443106	3.58174324315	
0.103608744127	1.02486167023	2.99663829927	
0.0934052441041	1.0751095943	3.04199389603	
0.0835855044142	0.969190473304	3.1354714053	
0.101561964994	0.990557614798	3.27548258624	
0.0882363777461	0.868881457483	3.12201883721	
0.103566369369	0.97362096814	3.00622820897	
0.089628562083	0.753387995705	3.61334010403	
0.110430985718	1.00188623129	3.14107156462	
0.0866055804734	0.821242634388	2.9743058553	
0.0928817411979	0.968548710709	3.01278414684	
0.0948008638772	0.848094569247	3.47308246958	
0.110431448773	1.01617224248	3.33376915469	
0.112468605276	0.745784535352	2.78781440167	
0.0913126539707	0.974147226169	3.74597200634	
0.114693982668	0.951100160287	3.72545645434	
0.101556921633	0.821724787749	3.16773931974	
0.110770971574	0.93035160978	3.65728444837	
0.115997749439	0.79668850969	2.18120961842	
0.0950889458063	0.921691819332	3.60783945553	
0.115155192275	0.79428255167	2.68543875067	
0.0973024847179	1.09185937233	3.51470885502	
0.0994753166558	0.895122075879	3.06564125687	
0.118566078262	1.11729514402	2.74630892744	
