5	72
1	1	1	1	0	0	1	0	0	0	
0.0960657643806	0.141082963836	0.40805665536	0.680510116671	2.15918711977	
0.086643651644	0.171024243644	0.411008397728	0.542313320129	2.06829271385	
0.0858250068778	0.123436494037	0.434323823601	0.51175723047	2.6959422303	
0.0994301055987	0.152729479582	0.40092193246	0.513976464646	1.86856519831	
0.0927040719191	0.13859810582	0.304001566449	0.622462106058	2.16658173436	
0.104960748684	0.154002893856	0.326043645026	0.615479559217	2.06901862828	
0.094360443568	0.177998282908	0.384730307999	0.525669141414	1.89671678646	
0.0779991784228	0.135532016014	0.342944280569	0.56006721176	2.22082668714	
0.0850252108026	0.155883686927	0.43014581575	0.581974307355	2.21303361444	
0.0985711487842	0.153159172425	0.365845565387	0.645519021633	1.95423681547	
0.105726429115	0.175030798713	0.369099868785	0.497535370244	2.49016648056	
0.0763835603436	0.188663674896	0.405269856771	0.728414616681	2.42013996572	
0.0932535109016	0.145217693267	0.384987945777	0.639947972069	2.04467814728	
0.101572107204	0.15329856719	0.435688337219	0.553113545112	1.63763222126	
0.0865989556876	0.152575797395	0.409915912463	0.609191622122	1.88774116231	
0.0945573095213	0.152363355968	0.297862988422	0.610336858338	1.97738536204	
0.105935126386	0.144727896946	0.384433869182	0.661824755195	2.16060282832	
0.100375994498	0.148193591324	0.376439780111	0.638943595176	2.28575327666	
0.10530845149	0.134116729329	0.406300502554	0.522016651672	2.11797230841	
0.101941964887	0.170152152176	0.380887761408	0.61922338821	1.96432181822	
0.0893656993794	0.146118048757	0.388971708736	0.602165303549	2.03432035762	
0.112753452402	0.135738383902	0.470125440595	0.560617522419	2.02717191787	
0.0992178351865	0.149989584048	0.350303237989	0.590982912628	2.19849688524	
0.107921653515	0.134966896199	0.282655005358	0.50272184519	2.04972282525	
0.0909294042397	0.148256763134	0.339138683587	0.595663360865	2.31294339069	
0.0995234477722	0.156908852075	0.442726251266	0.587505768724	1.85398174202	
0.0850830000129	0.15906713216	0.403624464132	0.62707374369	2.49097962468	
0.101406121397	0.152208366967	0.39862059112	0.67462742727	2.44274668976	
0.0727444208544	0.141261979008	0.412889095623	0.568046927264	2.43127351646	
0.103629836317	0.157021116331	0.39121188308	0.525675606098	2.41714442413	
0.116951304229	0.173190882111	0.37734782598	0.582699723705	2.18257471981	
0.111255534474	0.14537816264	0.388848918584	0.507995164809	2.21834543968	
0.102777230308	0.130522921349	0.397871516845	0.597611585144	2.31887376217	
0.0811772105524	0.147131565818	0.447963759628	0.429116813924	2.06046517475	
0.0934582290707	0.151541023221	0.359148498894	0.613627039483	2.41727839574	
0.10820030141	0.146437827925	0.48491346386	0.670320269988	1.89538607017	
0.096822700394	0.171889027349	0.375159959162	0.591444820886	1.93735424562	
0.112196778364	0.146116442297	0.330163029155	0.531559150751	1.88746373366	
0.0986883783484	0.147388448925	0.35246571761	0.542291478626	2.63357163443	
0.0843324418866	0.147179325297	0.409764142835	0.621859326873	2.40703147168	
0.105892998843	0.175233519929	0.340576990806	0.661302008186	2.52480369485	
0.08410470297	0.171935217537	0.409517296748	0.606297993984	1.960182031	
0.0975339696211	0.124579477382	0.368781625886	0.60369719598	2.19618646093	
0.0933022288679	0.150994015034	0.385682559285	0.734057665589	2.06333564538	
0.109390242626	0.123501199316	0.404832561038	0.596283732588	2.09722191355	
0.108142578961	0.143710823648	0.429598088322	0.692769852336	2.12062621114	
0.116847278483	0.137393740384	0.342655612575	0.608587973583	1.79523152131	
0.0936893176815	0.164222807008	0.397197484917	0.639041379301	2.1594504552	
0.0834519734006	0.167232584764	0.420434486184	0.656864376094	1.99781028675	
0.118502833936	0.154214356067	0.398091470111	0.694750098642	2.24235854687	
0.101730480397	0.164438301357	0.441117204298	0.637235185416	1.82175514538	
0.0865415838088	0.156592048765	0.328672638107	0.54903289904	2.23245147605	
0.0660959617943	0.142548660829	0.350189490558	0.612918621679	2.28942541784	
0.10759428943	0.146146331873	0.393380736999	0.515756614725	2.11520690774	
0.0918665887213	0.145082073878	0.387347894535	0.570397711328	2.24684292078	
0.0957243269448	0.166835957042	0.393047101771	0.550885418023	2.4819874507	
0.114830333237	0.141716937129	0.394994188679	0.58740200024	2.12414360986	
0.111230220933	0.174846349985	0.458845992755	0.552188822964	1.94324492349	
0.109638151772	0.146329486601	0.44600333439	0.567361054575	2.39783686347	
0.11162632828	0.154217619899	0.377203071496	0.58428861204	1.88862935525	
0.119544315643	0.13372128603	0.402126601928	0.706036868455	2.02996544822	
0.0930110578946	0.143611555434	0.398881255317	0.598494769091	2.34459603648	
0.101848457248	0.14239771734	0.398056365809	0.602484859754	1.78237404904	
0.073698401307	0.14584993397	0.369111075142	0.689601560481	2.00966036296	
0.0858244807193	0.169445121533	0.388641041641	0.577529554336	2.11506791688	
0.10158773053	0.129561294528	0.419112583845	0.634054653445	2.3073331942	
0.0959146415904	0.162850845646	0.343586196044	0.589144066684	2.48459486865	
0.11261781555	0.144821451505	0.431297791339	0.630831937978	1.79206898049	
0.103571232409	0.154293640971	0.421374688281	0.599464011306	2.11063958534	
0.0706846544884	0.147098149218	0.427596636743	0.655024742857	2.15723894655	
0.0989906297825	0.139689611995	0.432197560864	0.616460998281	2.02829161655	
0.105042506568	0.153775746946	0.416739061803	0.634748601965	2.33472211395	
