7	84
1	1	0	0	1	1	1	1	0	1	
0.102997846242	0.179269769343	0.90049228871	1.49615503615	2.18494927796	3.70816365383	5.57401446934	
0.105205220185	0.144797541669	0.90347933769	1.58423092915	2.32464315629	2.68793362967	7.06952339178	
0.114962901888	0.172433130998	1.01493432564	1.6250358031	2.3523230345	3.44125880105	5.03777521849	
0.0947078108981	0.133035313379	0.825061880469	1.25991078671	2.29708812213	3.10694415834	6.41336403065	
0.109359861076	0.150947116898	0.787611233562	1.32056296587	2.13733058407	3.1755287541	5.95780798486	
0.101384859856	0.144426334648	0.833813321783	1.41632838491	2.09475384429	2.91610787515	6.30458207484	
0.110669657239	0.146790861668	0.811787729087	1.60888175854	1.61780732419	3.14951759613	5.59847759987	
0.0920920518129	0.171302168004	0.836642841826	1.25091616458	2.22721823944	3.17541267684	5.5416235041	
0.113130990264	0.191478308075	0.784687360282	1.35744378275	2.15347605644	3.23452959721	7.05827924654	
0.098985287753	0.15809242173	0.912727194703	1.89967106177	2.3766817063	3.76136080199	5.31786656826	
0.113635738389	0.13011767258	0.884952720015	1.60547125365	2.1529917307	3.99479477376	5.67485312397	
0.105860581112	0.152390100113	0.834602627083	1.31537814604	2.19356359725	3.2686293323	5.6181781596	
0.0975391620228	0.112988345442	0.879775658573	1.53051294062	2.587195695	3.16613744294	6.27523929967	
0.0908277626192	0.166938857165	0.866467035639	1.41118856377	2.4199349143	3.48720842439	5.61311298029	
0.12046181884	0.143955017641	0.867058845799	1.44726278936	2.06798424692	3.65076102954	7.08608946389	
0.111375122395	0.165099994747	0.922923946679	1.36797738047	1.96737901118	2.93014549946	5.94084888138	
0.110069163077	0.146442556902	0.933538977106	1.44323448489	2.22165204312	2.87898386264	6.60441899205	
0.107662543892	0.128947576338	1.11868465198	1.45418567226	2.16801689041	3.47339648256	6.0449135473	
0.104679157329	0.15465040493	1.06135282655	1.25621070948	2.09225854873	3.5650496505	5.66352179396	
0.0971525066865	0.141939069511	0.979737256598	1.49630532441	1.84426870536	2.94221506214	6.61396828667	
0.1090498748	0.121538960977	0.917979040218	1.45807620659	1.70525800275	3.39861741943	4.99209200697	
0.105063112189	0.142955076577	0.94531450765	1.40891243606	2.14927733106	2.78804939867	5.1754874076	
0.0948898809612	0.155803372888	1.02832567539	1.305711542	2.62085701808	2.80576961499	6.0577051897	
0.104598671676	0.159915682409	0.890924389372	1.74060234101	2.56568891443	3.09890274344	6.11400685811	
0.0993269141533	0.126708182287	0.912127745581	1.35820524469	2.46408883803	2.89136639931	5.02761108871	
0.0935619786524	0.128342177254	0.849524383008	1.53628792284	1.76706111906	4.04663969148	6.36531995441	
0.114937139064	0.172987925681	0.971888820623	1.62292073572	2.15195787404	3.88653556478	5.89929076668	
0.0973655925158	0.152123934813	0.896722275829	1.50089484517	1.71158313185	3.47022301423	6.03478479536	
0.109611820973	0.10736769611	0.958321601204	1.56429535233	1.81091473146	2.85904748389	4.63736924296	
0.0894573381511	0.196597649792	0.842771861813	1.45948693996	1.94037281847	3.38584380131	6.67206203701	
0.0838396891588	0.16223971103	0.803266463369	1.39775762712	2.43227120296	3.4500642326	4.97406295911	
0.0901450234434	0.160476636704	1.00368080969	1.22512659058	2.3174937693	3.3662145388	5.71298131171	
0.103938714009	0.147058913372	0.95249746322	1.39945191266	1.89589856378	2.82615610838	6.78713714763	
0.09488462048	0.107696616852	0.896337521684	1.41753506818	1.8999020178	3.07636638913	5.83435995803	
0.0950297280813	0.146767320114	0.92509522727	1.543148005	1.92284107647	3.1470319926	5.65499190018	
0.101671208765	0.140958822163	0.874370175278	1.53318805601	2.4010808017	2.96527066996	5.29430148446	
0.0889772617533	0.14261764555	0.945462274351	1.39019128117	2.19370670468	3.27418477003	5.50755164544	
0.097558197796	0.172411759958	0.924951590634	1.29132343028	2.17766153842	3.44577595946	5.30954057786	
0.0999763419593	0.153421447968	0.898801603372	1.44515086066	2.33919655051	3.90068965778	6.1555115423	
0.112282321253	0.141086346195	0.894973554963	1.5351097066	1.9138675289	3.17614239237	5.59049954336	
0.10983265337	0.14008786222	0.929967526783	1.35363421889	2.14991471415	2.74530746074	5.48088984195	
0.0914710128851	0.133934100217	1.00544319414	1.4617230226	1.96522777187	3.39688406529	7.09873409405	
0.0954658399912	0.170106095075	0.984567556915	1.38438125181	1.82264745022	3.32169158791	5.17243037129	
0.107930951469	0.154417272044	1.0255749792	1.43592389844	1.79011229691	3.86108073554	5.82512222895	
0.106265120396	0.160409812866	0.896999681166	1.46913172488	2.23590200316	4.0040156986	6.96643697946	
0.111707422583	0.146455771389	0.854852511677	1.57431108019	2.18306813279	3.54152903193	7.12998766222	
0.0890241800627	0.161117422893	0.93116053576	1.42522936514	2.13706205484	2.8551077332	6.0654586315	
0.0974750127925	0.133236861571	0.995347152914	1.19775613068	2.47037475713	3.03402775213	5.98012014868	
0.123245899139	0.131857615844	1.00289061758	1.22823271688	2.14656167214	3.33576570943	5.01199572325	
0.100290557084	0.126367680333	0.830842493964	1.23062036676	2.07580009532	3.36806363421	6.02476251212	
0.100659181709	0.154750303532	0.949159471826	1.46261755452	2.31031815351	3.13638121896	5.97582428527	
0.101169052229	0.152059221886	0.83250731379	1.45746782839	1.62664399328	3.40432414302	5.30852549927	
0.102118959851	0.176619506527	0.922815117996	1.63675373757	2.10899872518	3.06997185091	5.85484267098	
0.107245071865	0.151038466747	0.835282890531	1.74428769239	2.45525884228	3.08957093356	6.85059618457	
0.106629604658	0.147915075101	0.980895295361	1.33476211048	2.16404009933	3.25870195631	6.04054100925	
0.0991297520622	0.14654405627	0.770105070935	1.19453883809	2.21108452274	3.16939847554	6.29366959555	
0.112242181365	0.169602699266	0.89042597308	1.54105109045	2.5075939806	3.26974376966	6.62001947112	
0.0841960169392	0.147387810909	1.01506104151	1.45517315274	2.15205675229	3.75013768734	5.71943790194	
0.0999485022544	0.158375240707	0.969217183251	1.52715918858	2.12892095859	2.7736017122	6.24510482538	
0.113868532468	0.140130755942	0.970051011506	1.21223367718	2.22011528227	2.81256091779	5.7355846673	
0.0862700545829	0.133100912042	0.895006371665	1.34057683989	2.12569228479	3.56755826413	6.60616214956	
0.10602731137	0.154259196544	0.928171908134	1.34471700914	2.17712828085	3.51982352726	5.68787917949	
0.0780596725526	0.162308153748	0.84540720083	1.32614850216	2.32242709868	3.02586090323	6.4476917715	
0.0947491010981	0.147932409358	0.892378223599	1.32201671311	2.39493266208	3.25284790778	6.34679317164	
0.107607408	0.166581143746	0.853560776709	1.28863515333	2.51957810703	3.46740706195	6.72054180212	
0.0811661139122	0.133754945366	1.04186673828	1.46346041771	1.85880214383	3.40280438953	6.63741027287	
0.0969279854496	0.154158291534	0.955577067236	1.20952730228	2.73555390435	2.88768619598	5.80905378818	
0.098148097981	0.146109804228	0.848904213393	1.59175097779	2.5103569485	3.21975904326	5.77180437381	
0.10835039708	0.128826880586	0.955253409315	1.38721055179	2.05407966397	2.96784482116	6.13498553988	
0.0995318722047	0.133115391824	0.912438088539	1.44845141612	2.59769803403	3.11540728157	6.20346774331	
0.111443903532	0.147618966213	1.00900349584	1.19720045223	1.84084099065	2.94681470251	6.35759565673	
0.0979913500575	0.137605418637	0.823551217619	1.36819758391	2.21415307711	3.07344566224	5.41494644421	
0.0930115740843	0.13940924135	1.03346099647	1.71345929013	1.88387990218	3.47210925675	5.514362822	
0.107677908228	0.146843924454	0.745867152556	1.07333119339	2.11951919814	2.82623951063	6.07813692832	
0.100007793067	0.128059834761	0.917184292651	1.35968659738	2.39206585673	3.81016756918	5.50129440646	
0.0974981279402	0.159383071369	0.978358732198	1.49633094946	2.46334907528	2.83763437854	6.11608733003	
0.103836939215	0.135157006689	0.87758191926	1.16443077337	2.2436999975	3.18994265593	4.93016661744	
0.120006977271	0.145766685675	0.823174727813	1.565681682	1.96003055756	3.08250011643	6.23232359869	
0.0996280090661	0.133638343308	0.86221313435	1.49791615436	1.79636011249	3.13549966838	5.83488766545	
0.116701606392	0.151501835116	1.00345507589	1.56756547745	2.2071908954	3.23061330455	5.75562999098	
0.102580341265	0.155709467473	1.0510874539	1.52426621056	1.7773913934	3.35735692331	6.3914650327	
0.0884763514666	0.163047295205	1.12615679256	1.52644412249	1.98695205324	3.37600958885	6.29262230938	
0.0941968249597	0.137732671283	0.723001655274	1.45929832579	2.36441902674	2.79189118	6.47500241482	
0.102587587131	0.161379822007	0.765682220469	1.58608503543	1.98191345837	3.64490061405	5.05774563358	
