9	54
0	1	1	1	1	1	1	1	1	1	
0.163114820806	0.310510740499	0.6400849888	0.975417720395	1.34586167914	2.19870010039	3.52591751506	4.88815920052	6.47375407928	
0.158880458113	0.378591666963	0.564525231144	0.992630711051	1.32263911849	2.02711313859	3.49129035951	5.1806042472	5.06482808462	
0.135718521834	0.403852778717	0.609864491269	0.79097272631	1.22005000079	2.09896041836	2.70694175577	4.07893474181	6.86810564051	
0.17415131094	0.343854626982	0.677078073148	0.85541294058	1.29568542827	2.10098350875	3.10545242317	4.52820182242	5.40117722139	
0.138390287521	0.434109390168	0.564843302138	0.862563490268	1.1278081462	2.32639985409	2.81711795319	5.06082216319	5.85175625155	
0.150206967058	0.411232266354	0.643270823513	0.771399082731	1.42643245294	2.36215494608	3.16966784252	4.15197059594	4.8498582084	
0.146675218481	0.392662222633	0.576300737008	1.10820009492	1.31528591	2.35041840102	3.57275943371	4.48637107386	5.69459543155	
0.131970730298	0.297925447791	0.607668187631	0.925415406115	1.44511236468	2.37076618629	3.85833627041	5.00225214122	6.47091919769	
0.142328822086	0.363047951022	0.492106071517	0.811275851954	1.24912287898	2.12171202032	3.58123087884	4.57245296354	5.23525477589	
0.143835789736	0.361592087226	0.78388832484	0.829845173999	1.55660026579	2.18437620285	3.74310242772	4.31683913459	6.50536416852	
0.126418097921	0.42963393061	0.585440115679	1.08107182553	1.42553201677	2.39518132535	3.66364032008	4.52403751613	6.39671086316	
0.120806394841	0.388937042862	0.625489011495	0.894020840118	1.56726641044	1.86563504986	3.68439733773	4.33341195469	6.46494539745	
0.163751994781	0.392810196204	0.569100189227	1.02088542794	1.38952830919	1.90241087674	3.34996974643	4.87666991313	5.86404795814	
0.15090456402	0.437510160999	0.58846584593	0.878905669752	1.38023109912	2.11133369644	3.01818108609	5.05389318016	6.43779966134	
0.141582543981	0.328196710995	0.598617150978	0.856479241673	1.26360763197	2.31824875412	3.50756854096	5.01386120418	5.61913775788	
0.144638651756	0.393192255472	0.561251819344	0.874694940294	1.5205494127	2.08576336401	3.01321081226	4.26725645904	4.65789911219	
0.16073010522	0.348578013389	0.449287917858	1.00885937903	1.67327724861	2.15155426156	3.56807206852	4.01947012449	5.90714117352	
0.156578744439	0.364784791794	0.664906531533	0.946535855479	1.03305376659	2.05783693523	3.92163451487	4.02579738639	6.26358627278	
0.15767656739	0.370005019352	0.605635526814	0.836052120338	1.55277875875	2.43223680795	3.04979209147	4.3518567378	5.50197101933	
0.161174261958	0.329290092357	0.603809935973	0.97386943245	1.44236843112	2.46002834521	3.62149330609	5.52108811507	5.741596372	
0.154936992343	0.402684432909	0.587742927439	0.976924393351	1.38264189914	2.4059457056	3.80233242937	4.4626230271	5.99413393332	
0.15017199126	0.420153307012	0.590484084792	0.897245697951	1.34659213981	1.79505586923	3.64850027524	4.35287513912	5.72146171028	
0.147396783027	0.425175352614	0.6210329782	0.897293315412	1.40345754342	1.60679750224	3.61032055119	4.25178743806	5.57115047089	
0.155054590114	0.399330786929	0.60459163916	0.87305380211	1.64544382668	2.10339283446	3.03676604206	4.49892432511	6.39879650102	
0.148164958566	0.355618511723	0.588383887284	1.04918587821	1.59045919888	2.17142290763	3.27115297075	5.07218748586	6.09109478731	
0.142388258543	0.352815498657	0.713374468617	0.867237113535	1.26875311501	2.45739092047	3.37508955641	4.79772568003	5.30190634314	
0.140163641719	0.376776068453	0.610462930499	0.830265401825	1.53311309239	2.32064707054	3.68224674537	4.06360749556	6.15450925701	
0.15715036706	0.269917111092	0.659930934407	0.863651980371	1.41051396643	2.0790118343	2.84512261406	4.00980163921	6.57531543256	
0.150777395663	0.451116706803	0.647130661465	0.902788609231	1.35111869876	2.14735287845	3.05665417761	4.18142420901	5.85398223206	
0.151929795098	0.405149309591	0.534584051252	0.85880361748	1.30449624964	2.40516757693	3.69269568816	4.04126024128	6.60028567312	
0.172447676378	0.336831735852	0.618115554006	0.858010999361	1.59925838	2.2412100127	2.7887302168	4.73554495858	5.34734676821	
0.161086046095	0.432967016128	0.526829534866	0.906576981644	1.27421790367	2.25411246932	2.6886638203	4.92397030399	6.49534196595	
0.155165203483	0.354485155951	0.436240963608	1.06810568068	1.18749282103	1.95878089749	3.23196392132	3.95840192185	6.34463677348	
0.155745315383	0.358851144028	0.63659835228	0.771597876682	1.40078113931	2.12400647622	3.75340595371	4.23721151286	5.49974515574	
0.158957447459	0.362599648769	0.505667891721	0.991032444681	1.57449509302	1.97690712996	3.69665342218	4.6058062051	6.1539713334	
0.143623196176	0.338026147693	0.639306988857	1.06027378571	1.53211460484	2.42953083811	2.87633173308	4.29124013521	4.61453888623	
0.151891245804	0.368676386375	0.534385933629	1.08150441201	1.51991067994	2.28308398202	3.06174021595	3.9802109571	5.51020279973	
0.167823557921	0.348777175346	0.611801266349	1.13507938179	1.6064984178	2.04372424171	3.19046811633	4.26580276196	5.79546571268	
0.159520280901	0.3356496389	0.670927139714	0.828255376045	1.32553425072	2.15217559976	3.24101332986	3.70097460603	6.38357684206	
0.160449935794	0.450033828125	0.635067767695	0.933312806626	1.6201376888	2.16501309086	3.62246688891	4.53388673314	6.49889615187	
0.134487032772	0.386457786167	0.530564700011	0.804268396103	1.52033398163	2.3008873868	3.87655233339	4.65526693962	7.15382991727	
0.154778357456	0.311647331552	0.585715507997	0.922761257405	1.43997194984	1.93009077295	3.81039606777	4.18263555476	5.73081235512	
0.148902938257	0.360764564604	0.592479617761	0.978536501001	1.6901270365	2.20808745118	3.35203858089	4.90577814103	6.20722862272	
0.146068630822	0.299615870135	0.627397528247	0.886090186818	1.4774916324	1.87923904342	3.32933776176	5.7974526977	5.98777846038	
0.16006408638	0.448543457181	0.665654963121	1.06442907226	1.54447309961	2.24380110517	3.34444618473	3.61892565333	5.70304415983	
0.149234883389	0.40201812211	0.594899573158	0.940325207397	1.54832344468	2.35563450071	2.90126525228	3.96257033445	5.03326747723	
0.149726182392	0.357724772967	0.617094909485	0.708348350502	1.42416780176	2.00145960885	2.85254888797	5.0856826325	6.00227429917	
0.164134078042	0.40514294642	0.600071356532	0.992016632699	1.53664703371	2.43301415676	2.71459258064	4.59908254921	7.16628864453	
0.130259839477	0.434150018415	0.564451430866	1.03946697172	1.53190944576	2.28446050855	3.71939162817	4.47978134648	6.64582779812	
0.137440886328	0.401373055156	0.645382556062	0.90000288397	1.58636179366	2.04494608138	3.18826212693	5.14815937592	6.31514498731	
0.147529683063	0.367692423188	0.651204200857	0.886925841589	1.3867485283	1.8539036083	3.40795191118	4.31369903733	7.43602138528	
0.150825894177	0.425694772164	0.631828721941	0.929259265381	1.52078933634	2.24011535224	3.38606447809	4.93644298723	5.39141817551	
0.169971610975	0.418842292426	0.653719416362	1.03948137527	1.60363717004	1.85109465225	3.18020803438	5.4573820002	5.48040801883	
0.149689600506	0.376151208485	0.633383892266	0.964500203357	1.55583799157	2.29613536214	3.05535368555	4.75790713693	5.76680345963	
