9	66
1	1	1	1	1	0	1	1	1	1	
0.10307669184	0.145785102167	0.407386476333	0.457560266098	0.828101328508	2.11551857205	2.88756181956	4.75710102737	5.60652200665	
0.11281522713	0.124928166642	0.387732315073	0.635657591066	0.963657282179	2.1591065665	3.21842551028	4.015096567	5.24217444027	
0.0918042266768	0.153556411946	0.448279623588	0.649188960396	0.828278384582	2.42349822266	3.48718993141	4.77519538651	6.02065046814	
0.101821654604	0.168016213156	0.379840021849	0.641831745905	0.935532833206	2.06161761502	3.01814270615	5.19196308708	6.72732707035	
0.100862290374	0.191929162756	0.437121950307	0.586907472933	1.04597457587	2.2724419147	2.70592014208	4.12153453447	6.0536178307	
0.0926046449707	0.154194222409	0.3713812414	0.609794477351	0.854812718404	1.93485777926	2.87554941773	3.89018287711	5.82175343783	
0.112966634086	0.149306167657	0.350886595086	0.598715989618	0.880153756084	1.90192040385	2.59541275098	4.15767484191	5.84005272749	
0.100080056272	0.160485270028	0.380727361046	0.760026625761	0.956028500311	2.11764946491	3.30828347208	5.00505524682	4.8885118259	
0.10536201483	0.161062319399	0.399886940286	0.657270554833	0.835908385907	2.29952773493	3.73636397755	4.00457215134	7.21682078109	
0.0796793810719	0.144973479391	0.410160768166	0.536978367909	0.932399438702	2.08845951075	3.32582703938	5.13441898744	6.80330113102	
0.0991098773192	0.14626259129	0.313421107907	0.649695281244	0.985269104778	2.36497624931	3.37661492097	3.81325249084	5.33511937425	
0.0953461239453	0.159198878554	0.30081837736	0.636162928862	0.861503439865	2.09509830632	3.64041197209	4.19299698195	4.76539491027	
0.0934474402407	0.165025957746	0.413316880751	0.658595193891	1.12028685548	2.03724545383	2.85187143482	4.40830108587	5.90468294287	
0.09630612393	0.183533622357	0.365600736484	0.652453040165	0.832923413628	2.09397264938	3.56058871773	4.92878961742	6.48949051541	
0.104601010793	0.119499639955	0.402795660252	0.637173799361	1.05340941699	2.73942584373	2.95780180982	4.36622409295	7.11173577744	
0.114292547583	0.167384877518	0.372106010765	0.575004371164	0.789428111675	2.13145289047	3.5472190294	4.77839773171	5.45433885157	
0.0822014502481	0.138167922048	0.360246129857	0.697971575349	0.784286492757	2.30472188761	3.59279370761	4.43940283873	6.07851643212	
0.0882377244731	0.146262936455	0.29245688166	0.599427397136	0.99001292968	2.03488405327	3.41677641076	4.66194554677	6.1802899032	
0.104780694244	0.156176345904	0.395499252376	0.606252952557	1.00031361102	2.36650788651	3.58820333989	4.32662116817	5.78009541024	
0.08904485268	0.126130687671	0.360750830285	0.62000021717	0.932884302788	1.83701781919	3.05720850178	4.43123056293	6.2817148818	
0.100123749809	0.153124022274	0.394540079629	0.619991567466	1.00960022672	2.18831185344	3.20345039583	4.12504895632	5.29684748952	
0.099686242243	0.157293593328	0.392964763159	0.577296771259	0.762189332287	2.3406718794	4.03613511031	4.82841428744	5.36866747882	
0.0927894062235	0.144688922846	0.427488669504	0.566009706949	0.932731409613	2.05682201996	3.07009133502	4.36642371366	6.36306031526	
0.0990042907298	0.168511411214	0.390523786439	0.568673370317	0.956467583321	2.13067117046	3.8030010215	4.75416069651	5.33138545298	
0.0870177477726	0.144147168116	0.343142923151	0.689535527011	1.00455771471	2.06008171207	3.90887605129	4.09339650808	5.09838697083	
0.0896041525238	0.142788868896	0.454141500102	0.707573705136	0.824726921237	1.84307178364	2.840328052	4.72469105167	6.44070499456	
0.102254567253	0.145117295509	0.366038532212	0.565598850183	1.01185796492	1.72345221873	3.04470921691	3.86979074715	7.51575968345	
0.107806023343	0.133404598662	0.365499288095	0.647103021973	1.15986666684	2.42054718228	3.38327566204	4.07678605779	5.94706459218	
0.0969527071734	0.141117103679	0.375071737439	0.65725249763	0.859777505304	1.94501806863	3.3467645592	4.83817054414	6.97796668257	
0.109935617851	0.157949244546	0.371969358683	0.614385142316	0.877298768272	1.96730938935	3.22206358033	4.4242089001	5.9270299182	
0.108378113591	0.160336937527	0.327749441022	0.576908199256	0.933152725795	2.00222537256	3.05427559925	3.75621053314	6.35189667415	
0.091257645096	0.15980136936	0.413554014011	0.607327808227	0.944112336663	2.30889995244	3.66372374456	4.29195421595	5.37939732326	
0.0943658052658	0.119005414242	0.376007491453	0.647430573582	0.960554209437	2.32616451861	3.14278401927	5.05431457584	7.01927729522	
0.0940569666452	0.172765356182	0.334514268653	0.622139631715	0.880069705137	2.25826550751	3.55126201951	4.96869077723	6.15301017693	
0.120290264532	0.158696471168	0.309961567667	0.646785562297	0.90025282499	2.23664456643	2.82473814271	4.17710294233	6.10322289907	
0.101767646472	0.143427336177	0.386569998397	0.6009015267	0.960885362781	2.14615019806	2.66315294618	5.30666125148	5.94341664628	
0.106594486001	0.128535136992	0.354430384148	0.595561438131	1.05160168847	2.11620563573	3.22026835488	4.07112115083	5.97588629354	
0.101175940569	0.152664516022	0.405799122372	0.558492099475	0.998011917651	2.01700601295	3.21328947343	4.35189666812	5.81004675192	
0.0990296888748	0.129769056168	0.419265173607	0.556874071117	1.03666680263	2.21980898442	3.20593674029	5.27655084752	6.15561004487	
0.106337132853	0.114310287718	0.427216166862	0.616634555467	1.04940451566	2.03287331002	3.03522682409	4.69319051453	6.82310268362	
0.103188802096	0.158924317311	0.382982216075	0.566403173605	0.932919834483	1.86421340912	3.0594485515	3.97281001294	5.62011553334	
0.10838402756	0.131364016051	0.385632861617	0.63886335178	0.95771083011	2.33741218178	3.1136605536	4.35547440423	6.86670040409	
0.11187607388	0.163882250795	0.353937059164	0.622493668743	0.787710641787	1.8801013562	3.12752748021	5.00401129551	5.01500357045	
0.0940435460633	0.150425525796	0.369048200059	0.601500198708	0.85106335014	1.99773022392	2.83724338152	3.89425002549	6.88263221045	
0.0788525058047	0.15323750694	0.38372009218	0.653315962846	0.881548161771	2.31787297381	2.92123793564	4.54723615168	5.61220717526	
0.0913602858547	0.151797037337	0.422005941844	0.514250708924	0.837803780772	2.24360466051	3.22581630136	3.97220436628	6.43128188507	
0.0968141600136	0.141194999326	0.340484456368	0.549633368977	0.819640110836	2.35344200786	3.3288094803	4.45823841983	5.6683989254	
0.0923723880129	0.197903451638	0.419560490573	0.55147471029	0.808934404503	2.08777684286	3.72929168341	3.94557050554	7.66302853473	
0.109623858173	0.14281559341	0.374630553627	0.611901650044	0.920087763377	2.22610882399	3.57616585486	4.36814004656	6.50396561131	
0.0858587863317	0.147120348654	0.350311580119	0.520769782349	0.92917108609	2.43444087755	3.1001393743	4.38291616869	6.60377507323	
0.10177763683	0.13701359981	0.351138702132	0.572820521557	0.762960713348	2.4508154468	3.35861658487	4.13188673608	6.31976305008	
0.102145432355	0.155553582652	0.413513872093	0.624366184372	0.985659198491	1.68459087323	3.41737196292	3.16921771226	6.44046254785	
0.102570649067	0.154151856802	0.396423812561	0.56565246532	1.03907189456	2.20250039702	3.58275773383	4.59706793589	5.87681906353	
0.0859389914902	0.132496895792	0.401531437333	0.63649505363	0.984635218427	2.36217083475	3.4105849805	4.49840298765	6.62092255573	
0.101350405377	0.142171414148	0.393186639038	0.650598222019	0.941778006481	2.39381576854	2.88701144258	5.216005756	5.76464148644	
0.0935823735504	0.147842328047	0.373319503386	0.583042048864	0.908525674303	1.88380537071	3.14485971801	4.75030077277	6.27305562775	
0.0994642109925	0.175071178879	0.360312854521	0.648976586084	0.834058210749	2.18405585284	2.62528649407	4.22212326175	5.89905862404	
0.102565477152	0.159214263457	0.373684658844	0.662023744782	0.838527911199	2.36489911401	4.10999360132	4.57881390086	6.25731598332	
0.0941311745236	0.148991724953	0.37329711369	0.658993982964	0.984495267554	2.13559538126	3.92394722363	5.04919126536	6.82391620381	
0.115352266968	0.170041076604	0.346282820472	0.706099032735	0.919957310859	2.19628695754	3.44969057596	5.12175468828	5.4491398239	
0.114954211141	0.141453575095	0.397594497794	0.469095415698	0.882736820897	2.5087926341	3.79617063275	3.84354742024	5.67446470438	
0.0944173497165	0.127654392738	0.409343758324	0.65924122475	0.821823491418	2.22935394157	2.646668544	4.47740285866	5.97280079613	
0.106579977271	0.142250247075	0.395948216954	0.593227191218	0.935970057149	2.14996302769	3.5704496303	4.3135558222	6.47087922287	
0.0812277520054	0.169483246926	0.383067140408	0.621917545711	0.897700746964	2.10216983721	3.2683281871	4.8522086589	4.49186304004	
0.0962573351591	0.146619003186	0.397785140475	0.668406589935	0.892209668171	1.84960189011	3.07369807598	4.32556266091	5.56599036167	
0.0882132481946	0.14204927791	0.307622148043	0.501014824684	0.943088843741	1.77694298236	3.37795691509	4.42399928759	5.39418770152	
