10	84
1	1	1	1	1	1	1	1	1	1	
0.0980810290442	0.15135360627	0.36237007174	0.559505205729	0.820724461463	1.19156289822	2.2407887619	3.05062495188	4.32356120606	5.48986885052	
0.0877687299753	0.128037280375	0.359674312956	0.584593334517	1.04668245213	1.32131918827	2.26986327492	3.59259844895	4.55373891617	6.31072795624	
0.105672816816	0.139697555506	0.380310086654	0.586493772299	0.975676361597	1.76236974864	2.63848072456	3.2194674195	3.7151070652	5.62728325674	
0.096264605093	0.171905978588	0.314721124784	0.59779887661	1.01646303649	1.28388466541	2.20268504698	2.89622766802	4.66604776454	6.82193430284	
0.101614181752	0.138922030846	0.376498005285	0.544614630833	0.911579230293	1.66193821341	2.06262240996	3.51489869703	4.16085446229	6.26639639878	
0.100925601494	0.144728715111	0.33012149943	0.555281456754	0.837291879499	1.08829973725	2.08572065663	3.73880026501	4.14019375276	6.08056827116	
0.1106840063	0.118109851968	0.360098919438	0.626620793181	0.83057458933	1.65946646169	2.17271116486	3.45754256254	4.48689655215	5.77854853676	
0.0930084972876	0.148469161498	0.397047585613	0.456338359242	0.759505626989	1.36938520632	2.20328271826	3.24687715082	4.68241598836	5.48054620843	
0.0965809172782	0.152864512905	0.366959295312	0.750151491567	0.860016981314	1.46368084862	2.40057336721	3.54361707249	4.65061149647	5.80614118845	
0.101067663897	0.171651753385	0.347431263943	0.571494436857	0.919421212891	1.54228715776	2.11196171155	3.23201515955	4.21261571196	6.00601507352	
0.113758745685	0.181678931048	0.345092354401	0.50117250878	0.696854449452	1.61291465118	2.61853810042	2.63157417019	4.40517513339	6.17872369388	
0.0982548274739	0.165699165255	0.410349583747	0.516340115543	1.02220849655	1.47098736979	2.16121585143	3.17027182518	4.74365322296	6.25296687775	
0.0902662621999	0.162291527811	0.354264247064	0.733572696085	0.793908138524	1.48514400777	2.11787897056	2.97735772763	4.36893583827	5.99270808035	
0.108652275027	0.152211012071	0.443259986407	0.595256179428	0.968816585233	1.25480688988	1.92758005357	3.6484106641	5.38837905494	6.70154584625	
0.106041210246	0.150247083907	0.353411872194	0.614518880978	0.891477569157	1.52068657142	2.44105909955	3.01989131139	4.67373624009	6.99625723937	
0.0922587060073	0.164441949929	0.367257553165	0.610537145911	0.930402552911	1.49973722552	2.38862214862	3.63106014032	4.45859627498	6.35257988951	
0.1108534375	0.165861988246	0.374846298721	0.53709034418	0.962104447155	1.36687307182	2.37084598628	3.0650126077	4.72935147041	6.21505693978	
0.0861683858649	0.149014826645	0.342046456163	0.603507735707	0.709351276073	1.49738899342	2.46037589272	3.36046061295	5.1805682912	6.35906440113	
0.104449305545	0.150629870611	0.362855374789	0.477627297061	0.954503825672	1.42340156668	1.99979101563	3.51210397733	4.67987087699	5.81490293319	
0.0898575774765	0.149472796732	0.376446784057	0.536927249281	0.747802940274	1.53143890062	1.97533356739	3.6223728658	4.45054415193	5.98423369386	
0.0948657607794	0.148891276404	0.355155982298	0.68496328182	0.873592044357	1.38529760372	2.24265902625	3.10352490791	4.0079268704	6.6358214011	
0.08379645969	0.13455781962	0.41483793977	0.626084397247	1.096131038	1.35568910142	2.01490250656	2.89708942271	4.53863763019	6.05570506042	
0.102998873231	0.149654833451	0.431048401824	0.650049870274	1.08560039088	1.43763829185	2.45389153673	3.51487894344	4.56991104179	6.51185828757	
0.0991792114349	0.134027604665	0.399065728005	0.628136406652	0.821717865324	1.52445667403	2.31818678843	3.68607430546	4.47603760029	5.71461171048	
0.117793484137	0.163600809976	0.331082333155	0.615084310738	0.923967738194	1.37788516714	2.1496359253	3.61653308162	4.01740781303	7.10912561414	
0.0975469898841	0.166379617171	0.349068429238	0.633503795877	0.813532378308	1.42601623985	2.19908466183	3.74983082649	4.23177067475	5.48190746823	
0.113741817736	0.157887025203	0.385834350025	0.600025332048	0.993461314801	1.41806360821	1.99960186923	3.02133419255	4.66731280693	6.57134019787	
0.104944893123	0.149092934666	0.42211194634	0.525769983936	0.871472865663	1.34216207429	2.03788053917	3.27923263832	3.63209370679	5.94993103587	
0.0998050430179	0.162781264815	0.460700543462	0.525658196267	1.10830287567	1.22898567425	1.98881765992	3.3228612473	4.42664725485	6.27409292535	
0.10592572834	0.170031004798	0.415330277395	0.458889312802	0.974800334043	1.38081557808	2.13016837171	3.35659327938	4.77378232636	5.50650475839	
0.119983372653	0.168722663751	0.378263251328	0.647085726955	0.968690883659	1.27590184529	1.93955698723	3.24797789289	3.88617667586	5.70808727319	
0.0938049997243	0.186169740643	0.370245446293	0.567504439308	0.857207710042	1.6746039292	1.99564636991	3.75439122674	4.2604719867	6.56472740536	
0.0987527286733	0.15928174074	0.395630529134	0.592126951474	0.981754794627	1.43475764518	1.88442397612	3.07158999078	4.08111583836	5.24003636527	
0.117642705418	0.161514390993	0.344187066052	0.680047569732	0.917782232057	1.50357363722	2.51049287773	3.58045988684	4.84222366579	6.72912485765	
0.102940423215	0.151752456951	0.406370468505	0.623915033274	0.863211056014	1.4139512904	2.04211107578	3.07421099448	4.32769997109	5.8603712049	
0.0959708155887	0.163813371155	0.383894292111	0.541634912428	0.920845296138	1.31894035387	2.51459763388	3.59567936	4.61964862382	5.90333896009	
0.104117037803	0.168784979199	0.408160109615	0.724470293055	0.897560380703	1.35010979004	1.86187847166	3.177253339	4.34247161531	5.290594837	
0.0881801484142	0.137331429705	0.326382861223	0.597627701283	0.751818978525	1.43110694499	2.3159220083	2.93436412996	4.91363464939	5.08146560411	
0.0957612873657	0.178010786892	0.308646826907	0.581144441637	1.07264868915	1.52873243664	2.57408528003	3.27366110399	4.81826721859	5.57215706959	
0.107583069608	0.160870453343	0.398833472712	0.663831388903	0.853739515062	1.54436466354	2.27363567013	3.88141480778	4.08000923704	5.9019137568	
0.0935949104055	0.111095826048	0.415487465581	0.546235870091	1.04370848181	1.52380089095	2.4386884353	3.39518367238	4.24371580774	5.74373417248	
0.105031412446	0.129046828606	0.417527441294	0.665374635371	1.01237838697	1.52414187853	2.20519919711	3.26213407184	3.72433994258	6.50056514384	
0.0880077786391	0.136005550635	0.423604081808	0.584884300968	1.04597662553	1.50385453137	2.02314659488	2.93516181134	4.66624933151	5.28136081343	
0.103714782297	0.140582032532	0.363261887185	0.63143210451	0.86888664658	1.56307959954	2.09705038463	2.94523171287	4.05344994209	4.51180121688	
0.0954544560925	0.171062508284	0.36540194842	0.601698808735	1.07020120408	1.39110853862	2.329172206	3.49698412994	4.86929108154	5.69704458506	
0.107846832631	0.162327988655	0.318583637634	0.537230475708	0.783435900202	1.37297961941	2.44966182885	2.93598818038	4.47420099867	6.02639686316	
0.101233599465	0.117914063257	0.418254522614	0.666994869327	0.960538313628	1.54070505252	1.89662419463	3.25033199767	4.91027763731	5.21609549232	
0.108133616422	0.139907500866	0.406576903115	0.550673024951	0.763479205369	1.58370212085	1.89257037432	3.06114590839	4.3701041963	5.47659537067	
0.105951115955	0.185448151217	0.337255336748	0.625527983635	0.960162147999	1.39888713429	2.31361753705	3.25345661406	5.02615026539	5.38214070038	
0.107001187024	0.197379528707	0.445600459226	0.583183229607	0.887751800817	1.26260332821	1.73476656086	2.83180013787	4.39458855187	5.9040183315	
0.107419272965	0.16240046583	0.340100246175	0.653286482899	0.875703755159	1.44212378178	2.26438111566	3.49135407422	3.90560276237	4.50665645486	
0.105790956333	0.154322646987	0.406420494237	0.750782853831	0.88779595705	1.3280617091	2.34386126007	2.88849770981	4.96360967289	5.93287533966	
0.0875685347116	0.151866694984	0.37002787714	0.615714343513	0.875197689018	1.35935265336	2.08209396937	2.68419017184	4.17975827959	6.09219817358	
0.0976479617312	0.163512209335	0.342517105859	0.469850583246	0.85271847876	1.26388075298	2.57839193374	3.32184915409	4.16401286806	6.46246400136	
0.0824135179915	0.140683411138	0.35419602518	0.678241449792	0.78342749336	1.42080809364	2.15434277897	3.08605648214	5.17375967596	5.47403419407	
0.111535693309	0.155885531439	0.45719239955	0.562880260108	0.885220982618	1.42857290932	1.94196250288	3.1865776064	4.67012771612	5.40359033096	
0.0978149614111	0.137392723454	0.366105921498	0.523644450953	0.831366008426	1.48339659329	2.40148995336	3.62703974714	4.99054533702	5.82941171605	
0.0957514541146	0.132566129092	0.424358475384	0.509405727836	1.04125854285	1.52442447538	2.47831107499	3.31588644287	4.07781529339	5.75945656329	
0.0927853001825	0.129955744392	0.386348964472	0.534838425247	0.889050987383	1.3336969259	2.22413754791	2.94794583617	5.40286636154	5.61221678277	
0.0955403883684	0.122519681995	0.386492539644	0.639759088261	1.00588925969	1.56840416366	2.30624836242	2.47144198069	4.29621284695	6.52512937915	
0.0989527608283	0.142730615647	0.452621046289	0.533933799125	0.775036615342	1.39088733452	2.36903587901	3.00641349868	3.72077293663	7.20885293561	
0.115131016745	0.159203672249	0.33945540774	0.59762495403	1.11110413238	1.33752146744	2.17578591077	3.28653961921	5.21132134517	5.97052234862	
0.082819554824	0.151144206816	0.355075792598	0.642910253002	0.764726528407	1.47225163997	2.02151180043	3.06109406917	3.80295456404	6.60898091961	
0.102042400292	0.160404732524	0.355352667869	0.682374334463	0.795669380095	1.5078392373	2.35093933691	3.67088349001	4.52506571119	5.48742234764	
0.105298736504	0.153832724168	0.354460184322	0.646871407227	0.844334755342	1.46332130809	2.05322584431	3.596359626	3.95476346285	6.28299125772	
0.102604030388	0.16420324701	0.416947033896	0.51933902171	0.851573840327	1.48770220115	2.23462237682	3.07857017108	4.67248188687	5.82146880694	
0.0935290978115	0.172035067287	0.378596339178	0.610046747611	0.90488189255	1.43283269031	2.09523265719	3.11800486703	3.90065725202	6.40067662763	
0.0928380323861	0.1332867576	0.383046830525	0.641094982993	0.941516278516	1.29397153101	1.97789238206	3.23987916779	5.059831777	5.9515718399	
0.100025196227	0.144659355288	0.342951020636	0.555164988578	0.757933010565	1.4188555195	1.76669132268	3.25141934038	4.71216568095	5.21552490846	
0.129330874758	0.15417595109	0.404473199067	0.639709813718	0.825483148097	1.46164418209	2.47038760632	3.76942217698	5.18837879882	5.01299413335	
0.101139814637	0.156897263018	0.417550216506	0.553910295631	1.10720508692	1.437113176	1.94769648519	3.11750647654	4.98233024322	6.66563500306	
0.106250027573	0.149486571093	0.347251426821	0.610865830795	0.972165374499	1.44424086278	2.42861508527	2.95864438578	4.14006689755	5.47243133855	
0.0874198635592	0.142965707704	0.398300644163	0.709616265906	0.838676692341	1.36620524506	2.20162037037	3.81408788292	5.28448506295	5.96467041594	
0.102920905106	0.170668053773	0.345066230039	0.746350549936	0.784442773195	1.10506927421	2.25775389613	3.11273487807	4.50493767622	5.66974761022	
0.091832228992	0.157942635647	0.323731837955	0.681124330311	0.858455427768	1.28348318535	2.17725065707	3.60321629929	4.43210430391	6.56233988007	
0.104236970845	0.131012851799	0.414803879908	0.536217906072	0.999034679755	1.46826462943	2.04857055288	2.73687511102	5.62077729995	6.05379651839	
0.111240970957	0.152638907474	0.411801848816	0.613777584808	0.92229810484	1.08948661555	2.05370407391	3.18599602684	3.95688681835	5.57691956928	
0.0914415007511	0.13672540399	0.412759609699	0.502670313865	0.762083246768	1.58984944571	2.15741557594	3.90684740752	4.27656528925	6.68211599907	
0.102400043542	0.118899873034	0.400139630028	0.642565909674	0.964380990367	1.35981965028	1.91660282487	3.3469682377	4.41076935576	6.21053441441	
0.100232246228	0.16440727606	0.328191232754	0.55233632768	1.14361661406	1.41543398303	2.10816714127	3.10292760858	3.99660501986	5.64856228166	
0.0867478304977	0.147035811009	0.424922540337	0.625614247309	1.09485960035	1.57642077498	2.08371664363	3.71329699428	4.03709822055	6.86311400368	
0.0932797061771	0.125819299294	0.343321857086	0.642874582661	0.834132404353	1.58738064249	2.31379931228	2.90066978189	3.94156913485	5.65325572085	
0.0996858531639	0.144176535111	0.410028528613	0.508428587983	0.981404707611	1.33449022414	1.7055058563	3.2772006347	3.77559719516	5.81021552509	
0.108589384017	0.163835338854	0.360740605481	0.575352909105	0.917536884399	1.37075314866	1.67023011967	3.15664738855	4.38060080688	5.80378905599	
