7	85
1	0	0	1	0	1	1	1	1	1	
0.103037366032	0.691349832113	1.17496979564	2.36987924852	2.7708650497	4.53542089421	7.0106401579	
0.104448664357	0.600979774392	1.25258337089	2.11358135528	2.92583299325	4.94726226801	5.66476862056	
0.0982354963752	0.592550503911	1.71487651153	1.9402083501	2.94482082375	4.53417903283	6.22984065618	
0.0939879552771	0.563459725464	1.41036174244	2.11700286978	3.5318287129	5.53210281577	5.6279022297	
0.104517296801	0.471618137146	1.37907507575	2.16468184825	4.0643690184	4.42542351025	5.76612298196	
0.0955275502334	0.549435472669	1.38168109194	2.08411313767	3.28025613925	4.1791860516	6.42135116868	
0.0838999631094	0.513577270274	1.53923035148	2.17712510444	3.08863115566	4.54725457892	5.31047828836	
0.0979939729932	0.611877979505	1.39964681615	2.24958029718	3.37510561648	4.03186586811	5.50912563211	
0.0986545982722	0.560967544131	1.75272025449	2.15944596463	3.07658863838	4.31299723174	6.67711330331	
0.0893549353716	0.618004394283	1.59540354654	1.80507370323	3.21890714148	5.09188091326	5.36008457233	
0.108823598668	0.646209924553	1.34110111824	2.03487980415	3.54398164563	4.05516664063	5.60477936285	
0.107120707218	0.576584975165	1.36313208808	2.21566753223	3.09683627719	3.68042842326	4.61981108024	
0.099896692001	0.648583601841	1.21673423277	2.06148156663	3.04831996816	4.30131327473	6.93392313528	
0.0902018440733	0.656972898126	1.61369373938	2.40029017889	3.77965827572	4.0353234456	6.73985367546	
0.0886196919341	0.705391321956	1.74129273949	1.97232184868	3.18589266633	4.82825043967	5.71622622922	
0.104403932404	0.556151012886	1.71352478663	1.85665006203	2.94778266861	4.432270357	6.74710534081	
0.108138595951	0.560885890928	1.3725728089	2.10747961744	3.58789317531	4.43843578517	7.39799146179	
0.100659641756	0.630444624692	1.27341860232	2.05435067913	3.41594905454	5.12248680203	6.31032593153	
0.129383918863	0.61231743172	1.30872365946	2.28447843895	2.27577633446	4.47099961491	6.33698321239	
0.0991444055937	0.532103873326	1.47681965536	2.05944069034	3.08723466873	4.6094039661	6.07234115053	
0.0820934515835	0.532675857404	1.41032239383	2.41439935538	3.51960322202	4.68887653749	5.28379808916	
0.0829582255695	0.617373944367	1.30281880529	1.99214829904	3.28060949343	5.00743914187	6.6784400677	
0.0995414700162	0.48905262641	1.20408232936	2.24473684542	3.06037870334	4.85299896458	5.38423517139	
0.117320752088	0.589562744437	1.43452838876	2.15034370215	3.17716379438	3.89043097267	5.99530516511	
0.0975130815715	0.655834823991	1.32706603934	1.93890166767	2.54807729542	4.10317899766	4.85430755187	
0.0974902901044	0.518651829311	1.45802307819	2.23405500551	3.39747148616	5.233746247	6.16263279348	
0.109289246792	0.694055789231	1.29958962625	2.10119879363	3.23876065852	3.97436665393	6.35564000983	
0.131192460548	0.525651039151	1.54025911647	2.0202335752	3.39875367008	4.84369355033	4.87888889294	
0.0860421607879	0.614216640266	1.46408153203	1.93485727006	3.10056134831	4.47866601149	5.46027608596	
0.102956728192	0.59510398458	1.50722977363	2.12467571105	3.71508340908	4.48339519704	5.24262366106	
0.102169263146	0.662467550815	1.49375872185	2.23487148162	3.38749418239	4.1708252061	5.98083697694	
0.0882431376052	0.541476813432	1.87589138323	2.2402046928	3.18787515282	5.23602613658	5.69964060201	
0.0898165018842	0.449009854683	1.27528598824	1.94650069382	2.9621526693	4.88997215995	6.55092786373	
0.106349598503	0.582978920589	1.59435543489	1.92339582941	3.24607484105	4.17044444902	5.34179778371	
0.10136898412	0.570860937618	1.30693989156	2.23686565347	3.23767141005	5.03472567553	5.95587701929	
0.104617059693	0.595948910921	1.3301238358	2.31028190433	3.4333530239	4.48991896408	6.43127959447	
0.0954405671203	0.621665096992	1.59350620825	1.77506927407	3.28102508669	4.72494221571	5.89379603734	
0.102930416646	0.61305813878	1.50726198692	2.14121421384	3.45693552021	4.22826655554	5.9263475232	
0.0938367231557	0.51638386747	1.37665000793	1.69530067289	3.59042125887	4.78390263898	5.21919489615	
0.10200695936	0.692684143492	1.52916061207	2.26028934703	3.24651142723	4.87663368954	6.80427588932	
0.11142068654	0.672530742424	1.59884365893	1.79870400769	3.43319993454	4.70651763637	5.77224437172	
0.0929545814107	0.521525204283	1.48405196771	2.10059435535	3.40345841587	4.06598812977	5.40773034993	
0.10633778345	0.567151149803	1.65917909113	2.07070091339	2.66987874347	3.8125995458	6.80607876619	
0.0953123649727	0.739587795304	1.32120504604	2.16461391035	4.00783208741	4.67457267503	5.19928800376	
0.0958538497661	0.646418386757	1.47059036854	2.18667621664	3.23148731877	4.33422295575	5.91247944337	
0.1089321627	0.718563188349	1.3650077909	2.14663840186	3.30417869111	4.56866093206	7.07259760522	
0.0858605665693	0.556520815149	1.26851192688	2.06861547591	3.28223359982	3.86468840125	5.33117224805	
0.0841339184564	0.683820353253	1.24868532397	2.17273101365	3.64550595761	4.67429139234	5.83065605787	
0.0981518722871	0.582747546395	1.25886091977	2.14711494892	2.63303355297	4.80149039006	5.3798417771	
0.0784945727392	0.546617733782	1.49678201141	2.13641973458	3.41720979581	4.64006197771	6.0212978088	
0.105529674055	0.668823457535	1.26265105435	2.01512674804	3.6206506845	4.38695059469	5.20935099766	
0.0972318117396	0.626596911778	1.41456157102	2.12448547768	3.50774211833	4.65826273735	5.79924685237	
0.087188487915	0.649638889129	1.35624935722	2.03461672212	3.1359100111	4.58344961441	4.74876302388	
0.105055182513	0.559794868545	1.28081482011	1.97340071847	3.76226620922	4.6017273185	6.13720627295	
0.112438698564	0.692367752903	1.34515185716	2.04361406307	3.49450681052	4.42538439821	5.46319439134	
0.119237236337	0.636994067433	1.33713393768	1.98731958717	3.53543388793	3.96172299148	6.48816849067	
0.101160973777	0.661067843911	1.48600748479	1.8719686129	3.55525409962	4.90005001476	5.92065106823	
0.105283025626	0.612260842663	1.15355314323	2.14098552992	3.61958676251	3.86324890999	6.30968166002	
0.109929635833	0.534551740911	1.34822490345	2.24805646518	3.44616686636	4.8163061245	5.89375812203	
0.0972828708002	0.676613314276	1.24009367349	1.99889792997	3.13523365436	4.55207719861	5.81591832916	
0.103545122502	0.581485322523	1.46124532437	2.3030603941	3.06628071328	4.46545877457	6.66229505486	
0.096568557697	0.651595381986	1.6203612235	1.92682908709	3.34540667966	4.47045952671	5.61845940842	
0.109090008606	0.621293916295	1.52581559745	2.14328273156	3.47435480126	4.61403497727	6.05309532563	
0.0883660517914	0.560746015346	1.38636866672	2.21366134478	3.07072967339	4.79426994557	6.44151624872	
0.10667265671	0.757009375612	1.27639862332	1.98857700356	3.27859091977	3.46334239595	6.17355964261	
0.0822482700422	0.49894858126	1.46237506366	2.1335367857	2.99048892875	4.3400563482	5.9828411291	
0.0919921865315	0.681589295924	1.39197548792	2.15801461569	3.15603895855	4.2064263552	5.97014759275	
0.103867835867	0.596650763336	1.37539536577	2.23033291996	3.23282218624	5.28849159653	5.44310065605	
0.104961469229	0.66517730159	1.39124565665	2.30918721832	3.33241950367	5.40931513272	6.34436526527	
0.0851048652215	0.635720420237	1.48074992809	2.39545695869	3.61348238607	4.40050133513	5.60585784015	
0.123157009183	0.631812137235	1.54867107584	2.11477226558	3.3732971433	4.26670949436	5.57595001328	
0.0998354253762	0.559501857377	1.35611555827	2.1749688405	3.1099653199	5.27876716797	6.02125519388	
0.10801007667	0.556583404975	1.4794770637	1.95347041314	2.92587979721	4.1821584482	5.12226950599	
0.114956422653	0.606731113114	1.6471460419	1.94125439384	3.36130492359	4.9150462639	6.14816351038	
0.090384652171	0.525049690496	1.36764015163	1.96549278358	3.65075487719	4.33995771098	5.85576258147	
0.100637487408	0.612379194305	1.42452468199	1.96192821526	3.48194670875	4.84921903569	5.77139797687	
0.103144829037	0.541876588755	1.70260013733	2.3612908415	3.49622066652	4.5984595162	5.89093931236	
0.0905187332447	0.574814263214	1.36287921732	2.01126034773	3.46697746335	4.46475607163	6.07257886638	
0.0941414050187	0.572272385154	1.43311295508	2.08849219433	4.01521638205	4.57216597077	6.25336886593	
0.101418140967	0.568156692271	1.1430209875	1.71140576029	3.65663570632	4.64469204058	5.83104393665	
0.13214009249	0.695951866193	1.24037767401	2.16025538863	3.0465689318	5.0560312865	6.35994945012	
0.104661073021	0.638666200511	1.40225206519	1.86827644656	3.51873146433	4.79271485013	6.04774679788	
0.0943907385022	0.598261614917	1.16063737092	2.21745701254	3.50372908687	4.40308135617	5.32017451313	
0.104873145243	0.587934744135	1.34810619213	2.16610880432	3.28665749869	4.77381472044	5.8921790452	
0.0987139490614	0.668742445821	1.39301815968	2.11078852121	3.06818419795	4.74233437185	6.54903221244	
