5	54
0	1	1	0	0	0	0	1	1	1	
0.174249617685	0.277756957255	3.28940779378	4.73780785132	5.41496356475	
0.154158904415	0.37146967813	3.57111602725	6.08115434088	6.20315624987	
0.159060714891	0.342944074044	3.31980967987	4.33214475683	6.46728646112	
0.12860941006	0.339206580218	3.63350627663	4.59449468734	6.79429476763	
0.155456169662	0.399371606966	3.1494114006	4.41286768817	6.57865047487	
0.147851466871	0.424974346901	3.21429756771	3.96916225454	5.23754612705	
0.147423959867	0.414798113128	3.03384511687	4.82930391888	6.06044114779	
0.15909314664	0.368991887435	3.30947823387	4.92243442878	5.98969713685	
0.142127178301	0.310925675275	3.42599806135	4.15275543276	5.68767052977	
0.133937140567	0.371256779059	3.93170177239	4.6584175995	5.61351710529	
0.143155449113	0.325328269502	2.88255112472	3.91971747631	6.1621992499	
0.156700678489	0.382948741854	3.37019822449	4.15520860934	5.31103389936	
0.132680747635	0.334440809284	3.36656927947	5.40616425729	5.37163557595	
0.144870812823	0.387709948412	3.15932239301	4.64982759022	5.6547654724	
0.139794982332	0.373071066195	3.35613246486	5.07712141677	6.22598122571	
0.146217647237	0.411570169078	3.57503279159	4.36349388653	5.9124282013	
0.143593454755	0.411194325607	3.27411193547	3.867516481	6.24369529808	
0.172344529251	0.439606880045	3.09429019374	4.18652564211	7.13872084548	
0.173500555822	0.397757502649	2.69353748296	4.22715573664	5.34386478861	
0.177185344388	0.322027962843	3.83618579379	4.4525138277	5.28138038947	
0.164801976526	0.403920777928	2.83847763409	4.4886406236	6.82534103472	
0.143851447158	0.443829682102	3.00794557371	3.77008812977	6.02712943026	
0.128090359505	0.384745717016	3.25167152098	4.15848305663	7.1272094879	
0.149940364931	0.412845883163	3.55183329547	5.29245505365	5.27434879937	
0.123637910669	0.445512787191	3.43886430718	4.55683995621	5.9200214598	
0.145340296772	0.412724316967	2.78077473194	4.71479915539	6.61878963716	
0.161148781584	0.377287155843	3.24913478891	5.07856197176	6.34915211366	
0.17632771506	0.313777525332	3.54468259725	4.13492906993	5.95625341931	
0.170640097295	0.341910619823	3.93757428458	4.9975473275	6.34752776546	
0.136019447016	0.373170398138	3.13352711807	3.94545936329	6.65625938846	
0.143934520115	0.373329179092	3.2093628826	4.40362075348	6.31827527396	
0.14065990534	0.418696106593	3.05631731889	4.48716309385	5.21604383613	
0.166074959693	0.430381187245	3.48265823842	4.57668642097	5.97831384167	
0.12656647715	0.328519816947	3.49391121057	4.41865120827	5.18446513364	
0.128919893293	0.404126691006	3.53404170471	3.80973629001	6.09123759549	
0.155818315756	0.357820902622	3.65291332509	4.34486159204	4.96988548629	
0.147080379531	0.431982837277	3.13772720702	4.02890467375	6.37692480708	
0.153876025733	0.379888613697	3.40506542018	4.18873965341	5.63998825101	
0.160912802908	0.343277246145	3.77484442594	5.05321613261	5.31353028683	
0.172137144682	0.385783363632	3.70005593989	4.56004211159	5.89368907474	
0.145778052374	0.28691550256	3.5513084639	4.18180473636	6.57589437165	
0.175109371645	0.358052833068	3.04309927319	4.95350710701	5.71947207127	
0.169758689102	0.353734528184	3.71741850229	4.36241838077	6.1981488536	
0.164733862818	0.399437113967	3.59796450919	3.8448065047	5.75567882295	
0.150948564856	0.35091029712	3.56550498014	4.26948801877	5.54191612627	
0.164106848676	0.340272728701	2.9260665167	4.72872439404	6.80629285773	
0.152425183665	0.318597923063	3.47260385531	4.23333077222	6.67245518036	
0.144305196164	0.423469931675	3.11421200299	4.19007045709	4.84946122859	
0.140106127442	0.386736265795	3.28264446148	4.77523610347	6.74648844218	
0.150429998106	0.382573754957	3.61168738223	4.60395693656	5.44610535432	
0.142168028701	0.299063820961	2.94556035953	3.73935643836	6.21060069253	
0.168172953185	0.344247742856	2.95631883183	4.92441401515	5.72946773311	
0.153851208916	0.408239064086	3.01987495129	4.19010350806	5.6961686313	
0.126696641656	0.398493714071	3.44528239696	4.53585995165	6.8158060419	
