10	65
1	1	1	1	1	1	1	1	1	1	
0.0951403299626	0.130095566163	0.398099683941	0.611659166716	0.946973058894	1.32170808935	2.45070811056	3.27106869433	5.17248575442	6.95216186145	
0.110436716121	0.151090682305	0.384043687602	0.622164749472	1.08289816902	1.50615707412	2.00110218487	2.85361710906	4.41909210841	6.89902485499	
0.0893788742695	0.174079885508	0.3894121403	0.561610630089	0.874055464323	1.22555525416	2.34552407402	2.86845351467	4.63865474023	5.90472382378	
0.0769594455209	0.151343874009	0.346544782075	0.639633397359	1.176355839	1.43383451386	2.02514200817	3.46050091702	4.84365064881	5.68592821078	
0.096021466649	0.159811397047	0.360548084848	0.63158314493	1.07205871146	1.48962278239	2.23803133107	3.6843405967	3.95805663824	4.7719462373	
0.0923216868929	0.140952399422	0.366061666205	0.50528655579	0.861870659812	1.69578517616	2.21248098761	3.23147090734	4.6819667245	6.24690424785	
0.0926521854437	0.138663784499	0.404569184396	0.537838914213	0.864384700304	1.32342816802	2.42150004529	3.25329464965	4.53415748036	5.67321430855	
0.112496700385	0.128980314875	0.39940625326	0.556898094387	0.9392305847	1.54114004542	1.9649132036	3.45524583439	4.50244284787	5.45319495462	
0.10970751967	0.138066090032	0.337132293675	0.693099147539	0.879840638976	1.19473407267	2.30541218201	3.57285309107	4.53790002615	5.89598740104	
0.0974156462502	0.118908600905	0.3859403525	0.662718471374	0.869832536546	1.29668693991	1.92111918294	2.88857697023	4.02412388804	6.3698350185	
0.0913761891574	0.130855378553	0.343107821518	0.606291361006	1.0501578159	1.6808320814	2.47582887868	2.84149408383	5.33186075838	6.6882165973	
0.103356835687	0.127121715868	0.426547436136	0.585299022715	0.847536687069	1.43689222625	2.20638891898	3.03929940442	4.01370042703	6.80405380625	
0.112264299391	0.14132095005	0.447983173453	0.601511723011	0.971159916343	1.46804781011	1.71066035512	2.56642878207	4.13285933103	4.70027942703	
0.0927304041045	0.146292198979	0.378326099917	0.556873857416	0.925588051381	1.50527514025	2.19837335579	3.45660626439	3.55173970979	6.25993359046	
0.107736237926	0.124429664053	0.382806149078	0.537213915199	0.957255040156	1.68469114917	2.17143428076	3.41411987226	4.10827294969	6.1523340386	
0.0973057559298	0.148061758623	0.420510075959	0.561240012992	0.954249314554	1.52080366965	2.53941357507	3.76273977144	4.24185038315	6.18785034845	
0.12233327399	0.144261098643	0.341498823076	0.48390679907	1.00285638665	1.62464305005	2.03674453392	3.64751322734	5.06762940726	5.94072706918	
0.110335375763	0.141746824265	0.405694933228	0.644233094228	1.06125530611	1.3528374855	2.34410385033	3.22768507259	4.95569146086	5.67251603286	
0.0870662304214	0.13480408087	0.430934239715	0.663287000791	0.879690731681	1.37545147118	1.91541658073	2.71324577745	3.95185246159	6.01171972727	
0.102506430838	0.150902029222	0.334674002516	0.612930667003	0.893243914831	1.41128747859	2.2525094585	3.96172314024	4.1043318469	6.98491001515	
0.0997324517809	0.173245021889	0.386131202438	0.581719221918	0.918015148919	1.49793103407	2.4696722034	2.77914243175	4.92421116697	6.65622629253	
0.099163748552	0.153389770008	0.416470357701	0.627296418025	0.917286544326	1.53945371304	1.95945404567	3.28327260172	4.32359010006	5.70517035854	
0.0967395077189	0.124461993806	0.327866940055	0.697420804478	0.824391201133	1.43916461749	1.89949358519	2.96350836785	3.85241733409	6.93035441777	
0.109822185194	0.165121108131	0.382782920892	0.668188270828	0.881572789537	1.61588498062	2.11855342482	2.70086179053	4.09838954084	6.19964967545	
0.0933111995181	0.137284483597	0.345954735081	0.566402508916	0.974780616283	1.27496932671	1.86006068861	2.97270605552	4.35633288338	5.48947901355	
0.108513973208	0.121645431389	0.318412977413	0.602655834603	0.994508263057	1.55110411018	2.76446741359	3.91836192463	4.32346436877	5.70057732879	
0.118948922611	0.164364530921	0.376539318194	0.586860958174	0.950608105657	1.25548386907	1.94219884366	2.86771916637	4.12981888024	6.02847684175	
0.103626204189	0.130859625507	0.352605362593	0.654840051374	0.932009217513	1.34188999538	1.9858852598	3.52059676621	3.38819462628	7.28184465563	
0.096078864598	0.150866920166	0.390369515846	0.654128274594	0.841152214765	1.47556116275	2.00332549502	3.41420473125	4.47133801529	5.80330122411	
0.117510735895	0.138768718205	0.394068047401	0.608687032898	0.964843815499	1.36195752674	1.93723897391	2.81466536585	4.57758462812	5.85676278665	
0.105742634689	0.156207591773	0.409468102233	0.559199576613	0.976553168148	1.39572239876	2.075253776	3.23420826408	5.56829318087	5.9120188364	
0.100459822878	0.15052800307	0.375305127522	0.593326805223	1.015127261	1.28435707219	2.19420956264	3.24502731419	4.43130268262	5.75688492116	
0.0958347517798	0.153638095746	0.3882572258	0.625869692676	1.03015633353	1.47422631248	2.42726287226	3.18259463986	4.34115933698	6.22829023504	
0.121113753198	0.165815825823	0.440218659033	0.484766239644	1.03930912458	1.56160423579	1.72856129028	3.33291184351	3.8268327077	4.55683253082	
0.104597398232	0.147721351205	0.394507403764	0.687422685113	0.954035217484	1.54979870815	2.31107207544	2.96896179965	4.80855052695	5.72936918283	
0.09139160283	0.16750440047	0.40704165027	0.60694500977	1.15140869101	1.62114138055	2.05507319028	3.43166054425	4.38166533101	6.16184660155	
0.0911398879579	0.150805357067	0.351507738508	0.572223744056	0.990489885588	1.58259218364	1.7860883236	3.10643317796	4.7561393325	6.21770612312	
0.102583223334	0.138013107153	0.362190329278	0.536384342732	0.954417505889	1.47258378054	2.42479841525	3.55988282075	4.83185836637	6.61834480792	
0.0912650257546	0.154675140537	0.343407944604	0.499779890942	0.817776802097	1.68287122063	1.84194188846	4.34709525832	4.32015868178	6.08804447345	
0.0806815937903	0.161934265373	0.355544062996	0.601891246753	0.96399017108	1.29342432841	2.46395319002	3.15731372211	4.08509738853	5.62048756491	
0.101892783618	0.163511478786	0.36684310327	0.562103987313	0.905526307358	1.21760862744	2.06815595411	3.12062704939	4.65740491486	5.32830582492	
0.111004049623	0.175652718915	0.321931873738	0.594188506874	0.820576776582	1.25448066826	2.0159931582	3.64106932849	4.57613945492	6.40140852409	
0.0998038684108	0.136378501785	0.362666421362	0.646820001784	0.834200968416	1.77637864359	2.20329389597	3.04461490426	4.53460475633	6.45222845801	
0.111225967637	0.142062681593	0.336229549929	0.573262579709	0.984335025453	1.51223982122	2.03393952899	3.14643259467	4.39563399917	7.7696598081	
0.101974237342	0.138861216426	0.441598948225	0.640216030165	0.864500575892	1.43997000715	2.21429382106	3.91965194471	3.92367136904	6.19919951078	
0.0972552271138	0.151983361209	0.343905339838	0.65726801395	0.977302108059	1.3068881478	2.18757058397	3.25823352564	4.08045898146	6.81001948206	
0.102934534166	0.104741940948	0.383387126666	0.637339550237	0.776670007509	1.30008539205	1.7730198509	3.35554921992	5.21284117023	8.08889729765	
0.0906418431574	0.143739494744	0.328902387152	0.708520080036	1.03592158597	1.25897728813	2.30820347211	3.45705644937	3.65555733192	6.97367522605	
0.105899941035	0.143239794518	0.382605517431	0.643150145159	0.863361470626	1.34989374953	2.1727530023	3.01664384926	4.18110519786	5.94700915973	
0.0951945211354	0.13463405288	0.398395838585	0.660392090383	0.885503929759	1.78988379556	2.44005414891	3.33408248037	3.82742785487	7.54059778406	
0.0860020575852	0.159746492014	0.387368362679	0.62014058365	0.951482890262	1.09578125048	2.35071759136	2.70978519783	4.71014463668	5.54644129923	
0.129835826199	0.141195665482	0.332390312159	0.69685203754	0.962345320354	1.26315629374	1.82286215452	3.59755282712	3.91861038711	6.24439054261	
0.0986458696234	0.139492161625	0.337076293554	0.683759498911	0.904630821626	1.67952177953	2.0995299105	3.13957960582	3.70017157529	6.46320243132	
0.0910385465116	0.152051982102	0.379944495904	0.692711603115	0.913751651818	1.3835368681	2.15617857111	3.72957927463	4.03087178563	7.45811371581	
0.116215534541	0.138186632373	0.362342725993	0.677263468497	1.02115062443	1.52037113428	2.10455613902	3.46408381929	4.25330819806	5.86151603318	
0.106581904361	0.177275433666	0.42860158465	0.5722805197	1.08151593092	1.10427505877	2.34205506709	3.52181498762	5.22551857708	5.79205931285	
0.0851282227946	0.173925351431	0.430736142229	0.686077971034	0.976807139548	1.59349069348	2.63424702446	3.2285393523	3.93896270733	4.47797226613	
0.112781163367	0.161019127496	0.376091091715	0.56567105321	0.988642419665	1.6126883949	1.95975929875	3.19891663334	5.28999233242	7.29034724588	
0.0953828786022	0.143867636503	0.320161829283	0.593679104917	1.00708088381	1.32086678385	2.03872870304	3.73946093377	3.71234322819	5.60060548293	
0.0907422922738	0.159627367825	0.335991771544	0.593172662503	0.942628219532	1.42228126136	1.84583141148	3.70235039045	4.42835163919	6.94778102175	
0.0949379247289	0.161669124089	0.400733588088	0.650076479565	0.869321796801	1.25631756264	1.83464488271	2.94134290602	4.57092531946	6.74164902619	
0.09523968594	0.155437212235	0.357331953904	0.68211042985	0.959739213496	1.36692095448	1.73219797504	3.02277746015	4.01740173523	5.96124724624	
0.104553160352	0.149771423508	0.352688119311	0.621295535163	1.01585884019	1.54686885381	2.14515372021	3.05422024738	4.49800742502	6.47339462721	
0.0979661058162	0.15387292581	0.347213085852	0.712929910484	0.920728777558	1.31160777322	2.46765444284	3.34640515611	4.69135244468	6.62388140054	
0.0987355276671	0.118230094596	0.395559148821	0.586285646274	0.8272534982	1.45564284999	1.94387293319	3.10679454634	5.00646048105	5.46825697544	
