8	55
0	1	1	1	1	1	0	1	1	1	
0.179914390558	0.295318959858	0.638287069294	0.996440630478	1.44341101586	3.52077668303	4.49625437719	6.00418738599	
0.149582989496	0.381448469881	0.608728956678	0.839009298475	1.33004012553	3.27751800046	4.9493100718	6.38011678896	
0.145368477001	0.474867477355	0.64060026365	0.957564017178	1.67499037748	2.86882171477	4.32221412225	5.67138153338	
0.149956849037	0.380340840345	0.623548716041	0.975273771845	1.50157509911	3.16468560922	4.68779452918	5.75352453433	
0.13122826064	0.416584568414	0.578954088505	0.970114155497	1.15243035344	3.13695431369	4.65424174777	5.46684590669	
0.150388893935	0.410785891358	0.671407727383	0.973731050921	1.2098598657	2.97965100449	3.98496444125	6.61237740617	
0.162022833195	0.396976017165	0.566784400532	0.861975181721	1.29207654524	3.38734532752	4.88934755109	6.18939493115	
0.155941162949	0.333563675276	0.598805964227	1.08074165988	1.22246098375	3.25431591474	4.66082415827	5.36053202271	
0.178245760873	0.4582058181	0.577075894408	0.803783642292	1.34414525896	3.22834210219	4.4736934926	7.62307757499	
0.135331903748	0.395924949857	0.64846316544	1.10432798063	1.41823881515	3.558364087	5.10249418281	5.3286360709	
0.133799542456	0.367446262189	0.528087745456	1.02237294904	1.4225253823	3.36228734127	5.26328345406	5.60485916857	
0.15011972074	0.341502585531	0.601523496709	0.844412070787	1.49660875987	3.17416001512	5.01995545191	6.03836285429	
0.165908898946	0.355727210357	0.569551121268	0.912038661931	1.39070658348	3.13825195097	4.58734924778	5.74265135886	
0.144362416225	0.402324954389	0.493638549277	0.905558446484	1.30196339239	3.05264224776	4.398428709	6.04973041528	
0.139903005622	0.414523909548	0.674534005769	0.988706771087	1.03418782755	3.18596128103	4.4083629767	5.8362554299	
0.172072163341	0.344717510177	0.586076067277	0.946588845006	1.66499814278	2.76835502048	4.92040682742	6.30296197127	
0.1337169274	0.357708012194	0.603217371763	0.966563233507	1.40748142251	2.83103487717	4.63120306256	6.95256373854	
0.143812454395	0.348127007138	0.561312424315	0.858253070738	1.45614691043	3.51640601802	5.26066066931	5.40372606739	
0.139871843672	0.431564610843	0.647085080852	0.951842647181	1.49548624012	3.13782607597	4.82237344534	5.95167585477	
0.138659120849	0.387854757585	0.678786134239	0.976469366814	1.7700974342	3.23317233407	4.42830192962	5.15843108966	
0.168304310501	0.401902626719	0.620999953326	0.808523458233	1.56029534027	3.40099593496	4.09572678956	6.65888841055	
0.149678373541	0.300487898537	0.551001833668	0.793356685846	1.3767869805	3.22041236376	4.38448011355	5.23540723353	
0.134934186784	0.299875133322	0.671345171784	0.908498075356	1.49287436477	3.44502910458	4.82101882972	5.8527331993	
0.163444952165	0.321056100104	0.52193118812	0.853318193583	1.5242340662	3.04159434223	4.35616324232	6.70163145948	
0.166451758678	0.38961902965	0.697227686685	0.973763760892	1.42719021403	3.63488863699	4.57023636639	6.37193344449	
0.120197890936	0.381270648491	0.538850092462	0.860711898852	1.42088722165	3.62790728929	4.78319559098	5.35351823725	
0.150786018057	0.379446503829	0.601703110725	1.03004698425	1.54805824087	3.64936661801	4.43850975293	5.08034820243	
0.150650090551	0.384212785749	0.713599101439	0.92576573133	1.67825809311	3.6239608356	4.76133083236	6.10090788132	
0.13734636779	0.355827117134	0.513155416645	1.00744720421	1.01595593448	3.14864913596	4.84798321026	5.74206655817	
0.145046631651	0.410745641713	0.526158854252	0.916568083519	1.4542443111	3.02091687234	3.53190275966	6.57691458884	
0.128339902626	0.378416307777	0.602470051096	0.818179031718	1.45760470043	3.2411409701	4.89639438957	5.89749665122	
0.135702513468	0.336131690063	0.532442978506	1.08386176267	1.19623889424	2.95604981513	4.74978206727	5.42592896764	
0.138521006977	0.34833122438	0.641637134871	0.702692983778	1.35330007644	3.36258265521	4.48527196756	5.49308269518	
0.171123491847	0.371053805054	0.570008952267	0.939414688339	1.40890418767	3.63330981355	3.99112812068	5.82118275589	
0.133141562703	0.404952753932	0.55475057909	0.840439965356	1.16585233401	3.10603280276	5.24996240538	5.43955520873	
0.146879375403	0.417014708765	0.567604321663	0.782514534852	1.51295093522	4.01350750267	3.96376886171	6.47690320816	
0.137791768632	0.398569098097	0.557161448844	0.94370242292	1.39697608731	3.94932131353	4.08084663769	5.52655812696	
0.163186855388	0.404756688631	0.558577965141	1.02158044334	1.42152744825	3.41885192146	3.9910747507	6.6692339525	
0.156350801751	0.335507527399	0.665292842517	1.02317981236	1.46766749327	3.76206743803	4.59252376535	7.26021356111	
0.157432460483	0.341282274373	0.614607581388	0.889419542486	1.56889623233	3.12932687196	4.25096095188	5.16793493511	
0.117316317601	0.407635889622	0.53512865577	0.966290204977	1.34448829396	3.34556683558	5.50375084871	7.37371130492	
0.148035608638	0.359558698883	0.601646891784	0.826002785945	1.47891969102	3.32013016577	4.29145908948	6.78686172664	
0.156096879827	0.433895594926	0.461736839073	0.935487349942	1.56483674174	3.18383524108	5.21850946962	4.90433738802	
0.142603388235	0.414518197816	0.618636778419	0.843751100237	1.28061609779	3.39658126514	4.66832039676	5.84829310971	
0.157441823271	0.310204783557	0.615736301289	0.735876454338	1.60949735723	3.3342642848	4.63631113858	6.04829042341	
0.136512635521	0.34195799248	0.675838590962	0.870380515614	1.37843883959	3.08497048399	4.53495963505	5.7509455855	
0.147121636414	0.405449844129	0.542708039455	0.942030688668	1.62966849711	3.48211408363	3.9258630672	5.84815828672	
0.155900307225	0.344214442292	0.669199181437	0.918398672359	1.64422003218	3.38652521334	4.20338748175	5.8360743116	
0.151246366032	0.350080681935	0.660558097212	0.819356770722	1.30447504716	3.10548552313	4.843777685	6.81308502703	
0.172347946679	0.40985033239	0.568160026852	0.770503900699	1.55139481963	3.65279653849	4.25368659751	6.93151595918	
0.148469364185	0.362743990938	0.598831740336	0.856969955973	1.23098369969	2.87470211495	4.615480101	5.47768585636	
0.171021467593	0.387038995263	0.575508864575	0.807452229607	1.28764196317	3.31529760927	4.77293777738	4.69085122855	
0.125624694898	0.385749073271	0.588262598641	0.976736998305	1.37367124836	3.36148579184	4.6897483929	6.20985299352	
0.163398589328	0.395170770804	0.498634944908	1.0210221355	1.8707569551	3.0815967968	4.13907299774	5.70099065084	
0.141275625799	0.36802281723	0.618653510345	1.03590719121	1.22102503586	3.21747926359	4.53032967512	5.46306448567	
