9	35
1	1	0	1	1	1	1	1	1	1	
0.0852235806218	0.152235246444	0.646229331162	0.89998480309	1.43433955409	2.0856059594	3.44041527321	4.2331344275	5.94622366023	
0.0947378832506	0.134734951181	0.506146635504	0.859893105743	1.38111550152	2.07250517675	3.08954353959	3.97076580397	5.8300583216	
0.0934025594489	0.14730669539	0.733959683457	0.897144770121	1.50094019338	2.33959660818	3.45949083889	3.92544748983	6.1743772095	
0.0838714599108	0.141265731434	0.707558159628	0.832852970773	1.3077924458	2.21342424135	3.11342977435	4.73875227724	6.31546570146	
0.0988324646333	0.146668515238	0.687121813435	1.029606187	1.56007586905	2.04065175651	3.12923909764	4.5545985761	4.86881671403	
0.082786343687	0.135924842575	0.535406639912	0.928730729731	1.54580015505	2.08857516647	3.11160687134	4.73330563197	6.13267434009	
0.0861988153064	0.158927924994	0.598307621366	0.65882807627	1.32991010262	2.06629115299	3.42955215302	5.04717661515	6.85082719689	
0.0825694723276	0.147611904406	0.58686313523	0.841008959319	1.41400546552	2.16413783579	2.74305447273	3.83174020873	6.2352871668	
0.114990414832	0.160029664052	0.709964214712	0.886432215006	1.26111561133	1.97918415894	2.90217288385	4.09273131563	4.79436849005	
0.107599327816	0.119509078884	0.55400948631	1.00031162119	1.61236801389	2.15786907331	3.33613650636	4.72446517577	5.40890489572	
0.0979637365915	0.144097887525	0.559814232402	0.839657727533	1.57001751813	1.94100917385	3.02111800809	4.48291049532	5.37830317279	
0.107116471987	0.185695706938	0.560805748704	1.0574443994	1.59550891121	2.23276842598	3.63551625681	4.25685905554	6.30441101155	
0.106280662335	0.162112758288	0.647005081091	0.941306712556	1.40945742963	2.28598724581	3.37597392382	5.38631215086	6.04074992791	
0.0863569643566	0.14375552711	0.615976079748	0.882664330648	1.18507271047	1.99825013579	3.47580157059	3.12039692013	6.67787844652	
0.109238437934	0.151734199799	0.493712176616	0.745822829964	1.42399961244	1.96371942617	3.01445717777	4.85946309899	6.74255644104	
0.116152740122	0.18293862226	0.620819911956	0.843469080569	1.48312728679	2.15415081307	3.51242561819	4.32683543923	6.54217031533	
0.102479151826	0.148441997755	0.676562139151	0.902547815336	1.47381989236	2.12702956613	2.92104008136	4.77930153968	5.19630676906	
0.112127386547	0.153249462279	0.564855538821	0.984905646337	1.42753360136	2.16941734368	3.03443743096	4.44578700198	6.41080456301	
0.112058820192	0.168049342225	0.531673750118	0.820598713451	1.57962687451	2.32173682145	3.82900295879	4.94233623627	6.73202150719	
0.089711972916	0.138251471959	0.629231300876	0.920115192466	1.38016544138	2.86732414411	3.16159022811	4.35292493852	5.92638344484	
0.0931622331503	0.152490631553	0.721929027951	0.863418378677	1.48281580603	2.19878393494	3.08294936745	4.1802113049	6.94551093687	
0.0987350339346	0.146397364882	0.767537668325	0.883250133949	1.66697375078	2.21065986455	3.40388333172	4.79075288559	6.28647230367	
0.0999390161769	0.156465987016	0.642070151684	0.789576983932	1.68289414449	2.20606841404	3.37447314196	4.71991911394	6.31080999152	
0.101216783872	0.124009293157	0.507649710123	0.899258437482	1.26544261414	2.40199097805	3.48527588675	4.7928373459	6.14739717221	
0.100908800482	0.153972482008	0.659249229033	0.864016070694	1.35196517273	1.99480738219	3.01820945937	4.55266949818	6.71871708153	
0.0991321131038	0.181835955634	0.6207220964	0.892888259134	1.67623022721	2.16522973442	3.50777781136	4.0006009634	5.8871717675	
0.103188681056	0.139255662611	0.574916060465	0.913281112738	1.52024946599	1.62185068488	2.82397916694	5.07177540985	6.44654336322	
0.093803251789	0.160823815586	0.602487695493	0.825760505068	1.25170221372	1.87201310447	3.08373462329	4.8355449857	5.49615713198	
0.0936187225298	0.154144911865	0.631652858096	0.888338429672	1.32378369985	1.87617885972	3.96681431707	3.96534316935	5.3544870506	
0.0839972910572	0.16738408245	0.664407354114	0.969118665798	1.33353626754	2.37653748112	3.32856780635	4.69568606291	6.16040485968	
0.080297404321	0.150863455843	0.582588169313	0.959381105134	1.35688791678	2.24172618878	3.57588916464	3.14300296901	7.01901026346	
0.100804200397	0.138284430752	0.600428641971	0.887249642725	1.28948473538	2.04276572009	3.49791003491	4.64122233414	6.12143249076	
0.10689878968	0.180292584691	0.561898482937	1.13278100434	1.4487418598	2.08677529615	2.83382508572	4.3501536897	6.60302547342	
0.0900954901339	0.13048897916	0.576628578287	1.06866881378	1.42782087925	2.3186740172	3.17116546025	4.42590548735	4.69183560589	
0.102576523035	0.163162672188	0.57584497539	0.908462035353	1.68595001075	2.49857581185	3.28861208505	5.09744467131	6.12139817554	
