7	75
0	1	1	1	0	1	1	0	1	1	
0.156546376942	0.430401003524	0.673327398142	1.44589761892	2.47564693491	5.41605524357	6.01677087315	
0.156272806177	0.312842700582	0.512941604254	1.3101379271	2.05462206453	4.00674463887	5.97840275281	
0.143794362485	0.420694018791	0.571513581271	1.10299933341	2.1770365021	4.49361088901	5.48277007116	
0.151424998252	0.339139945647	0.619790397217	1.80650819448	1.76179482333	4.26769106085	5.59409692713	
0.143501101748	0.418757134025	0.632569593559	1.55137360987	2.15655653352	3.90505530602	5.33118878324	
0.161193895612	0.38649161214	0.675612444365	1.47193648076	1.89565177643	4.26514418362	6.33888848981	
0.160654987444	0.412494128022	0.537088553208	1.25825268625	2.10919245825	5.14803308244	5.58367900752	
0.156824578359	0.39729232328	0.64564636498	1.66801495631	2.48580988132	4.23242737477	4.74126273521	
0.13982205997	0.382875547174	0.578301283339	1.71140954884	2.15403776543	4.79417034612	6.13032858579	
0.144800502248	0.306857156237	0.595282941688	1.89541456292	1.88244144403	3.68330713003	7.16183358154	
0.161131244548	0.38712195546	0.681760431742	1.31109522216	2.1270821264	4.92981935261	7.26621262069	
0.13247183528	0.428667909425	0.62291034365	1.45331773264	2.14833821722	3.87690902069	6.57785339893	
0.138265964695	0.338971753305	0.653127537534	1.5428461656	2.16698501798	4.98579462937	6.85556194889	
0.169623361167	0.359925399011	0.660846295877	1.46026465978	2.52107017063	4.44432224868	5.78611701758	
0.140793046847	0.387192939981	0.628003528056	1.49949260646	2.22507209617	4.80196665571	5.86647489845	
0.136912270266	0.343526536117	0.658503065718	1.49725609041	1.75099487925	4.99353904206	7.12826108784	
0.139261247239	0.392774081758	0.571592514382	1.51984789034	1.89930808885	4.46784945431	6.5887884768	
0.168535676089	0.396206841119	0.579657281807	1.20225804494	1.98712681208	4.28882696786	5.58135973002	
0.150893294525	0.367008266025	0.61032728234	1.60197570405	2.06261062244	3.87770986024	5.57897544113	
0.15875382705	0.405761863828	0.624365111821	1.61600543474	2.10993193998	5.4234747666	6.49091228166	
0.112147687947	0.448425027939	0.553980803392	1.28212352991	2.26261078861	3.71781878745	5.58271846121	
0.173356478109	0.401136268002	0.648734386856	1.33606178413	1.81925045022	4.81806784319	6.55815369375	
0.163274900791	0.387944630744	0.541975905392	1.77860105109	2.25315430024	4.42175101128	5.89833045751	
0.152243962171	0.420645113962	0.611377687398	1.55276738094	2.1825505029	4.44944074884	6.384750236	
0.159049290505	0.373553903474	0.555047582537	1.47886723481	2.16684496383	4.25030772925	5.49455971048	
0.156157137658	0.400903612167	0.578398073121	1.34706900386	1.97149513436	4.67201472262	5.51761375582	
0.183617018535	0.364409305433	0.454487143328	1.42568545167	2.13429780184	5.00027335539	6.17287574204	
0.137492472248	0.369117108807	0.619645186299	1.12044586221	2.43780367289	4.12597355139	6.85022629257	
0.155886977117	0.403924577183	0.66896540616	1.51195788354	2.29467053651	4.42601260179	6.22330120888	
0.141187532775	0.366950378216	0.717881702878	1.31442831734	2.18317818223	4.55106106652	5.81354731693	
0.157716014049	0.402409439524	0.544450849011	1.44449400975	1.91729102216	4.85484687824	6.10589238622	
0.151234948301	0.405043191257	0.583469382572	1.56070514017	1.94608435236	5.1353444335	5.66945329047	
0.124557313985	0.367515673478	0.573481908165	1.38194141998	2.19980432333	4.9940290624	5.88497645166	
0.139625736453	0.337191221133	0.571909032521	1.16004104799	1.99409638489	5.05982425314	5.50598447725	
0.159430737912	0.333393680587	0.706265753959	1.69277776283	2.27706963466	5.39606367074	6.21347578496	
0.161527756712	0.427953487316	0.610783107186	1.20801002299	2.31962712138	4.2876631825	5.76148210743	
0.154468423747	0.401518673429	0.60900807804	1.52090932367	1.99802571618	4.48078329237	6.50945127027	
0.176591867647	0.460804552381	0.625978600964	1.55012140522	2.57603952044	4.19812378347	6.37781991163	
0.161525144242	0.435018734571	0.531771517168	1.29566497292	2.15459717539	4.66997744804	6.67371837224	
0.157763156637	0.374246297256	0.624987686685	1.47304936011	2.52517853245	4.57454652461	5.77014995187	
0.156744135451	0.387542442135	0.50574039866	1.42776175519	2.12834127724	4.2552576604	6.62134997257	
0.138214806051	0.397313507542	0.591128580009	1.44540038581	2.23853405257	3.91159152725	6.11499653504	
0.184334212346	0.320842992857	0.596543522177	1.59062322345	2.21484813831	4.80958512845	4.57460039334	
0.158973740619	0.351055848163	0.618592637075	1.42579083348	2.63984160127	4.74601289569	5.93242570244	
0.127354608611	0.38460358227	0.649393732701	1.41848107947	2.04128388261	4.24233600127	6.32108486127	
0.16139081909	0.431725984382	0.540300006407	1.50521479085	2.1238336498	4.45849460792	6.24109551242	
0.156114843804	0.40009318802	0.536551728468	1.32277696878	2.46946167924	4.40074238963	6.18360863881	
0.165819994681	0.39761083675	0.632791357858	1.55792460813	1.69491729141	4.27952243018	6.2811634779	
0.170814664606	0.382511631267	0.549317012295	1.31301369491	2.34003015874	4.40200188792	5.99567997253	
0.159225452907	0.269742100058	0.72002205069	1.32545644159	2.20201631944	3.73288634393	5.74647533376	
0.168670320695	0.307185647173	0.667572005231	1.39086145824	2.25474035465	4.79588598607	6.26485289969	
0.137025740226	0.366147132432	0.512306629365	1.50032687542	2.51594185811	3.679001601	5.54301245632	
0.147273370862	0.386586974101	0.652750578086	1.40823540281	2.08206887381	4.99640881773	6.39719734024	
0.158084669636	0.38427559704	0.658989132655	1.33614775705	1.97957072933	4.83574544409	5.02497841845	
0.151382692645	0.367970782614	0.515654716161	1.2968287361	2.12657014016	4.96528346542	5.60822520525	
0.168200720999	0.382400810647	0.67862308213	1.34355769994	2.13950593856	4.6658176215	5.89229372236	
0.164295362207	0.296112578439	0.745344332327	1.5526617688	2.11269065676	4.25145524689	5.48014763313	
0.159684232113	0.417809303414	0.590248432312	1.58829962906	1.95493908995	4.01228511751	7.08800472315	
0.158866629203	0.433080231669	0.548763617497	1.29793586898	2.07289899632	4.12917352131	6.42321912614	
0.138733109146	0.335476545393	0.608520924735	1.24553197686	1.76311525473	4.55996575524	4.95046797419	
0.161629190944	0.326977318402	0.465559572815	1.38798707903	2.18108781821	4.72116377866	6.10320941941	
0.134110310683	0.407096324875	0.657608310389	1.25757601563	2.11108368019	4.3765019878	6.13222894967	
0.146926143123	0.377420644661	0.638508931815	1.27071900676	2.30853522408	5.01350972919	6.98048099609	
0.117849490138	0.37304973703	0.482093965539	1.08178589236	2.18098000524	4.32038169322	6.17991057106	
0.157291915351	0.427420046408	0.603235225518	1.84803985328	2.21587811882	5.32911557006	4.60029731969	
0.170246092943	0.373131101388	0.483099164434	1.49013795062	2.08486455933	4.7610239618	6.60664587453	
0.127662748249	0.418566921333	0.600388769053	1.62345628798	2.10589313077	4.28831599836	6.01623242441	
0.151527910596	0.354814177543	0.570221716143	1.25455679856	2.0565513057	4.804339527	5.91758749566	
0.165135979441	0.372953680229	0.514108920137	1.51541030892	2.00517102468	4.39498472006	6.74254322849	
0.132586943104	0.386260263924	0.597568898998	1.53023237731	2.33385797358	4.61872755191	5.78377521205	
0.15710058756	0.430754924091	0.598362603622	1.39178237564	2.2334566054	4.51742715917	5.19737434565	
0.153589962006	0.328823028467	0.622468838785	1.31600859041	2.1579280829	4.67576725779	7.47234200757	
0.161141249427	0.43186235477	0.712304869122	1.49996359613	2.21142330706	4.01997550103	5.93002204056	
0.139153684055	0.364759763695	0.712239802572	1.44639087582	1.96168159079	5.11854005461	6.57316528574	
0.165114802389	0.303767052282	0.716920257463	1.35013239188	2.31726027615	5.63570990578	7.29319964891	
