6	43
1	1	1	1	0	0	0	1	1	0	
0.095159803768	0.162071811653	0.367533854874	0.606628125353	3.74250394351	4.84393166164	
0.0875870072726	0.141412874643	0.427736411089	0.608512682558	2.87662696112	4.13147139976	
0.107034935227	0.164916154218	0.380678501456	0.748518828056	3.51784951812	4.39043351867	
0.091842939519	0.13537673543	0.392746010178	0.570673377305	3.79396672004	5.15984031131	
0.106330665475	0.132315057406	0.354455682843	0.675340651544	3.06700348507	5.00496378026	
0.10474603923	0.150775768272	0.353292353108	0.594345369389	3.31163558533	4.96464250424	
0.0911426439937	0.146057747362	0.381703279013	0.639760701461	2.95474909031	3.9075435932	
0.106739651517	0.127230763276	0.428829229161	0.590644434151	2.74705239826	4.28381090127	
0.103791236331	0.142009483687	0.380761130455	0.644404701942	3.184288141	4.07832404559	
0.0970101600263	0.171222602047	0.444032445123	0.478804429563	3.60458407049	4.61256647222	
0.109239826791	0.141742676096	0.312805986639	0.635069327319	2.94418239008	3.87526840583	
0.0868159861753	0.159013706736	0.385299193709	0.646947961312	3.46744945771	4.31057989594	
0.0992952642612	0.142328437068	0.372007544631	0.541964715721	3.37690739551	4.98380433704	
0.0918338697018	0.169219044681	0.384313816866	0.614464738584	2.69768540613	3.6867319607	
0.101441163628	0.161845981869	0.354487543141	0.700205634035	3.48885419163	4.09124643673	
0.100308486671	0.187153937006	0.332782567894	0.631696196335	3.14510802036	4.81810333091	
0.112672736463	0.144206443669	0.422518666325	0.733272203656	3.27153928964	4.85319990937	
0.094095592298	0.150288889635	0.373286346477	0.64781615554	3.64151967912	4.4506553179	
0.115336228457	0.172950711623	0.412180442241	0.569038408097	3.05115563456	4.13442839039	
0.109491660702	0.131823476888	0.405719830856	0.535133439131	3.51765248895	4.50774881223	
0.113336385619	0.167121818675	0.434532485656	0.687649123097	3.29668002105	3.97854312011	
0.08947476945	0.11869727206	0.33882069833	0.604129419462	3.06811239123	4.41893897802	
0.104927154195	0.145439021129	0.337370505584	0.596805979946	2.9579905918	4.37814607636	
0.113427769644	0.145942420439	0.447296387027	0.685898159216	3.06172577471	3.99999430511	
0.0994744583808	0.167299916451	0.361372745563	0.654485417896	3.64274299647	4.15168845734	
0.0932394891171	0.160689930482	0.385770206886	0.558836308407	3.13554135436	4.46826620127	
0.0843514557504	0.161484646597	0.36180969682	0.432977026572	3.2422419353	4.1662929335	
0.116888221923	0.141218324686	0.338289552184	0.630475960198	3.0353546054	4.14924470944	
0.105095013828	0.134392990382	0.324623600988	0.703559880126	3.43833708972	4.38110582175	
0.099965227903	0.157587965372	0.416986823085	0.554641482521	3.36899762094	4.27198312071	
0.0981101875549	0.152410393012	0.379746214224	0.644134013898	3.40830313171	3.82132385578	
0.0864217679293	0.144454249729	0.449487759973	0.54890449005	3.18232761938	4.25864428787	
0.0944595561591	0.152673596159	0.433229536495	0.627358103993	2.98885243754	5.73895327986	
0.10078573221	0.141341685654	0.433659662238	0.571855762923	3.79044693787	4.10821074406	
0.114300303889	0.153015714964	0.429059984843	0.714105942522	2.88190263058	5.07409731934	
0.0859109609557	0.134292234671	0.349470440528	0.630218198171	3.26073016	4.42478876213	
0.10146235279	0.158869343839	0.40539342871	0.665650010137	3.84151131415	4.4903869324	
0.0947891103787	0.159203041938	0.336518316982	0.559277752073	3.57479880758	4.44414223133	
0.0879180754164	0.12765295402	0.381851233817	0.668513792218	3.6167773777	4.5498962263	
0.120089094191	0.148427694511	0.374734430311	0.445953845416	3.10460704152	4.88340676571	
0.115639613369	0.137546480495	0.397565588513	0.662812741939	3.25364264979	3.47252379411	
0.102472899996	0.161421459361	0.343997929989	0.584750728148	2.87446378631	3.34343360314	
0.110270044118	0.149943771993	0.440711649875	0.651439331514	3.13488182746	4.46256870295	
