5	38
1	0	1	0	0	0	1	1	0	1	
0.100181717091	0.307688128258	2.32422247277	3.2657542399	5.93238152437	
0.0938895182186	0.416088199057	2.04484009861	3.40189635954	5.98115342279	
0.101780113059	0.363846134921	2.00732299376	2.95400617715	6.00564565519	
0.109290461144	0.381445184283	2.29136244024	3.37543357875	6.10106326715	
0.0835261677809	0.390816376841	2.00898395022	3.05304916151	5.69649981656	
0.105877912934	0.338214139539	1.75370793015	2.76713995178	5.01375268677	
0.0849124275354	0.406528064324	2.03303250325	2.91305270196	6.54032290728	
0.119234824832	0.395684599198	1.91467505711	3.22741699698	5.01808779914	
0.0961791765327	0.360089882929	2.00824201752	3.11247224038	6.74480155051	
0.0973700347038	0.388327265636	2.55099818376	3.73888810596	5.99455165206	
0.110272163456	0.402916204782	2.18950340069	3.28652193314	5.58562975869	
0.100730376834	0.375597686614	2.1647537911	2.4883640111	5.70373160104	
0.0995249478865	0.432106679713	2.38702701472	3.02269820056	6.60336444548	
0.12257876702	0.398762162389	2.43829661393	3.15088984179	4.61649044878	
0.100158157141	0.420156419837	1.98092025303	3.13621773842	5.52029769192	
0.102412383119	0.428333411473	2.24206341171	3.31179093761	5.98745449611	
0.0941691279992	0.381009001764	2.07093428514	3.45302608882	6.24957077167	
0.0965222954206	0.391009863501	2.06577897069	2.87915574987	5.9163515807	
0.0992419021329	0.402011533321	2.55749640713	3.76635945159	5.94296079388	
0.0957391439387	0.429249702958	2.07472961071	2.92454031564	5.27062917243	
0.114280936296	0.313771225375	2.21121677142	3.21544682724	6.07039193091	
0.114003392405	0.374084443825	2.13400597016	2.509111897	5.73084536414	
0.0986516697482	0.409783305039	2.12005512256	3.22622422927	5.27325772792	
0.109680468869	0.347404010379	2.25171213113	3.39864843711	4.85065166131	
0.0967575354741	0.432344626324	2.18435971941	3.11327383774	6.05516744758	
0.0883036515992	0.382040353995	1.97260804517	3.63904216046	6.13890303536	
0.0985990868567	0.410766060401	1.85003215789	3.2463660005	6.78705597024	
0.10276728972	0.379205136103	2.14167178263	2.73126776672	5.15686023019	
0.0917057197596	0.3810458531	2.00843963617	3.14040351074	7.16472105193	
0.114031691335	0.341739194541	2.38120428869	3.56679767947	6.67457008601	
0.0999033464192	0.399290957595	2.0709692429	2.85170928283	7.10148452086	
0.106912404117	0.419001014617	2.56464993301	3.3341050498	5.30452729205	
0.0924586275773	0.370731042191	2.02404402789	3.03826535574	5.78730867583	
0.11320826839	0.368173128155	2.27283071915	3.34731926105	5.80925488925	
0.0885206872898	0.380755672282	2.13249411722	3.31194544378	6.34558335236	
0.0835190262687	0.374237140715	1.91610902914	3.15636557152	6.94851428511	
0.11603441849	0.426186138766	2.01310793303	3.12865130562	6.75978827294	
0.103693738474	0.35902251576	2.45663414722	3.24370588505	6.19402557695	
