10	61
1	1	1	1	1	1	1	1	1	1	
0.0842819557418	0.172228798886	0.454754942981	0.572468709258	1.01659057721	1.42029686538	2.00008351872	3.32161578443	5.2430334342	5.62265948105	
0.0996967358369	0.16287153437	0.36160142527	0.517206956058	0.877210106685	1.24697854339	2.39988038952	3.48820690099	4.33527495462	6.4352255568	
0.0997270305224	0.172112844514	0.411173392959	0.679803632494	0.832994570697	1.33739375986	2.14932539942	3.01075131819	3.55827312417	5.64756342726	
0.0954021345587	0.169979260071	0.373619724411	0.599090778363	1.03868777099	1.42997330668	2.27731865169	3.67848498277	3.90366149041	6.52762308956	
0.0853051449154	0.16588443068	0.390293537497	0.532305302565	0.981190609576	1.25561934389	1.88315859126	3.2363063829	4.71263621779	6.572676538	
0.0925642662506	0.132366963466	0.305623670286	0.489744452686	1.03375433436	1.42675929935	2.38854065038	3.11500998021	4.43688745421	6.97776254467	
0.111068597644	0.13781467007	0.401974712917	0.702342791718	0.866697327639	1.64710653895	2.03915646417	2.41659673626	4.21587116163	5.75756924642	
0.0824260398578	0.127884880487	0.380443451148	0.616380590024	0.895846525518	1.48967949954	2.03064932377	3.2197209752	4.89646502292	6.01673848521	
0.0791665805043	0.139345179043	0.35283464824	0.56780721379	1.04465792771	1.49269461763	2.14427498829	3.16503437959	4.2821290806	6.116716506	
0.120453264409	0.16118664613	0.317094202735	0.586244940702	1.11807031304	1.38586841502	1.87864454703	3.34591519817	4.73180280287	5.88093670623	
0.105206655391	0.166787858414	0.415651836085	0.640790014403	0.86724702409	1.4918628055	2.13900998852	2.63871710319	3.46087621387	5.92174505441	
0.099901609561	0.11131413936	0.351558807501	0.544938583602	0.696469225207	1.54420683418	2.21018808543	2.90318517178	4.38139222664	6.38425342587	
0.107689520553	0.123949831926	0.374284173839	0.507850437769	0.892248797466	1.29888695492	2.15122887224	3.4916745391	3.9597939678	6.23346308675	
0.0917360886348	0.121376364304	0.478719525094	0.574239202385	1.04983869601	1.51537420781	2.04276048782	3.55614155266	4.05111651539	4.98618706426	
0.109921982182	0.11261538287	0.379805989761	0.69662079161	0.895716587195	1.52675991762	2.44895656999	2.9486883549	4.22669298754	5.35805555099	
0.099181744532	0.140278327982	0.387905111687	0.620660526357	0.928090613512	1.52101444019	2.42688850218	2.99186441244	4.70308496901	6.0376023175	
0.117536120105	0.153272780453	0.395601884421	0.625089920088	1.02303534731	1.20734515359	2.17218304192	3.19464525383	4.2717937306	5.81206571711	
0.100414960686	0.17051302204	0.315209923117	0.535819572065	0.982017722668	1.27632726335	2.30358654517	2.97451391227	4.6423259348	6.47689617964	
0.104506545702	0.136348778782	0.396752114844	0.604863746114	0.805816276241	1.25123845495	1.975482918	3.78128768716	5.07427169387	6.48306138229	
0.101016723032	0.173293277904	0.382199194955	0.540147368903	0.939246697603	1.41100340552	2.16640944625	3.27576121534	4.57806456702	5.90964407148	
0.107347864224	0.144400562432	0.37774955654	0.519316865384	0.857325940095	1.49093607073	1.91524539851	3.66103164355	4.11109334028	6.68753510686	
0.101312545982	0.149083800918	0.374922903694	0.645498256441	1.02606662115	1.44503565949	2.18092111749	3.74312666519	4.07840102107	4.99725269421	
0.105066131287	0.159226949066	0.32147424286	0.551967533442	0.9485092939	1.25127903068	2.33281974741	3.32288332516	4.67846500526	5.6653416227	
0.100014967169	0.169550998091	0.394793587457	0.558317966918	0.906447768765	1.55929661807	1.66799814198	3.63768701263	3.71164175275	6.5977232582	
0.103918861841	0.112588481786	0.41334041972	0.560278024712	0.929818416437	1.63469544825	1.7406025245	3.11311143241	4.20043101269	6.51963117098	
0.100424060977	0.134565146037	0.436979037415	0.554443801795	0.912602516548	1.20709938753	1.80554361895	3.82884263454	4.32750558407	6.00834793184	
0.0982629749167	0.15927751386	0.361087485897	0.520302043156	0.830686146222	1.5841995611	2.41056195807	2.94609208212	4.42778169142	6.98603610471	
0.0976824223935	0.139465569052	0.314183207118	0.499636330542	0.861020525577	1.33979739184	2.20533210159	3.35735530464	4.00058082531	5.55236132445	
0.0943983456782	0.166234439538	0.401707710355	0.465731558237	0.819875661088	1.50942104315	2.15382766018	3.69752287475	4.46994066029	5.40400789958	
0.118930048222	0.157003085337	0.362019299974	0.558707559647	0.938600613832	1.53817333343	2.44301718278	3.3912659931	4.19786894793	6.15835914322	
0.0819664347043	0.153060362914	0.343998812125	0.720796211554	1.05537868225	1.50451211295	2.25379280651	3.40821203231	3.86770692496	6.82678634966	
0.101274785286	0.166596065446	0.355713254513	0.666265174505	1.04840685389	1.10309968289	2.06718109372	3.2368792175	4.64497056959	5.91697952192	
0.0975585033933	0.16128726069	0.467127041472	0.534284620912	0.97382454498	1.37865543783	1.95772641436	3.41644213493	4.79095536929	6.66089316846	
0.101264780981	0.159352605994	0.454257955422	0.597512128659	0.921062137298	1.39333977702	1.70980896521	3.74336368536	4.72425358237	4.94222154873	
0.0879696508818	0.144786028718	0.354987721161	0.574921925994	0.940319953955	1.36035176402	2.00847644141	3.12924958649	4.11097453197	6.39263809775	
0.0891940420051	0.175786923341	0.379957820199	0.580307684559	0.878586876328	1.50845789693	2.34309524163	3.14183907921	4.40406768447	5.56016376254	
0.104909981583	0.138882428245	0.331530671327	0.723157443177	0.85816543882	1.17082993121	2.02919832473	3.58409175703	3.76723781001	6.50805298725	
0.0847606919761	0.16663229079	0.356508312977	0.61663322402	1.08908299827	1.53628436714	2.31736534454	3.14263041488	4.6823104028	5.74500379679	
0.0946146209363	0.156810832193	0.405954919554	0.631571542356	0.788140384132	1.27491026138	1.84261019194	2.93637063754	4.43787273331	6.89063798054	
0.0979791578568	0.164603106952	0.29287882782	0.636694558801	0.962106083897	1.22849189244	2.12101654156	3.14252721503	3.73213985548	4.75415974611	
0.106031026407	0.144484211368	0.425558410948	0.635474378204	0.897252105587	1.35030360861	1.96091599574	3.39440940815	4.30371683019	6.13592502426	
0.102579715005	0.146775858296	0.356854240801	0.514075410175	0.721988321491	1.51497084537	2.07559150333	3.34077379629	4.4031525511	6.73570535665	
0.108281370861	0.154039099405	0.366426954836	0.585398569684	0.888681427795	1.1994984066	2.64166179645	3.41310486929	4.47289588885	6.32139869529	
0.0883928217629	0.179108983077	0.436132677242	0.598041777864	0.890571344414	1.30000153407	1.94638400736	3.05071671657	4.4405586191	5.25185248817	
0.0964304154153	0.144242362073	0.404218796484	0.469503839533	0.778058070676	1.27493602446	2.0063287847	3.69777904924	4.36798444676	6.85212067995	
0.0929583121816	0.137944164472	0.348234557188	0.659225271426	0.951033114294	1.42919717099	2.24057030111	2.63248949491	4.4388870205	6.38271594922	
0.0757981410346	0.155299697633	0.410122588488	0.451063697606	0.88511382999	1.57448438241	2.55924366599	3.14846702469	4.60297070793	6.4129920915	
0.112147506732	0.139335027099	0.414376688036	0.607170517891	0.852063387651	1.61867441278	2.42629423896	3.2913886292	4.91014501278	6.89476410567	
0.0778766486484	0.151050324451	0.341683153908	0.612970877365	0.947642138647	1.54766229664	2.27034459731	3.32814687613	4.12646795178	7.75360994629	
0.0886167479121	0.173361152738	0.32650987455	0.595013944919	0.959528229953	1.30011852329	2.25293576267	3.02201805701	4.68839248288	5.26251438606	
0.091495475286	0.139250654312	0.376757992785	0.66139081496	0.914989618624	1.24318159287	2.20672397592	3.17783894828	4.68973922556	6.49830176911	
0.0999383398466	0.135924549132	0.383911390921	0.678479066155	0.929932178884	1.39749635949	2.21240258283	3.27802264969	4.38062506573	6.64820216462	
0.103808296241	0.164535799078	0.369153526798	0.637254285203	0.837960923875	1.47698895299	1.99366927854	2.94505868557	4.4096800226	6.90962885698	
0.0954276616734	0.172987731791	0.358725577211	0.575835857096	0.959688925454	1.37713279687	2.09859614306	3.22214346318	5.20539981575	4.63386931723	
0.0920146619662	0.150821737737	0.347935917488	0.597465947285	1.15379295687	1.0228770657	2.00160098683	3.50262926591	3.99496525605	6.00501578399	
0.113271634409	0.137118408982	0.356655942642	0.593018370196	0.945782566322	1.58510677215	2.1633353413	3.78945079777	5.14723853524	6.69249752593	
0.0955290632348	0.155401602851	0.406800726818	0.557685342914	1.04719780042	1.32241130714	2.26790921868	3.75832638216	4.57428351251	5.33572139045	
0.0857463790051	0.174451469381	0.353960350082	0.574636073569	0.95646138016	1.59942985011	2.09765744176	2.88862834469	4.54625493049	6.95834247008	
0.0965278200635	0.150023594474	0.468674784	0.600111843963	1.05149927672	1.34870821366	2.42910719904	3.31566987514	4.43350235729	6.78333283549	
0.077031620103	0.133554834096	0.31949555894	0.564580339346	0.904962893443	1.30264201239	2.39808797678	3.19975572566	4.3820755213	6.15362220049	
0.091878115567	0.176266716616	0.362106914935	0.590145296644	0.926777211633	1.34641090593	1.99966427053	3.09727610196	4.59693103091	5.62942240924	
