10	47
1	1	1	1	1	1	1	1	1	1	
0.0961012828175	0.136297614821	0.345380201646	0.647139886971	0.841589173728	1.63573431617	2.6108238831	3.85125183107	4.94962683704	5.48000536181	
0.102172206342	0.124432567308	0.306587176979	0.61700490639	0.833197695789	1.44752665451	1.90615945064	3.27272183104	4.33248649524	5.76240819617	
0.100507158932	0.127818513719	0.382096577623	0.524205285968	0.947772858091	1.29455444446	2.17697885022	3.17122362612	3.9991353502	5.86370357079	
0.113269085947	0.12254730425	0.344308295615	0.671972397795	0.91507032526	1.67423987649	2.45076687199	3.22597267492	4.24727738364	5.34156036297	
0.107223186703	0.147049623664	0.373540021657	0.653502238284	1.00153896576	1.74316175807	2.11296878215	3.49102285164	4.02510508958	5.49070289493	
0.110548202063	0.146004296821	0.397992158459	0.55742911666	0.980622619788	1.55275889088	2.14302428154	3.21085394187	4.69260601051	5.56135454788	
0.10339316804	0.170508511653	0.353627920656	0.707318393488	0.83705578462	1.36604302898	1.8432050242	2.75451908995	4.34821114995	5.86928916544	
0.116776185986	0.143187494313	0.400399925444	0.635927665019	0.930413267736	1.47476803972	1.93177646174	3.57910910525	4.66123065256	4.28193609779	
0.0892119834825	0.154451731347	0.374675483441	0.642447966404	0.959490505409	1.45555620232	2.6538841215	3.00004936598	4.0633939081	6.32066458885	
0.0895203372423	0.168467734806	0.435995827688	0.683490399717	1.01839696572	1.36223284556	2.1709602799	3.06109562897	4.63475027672	6.48173677284	
0.0999907410286	0.168148089756	0.336300229602	0.553941649172	1.11056584155	1.57754441283	2.11914413963	3.0480159496	4.17620920235	5.93200940807	
0.0971260211843	0.135327761682	0.383455562767	0.62853522933	0.856040617179	1.47005387229	2.47144415029	3.08304764149	4.31548707567	5.27720901409	
0.105140480969	0.146836940236	0.331254341144	0.523615945418	0.850310718634	1.66130416311	2.26737013683	2.97061494301	4.26160586361	6.05499006737	
0.0869607106245	0.202849572572	0.383774777613	0.666513739147	0.768916622918	1.51760809303	2.22850844107	2.98248277551	4.53324775304	5.91536637631	
0.104371372	0.145254408523	0.397372956275	0.556365941997	1.00696019908	1.18355995311	2.22744655779	2.94271763982	4.97477470943	5.70908184465	
0.106671742334	0.157573382615	0.372309487973	0.455059621341	0.968841483628	1.31683466625	1.97586706308	3.10545975298	4.76386945522	5.99066208617	
0.101939077194	0.164739524683	0.387658483066	0.693669095134	1.0199855286	1.21246167425	1.8821249443	3.05076589266	4.95611717532	6.20443970307	
0.110052268537	0.138536195256	0.358804748104	0.503327068481	0.964494639	1.6202992633	2.12920865193	3.02683702988	5.01085952678	6.65444210809	
0.107159131721	0.129071504442	0.387665763347	0.630625072674	0.82362409176	1.35523336904	2.28934109037	3.42969044481	4.3522379082	5.0705695029	
0.0926822799475	0.124733775706	0.389292037908	0.643214924528	0.936136719966	1.44376358843	1.97476077463	2.94285516585	4.62617378728	6.67664083715	
0.107797056172	0.139497840624	0.400204936298	0.666521676233	1.09913504087	1.28208277649	2.40383754476	4.03701714825	4.15333767357	6.01902430441	
0.0937191903853	0.120268889602	0.340039063351	0.500671166855	0.984292554621	1.51600187784	2.0284449991	3.03125401897	4.22114624121	6.24383555722	
0.0877685753542	0.195229748375	0.341169533761	0.539916144236	0.947628438469	1.71656037693	2.02204615974	3.07706250228	4.12412891051	6.65827710593	
0.0897782686419	0.132229228385	0.413815462593	0.671462292745	1.02096689131	1.24456995675	2.0532561184	2.96726011034	4.5487565905	6.13483833247	
0.0828108837018	0.177761193142	0.35917074843	0.606269994614	0.979747615238	1.29580156701	1.95004377473	3.21457540184	4.79628947938	5.2659547495	
0.0996326077634	0.128516866033	0.317980121198	0.652622957083	0.831872173314	1.35013458936	2.08531001345	3.14120284275	5.0497106421	5.64758022746	
0.105362436099	0.177926093601	0.40848954671	0.472279323433	0.900168590353	1.25306153337	2.19842184359	3.37267530111	4.28653956182	5.74060995346	
0.0986555277364	0.152376034401	0.393460257356	0.654449146958	0.658140856768	1.1955787199	1.99005627355	2.98636551779	4.60214568085	5.7092708848	
0.0966086864806	0.167510914413	0.401059888437	0.687229474213	0.862902965464	1.45782694693	1.73279633917	3.98013491142	4.54413701744	5.87578429999	
0.107640597571	0.1438795568	0.390924459693	0.555435987954	1.11219999883	1.64856510187	2.34831158824	3.16215249421	4.73519126599	6.51161827757	
0.093551123659	0.148719711693	0.388302259069	0.552786942232	0.845270394358	1.6035440971	2.15873701667	3.32517561398	5.0358673087	6.20519696308	
0.105277675193	0.157570639505	0.399411875872	0.560123609736	0.980890079241	1.69717050822	2.25627792559	3.76895220701	4.88924848377	5.74478981667	
0.100317024261	0.168571508025	0.423621421678	0.519779093727	0.892047245611	1.30808176897	1.97807544966	2.92040414705	4.67480126673	5.75160028102	
0.0973933986964	0.180146124342	0.439357140571	0.606227651247	1.00003628268	1.29744592221	1.92389449025	2.84528991459	4.8185373231	5.39380780045	
0.090797990234	0.163150127536	0.354419958135	0.610412096333	0.984939361804	1.29631072665	2.25768607217	3.14303418543	4.62330470909	5.41764638777	
0.106048227534	0.132610953561	0.415252892703	0.574800316081	0.764554925544	1.68658956723	2.13508283614	3.12032124441	5.10646635913	5.78141273776	
0.0966255222254	0.153214997802	0.389839022989	0.644569305038	0.996102734415	1.68565957963	2.12495542774	3.43222934914	4.72507743692	5.8931935051	
0.0935511161946	0.139780727316	0.423754191137	0.616566705524	0.807301128171	1.47223551993	1.98836735683	2.71905644888	4.68354575908	5.22633785863	
0.1028390066	0.143882688068	0.400204056443	0.472273334936	0.844999404626	1.580320335	2.14839856468	3.42771626	4.03885117445	6.02491982597	
0.115474597391	0.17643293046	0.428823607092	0.61731581889	0.880307784614	1.14440149107	1.99093475151	3.53467521121	3.84307815036	5.50272014907	
0.0842452357501	0.14836018596	0.352703513405	0.559589751752	1.04503926295	1.38049942316	2.34981595677	3.26073852546	4.53738035585	5.70027723527	
0.101996718366	0.15130108164	0.392425671026	0.569673378652	0.7938060687	1.48255557183	2.21771633335	2.86445115604	4.30203922235	6.2276909298	
0.0961467889599	0.15255222326	0.437473995181	0.604739428746	1.16193024937	1.35603586965	2.39151714119	3.06706813941	4.16292505007	4.76051198224	
0.103258102844	0.170213184366	0.403632602246	0.551585422858	0.871079075746	1.52091610772	2.06192336096	3.12992276337	4.68092623363	5.06700434361	
0.0981539358979	0.154823635785	0.365350950139	0.559588413942	0.774565356639	1.33618359388	1.89051511404	3.42209501206	4.39045366727	4.66588050229	
0.0896304767449	0.155330002829	0.438596077521	0.643945168156	0.907014956065	1.36336505638	1.93873965462	3.65397296046	5.04225510443	5.92122562763	
0.106404554865	0.13481059836	0.376398223803	0.595357010703	0.913894179062	1.43496744461	1.77042202368	3.35366752244	3.84332501271	6.07295080358	
