6	46
0	1	0	1	0	1	1	1	1	0	
0.164172008286	0.673214592755	1.41581172404	2.34700966746	3.48174034925	4.82394964308	
0.132112532547	0.610016175371	1.43325815572	2.35250856725	3.19213573856	4.26445447415	
0.154334335624	0.584799272156	1.55524719397	2.00592897939	3.57300631807	3.9394147562	
0.157343398531	0.60174091412	1.53743624215	2.02151362709	3.24348569669	4.59541491104	
0.165247607536	0.66851494034	1.33893527186	1.84785836154	3.04750456876	4.13805527331	
0.127899220112	0.567075437266	1.3779915363	2.22024906277	4.10714192837	4.34520564575	
0.174732327309	0.529327620224	1.56945247596	2.25335177272	3.05499166016	4.49446369712	
0.155118673727	0.577018370815	1.36507410836	2.11334175213	3.31719975974	4.15673768572	
0.146920015924	0.604859011988	1.44403645556	2.24178548873	3.2789644397	4.1114773423	
0.13811692601	0.643567648314	1.45110415295	2.24449298222	3.35791508628	4.3877408021	
0.157894738638	0.553380222691	1.38813758097	2.11849102187	3.43226762212	4.47483932142	
0.13812294604	0.52520235685	1.43566313842	2.2073388914	2.98616607867	4.72365781497	
0.177264529447	0.612536657741	1.45692363315	2.06702293503	3.87837907576	4.3388448239	
0.147065358713	0.622811680334	1.32311515996	2.14300824877	3.5818020328	4.79002995072	
0.131733902912	0.591492561075	1.32575470585	2.47000041765	3.43057815521	3.98238479331	
0.166284550721	0.64245652671	1.20388030292	2.19014208841	3.2966706906	4.82114528712	
0.144981720791	0.514287032097	1.30608014237	2.38216661608	3.30061421401	4.38248661589	
0.134765394216	0.542956987211	1.23836272658	2.07171819365	3.50710164801	3.48946038371	
0.141374784046	0.516185065671	1.32254115665	2.33626988254	3.60519875867	4.88837226648	
0.14926171446	0.561846927799	1.50777244455	1.99216784212	2.9940284242	5.12616084925	
0.135413764152	0.670854234816	1.30674994911	2.21316387847	3.13358194365	4.37164084358	
0.138777654781	0.639993741286	1.56180069151	2.40469255803	2.97324480464	5.02134662316	
0.162576986549	0.477574767035	1.45619638452	2.35540497358	3.3292844001	4.21704495985	
0.126001021903	0.540727309159	1.49611206136	1.8620596845	3.07849512362	4.64540717005	
0.140053253321	0.535918673735	1.27821497812	2.35105478311	3.11051540886	4.16504713099	
0.122501709511	0.692038830028	1.328108616	2.255822425	3.57999210973	4.34568245924	
0.135415492081	0.519746829634	1.48489721981	2.36018042209	3.15145413668	4.51914169693	
0.144049960722	0.571658918652	1.62579933084	2.22174098583	3.1177734681	4.35194489732	
0.142838707035	0.555739344016	1.44527461816	1.80829635164	2.85374450141	4.17497948396	
0.154568609592	0.54625357937	1.62801172188	2.01127043576	3.17693544425	4.81423443463	
0.140767068746	0.677816375502	1.40860051916	2.2164591024	3.17377630179	4.49932354259	
0.140920212041	0.573031374003	1.37874316889	2.18851532657	2.845671971	4.68145600193	
0.159815673394	0.668755387415	1.40021800224	2.1831330627	3.03879765222	5.15468577572	
0.140224375456	0.607239526005	1.69113013379	2.31698210053	2.67830172445	4.43600752859	
0.153314864043	0.532729791102	1.74848806489	1.75664028501	3.55099704537	4.47904151311	
0.137792817316	0.640566329853	1.36820343608	2.63857565392	3.41719956271	4.72911057655	
0.149861311015	0.509367227224	1.13480711395	2.26369508922	3.55036879452	4.04408743647	
0.145220911077	0.630580699146	1.24114040017	2.38897779392	3.40189353332	4.49962257242	
0.17822644529	0.623799208841	1.49707266368	2.05613581493	3.12953222562	4.21132533391	
0.13704277916	0.662011401418	1.28548036638	2.2130916515	2.96533911063	4.57877244154	
0.150739388907	0.548118666055	1.49903771331	1.95371859036	3.26761019374	3.43604090111	
0.160210786334	0.639357076833	1.6568163551	2.2919541782	2.79476515151	3.83927082133	
0.164786477526	0.695810932663	1.15158854752	2.09286109577	3.25886247934	4.29762421491	
0.151462303697	0.641534314453	1.70276327764	2.26797148231	3.16645477361	4.61910874108	
0.133082504275	0.596567335935	1.46779210884	2.09724816558	2.89860451412	4.32327958512	
0.144020299203	0.542829645238	1.24450817022	1.87633051159	3.45532321527	4.15301362595	
