10	87
1	1	1	1	1	1	1	1	1	1	
0.103226706307	0.166583897179	0.368726588006	0.540171387193	0.923972739419	1.45934143938	1.89166989013	2.81556532265	4.70132383341	5.75618588918	
0.0983415909434	0.144604610014	0.437782834267	0.675705669624	0.814926106826	1.35381057053	2.33275091761	3.44562927706	4.48134391695	5.31743987702	
0.0931745995385	0.142248486487	0.390525784583	0.702223629282	0.866120138165	1.2832769596	2.12665390748	3.58531516867	3.84890266496	6.87218049052	
0.0982796863788	0.138985199965	0.319192807103	0.642391246405	0.914081078843	1.45441088403	1.95632547568	3.14629378887	4.28103843914	5.93964413677	
0.0933044767362	0.12698728559	0.483682990321	0.51819574516	0.946875687646	1.17660002054	1.72063480113	3.28179360985	4.5784654145	6.75689939448	
0.10399546841	0.147752839219	0.343915190726	0.689940724094	1.01638316588	1.25177488468	2.15816220157	3.29681697525	4.34445585453	6.46311029148	
0.108317331383	0.147142714533	0.36932696866	0.68993750776	1.01675401699	1.44034753576	1.7997200566	3.36180003455	4.81413755921	4.34728702296	
0.102518694483	0.143749620198	0.371607537355	0.545557142834	0.916218395992	1.62905479539	2.05402432275	3.56381140661	4.1371509515	6.45525371559	
0.100016558556	0.155280372432	0.380271823732	0.638497513946	0.691214584032	1.22696498018	2.23967230707	2.58585003498	4.26123883996	5.96739549538	
0.0917185986239	0.13962657896	0.390320123606	0.660557697347	0.840864207543	1.34776667795	1.99277889073	2.46305158064	4.56377030564	6.5608306475	
0.110166432073	0.136938504353	0.332435474156	0.601296332856	1.00712245285	1.45214361411	2.21220049671	3.62109505151	4.16738854835	5.868017948	
0.116346055118	0.147047833154	0.331841195293	0.559838634225	0.842749273836	1.48107424976	1.95737139423	3.33808613218	4.16877065166	4.72597287696	
0.10306619787	0.152226955223	0.399674796997	0.55962076685	0.857502363792	1.48740976076	2.47658920809	3.25362960309	4.69106329322	5.80704738934	
0.0845636947813	0.164511441287	0.414519741085	0.642646441511	0.913079074234	1.51537902226	2.34215878644	3.77655157261	4.94483674709	6.03829273502	
0.0869174674458	0.152334874465	0.389749941042	0.642541786519	1.05591194292	1.41639347678	2.60171224581	2.67823171849	4.68870384261	5.52088776469	
0.0809277800031	0.146973384356	0.32462743746	0.590314326118	0.933233540073	1.58995142154	1.82586919603	3.54524467883	4.54413620263	6.61730949217	
0.0956824882497	0.130016331199	0.333735025604	0.52249155278	0.974436716222	1.64119984918	2.02853542177	3.45446897193	3.81445107384	6.10819274951	
0.106685626163	0.128278128371	0.372252428179	0.642955028429	0.657159329808	1.62096978782	2.22604106582	3.48293648551	4.31427632436	4.96636651106	
0.105340629563	0.148761145119	0.381220387306	0.665256419112	1.00087194027	1.70473695064	2.18307865921	3.02535595772	4.41521241889	6.24939802352	
0.11015856519	0.127994490728	0.380324429377	0.696572499422	0.907660574997	1.56313469525	2.25602026835	3.56065469712	4.13560775628	5.51675899796	
0.100202718921	0.127016673191	0.369749856949	0.615172599451	1.09597111145	1.48758870107	2.28442412124	3.62845465029	4.065904085	5.90095040258	
0.124254125918	0.148813166664	0.422424368454	0.65782427263	0.792535424562	1.47439853661	2.18155070652	3.35723660605	4.16064938409	5.32984829285	
0.0952398999998	0.148533075044	0.425029409009	0.709038649184	1.0598835997	1.55300648514	1.93406684361	3.11710874313	4.59446672359	5.62053657715	
0.105772056525	0.160807291624	0.400379022377	0.661508076273	0.845873017125	1.56339450469	2.00043622822	2.94419581539	4.73945226038	6.72952413732	
0.104880134864	0.150312060357	0.391785845392	0.608185615084	0.825286566659	1.25230531927	2.13305243591	3.27595347163	4.50509957027	6.40566096819	
0.0978452328384	0.158444687729	0.374505702842	0.709401537722	0.937506376586	1.76472333345	2.22568249208	3.18055491956	4.09524841068	5.13426685557	
0.090085577156	0.136805905363	0.395003160776	0.568430077736	0.947384215888	1.61332290582	2.1311212044	3.925725927	3.97088505885	5.90964987098	
0.0946068707639	0.164047599091	0.294887918046	0.513413082649	0.920016745512	1.6518470141	2.19855599432	2.81074707736	3.96127503329	7.00379382171	
0.093788652012	0.135855549413	0.436140157304	0.660665820335	1.04848754682	1.29414401112	1.82210228718	3.29327910904	4.65080675988	6.21876108222	
0.114781839356	0.12399349365	0.412668411949	0.534202497351	1.00958338484	1.36208119125	1.97499606388	3.05178162024	3.84947540965	6.0242573639	
0.0922732660934	0.161794473464	0.404322131079	0.701289423174	0.964068455969	1.50445692069	2.45102145954	3.04600962379	3.83028380423	6.12005643548	
0.0857736653079	0.186809080094	0.435308935099	0.729838579998	0.93580756883	1.5087320239	2.05121278213	3.53695056182	3.95300555458	4.47414408632	
0.0920928938051	0.128167897866	0.436161215974	0.708940647305	0.799527596266	1.61471533188	2.35454777145	2.73982257747	4.32437961108	5.65190176673	
0.107479953986	0.131568309736	0.376242840225	0.558843929763	0.974020730055	1.39899873947	2.03492217365	3.18067861292	5.41621927478	5.74986021833	
0.0895899478172	0.158751503537	0.374546062562	0.515085964148	1.13752915917	1.37959551078	2.0687580674	3.30194648937	5.27855254614	4.99215280409	
0.102759858494	0.181309082427	0.384891689868	0.525879961242	0.872489092675	1.45958420176	2.43612284186	3.13971585056	4.87199330884	5.13877870377	
0.085562816304	0.14275798967	0.434645091431	0.604132478371	0.956952441188	1.46976538217	2.38847971626	3.05167827493	4.80972829882	5.50147040169	
0.119832726559	0.137994133436	0.346469206483	0.632980188809	0.937420324123	1.4767398941	2.19887246603	2.89562253539	5.22601151809	6.53612532353	
0.113589499513	0.142075036663	0.395827894699	0.611842107734	1.03490424424	1.59591548285	2.19150592264	2.75666588215	5.30084784919	6.33359246021	
0.0939156295861	0.156098132074	0.322578445159	0.663321184048	0.793177307782	1.39842066764	2.20255770667	3.58762290639	4.5479451044	6.38097772417	
0.0997183309155	0.149517210736	0.383248135513	0.588656524749	0.773148967393	1.3201297404	2.20262659084	3.16903567387	4.42988591302	5.80598779834	
0.0913640160727	0.142603508085	0.368340393713	0.600308588433	0.966584186036	1.4041813084	1.92862412003	2.79562333703	5.66884674332	5.32211098184	
0.0948137499874	0.157755004538	0.393712703163	0.631251941554	0.888827312534	1.4641138041	2.16318888781	3.14855730555	4.6104343838	6.63321932805	
0.0997779977656	0.149766792695	0.420590119325	0.657681621589	1.07730608901	1.17885907647	2.34460062438	3.44551351476	4.10145642101	6.1509527508	
0.110511217478	0.137562616163	0.396817372303	0.652281220544	0.830395180685	1.40965314598	2.21470820098	2.9912572607	4.10438106041	5.91897323888	
0.108016397169	0.159656010018	0.347266316291	0.639130073107	0.852257600817	1.19974571889	2.07106413222	3.61496504577	4.79518224846	5.99905691558	
0.0958329451641	0.144153567958	0.384133826423	0.535893750849	0.897626016896	1.39917356703	1.85951899143	2.97750431846	4.68472805617	6.00570710396	
0.0969123820881	0.136328588437	0.439920293372	0.549721247119	0.953398131075	1.36023472041	2.15780004792	3.39872316613	3.88338453486	5.99603025351	
0.11190728649	0.176422528402	0.375059469016	0.602500872433	1.13565397166	1.59229417227	2.01728381761	3.04883037846	4.9304472578	5.39337772197	
0.110877267513	0.155014499456	0.399673389033	0.584595971791	0.871426293205	1.63906497481	2.09695148468	3.11644610011	4.46393831945	6.11581327963	
0.0896917487328	0.141526927587	0.356514781192	0.650716818276	0.847605481176	1.17892519634	1.72707466898	2.77212645623	5.11269219128	6.00972395969	
0.105012490868	0.158047315907	0.382134988899	0.595513122201	1.02714095797	1.45087741575	2.45080595804	3.45176973222	4.22199167693	5.70171958568	
0.0927253519355	0.168263220329	0.364608063788	0.552091632192	0.959739357825	1.41610510379	2.2133322302	3.86418951877	4.91088186267	6.01620633258	
0.0859157661579	0.142500562542	0.407019751897	0.52973753762	1.12911023756	1.43206156846	2.16050240454	3.03334031229	4.72353199055	5.30519891609	
0.121648925891	0.16976026957	0.417403264917	0.516574259653	0.949103434153	1.60289935492	2.27751766086	2.92431454099	4.20745781011	5.7288383172	
0.0939656216551	0.172931682536	0.307001500725	0.63935514838	0.809815786132	1.29254103729	1.71790732612	3.07155730987	5.17982924319	6.15889454548	
0.08801638453	0.165257215116	0.426789562016	0.606242788862	1.11923167171	1.54748366982	2.29677028907	2.98890192017	4.78232931853	6.13007476656	
0.105198290027	0.139731215713	0.384867757606	0.550988309987	0.730316714703	1.57275755331	1.82698636894	3.28483560105	4.64985095825	6.19593780952	
0.097169209264	0.154068172129	0.397896748652	0.644097888945	1.09121004456	1.46348976366	2.16377050168	2.95531308626	4.69617584575	6.40042986188	
0.0980769681572	0.158169187563	0.368884384645	0.640259559125	1.0148720152	1.55850378494	2.17533653012	2.91201035072	4.22463912631	6.35709439433	
0.124488123057	0.144889188427	0.397321831779	0.566636846551	0.839421064885	1.33328683151	1.70226852501	3.68986639545	3.49644138619	5.84170306176	
0.0882187210465	0.13673429677	0.43230786107	0.612064019402	0.840218157196	1.34569905005	1.9854215376	3.23584765657	4.57780125815	7.13734486394	
0.08083699234	0.149477815279	0.368008427684	0.656792911663	0.962998084991	1.51442179576	2.22419352999	2.94710288428	5.04506947342	6.47910294277	
0.109155297917	0.168960752558	0.395871653825	0.688859544247	0.965120480176	1.39867462191	2.14858015925	3.24225077536	4.26627390506	6.97913330902	
0.102962953655	0.151421077137	0.394754421687	0.778791271004	0.82474965046	1.30915949282	1.85317723125	3.17440524751	4.6104832995	5.720806489	
0.0946027320185	0.152136072999	0.360919902656	0.618610549631	1.03362379425	1.52681535718	2.33941786964	3.60292348374	4.62727267205	5.90481538437	
0.0922774692912	0.144132327545	0.360099949758	0.643900339597	0.962250777577	1.52963637437	1.90052757594	3.71531858238	4.30785883282	5.33999001476	
0.0956078223518	0.187256489889	0.365266759073	0.580494211712	0.912134264701	1.40874728517	1.98198264585	3.29654425204	4.98401770869	6.18857358929	
0.088888347011	0.144834811426	0.359041958796	0.603176368094	1.05373200546	1.40870976017	2.13104670319	3.82773456612	4.89429269625	6.34444876926	
0.119581316153	0.157347168822	0.304511968605	0.649959945473	0.781943213488	1.49463676771	1.78154513156	3.09827199162	4.33629696168	5.53792853566	
0.0965114800281	0.165488425805	0.352869789338	0.632708452771	0.840194583517	1.40290156058	2.21962544226	2.9261282646	3.90972580519	6.29512689035	
0.111230803993	0.148814024708	0.362622109551	0.609340523261	0.935159632445	1.46473506332	1.60642730343	2.90254110537	4.11964645255	6.09052057711	
0.101858778836	0.15954270733	0.38978810647	0.521955895777	1.06457142944	1.61188431739	1.87948758264	3.35812922067	4.23205902664	6.08331839352	
0.110533102796	0.181951563995	0.408548552795	0.617696084107	0.898396631347	1.45604528655	2.44235095707	3.23546965405	4.10124930689	5.02818608069	
0.105130478674	0.153709321884	0.355455489416	0.661560847542	0.890774751612	1.41074589487	2.14641721134	3.13594035881	4.60613927959	6.69090908756	
0.0885751810188	0.157327802077	0.386542029445	0.609225829773	1.011081545	1.43704953181	2.25324929131	3.48265600461	4.27303565983	6.17951007649	
0.0974921239279	0.148009773304	0.367761666934	0.628264824246	0.937592957939	1.48641979691	2.14623376698	2.72866067095	4.51411578724	6.03812277309	
0.102425959372	0.141094062095	0.334572150767	0.637476398694	0.904554590242	1.45448789882	2.08948608282	3.24802990662	4.29782159343	5.41914984651	
0.104737316608	0.140953198677	0.386230156274	0.624627613314	0.875426417449	1.25784435428	2.67160840698	3.07847414032	4.78053772137	7.16367812974	
0.107899077469	0.145493357868	0.377449577274	0.550043566816	1.01199776771	1.51097671125	2.03939844907	2.91129318769	3.90544481805	6.59190840228	
0.10120373129	0.153224768045	0.348727952217	0.512189813802	1.01952306245	1.43601158229	2.34505545191	3.12457173388	4.39343197063	6.42797890597	
0.107323480797	0.16196348434	0.368782352382	0.636872834259	1.03314625029	1.41501760233	2.03960000179	3.68639297108	4.2054994199	6.37768589827	
0.0994157768948	0.122376515753	0.422886574564	0.434528782227	0.745476089792	1.50540820137	2.26332030772	3.04278654619	4.56651994064	4.48114197253	
0.107069754645	0.153745882306	0.378265571573	0.601250488928	0.975872638386	1.42586708214	1.74707806691	3.96380797622	5.04036036874	5.22903320283	
0.0965486276952	0.146459487148	0.420996283527	0.470443863881	0.883592231408	1.1782289886	2.0887044641	3.09643720975	4.53586233032	5.63707536059	
0.0924897660861	0.159294850376	0.397277564156	0.633083900567	0.913548291584	1.34824138274	2.12444671637	3.41287767277	3.52044913456	6.23646715822	
0.103091381873	0.150932263591	0.374326089969	0.446032836844	0.889093646532	1.68588973568	2.15277377855	3.15013080243	4.50760778802	6.21286372118	
