5	96
0	0	1	0	1	1	0	1	0	1	
0.332000405178	0.934500632472	1.56288770652	3.37417370174	6.82879756579	
0.319835785089	1.02597868515	1.55315312513	3.2665562735	5.89868355168	
0.379998494617	0.750285968864	1.65877041512	3.17157470684	6.27322069188	
0.438937474306	0.886763610153	1.41628102068	3.31793733335	6.52775119069	
0.370508452292	0.76830429903	1.21986125908	3.21130613781	5.15672398888	
0.307031244759	0.982849075269	1.56598259991	3.27191032305	6.28695296173	
0.361397331954	0.994453618933	1.23048095562	3.76092483031	5.54145854444	
0.351539009707	0.827579218412	1.31502940028	2.96890062638	5.29190582198	
0.371083588515	0.902800646995	1.35843897822	3.47727741775	6.76440042387	
0.362676609851	1.04812071662	1.17851252227	3.27678472549	6.41908264365	
0.389051108422	0.960532660353	1.36127013343	3.43929056775	6.32824361587	
0.363525813547	0.99747438501	1.55117140265	2.93218211729	6.14906236775	
0.37823075226	0.931795351707	1.48313058194	3.29224271206	5.71994667015	
0.344907278437	0.837398987851	1.74423220141	3.50173023439	6.36405189152	
0.355379446899	0.946319276381	1.6189138725	3.43757492344	5.40888194428	
0.359422681887	0.887032345578	1.33659389974	3.33933112811	5.56883830383	
0.421320249549	1.03699140893	1.42818744165	3.0166705019	6.10319525399	
0.33457335324	0.880780129146	1.39040137087	3.25273287961	5.62920970947	
0.3844435791	0.976420617274	1.41883437024	3.3062862162	5.94234188398	
0.41069583207	1.09270983129	1.28058285095	3.29380753698	5.7318541926	
0.374450935868	0.899776433212	1.32223966139	3.29035825146	6.70237939688	
0.352746997006	0.858566197876	1.22376441165	2.95991028512	6.72139376212	
0.450528583136	1.0537002778	1.48305718961	3.29070701308	6.5178448934	
0.374318691806	0.940563286441	1.16118953977	3.94902437055	6.2076658237	
0.42817869606	0.85597427653	1.44173359425	3.20028433432	5.07283149897	
0.389031216768	0.982455387879	1.59119302964	3.43148432882	6.19035595571	
0.35819862946	0.868661139645	1.56000765035	3.63627094788	6.46959127819	
0.347873480254	0.964741594155	1.24063266644	3.68228558186	5.23993217188	
0.350787107397	1.06900723395	1.50791334054	3.00026961773	6.03524618315	
0.460195363125	0.913322090221	1.4010774509	2.8888059479	5.92502629491	
0.379492925391	1.01810867825	1.4558571959	3.36617849311	6.39573738616	
0.408030965809	0.918023434274	1.39884702842	3.41066510463	6.51816975318	
0.419447038813	0.887440613531	1.34660164021	3.78628446441	6.38850648105	
0.354948184539	1.04201224345	1.04155731141	3.26467707133	5.59311765675	
0.347428890501	1.042765859	1.50090068088	3.06083260194	7.43924024189	
0.364705001846	0.953446674301	1.3152540176	4.12561670234	5.59671846246	
0.344281930736	0.933585839745	1.68684651186	2.80459549847	5.42109491918	
0.405258527358	0.801277615773	1.61901458241	3.19397760385	6.00685711022	
0.354722587184	0.87609650158	1.34514294607	3.50596496927	6.67294418278	
0.437653146645	0.939777019856	1.38032107221	3.06580893104	5.0712292696	
0.312856311749	0.916415009328	1.43407382986	3.14450558345	6.09290986818	
0.469561831213	0.932564855376	1.54823450886	3.32184203616	5.61660867548	
0.358332907545	0.891345175852	1.71504456149	3.16553443563	6.94639750849	
0.366701798348	0.935853043443	1.39580037765	3.15306426614	5.91618669988	
0.374700068762	0.999239268932	1.17638435263	4.03579024791	6.5059117701	
0.31455130125	0.896336380563	1.47067115235	2.91485129703	4.72815137174	
0.384363979226	0.998013964784	1.40489788646	3.69667734578	6.2772692519	
0.329815991945	0.795518946008	1.34126685806	3.71583936583	5.59642047031	
0.292347935339	0.881070648893	1.44487587305	3.30313362434	7.90803327711	
0.375859180336	0.873522436387	1.3274342826	3.75338759389	5.98144576543	
0.382685979537	0.789052080761	1.40032300687	3.12522011445	6.22910659635	
0.290476914901	0.980406955329	1.64008348977	3.10435831387	5.31059064466	
0.417881020425	0.798974185157	1.57852458777	3.73606595023	6.08676016297	
0.39282574056	0.939969209144	1.370787051	3.48426458265	6.00611447688	
0.376696923587	0.921918262355	1.38739721856	2.91283027617	6.10311953517	
0.380117338605	0.891075570823	1.33116267136	3.4873433997	6.19867345736	
0.329352070702	0.861260484636	1.73182262316	2.8619774429	5.50523656114	
0.361050867093	1.0460762315	1.6403688316	2.8193734031	5.07454675248	
0.360118311506	0.930148986745	1.68716142236	2.86548366524	6.73388892628	
0.398916747824	0.989303946257	1.49877783372	3.49784253393	6.62984418396	
0.376437942705	0.834861146439	1.59866633943	2.94417467873	5.85992857064	
0.375474133104	0.968635065274	1.50874742503	2.99798673475	7.02859653182	
0.435151783343	0.950702035754	1.42507022625	2.98682967409	5.98202640414	
0.379957985559	0.763820057841	1.5505893838	3.97826259547	5.73631207367	
0.380641985268	1.03980311103	1.29453376419	2.61409694075	5.9335131982	
0.414478446647	0.86974412102	1.35175346242	2.82340409649	4.82725011933	
0.413184413127	1.13591304062	1.61930017833	3.37731421625	5.64723787532	
0.425783173337	0.977482721443	1.27331856841	2.76318223705	5.26907431096	
0.370159863425	0.976901613514	1.51843368062	3.02689532335	6.00073717611	
0.41315058044	0.954913396574	1.32600129394	2.9392557681	4.87542025198	
0.341843626963	0.939428279171	1.47576051395	3.8414464836	6.47876370762	
0.402370021954	0.965956027976	1.21873579572	2.6572271886	6.90095566323	
0.344015146354	1.06485606328	1.2906011836	3.62682322948	6.24190326605	
0.437357562049	0.745135183125	1.56490082995	2.64699905454	6.21340765015	
0.366170944774	1.02360128041	1.39925531283	3.00423721999	5.97558201126	
0.354523705242	0.904280402705	1.3682374338	2.87145931709	6.52530345447	
0.361108049576	0.955701250301	1.54071609252	3.01086134098	6.3863814387	
0.369298304116	0.897904660609	1.52976630594	3.27487508297	6.05381203293	
0.412083420925	0.91869849439	1.52092009289	3.06281278188	6.26524658076	
0.380213395559	0.983290065798	1.17734095127	3.40490402031	6.28797422378	
0.400997180959	0.99791432539	1.35353758976	3.06894433958	5.4827410707	
0.33600346435	1.03983858518	1.4317728009	3.73025653817	5.69494170034	
0.346685930543	0.835852796338	1.73546467866	2.63438638535	6.25172115652	
0.361640081485	0.690271133563	1.29604566042	2.97446913273	5.80100223589	
0.380030796184	0.8064697924	1.3650719281	2.93160809928	6.11322388377	
0.397810827595	0.91110231761	1.57661812603	3.06288725323	5.43577421345	
0.417465550218	0.89265567431	1.23077244817	3.13053625864	5.89686297593	
0.344518021126	0.958432446325	1.61898862507	2.78893073308	6.29594467799	
0.453340121896	0.959291127118	1.35397513697	3.4391350744	5.36305976426	
0.35847120692	1.02398516229	1.58439647423	3.09179073156	6.43853724153	
0.447298360676	0.979886620671	1.16860050348	3.17678833773	6.07902406341	
0.331159556697	0.930059041371	1.42905565995	3.27199189513	5.67096578133	
0.335836686445	0.937385940071	1.32533249146	3.53850800056	6.5626801543	
0.386495421481	1.01951206773	1.56140561501	3.55145859277	6.15810802615	
0.335450156394	0.993259241947	1.53524302187	3.03619688268	5.95199374238	
0.458759860781	1.0291780511	1.56291063503	3.37500237455	4.97638049988	
