10	65
1	1	1	1	1	1	1	1	1	1	
0.0909949233592	0.150300061449	0.35293798227	0.733255804847	0.944421426193	1.38367971922	2.14207804742	3.17806549344	4.09056650849	6.39909427111	
0.1078912129	0.162084017057	0.360404931298	0.635947196447	0.880954233634	1.55104788439	2.04502884065	3.38472786932	4.69327681268	5.48601031333	
0.102566215503	0.145725282632	0.4123271773	0.578102400326	0.791037648358	1.29091902544	2.14658333714	3.30891533514	5.87031666048	6.29137870392	
0.105949866551	0.165335905282	0.406998710511	0.605376017866	0.951180079434	1.31312991481	2.19127830307	3.22923960709	4.53921759458	6.70506109978	
0.103166904569	0.13619326159	0.370342722055	0.585481957409	0.969527492322	1.28362318228	2.3038651522	3.2951983684	5.5716137257	5.93538440594	
0.0941967210511	0.148071765719	0.33792847742	0.644449593975	0.987599358967	1.45521437726	2.21676226233	3.05352506201	4.33568331645	6.30124086064	
0.0951895040974	0.147338548701	0.443517391667	0.579465466402	0.785579673231	1.52150933388	2.46377449198	3.83960007358	4.78562408311	6.51715262635	
0.091744621446	0.12602122806	0.410293434671	0.597385413072	1.0309092516	1.3756989766	2.09658988373	3.26438993133	5.16897941124	5.83008406237	
0.114015294546	0.138485186424	0.41135428044	0.571138845541	1.04094060178	1.55954515228	1.82166722449	2.99733638285	5.14401777243	5.12932717997	
0.122841360279	0.156472351131	0.391810632788	0.564201920754	0.924945622729	1.40709502466	1.89646819189	2.98431925473	4.75844013017	6.05118119579	
0.100175359791	0.121811084461	0.396353251004	0.655483751148	0.848605469341	1.30697347321	1.81838742618	3.10374958187	4.48235380783	5.07873834131	
0.0857726077481	0.154045785454	0.346078036151	0.540607158007	1.00789556279	1.58551594072	2.33070883349	2.77094894539	4.85195740776	5.04464193405	
0.10882413185	0.182075823249	0.370388547579	0.633495422581	0.901864472126	1.07961289712	1.99386584166	3.51779771142	4.24469877487	5.23758569574	
0.100072492322	0.152424999127	0.362711870509	0.62932432681	0.868268570674	1.44334878708	2.38300853327	2.79773203523	4.0409115659	6.4642818021	
0.101403721886	0.157319161981	0.351945364012	0.829493066658	0.957415610164	1.6382821537	2.15043919949	3.39224794828	5.16304777447	6.37182368242	
0.0903906253993	0.160480958391	0.353024619119	0.588796563754	1.04498894377	1.2604954766	1.78635156973	2.85824683668	5.19509351067	5.80995254324	
0.106062938161	0.168415750335	0.401562513896	0.564071875569	0.898071685914	1.50272681543	1.9371039805	3.29021583597	4.18351515019	6.53823122364	
0.103248506218	0.144206584522	0.369613056627	0.649883383432	0.858644953456	1.57280715217	2.17660945656	3.39996796207	3.84619600143	5.81775131035	
0.102291898665	0.159365864079	0.298342600651	0.483902559936	0.885724408018	1.60907939367	2.05251015882	3.33299597479	3.88798050787	6.51663920757	
0.0961653373689	0.136075377176	0.364014522541	0.67791256395	0.828496269029	1.29029629571	2.10055901708	3.7057388198	3.83005916963	6.79677122769	
0.107798128721	0.174525947826	0.361545825285	0.667069571685	0.862234395915	1.42984503359	2.36540226377	2.93421579987	5.36513924206	6.70871348603	
0.104138317984	0.156514822517	0.347583479154	0.552905065004	0.875169706257	1.36375187025	2.07357947365	3.01129367849	4.73121012298	6.32592341378	
0.0972587190104	0.146756638784	0.381239574847	0.537540437503	0.844636933853	1.4140231886	2.37874168852	2.9454851049	4.82403038716	5.7228154447	
0.100471762618	0.138017339372	0.336330471116	0.595239232366	0.923168969825	1.39453487627	2.52861507223	2.75316433495	3.83060584419	6.75461253964	
0.0916282984077	0.143888726534	0.441884351903	0.56347373441	0.834222000933	1.34369227945	2.37825554067	3.03356390981	4.15575783704	6.13855614276	
0.118060413265	0.132952506827	0.34002244251	0.645818343673	1.03114866022	1.29783924119	2.26589306691	3.58137147487	3.89334479364	7.11645826603	
0.104517337852	0.16764200405	0.413757248677	0.637011488096	0.996632274885	1.44780421924	2.41609975085	3.72016549637	4.4042656827	5.63776899763	
0.0913138410376	0.160703177841	0.369318730313	0.580879423587	0.985023657821	1.29890107653	2.55540722425	3.58831238444	4.66189122104	5.62508504926	
0.0969634231102	0.152963629248	0.435193335684	0.698729720991	0.837435833981	1.33422883623	2.47829387572	3.18124158593	4.91751853882	6.40655931315	
0.111853235332	0.165283284492	0.395257441741	0.576610821067	1.0418391755	1.46712577595	2.14769849126	3.82959534959	4.42486559952	7.23856792288	
0.103485565929	0.145369415298	0.338485017954	0.612292104048	1.03074119665	1.21221708903	2.24029620123	3.10635433996	4.03204492343	5.17044117249	
0.114394032778	0.161847708285	0.37150086269	0.424742791109	0.886950738353	1.5342812821	2.00433793763	3.31611993592	4.31639141381	6.34517574127	
0.113078729358	0.156927622471	0.29529196649	0.685487712183	0.87840886686	1.47664528832	2.04895632774	3.42168137626	5.42576373529	6.52066340508	
0.0961502281633	0.161563379546	0.422378891768	0.597344086797	0.845178390395	1.44548927998	2.16477673584	3.03364196623	4.15059600663	5.19398024368	
0.0993349512723	0.179748226741	0.396846025067	0.57831912108	0.919558128902	1.32873076157	1.81960160458	3.95014187654	4.50480250302	6.42109130204	
0.0787231839463	0.146403583816	0.342740695696	0.551380990228	0.901427165059	0.902661086968	2.067894705	3.56810578993	4.49966335135	7.05787299483	
0.0877951017301	0.14322646214	0.380576875439	0.591220886126	0.902874083134	1.39092852684	2.09016273689	2.43198829055	4.17111626093	6.91133390812	
0.102922452886	0.140480148615	0.320037201654	0.612381607694	0.960667690424	1.36904558116	2.06823001775	3.81889565473	3.93854313902	5.74581130735	
0.115610644466	0.160629144979	0.337840498982	0.620167364987	1.00219046605	1.67917205799	2.09275489357	3.07477997258	4.35955818735	5.56941734468	
0.0882026350866	0.136002115598	0.44231637272	0.707166811593	0.797168877232	1.58309661787	2.17106861879	3.3962670412	4.48950628526	5.8890517226	
0.10064600496	0.133498821776	0.343595544154	0.618657053023	0.966165333829	1.41186522435	2.18406696865	3.78101919668	5.38694809173	5.06521520028	
0.111121227913	0.151321359167	0.383141099946	0.58664207692	0.892940575333	1.31217431921	2.37776110263	3.61141371559	4.4200003745	5.88523208713	
0.113643590926	0.156380498959	0.384556374872	0.636166053449	0.850408360474	1.21521523614	2.04045422503	3.66228134621	4.5160118908	5.87273950025	
0.082685860155	0.158691261264	0.394408079339	0.530497169187	0.637292203989	1.66508303693	2.42709838432	3.06517145615	4.2365365493	5.94524857836	
0.0902877927587	0.110893986724	0.338536879031	0.713292804295	0.928609042275	1.22251319586	2.10561553697	3.31143840181	4.39856931017	6.54747640458	
0.0914619571195	0.162590187615	0.427576175961	0.561834577557	0.908761143768	1.5150472741	1.86879962623	3.19350419002	4.70334967069	5.67016289586	
0.10082283035	0.161466791812	0.361127848295	0.698032208255	0.89919247191	1.6361771394	1.99934675827	3.06998891819	3.55108328292	4.95122373192	
0.0891666479321	0.163770411638	0.375354163771	0.585326524018	0.842450491921	1.57270904189	1.84327260301	3.26414616897	4.75554391082	6.58260763217	
0.108692292113	0.131635444081	0.344337840659	0.562509335973	0.861547588118	1.31486279277	2.09263167504	3.51069700324	4.84167689874	5.76979361653	
0.109868719032	0.134327017257	0.423489114253	0.623679976208	0.96404474954	1.41628465894	2.00946151775	3.17715783083	4.51145770828	6.3244071544	
0.100522913234	0.159288712854	0.369056109923	0.478469243656	1.02283939854	1.78303453046	2.48940936399	3.23137600402	4.89091501537	6.9445170693	
0.0993022168394	0.153804543901	0.41374390544	0.678303586416	0.996618299113	1.47569305452	1.8071150674	2.98387335185	4.55547073282	5.9842053578	
0.103868845649	0.158264796687	0.325936963819	0.542065786002	0.93757399769	1.30597633865	1.79002248476	3.66824381129	4.36085548724	5.80105454599	
0.103813816626	0.133519780336	0.348105336278	0.597150317803	0.94880645857	1.64534341933	2.014575554	2.93120350184	4.27725632974	6.00407395493	
0.102139280441	0.149707093222	0.41948750471	0.599515167243	0.846418884432	1.00243856292	1.86331467064	2.84495402322	4.25238667643	5.92595810666	
0.0988207039297	0.165083212431	0.390300063863	0.643386351967	0.933403805473	1.66359694452	2.00823001855	3.23883220993	5.60269778601	4.30398271787	
0.0775641956222	0.138527941313	0.382638923789	0.625633018756	0.866743124029	1.1059721349	2.27455418337	2.99585639331	4.09572040991	5.32949245367	
0.0987023870703	0.160200148944	0.386528361591	0.676896082639	0.883791703656	1.42511523585	2.63682284354	2.80088452336	4.16447601509	5.89966638342	
0.100552630982	0.161541934121	0.368273148427	0.555408491217	0.979620656698	1.19653594234	1.9304429932	3.00636447826	3.89695267088	6.02338845869	
0.112170505072	0.146605531277	0.323925120396	0.580855455697	1.06286062901	1.67336315298	2.09830210594	3.08078373405	4.632921597	6.05979550015	
0.107560219627	0.122463813625	0.364824379044	0.574259926285	0.874013178336	1.73491355595	2.32022091918	3.02149152264	4.78882433596	4.98598296025	
0.104783824708	0.157948580402	0.330594326419	0.594872618948	0.740655439514	1.2503699319	2.08532612149	3.61681304382	5.14834801201	6.43068474111	
0.107878127066	0.157154335807	0.330756809869	0.60197636602	0.940281273391	1.43723974869	1.70211696139	3.41412581045	4.21340007943	5.19051622596	
0.0959000981436	0.147822142384	0.439248259492	0.450800727986	0.861675661379	1.46274979074	1.98244832309	3.89636269795	4.6459504122	5.2777583149	
0.096647049792	0.143984143578	0.342485393051	0.594137668302	0.94734266294	1.39068162423	1.85561958519	3.39496155944	4.53139957934	5.71798257271	
