6	70
1	1	0	1	0	1	0	1	1	0	
0.110502685799	0.156333631808	0.643018026733	1.25411243579	3.07061436473	4.5607484896	
0.115357915773	0.166551249187	0.555353225346	1.41781810054	3.33025627848	4.72410788898	
0.10286317691	0.13908539343	0.558281480798	1.55688911816	3.63212262826	4.09510059288	
0.0949337893735	0.143810150566	0.564893552253	1.33421259126	3.37271626396	4.73171693671	
0.0882298378573	0.141498411585	0.523164137525	1.36425293023	3.4051096164	4.53677659616	
0.0982285257199	0.167365208036	0.612143111059	1.39701163906	3.05741260555	4.28046916676	
0.0972001736669	0.143976955168	0.662256108543	1.4054987589	2.36831747071	4.14260436069	
0.10816931973	0.11702214725	0.591221795219	1.59234347056	2.941868435	3.24917608556	
0.0818269017067	0.146444594567	0.631249447141	1.55268690652	3.46925786063	4.55908267006	
0.0999203481438	0.14641410993	0.598628328286	1.38597319541	3.26422963265	4.34324642641	
0.0948405233052	0.164518430783	0.583679905436	1.38149521833	3.03611261543	4.41733723217	
0.102010815796	0.133583776456	0.535430357288	1.49144372887	3.23507809243	4.34659980091	
0.102226579275	0.130474439455	0.605952389085	1.40620100781	3.58637472511	4.50890366693	
0.0958613630967	0.159071606648	0.601786552686	1.41573816725	2.77493410862	4.82670789492	
0.0787517145839	0.154990224767	0.682971557025	1.47260148427	2.76563625426	4.04386483294	
0.122679594723	0.17327456429	0.51378944614	1.34034302846	2.83142081333	4.44445715846	
0.116352233512	0.185615733218	0.537351967519	1.4579261813	3.0474969339	4.00861983699	
0.105253534344	0.115838126893	0.672651432482	1.32303669861	3.07830395906	4.64610904626	
0.0955928312206	0.154631568402	0.526338306063	1.2388712573	3.22137532993	5.20125930094	
0.116675195137	0.128120930465	0.583801923456	1.35024264786	2.92567313418	4.08422390048	
0.100266785824	0.148071559594	0.645842657479	1.35323702288	3.28176185437	4.11537865127	
0.087486931504	0.147275877435	0.442309437389	1.19125855406	2.80651953128	4.34305256937	
0.1073789	0.126123589981	0.560035097641	1.33580760444	3.19403553808	3.5287066039	
0.0901344450956	0.151196244773	0.637942804678	1.05387913284	2.72282954087	4.62162593755	
0.0968472859328	0.177255989502	0.435200359882	1.6864259484	2.9920502611	4.61540524819	
0.0909523673172	0.137305447569	0.554759832697	1.62356873331	3.31150454885	4.16985649998	
0.11314846197	0.153766944713	0.698027556612	1.30966800771	3.84288930699	5.10716747058	
0.100099140474	0.126964977024	0.674304762637	1.54401990192	3.3110332285	4.93951295999	
0.112587609442	0.149755363326	0.586604448882	1.68701541689	3.22237483806	4.40995976468	
0.0959730189466	0.134474553828	0.638015107985	1.52966493881	3.61806586252	4.53601911883	
0.0984326823004	0.149931784391	0.648450999933	1.59131066749	2.80511210374	4.23304988793	
0.0964252622743	0.154137542401	0.663687640946	1.11190135996	3.05760026794	4.36394493124	
0.115264098887	0.11389574628	0.531963861728	1.20284045029	3.37698916626	4.89870265538	
0.10372911087	0.141828770608	0.624917238742	1.51197936188	3.18357693548	4.92034768012	
0.0928526081587	0.168932479673	0.572752716657	1.29866331098	3.31025168891	3.83659406043	
0.0975422721563	0.150430114779	0.624895742735	1.54092516231	2.78308400163	4.31118607145	
0.0877365683222	0.174150310912	0.612266844892	1.2183963228	2.81176987678	4.68822841421	
0.106900705751	0.13673519031	0.590384672193	1.48259379795	3.17878012858	4.09411775572	
0.0904723729446	0.13192998827	0.597029698281	1.55143258737	3.50247820029	4.17314077761	
0.108366157758	0.178205975894	0.596582371477	1.18916033766	3.23425113738	4.46195945088	
0.0922649231237	0.152096960318	0.681764333489	1.59256434769	2.93235789543	4.36756451335	
0.099095824734	0.14654779556	0.619419089246	1.79025428665	2.70884976433	5.42368146718	
0.096025125617	0.143368275683	0.61847674838	1.51824137474	3.11765958151	5.29201594503	
0.102412967869	0.138811300529	0.628094853871	1.6472614347	3.25308243149	4.80543004294	
0.109104095371	0.148016638474	0.592804818013	1.39579704759	3.28432384562	4.71124516999	
0.0998569866724	0.168638870341	0.622971497895	1.42824387415	3.17145164712	3.93939322894	
0.108437456619	0.144034111018	0.583087263673	1.33230670835	3.19834987749	3.68494472242	
0.100235840127	0.174702358906	0.528736113972	1.54450090942	3.53752018738	3.59848888658	
0.104810866632	0.158134788573	0.551055490808	1.24357994908	3.2540564895	5.1529239941	
0.115618906023	0.166419144164	0.717950500901	1.41565933899	3.21019690924	5.05799144507	
0.0782892545109	0.148795764444	0.497151499453	1.4955056249	3.7175452621	4.2272141179	
0.101889350088	0.123855877472	0.608743226669	1.50744516474	3.0812473889	4.90214116526	
0.101896269732	0.165606684417	0.505814387617	1.38222768463	3.08091891715	4.41918060557	
0.0910872198316	0.145793752163	0.546394668864	1.49938431482	2.917560746	4.34859820248	
0.0909196168165	0.147308521447	0.571248458457	1.38879681065	2.56439070295	4.46736141095	
0.0963924436191	0.126730689091	0.579782827807	1.15375063876	3.68172418481	4.23862999726	
0.092799500221	0.150879361385	0.594950086085	1.45580316353	2.8577125169	4.68520522708	
0.0917339784316	0.151246737522	0.565738812605	1.13969502475	3.36184308121	5.16693288526	
0.115745817186	0.139905134887	0.487945806534	1.41392619436	3.70499056522	5.23554903073	
0.0872460800913	0.133827082951	0.479382639303	1.44464462454	2.86167182616	4.18660132176	
0.0928953055573	0.128645192148	0.50890439292	1.60495656271	3.81611060001	4.83509188777	
0.0986321193173	0.158543255526	0.665686559463	1.52156545566	3.3973087127	5.06660227535	
0.109788206139	0.141195914555	0.628511612847	1.64258654254	3.3877863417	4.45611313047	
0.110391884932	0.18104912922	0.58808306781	1.58842505673	3.139204184	5.00109655946	
0.0976784491758	0.134533857004	0.604000286165	1.485827539	3.38244488345	5.27353597498	
0.106650627399	0.122248025777	0.650594233868	1.71428094234	3.91437206888	5.37495857746	
0.0817243897357	0.140676574224	0.614315706094	1.54547689596	3.91855673801	5.14665850284	
0.100668218952	0.161958626502	0.715351922029	1.53651513865	3.17416031415	4.80908784314	
0.120717049767	0.149468903883	0.682582849879	1.33510687977	2.9516247226	4.38399919095	
0.123165916139	0.140261622405	0.685706389817	1.54864396739	3.28275241295	3.38014927899	
