6	52
1	1	1	1	0	0	0	1	0	1	
0.104249196024	0.175149762041	0.418237530378	0.740418012951	3.03654963354	7.0057137045	
0.0920932636008	0.155303492201	0.407834108111	0.569353368486	3.27858839018	6.54627666147	
0.0928972910169	0.175040751893	0.32738532826	0.716381486564	3.57543099381	5.9461646542	
0.0959733178876	0.142394576058	0.37483976567	0.597090248307	3.65794853016	7.18119246023	
0.101993799207	0.13731557268	0.359262410456	0.589014552923	2.91521031578	5.29263515874	
0.120971272124	0.154539202889	0.34834094092	0.648996214221	2.86703750944	5.34239277128	
0.0919695759894	0.174817699213	0.3703905575	0.453497580786	3.64327142828	5.8161711815	
0.0815059199412	0.145249747681	0.399798148071	0.624242949992	3.83448486823	5.48833928246	
0.100467201203	0.139506460821	0.321396670021	0.653131642338	3.40056260997	6.17020706982	
0.104267901933	0.13971790721	0.341783586682	0.60225884233	3.62739370578	6.96484628127	
0.107954327068	0.150437616402	0.390251789317	0.60069563156	2.9165684146	6.01478842693	
0.0866517318241	0.148138841608	0.442171994203	0.649371553367	2.94998626512	5.95654255821	
0.0916562368825	0.149062293477	0.419562097028	0.639180476299	4.05734682624	6.7154864415	
0.102040003811	0.160157249612	0.372307159381	0.532349745175	3.67437738794	6.60539488616	
0.0975894578541	0.154109036054	0.427155689121	0.650781085572	2.77449209334	6.14617201289	
0.0983236847451	0.166695010487	0.419179624074	0.679116469691	2.88668433992	5.52953307957	
0.111140824361	0.14112531277	0.322185546725	0.631955789257	3.07215400691	7.07387446219	
0.10296184554	0.1524038893	0.365968732119	0.695450120036	3.36653019946	5.75490028911	
0.0920591629339	0.148897904182	0.342849420188	0.661732646501	2.66228883244	5.916291583	
0.106101335451	0.155131791302	0.352743247025	0.639615522402	2.96203719877	5.9865692061	
0.10651841572	0.156943691692	0.354348517566	0.671849670994	3.27817573573	6.44579724656	
0.115291010067	0.166762808232	0.422564917441	0.611560795791	3.5080289143	6.12815794474	
0.0879067553222	0.154541156888	0.389741717382	0.635023761691	3.20840098306	5.54312666594	
0.106565060832	0.130300915691	0.435435127163	0.586114916328	3.32979665592	6.33513489197	
0.105906880448	0.128865235501	0.411315290061	0.618189229703	3.04354005002	5.55019982943	
0.0966594691794	0.130518874701	0.445446160858	0.689169079509	3.39680256532	5.86596095019	
0.0980289201206	0.161370985593	0.446797422181	0.565776195624	2.88678453615	6.92858446416	
0.0821286141242	0.134872037876	0.370619400085	0.506373991932	3.61144844541	6.5141431623	
0.0942520677278	0.169194211788	0.435073112279	0.593209761103	3.10353284229	7.35576121665	
0.107211618221	0.153844869795	0.431814745972	0.6181158381	3.08567330958	6.04809585629	
0.110386542873	0.120117216505	0.369054831901	0.682983443915	3.08364276964	6.92766513626	
0.114147438194	0.149017063268	0.358395506414	0.582758467551	4.1159997099	7.12465466816	
0.101253909718	0.140877696726	0.384447559352	0.614629615597	2.84590841028	6.04802476153	
0.113224043248	0.123009649782	0.411410190675	0.682487878203	3.06781886284	7.01650545491	
0.0930966293755	0.156616239928	0.368342637983	0.58158021857	3.04937780233	6.41914528852	
0.108488054577	0.149033667006	0.32832120788	0.624190209998	3.38715466681	5.86997099317	
0.118672312872	0.126541061026	0.29574321901	0.556149906018	3.48088797358	5.36649321754	
0.0901902908147	0.164265320043	0.397576821066	0.622623654578	3.50396439883	5.74488422804	
0.0962101592594	0.162146689088	0.32889430233	0.471436809216	3.10918264357	6.55852397344	
0.10255559699	0.162859372562	0.303380816204	0.618929808499	3.46250596401	5.18952154643	
0.108620575905	0.148327216552	0.496710794661	0.469365835866	3.69496216949	5.76350514208	
0.0838284828556	0.142095672847	0.390544211171	0.662248000174	3.80963839364	6.85313585322	
0.090346179793	0.166952470384	0.394868828371	0.560723818744	3.18112905712	5.57409440433	
0.100370923419	0.139055131766	0.340936225218	0.628747147667	3.45433742818	5.88744179995	
0.113676513039	0.146093541203	0.368494567285	0.639629338941	3.20696168489	6.05087863742	
0.0747956152938	0.150250610771	0.310566554376	0.52674296574	2.8160201749	5.37445010788	
0.0945114614037	0.142702610767	0.405242457762	0.613343268848	2.63215081063	6.04997678253	
0.103182552466	0.145071502256	0.377686332878	0.611418607524	3.49849486923	5.05507200752	
0.0975568296136	0.172625041471	0.433833129715	0.651056215667	3.42446802229	6.99278084904	
0.119178480016	0.148063800179	0.343161567155	0.583782460943	4.25642604198	5.05838619436	
0.0952946086047	0.128809632713	0.384741026789	0.527838538266	3.21465591758	4.82994290399	
0.106176206651	0.168335178847	0.365410142362	0.591892199575	3.19689265001	6.10854640514	
