5	50
1	0	1	0	1	0	0	1	0	1	
0.109231717877	0.453197135637	0.992881198657	3.5943401919	6.56952577986	
0.101802862408	0.377931706622	0.93836233267	3.21896029355	6.06782297445	
0.0966487412042	0.382046663762	0.998705467426	3.44554377742	6.24704673361	
0.0888897681344	0.354845569017	1.00684691796	3.10872692463	6.47949372038	
0.10135602309	0.403087554293	0.840878005708	3.40278773532	6.11665864187	
0.100955233217	0.286650442905	1.15514921811	3.10803730328	5.88323382731	
0.0962766269676	0.390177599165	0.829876122187	3.81060606832	5.59343656095	
0.0881011810996	0.426524711888	0.960025441823	3.21962966214	5.81066610547	
0.0920955931799	0.330217390019	0.808041955576	3.56927759436	6.39248024324	
0.103845295082	0.416700279462	1.03894500374	3.06973269225	6.2221777861	
0.0975945109713	0.427652997042	0.868728552338	2.8861165138	5.5612896746	
0.113210937444	0.372965263562	0.837516246833	2.94245629906	6.27103369909	
0.0747643572693	0.402058718674	0.875273301164	3.67964120157	5.92758702088	
0.11159715186	0.359209670319	0.84552968279	3.57629449093	5.99998600366	
0.098513596882	0.344066621366	0.927996535223	2.96381260671	5.60238661702	
0.127210475034	0.399099858462	0.946873653854	3.18063498391	5.29999352867	
0.104881773868	0.382271228026	0.921628516566	3.35972492628	5.56683106162	
0.108538653343	0.395726981334	0.832557114627	3.44450997956	6.26279684926	
0.117313563765	0.360762868939	1.03588874154	3.08716910715	5.4950601466	
0.104194833217	0.40262732715	1.03456142642	2.91925721979	5.59967666399	
0.1026186605	0.394640441462	0.864989376581	3.28492642565	7.05878961893	
0.110172939495	0.308428176633	0.922504905624	3.17256163035	6.26940594825	
0.094440372168	0.346892288165	0.80827275836	2.6778032703	5.94416308568	
0.095070195676	0.417344535726	0.982137068574	3.37444988229	4.86121502191	
0.105065533309	0.433769769278	1.04821326434	3.16683953989	4.41843434767	
0.0909200487054	0.36393878523	0.816037677512	2.92210413311	5.89973145967	
0.114802203799	0.404977409399	0.956287742951	3.52087876998	5.62592356202	
0.101225675651	0.372135156402	0.829507975035	2.56270087267	5.82125935444	
0.10087572416	0.341436999087	0.814672074136	3.11344526489	6.18664694888	
0.0905969515416	0.416496576021	0.757186065717	3.67216931891	7.32643239579	
0.0968334573291	0.360831454705	0.921683629284	3.01376264514	6.04845539826	
0.0973805754565	0.348261931881	0.996372637098	3.23982509898	6.81181388928	
0.1018287419	0.362614191295	0.844680088501	3.11897837947	5.18402620412	
0.0938376504526	0.407006029912	1.00610561149	3.08468217519	6.53173373647	
0.0960561556047	0.431642400716	0.955909924168	3.11207683114	6.22574949818	
0.0971015592645	0.396446819127	0.824187805942	3.10082051587	7.48935479509	
0.105300813165	0.355922832435	0.677930606502	2.95522725509	6.35172584268	
0.0985111659892	0.340088254811	0.758022247075	3.21750020164	5.20362349675	
0.106222413397	0.37854540227	1.05645141859	3.40158245522	5.18410061666	
0.114165633256	0.43630173179	1.05992525834	2.91392860073	5.16019001019	
0.0891558211423	0.393479135128	0.929238609979	3.41577156787	5.5377311408	
0.0858085856512	0.402161503654	0.907299891353	3.29422548192	5.38119516096	
0.0833198027156	0.353807229945	0.843322244405	3.12840618665	5.78660334111	
0.111022272967	0.405714682902	0.861145168527	3.64567088252	7.21534650001	
0.0953479611072	0.308229750727	0.98514776661	3.62541561199	6.9226038292	
0.0857347270552	0.309559531908	1.08775317349	3.56945078142	5.46820968923	
0.0952959327797	0.323006545593	0.901996083027	3.22111033714	5.88204632192	
0.0793232602392	0.383883884135	0.949843337037	3.38618010325	6.03157982163	
0.114187746673	0.311484032241	1.03281732792	3.72647478797	4.08665755682	
0.116329904643	0.463257724355	1.02459467762	3.28956331835	5.47440580471	
