3	93
0	1	0	0	0	0	0	1	1	0	
0.154533489025	3.13242282087	4.30712206411	
0.139201993587	2.76104779836	4.65154955578	
0.153257970258	3.29936553544	4.84520739818	
0.142198906095	3.53796494353	4.06113681332	
0.15427801591	3.03487579197	5.25218240925	
0.148308556398	3.03258619805	5.32823329661	
0.168197277131	3.52225060554	5.32524765239	
0.168562311053	3.38322415313	4.25888320517	
0.15695778423	2.92499536003	4.55172841784	
0.158613875029	2.69024260857	4.49041967521	
0.16388961264	3.65985967496	4.03217603533	
0.137390290612	3.37930156344	4.25502028225	
0.154985833464	3.24304154843	4.9091533095	
0.104890200875	3.0439513356	4.78045350197	
0.156904218953	2.98508037833	4.28812486983	
0.146621230922	2.54592489377	3.78483982508	
0.176528355081	3.42247715685	5.65812017551	
0.165110136479	3.51888164439	4.84363610267	
0.146731099915	3.20977807728	4.75084875842	
0.145700012627	3.31773450294	4.38881348319	
0.151195875122	2.7453601476	4.81430015194	
0.156090606313	2.74242956885	4.98022081745	
0.159868195089	3.16965441957	5.39833015476	
0.154543221511	2.13346607386	5.0455703687	
0.140686709697	3.56512429413	4.76365074793	
0.160200808623	3.29047695851	4.45779102564	
0.172526445967	3.2180984126	3.79295862496	
0.1398027643	2.77576512623	5.08566154785	
0.16622855732	3.25210330676	4.39843892356	
0.164180342303	3.21756857301	3.85224124685	
0.14924189664	3.23278815729	4.15751068828	
0.156607987172	3.03727402417	4.51405070942	
0.169078662412	3.6718209428	4.70736993295	
0.147491809395	3.52125581615	4.84969390884	
0.14160885823	3.17117522066	4.38054534566	
0.151401596336	3.40491760163	4.67477620146	
0.138746313293	3.22613041737	4.77815013883	
0.157092690242	2.43844651331	4.39165962352	
0.139439871679	3.47454517549	4.68242507782	
0.151796642046	2.59584954251	5.41746924681	
0.16099314733	3.84459781733	3.76716186133	
0.169087142256	3.42983008457	4.73241032522	
0.147829627202	2.98518093733	4.0379944215	
0.165591059738	3.15074895918	5.24413082727	
0.151529902315	3.22667426113	5.08006817604	
0.169398434768	3.07579849062	5.03194050983	
0.166050296029	3.2048520062	4.06702688658	
0.150370032926	3.01561524673	5.20180808218	
0.162742120127	2.34578224418	4.35106386149	
0.142002247706	2.83617004779	4.82238773622	
0.160812742132	3.40764695477	4.52611671314	
0.139785390568	3.55728480482	4.42935177381	
0.149220453007	2.70544838225	4.62099033	
0.124792633063	2.95527134905	4.7415873694	
0.162300059734	3.87584001036	4.73216643409	
0.136782971024	2.97250385393	4.0305240362	
0.144941599632	3.24366119675	5.20557519888	
0.135736543651	2.74202219637	4.88144968717	
0.127393065388	3.96947779441	4.21043210795	
0.133787959928	3.42901708244	4.82765144334	
0.167963124281	2.98629801278	4.54960249179	
0.158061514943	2.84082348268	4.290873355	
0.149881355105	3.50834853211	4.72086242415	
0.121378340209	3.22070142894	5.12541456797	
0.151063588326	3.64741437414	4.52550165127	
0.180438740917	3.60646723932	4.71932806974	
0.156487680077	3.52649866844	4.13853507609	
0.131246703798	2.95693451881	5.48809577457	
0.160291648681	3.16654445312	3.84318132116	
0.138652773796	3.19715280058	4.73546366227	
0.184163662716	2.86139802798	4.10794180524	
0.147616850457	3.1514748646	4.81522194103	
0.143871507099	2.90798589628	5.14597317337	
0.155020395792	3.04262553698	3.47405988572	
0.139894662478	3.69714788856	3.97732602945	
0.147543282416	3.60536242794	4.82796159152	
0.147476263509	3.50730174593	4.28652075858	
0.109615792207	3.02426943365	4.80266766244	
0.140907569688	3.02410521757	4.59546186024	
0.163055034536	3.21973920087	3.77029250592	
0.154484607926	3.46523087613	4.64531747005	
0.176443630913	3.12543099095	4.28026347058	
0.155432797553	2.9891316251	3.91713255311	
0.127437976122	3.88372996541	5.17588178026	
0.150652136675	3.01927297648	4.5803863342	
0.15441097094	3.56032311544	4.10278962122	
0.159701760202	3.20106794655	4.27726656988	
0.162196055657	3.66474403534	3.58120718655	
0.145969164953	2.83429533532	4.43529966728	
0.122358502029	3.12181162763	5.45607230679	
0.16344351111	3.95272531212	4.95385325576	
0.122749978864	4.0811923666	3.61446252996	
0.155084108527	3.67995468147	4.30748814376	
