7	45
0	1	1	1	1	1	1	1	0	0	
0.145421085085	0.432950398098	0.508422321018	0.78834136127	1.32780526215	2.00415064993	2.75387584984	
0.124401771112	0.420603075498	0.589979917179	0.907431776034	1.4380504275	2.49360205737	3.28779793389	
0.148331396836	0.355771519191	0.635937782875	0.924013994596	1.66625295015	2.11543743938	3.5774859235	
0.139334005011	0.352607987599	0.490392359857	1.00388558161	1.42453283159	2.28750603013	3.80125748878	
0.137299979232	0.342077276434	0.552772164443	0.734375303248	1.40237096986	2.34010291764	3.26593706198	
0.126436296365	0.36643838331	0.607510255689	1.01951352783	1.54389500307	2.07572172705	3.13714445097	
0.158911959614	0.357454490137	0.6513218623	0.868713394228	1.65181267799	2.20058359946	2.61311513868	
0.159606598228	0.38968395504	0.629169218721	1.13942576568	1.39263746184	1.81621949822	3.66194974037	
0.123306572315	0.35163685231	0.602525721736	0.84641626123	1.42088025259	2.1208031224	3.749141889	
0.113673963326	0.383319454607	0.544755602013	0.877685869777	1.5272532546	2.26137414003	3.36141506241	
0.131133129265	0.42507492928	0.547454956126	1.05893428128	1.33713422366	2.37162884379	3.28306334031	
0.124889474929	0.366491089371	0.702140593841	1.00658112463	1.3677815445	2.43028629035	3.34161101895	
0.174642236952	0.376989656954	0.582489037692	1.02189970675	1.46603592995	2.26986660053	2.96965793724	
0.167568064042	0.417326924377	0.681093123052	0.803541316475	1.26373080163	1.98942304154	3.17221335812	
0.130005769127	0.404216700889	0.573703036673	1.04680527861	1.73014491356	2.02227892437	3.00062925817	
0.161209208336	0.383685057033	0.622180382972	1.05363369657	1.39114971071	1.92086507266	2.85009652118	
0.147340125393	0.366629209766	0.651892987197	1.0595007766	1.62856219828	1.99926747177	2.98894627247	
0.122798526627	0.380115018125	0.653083374069	0.864279208364	1.2183386587	2.5554531842	3.02082401626	
0.148314611981	0.362275677413	0.519995371831	1.01387493314	1.1798985648	2.39173601113	3.3371160764	
0.145969697637	0.370425152709	0.627256410015	0.870217608468	1.45527573362	1.95904503103	2.55091849398	
0.159254850226	0.472612318593	0.633963361489	0.925589737202	1.373285433	2.07146870474	3.12107711866	
0.152984863682	0.289317593024	0.44638699154	0.971961142931	1.4015239533	1.9380617042	2.9206957684	
0.14163436029	0.364102827747	0.685400704415	0.830484948016	1.53924483674	2.27690702978	3.18193491469	
0.161474775626	0.396783510316	0.524629401727	0.874820132887	1.48545150214	2.02143140689	3.44849273335	
0.167437884614	0.378968634514	0.563647655835	0.86307510274	1.37790161351	2.05664157495	3.53080890759	
0.141202929857	0.373321197144	0.646782514559	0.899311207064	1.36647805951	2.33733706461	3.62700178793	
0.150575539456	0.443106633407	0.609945156711	1.01149902129	1.7095661048	2.01483632847	3.08056915446	
0.161991253504	0.3738977594	0.543544094991	0.897526696924	1.22768874585	2.15529291173	3.3030048943	
0.16627407064	0.424858945351	0.580965860987	1.12600616172	1.27643756557	1.84898667621	2.84630061006	
0.132430784691	0.408806915814	0.700929644777	1.09026136804	1.16050244062	2.33421669806	3.74629667465	
0.164969039156	0.355931963146	0.610104055168	0.841509221076	1.53688196377	1.83532809406	3.47274896773	
0.139348882516	0.393801779912	0.584790662679	0.896488516117	1.56538853995	2.47819347818	2.96888677033	
0.152799600307	0.338714820236	0.572369872873	0.862404495839	1.24994062877	2.37773856872	3.28362187976	
0.141800134821	0.377788532514	0.671779399673	1.02557174084	1.50983811495	2.0060850003	3.28878432318	
0.133635232571	0.376683457343	0.658677106936	1.03817874922	1.33807981725	2.32901334064	3.45384206141	
0.146390933748	0.408352454104	0.673576743554	1.00911124309	1.27932314862	2.09019776565	3.37987606365	
0.137947565496	0.439202166782	0.618806985798	0.887818199988	1.35620277387	2.00053862834	3.47939888433	
0.16237209035	0.35477288427	0.688156038902	0.894013320257	1.31604165211	2.25260651897	2.86012640055	
0.129523398379	0.343776746175	0.552884553857	0.999703509385	1.24463872348	2.22928905299	3.52350046304	
0.171670330766	0.361309175948	0.575240704752	1.11938971822	1.62350028433	2.09095799472	3.62266744571	
0.153712084087	0.380619868895	0.748995177117	1.02995617013	1.69981379164	1.92162768164	3.83422445697	
0.147654694659	0.373568166656	0.623389879595	0.977650356427	1.58088001885	2.33995016655	3.03770102981	
0.135052792526	0.372731350283	0.599194800764	0.938282209324	1.62546751409	2.18965317017	4.10706183832	
0.171687250366	0.368546299037	0.493469877255	1.15209128883	1.38960986428	2.34969565904	3.03315590715	
0.173979647143	0.412215326255	0.534773700752	0.748195104952	1.45698406601	2.25688244633	3.49788464785	
