5	45
0	0	1	0	1	1	1	0	0	1	
0.3056063702	0.974675059926	1.05541377081	2.29749311873	5.58224152061	
0.323388017116	0.973557921833	1.29468417198	2.27262953716	5.63157008278	
0.382378345296	0.816673864417	1.40025010716	2.5081499561	5.94265513744	
0.343131605248	1.00210727025	1.49033610554	2.19347675511	5.42937359035	
0.375719542906	0.911348452646	1.40480001436	1.90586893694	6.07184188296	
0.443992026892	0.864485611926	1.48457906713	1.99468982527	7.32249835372	
0.395991932686	0.905025733786	1.31632438117	2.02682360797	4.97811133571	
0.408046969625	0.799868818559	1.43816678142	2.24401672513	6.27418044108	
0.363444820386	0.859708453033	1.28677512735	2.4013852367	6.42157326323	
0.393908429524	1.00527605353	1.41948347426	2.25595268919	6.73243926749	
0.405560322554	1.02538152678	1.57114753223	1.98607171955	7.05514556754	
0.289659901347	0.972681368535	1.40993308062	1.99297550005	5.00214646224	
0.360899096645	0.930117898491	1.60885124921	1.91368877084	4.99998153043	
0.365518523459	0.978210435437	1.5081296899	2.02517871843	6.50534269533	
0.401564225687	0.789622655806	1.49362991388	2.17051390784	5.9642943713	
0.39232880301	0.911278234952	1.27480390149	2.27826636149	5.69834847259	
0.396158199538	1.08185705134	1.3077233268	2.36087040026	6.64151429917	
0.390186976991	0.829127376964	1.47716167433	2.172192863	5.03020322435	
0.291004008231	1.07572969596	1.28760399062	2.13023481613	5.91664363712	
0.313141030436	0.951818288528	1.3319586063	2.11457255127	4.76091421628	
0.365891728285	0.952404766836	1.3166531782	2.24736530023	5.97393263029	
0.367915045782	0.966956087175	1.31619879763	2.06713058476	6.17201532718	
0.384565794233	1.04783097198	1.39597048805	2.38553743961	5.84880410771	
0.343309571205	0.808198197025	1.37069398119	2.0208167969	5.80142922959	
0.446815209365	0.842420499957	1.13091946169	1.9273959621	6.65096204063	
0.358502647143	0.922817967178	1.60871386067	2.11128518002	5.93632367259	
0.438098801722	0.785339155915	1.4822373208	1.98236712857	6.72257040673	
0.392250769066	1.15589383832	1.35583120134	2.26970457184	5.49539206805	
0.340426211042	0.920525588359	1.10815688731	2.32055147066	6.1484735961	
0.404677771558	0.894102270473	1.27834552137	2.49124768375	5.51509455271	
0.349094743339	0.858091342546	1.32272869647	2.29902889917	6.30234681673	
0.350994430899	0.976986056899	1.67873269979	2.28014884179	6.21567393706	
0.297517587375	0.824341594493	1.22509221642	1.98460516235	5.27913925959	
0.379907897108	1.0505550294	1.2482017512	2.37194428825	6.45038382551	
0.366501651613	0.936011396169	1.52534415886	2.23507927346	5.00192313862	
0.362174576441	0.90070637153	1.26196064471	2.25637772823	7.43118681267	
0.367649936085	0.846445792596	1.30844676202	2.28832761924	5.98059198531	
0.439603952133	0.892551245277	1.33702773304	2.21706891732	5.43039497724	
0.398190574108	1.07772448325	1.44204805011	2.23870339145	7.40402385233	
0.336702317821	1.04356682164	1.35219408046	2.22949757845	5.66151031782	
0.406213479184	0.867332657268	1.68192511209	1.91644654035	6.28874182824	
0.387491295976	0.982357526222	1.34095836051	1.82319583136	5.2305166481	
0.485302912935	1.01444236821	1.36073499195	2.7331411382	6.03979579312	
0.38869731535	0.911117396824	1.36308601472	2.11679087282	5.62938910949	
0.339574074161	0.956620159078	1.3301110888	2.39458923566	7.04638989973	
