10	74
1	1	1	1	1	1	1	1	1	1	
0.105864090762	0.167385929675	0.334581806612	0.594579153091	0.991894802409	1.66796974988	1.90614059533	3.53874298916	4.49390261281	4.76030164788	
0.0973513861491	0.182024251436	0.292467475131	0.55017849876	0.839630183318	1.18228853991	2.41609694387	3.23981102123	4.21363709155	5.83081094864	
0.11133633097	0.166476323662	0.385327253996	0.609978650222	0.820484445756	1.62043947431	1.78801352103	3.12933978835	4.26612449607	5.17482445013	
0.0918270143776	0.177981332672	0.313926888788	0.609669273107	0.947010090588	1.59609826395	2.21487317016	3.47991572136	4.82970791379	6.46381178118	
0.0966945022151	0.175168777907	0.309108625621	0.556485106089	0.88059447406	1.48940972803	1.89917083812	2.94827693957	3.90882855735	6.33039060331	
0.090059236413	0.153100593222	0.39135810666	0.628328194451	0.811725508347	1.55033510327	2.24427825098	3.38119912993	4.93388902082	6.2925517976	
0.090793873888	0.134957467652	0.34502832967	0.585050923832	1.13994190316	1.46370683307	2.35964880011	3.25165904788	4.01232036258	7.10247780049	
0.0976665622141	0.163219387157	0.378457535674	0.586822631548	0.94736074052	1.20703880892	2.03240097464	3.4906541153	5.1062355285	5.75118456528	
0.0938924707767	0.162205375333	0.421201869091	0.578461384216	1.03144816554	1.47542791541	2.44849667097	2.84365453536	3.70445515572	6.79643199182	
0.0945532973659	0.164985499677	0.391600887699	0.656357479929	0.966174981032	1.56101940612	2.27164010975	3.3861255328	4.51544608152	5.97546250343	
0.0986963917198	0.161535871595	0.389157262415	0.609922562851	0.685149380965	1.57352500727	2.23117977492	3.38244979607	4.39808558189	5.82372751319	
0.0946254115133	0.148160985606	0.349476855712	0.607978365674	0.880780822584	1.31140070758	2.26400545269	3.03645538242	4.13891518017	5.8604143371	
0.110041788196	0.156087724175	0.352222542879	0.567117394432	0.950750330584	1.35777723382	2.05324461974	3.43327662082	3.6400451087	6.09405788259	
0.0923060412169	0.141226234227	0.390740536822	0.5929632468	1.06669576354	1.38167079117	1.83875457001	3.34979097255	4.89588344602	6.02205223321	
0.102156150813	0.130307548675	0.436805850009	0.629647067874	0.922016418883	1.51808513961	2.18017503413	3.1679278598	5.08639622333	5.38316853281	
0.106727293392	0.156343961978	0.340513031321	0.57511949634	0.905860239379	1.33271030187	1.99613002128	3.02494581871	5.17741278247	6.85030398149	
0.0998434992513	0.146929715861	0.306117834362	0.515599437463	0.960507824827	1.61601178152	2.35544683008	3.20923833355	3.95806462724	5.76935653665	
0.0900098368762	0.177838966067	0.431716261384	0.691066084537	0.842640224104	1.34559429682	2.10581404537	3.71566406314	5.13739356165	6.2128158695	
0.114241143675	0.139336696341	0.358244826637	0.561344724653	1.02724962748	1.7824356389	1.89473928214	3.297547324	4.57393961453	5.67886280734	
0.0979285410139	0.146219093703	0.399839350285	0.669933327388	0.919239093309	1.20058212918	2.43811231521	2.8684591247	4.11244941168	7.80245326328	
0.104676558795	0.161819456455	0.377548077818	0.667045511262	1.06023505326	1.32986698081	2.14805440446	3.08902730148	5.20022967365	6.3839766063	
0.104280330218	0.167774791438	0.404069836493	0.547338676294	0.846874904926	1.5270147725	2.11123098884	3.52110967808	4.41694788248	6.04471800705	
0.0934112216085	0.152514221647	0.446803453095	0.656430309272	0.873650609859	1.54287019346	2.36465182745	2.72289732626	4.45290702261	5.95003469674	
0.10953419749	0.13278692898	0.346827947461	0.671569709772	0.953031409047	1.3232308375	2.2785004828	2.66393759267	4.63919315867	6.57065820837	
0.104489391526	0.139936106372	0.395480319684	0.478095944356	0.891565770843	1.40987406712	2.11824549765	3.59402378024	4.92715619214	6.90683388737	
0.112285239662	0.129466954152	0.378403744988	0.55995148696	0.818521296499	1.41270268561	2.67699987436	3.14449342186	4.17416100095	5.65577502265	
0.0901755270688	0.148188727419	0.361211076953	0.611878019622	0.939032522809	1.25655006685	2.18577983912	2.74103919644	4.96324420245	7.77917507866	
0.097991410262	0.145367629255	0.37572512283	0.59196434769	0.913606049168	1.41956258175	1.87313413222	3.22006645199	4.78502131396	5.18775719311	
0.0894453503677	0.151293299939	0.510558096934	0.657188526797	0.899399315664	1.57192320531	2.28640003622	3.5623103475	3.82240725947	5.99702697343	
0.106859489194	0.126910269359	0.385508461853	0.650553831234	0.903595865022	1.2706086555	2.19881483701	3.10640761106	3.58933578406	5.35671088384	
0.091830562239	0.150724778447	0.37662550598	0.693595656715	0.859533342085	1.50310084085	2.26028192197	3.14562893813	4.59161007771	6.65598029995	
0.10116666655	0.154249869079	0.381144820144	0.629368646532	0.906980741161	1.65615578564	2.03484491047	3.23579403944	4.40701892291	6.42253633541	
0.109416545966	0.138806132376	0.364114053041	0.560825613386	1.01117837705	1.38499266112	2.50289044667	3.48256951103	4.63814179335	6.0445241056	
0.0928663198718	0.141814950666	0.39350789974	0.605414248607	0.953876986545	1.50111674806	1.76414206691	3.26908654785	3.84227577784	5.28290915898	
0.107705074068	0.165223181665	0.395145921462	0.518435231101	0.98572522402	1.38365875902	2.21021703762	3.21504475818	4.22240032576	6.60743708517	
0.100026503928	0.163845008405	0.430511465793	0.523062163203	0.968031313794	1.78806357651	1.99672371411	3.19130124024	4.60935111214	5.94780489093	
0.0821578440037	0.152976127769	0.273676448723	0.49192142878	1.03807991732	1.49729944936	1.95660312599	3.52280831391	4.95583046303	5.73890289051	
0.113138387196	0.170892105889	0.291243823837	0.398839796672	0.783967634339	1.68950087006	2.06284973835	3.08687846317	4.49985403651	5.91164148449	
0.106488769202	0.16777204856	0.413269607703	0.595866482628	1.07748801426	1.33031495133	2.3542923774	3.68122708223	3.90243412381	7.02750175178	
0.108811544318	0.168628502559	0.37827223267	0.556009628147	0.886438160337	1.35119449873	1.98440834049	3.64513620233	3.78202863823	6.67264255663	
0.0974020633303	0.162590611341	0.340039752142	0.522230427242	0.981369654843	1.60649632527	2.27321022747	3.37028240563	4.024869796	5.35949336321	
0.084758681244	0.133527245605	0.296538461896	0.616288901248	0.873581936541	1.38043853089	2.59048918358	3.16796669854	4.3282524209	6.78837372964	
0.0977118134632	0.158610682687	0.361344947013	0.586323662622	0.90437386132	1.40645891306	2.18962117758	2.82395458004	4.81328789532	5.20142899919	
0.102144826642	0.18169945145	0.321486737848	0.444625542076	0.878833875167	1.48579884297	1.95332614925	3.61371094036	4.06291003114	5.99047084833	
0.0840152624867	0.140876413213	0.379392738498	0.54769301068	0.933453652404	1.49992672944	2.00711980826	3.15622974352	4.39044830229	6.09298344486	
0.103847590764	0.143601105533	0.394937562691	0.547512584236	0.957818834857	1.64172650268	1.89310026464	3.03230031425	5.11851752333	6.78684444476	
0.102169087025	0.151234059858	0.347119909967	0.617303564986	0.859752004666	1.41661134005	2.15614240521	2.68411105157	4.41356114399	6.01332761748	
0.104986993812	0.160670235049	0.367572801562	0.58679282739	1.09189188221	1.43982138448	2.73808265417	3.12410185631	4.37955989933	6.99206014184	
0.0933447168703	0.13779588825	0.346296185154	0.666373010231	0.851703802002	1.45226394804	2.0099670432	3.48646905077	3.9187587942	6.74974394212	
0.109087556916	0.152877068061	0.347742621179	0.657518362837	1.00141136252	1.11831132298	1.94499517905	3.0794382232	5.46108136469	5.39861801752	
0.0952968858283	0.156517909298	0.32543669398	0.633163271148	1.0907315062	1.52348898667	2.03345070699	3.83487667903	4.67760819598	6.55214102703	
0.0950939252323	0.143537497015	0.339104420394	0.495861362505	0.8720016978	1.65804978635	2.29755908505	3.90548018371	4.29859245504	5.99608144595	
0.0967222533498	0.127554924529	0.391340450541	0.655621859616	0.876795419081	1.40521487461	2.19496154423	3.50453068774	4.7469683806	5.37334727203	
0.0898277240878	0.154041981711	0.452790957967	0.59821505286	0.990330958644	1.14974652966	2.16437798723	3.28919725135	4.87668052245	7.08609661177	
0.0997924035501	0.135973666171	0.357352189691	0.633656038578	0.968749968957	1.37939872912	2.05138353628	3.21603994294	4.69212716113	5.78437558553	
0.0930105774846	0.17168198053	0.340204105992	0.578191359114	0.857569278484	1.55530274287	2.36581833612	3.49707004191	4.1437518651	6.10331709379	
0.0935785004878	0.131561862894	0.376577675346	0.619361879131	0.967180915016	1.57987285515	2.16596645349	3.05861841499	4.96723374112	5.18691476195	
0.0986891177224	0.166283186421	0.374584337636	0.685449582448	0.891631553712	1.51060634532	1.97184757585	3.51002792929	4.877855103	5.44072144487	
0.0890886555511	0.155587547453	0.403659228268	0.690408896972	0.933468425239	1.59878681093	2.21802932504	3.26049589346	3.99056825215	6.07380202211	
0.108073312263	0.15784087347	0.347996052316	0.629086453103	0.81812693449	1.39861623335	2.5269713501	3.43029153566	4.24494794996	5.5356986213	
0.0840200867661	0.147717443217	0.31050691327	0.564734314956	0.872905832432	1.37558468008	2.21630661719	3.19661292246	5.12273714279	5.70907576426	
0.101223932942	0.1314320347	0.375281012556	0.661012636569	0.964988312359	1.3179021495	2.28045978847	3.04461588262	4.60642083096	5.62421565709	
0.0963962598925	0.159006137976	0.356392742922	0.631156663568	0.806527333264	1.24512861862	2.29061225627	3.00974951324	4.94372423342	7.13943472219	
0.11192447642	0.1621882562	0.413567523728	0.564474215167	0.881085851656	1.32723853225	2.47665940974	3.30024089056	4.08591505235	6.02942286018	
0.115662064923	0.108372465933	0.315392264876	0.523119450848	0.863521002427	1.3136827225	2.17921787534	3.39169278363	4.81240210216	6.25109054026	
0.104836823397	0.149716384734	0.363343556928	0.732103235437	0.909534178754	1.41318357224	2.06397471981	3.95905861608	4.37399498004	5.78190907313	
0.0924956584701	0.126722442763	0.431180316501	0.633720594739	0.801375461468	1.62727507372	2.11877294334	3.35370130461	4.34258026514	6.19186229583	
0.0971000919932	0.128210960192	0.362144056329	0.641064574825	0.905472009761	1.30458664906	1.79231161873	3.69327685346	4.97302684226	6.63537802775	
0.114699082898	0.128116786823	0.3984134155	0.591194688523	1.09695310758	1.62178819878	2.15075518863	3.15768410126	4.47160724359	5.5347646505	
0.101641176403	0.16064739262	0.402563294562	0.557831979082	0.893483072825	1.25654853152	1.98106966875	3.70449047607	3.68556715683	6.78564631536	
0.0814174302516	0.146674534338	0.397926123942	0.608151551147	0.899651657228	1.44649244743	2.04999266838	3.04669672165	4.03269747352	5.86073598081	
0.101234383558	0.137327322025	0.356698863445	0.551280113592	0.983359929219	1.28139922744	1.86086195555	3.37446450171	3.81301019692	6.17753050712	
0.118358431514	0.155276872856	0.404676955897	0.528186945118	0.98893302265	1.28306028896	2.25834389198	3.30417467679	3.91322676754	7.08029788507	
0.114164642855	0.15746591357	0.387795832678	0.531991794243	1.00461313701	1.28649657267	2.2622609608	3.3101801582	4.85728340492	6.14650339281	
