5	41
0	1	0	1	0	1	0	1	0	1	
0.137437862849	0.621704214004	1.58928801817	3.21028450876	5.62766673747	
0.142010281663	0.626726846948	1.32894218988	3.24013081504	6.36719853304	
0.124205546817	0.494491573824	1.41241174386	3.07927799719	5.4716297802	
0.154944916866	0.576975324171	1.30924646671	3.06042249228	6.4563953177	
0.170021748578	0.610952760572	1.41861034831	3.30695043477	5.45847629241	
0.151570295821	0.596752576494	1.36590222671	3.3454149934	6.75628131163	
0.179365220937	0.523931958437	1.29965468441	3.55416544237	6.01640053536	
0.146596212817	0.632168988088	1.43815583669	2.79788026909	5.31510044867	
0.150548434074	0.702859635958	1.26105481441	3.08616218819	5.49510278749	
0.163718994888	0.630651104421	1.46408762631	3.2945535856	5.8775532827	
0.167210255446	0.587619656377	1.54775796855	3.44812162597	5.20915340785	
0.166550421005	0.631196345341	1.32596177896	3.78223290107	6.88937848912	
0.132136760152	0.582882127879	1.27129584417	3.26235032112	6.50048870046	
0.12917127859	0.631776400407	1.58228883379	3.17737537873	5.42145918595	
0.168531978763	0.57979821273	1.54988805819	3.21049023896	5.95702854388	
0.135504400949	0.555519080148	1.4405313346	3.37387348056	6.13159178416	
0.143986036414	0.72497630249	1.45961415385	3.4771926261	6.5009101468	
0.137014772666	0.698977280603	1.35288429221	2.80268980653	5.25208316985	
0.134669463412	0.551479936591	1.44533105676	3.55389300016	5.82131761921	
0.149434472551	0.66528820352	1.37086537695	3.37354444192	6.44023990511	
0.168118103141	0.557147750546	1.58420724713	3.24556719282	5.00535073561	
0.14033222233	0.545555318572	1.41473925519	3.31672774376	6.47374711876	
0.161691391894	0.601940333654	1.13502302164	2.96610436568	6.28857596151	
0.144133620678	0.539445753845	1.15225236924	3.34582249386	6.06621057519	
0.164011380178	0.68825630361	1.28888810798	3.64480225597	5.0055073013	
0.158539757235	0.686843914563	1.27479995449	3.40463269064	5.60707861059	
0.141232164121	0.651025043479	1.44323161683	2.85982662728	6.36943219884	
0.160558948285	0.652845452094	1.34181996968	2.82171885622	5.99142163047	
0.136329995849	0.652323405449	1.50319567237	3.32211834705	6.89402282187	
0.152582649678	0.686420347971	1.65770646112	3.39863116555	6.24442895637	
0.152800028227	0.574936897978	1.3165037468	3.38588385568	7.05511875188	
0.1480524444	0.647298911291	1.63554875012	3.23171275651	5.65439831662	
0.156362849175	0.637917444414	1.72242543925	3.37141752061	5.0661042658	
0.128330159098	0.624566438691	1.51267599793	4.16680957829	5.57289823034	
0.153375816077	0.495437586438	1.39583559937	3.77014902883	6.22063985809	
0.111704017143	0.513045202057	1.47469762235	3.13689101896	5.86627919721	
0.131020166882	0.659842911522	1.49309921443	3.86281020032	6.04623825424	
0.111696563791	0.491398956834	1.63942704199	3.51721196669	6.21931561817	
0.160249109002	0.587673038768	1.47381949143	2.96977115597	5.53614793705	
0.152966265209	0.546247204141	1.65031590681	2.74113572144	7.54614078679	
0.161981342842	0.531646066607	1.35057483115	3.62443816295	6.60796343702	
