8	41
1	1	0	1	0	1	1	1	1	1	
0.103586072632	0.137689185132	0.48930139226	1.36559640146	1.49818324211	3.33285622761	4.70090208486	6.07408832469	
0.0997647071873	0.156995678604	0.606244479317	1.39888920504	2.23675258223	3.04212946636	4.93805255619	6.86174121189	
0.0930740533705	0.152429593037	0.634522589037	1.36615156747	2.48068048108	3.24028011764	4.56754550774	5.84780008369	
0.115221022188	0.173341888156	0.559925187878	1.43420929968	2.20242844438	2.77256446433	3.71864013393	5.24965772115	
0.0985697559909	0.159216021664	0.550956954771	1.55199017719	2.18178409375	3.03015366671	5.11311658211	5.52838072119	
0.107510361317	0.14260110282	0.609915581044	1.49558420971	1.83629617307	3.60045803365	4.80590059136	4.50044414526	
0.0890825434525	0.155725007593	0.611157023314	1.34838357091	1.87340374023	3.84038433523	3.72656761006	5.13533079683	
0.112645389941	0.160011728878	0.600153305289	1.49461188853	1.74191636748	2.90368863961	4.08886992305	5.98837640377	
0.102769808901	0.175418477645	0.571740372615	1.60259741451	2.32795646145	3.65509435837	4.38608285273	6.20355185525	
0.0972944100952	0.160324763274	0.41956111309	1.29642940596	1.96040317966	3.8587168144	3.70231975854	5.49369712607	
0.100017437862	0.124204833347	0.62038547905	1.40991481982	2.27327568247	2.54200730844	4.27355017882	7.01918613033	
0.106080067396	0.126522923527	0.55945333423	1.53371784536	2.2166741323	2.82173860222	4.23592554533	6.39438052996	
0.110634482025	0.153840246468	0.68688374076	1.30982695079	2.32370467025	3.38745164329	3.98093498967	5.90005461808	
0.121982487379	0.154280277971	0.546850856892	1.4125778537	2.06543002988	3.30528449718	4.38557565432	6.4640776099	
0.111055522015	0.156873732401	0.521307831957	1.66423372508	2.33564992414	3.42688897599	4.57138406864	5.20778330466	
0.0947136352523	0.151976796004	0.534871318236	1.59056771457	1.82837074002	3.39735368994	4.55922750506	6.1316111849	
0.101286252797	0.156764154061	0.735014117441	1.39889281339	2.26996372631	3.15552316113	4.25951172789	5.70110380672	
0.119337030647	0.161167322558	0.559368869844	1.66130247085	2.0743133462	3.49469629557	4.28767554755	6.49108627641	
0.12186348343	0.148994127399	0.685294038191	1.3673575219	2.21808813147	3.35902679252	4.10851509507	6.07419738192	
0.0958796149746	0.161423244021	0.552829712913	1.23648556125	1.84893655344	3.021136776	5.21377794495	6.27974987526	
0.11985826764	0.168970464018	0.650999167374	1.46770968809	1.90567082689	3.13321012794	4.64989307973	6.09967597036	
0.0974595908341	0.135212045577	0.629848734165	1.37367812377	2.37160772927	2.93362808519	4.66315723582	6.40916454468	
0.0855176892853	0.141425766134	0.614026385101	1.28153856124	2.04412431453	3.02458915393	4.32457512698	4.80662770535	
0.106812262576	0.167686265907	0.591935738266	1.2540722101	2.17709510641	3.3651681271	4.53922693174	6.50767321129	
0.0949358021425	0.127099344682	0.72947464519	1.39673021414	2.51536776883	3.61456734048	4.63956168764	6.49118006677	
0.0842110744242	0.184787032943	0.598842662489	1.51052113972	1.99246960144	3.40527131075	4.46480978592	5.63132948149	
0.105465976596	0.157293845529	0.604337332826	1.50979411113	2.25799755998	3.18975276414	5.41079658976	5.65821285393	
0.0896590429605	0.17859214981	0.616691869512	1.40608466695	1.69551280296	3.70591559695	4.7332558962	5.79014909999	
0.108789217903	0.11922341113	0.580769672669	1.49757895452	1.97253693046	3.32898557773	4.53895333712	5.50587226251	
0.0805877032791	0.149846041355	0.589037761368	1.4310355189	2.02775571444	3.10836104885	4.65037785715	5.84826345609	
0.11617213419	0.121373619179	0.611485006147	1.52745842122	1.85450145828	2.99516997112	4.2235499141	5.90210683741	
0.102208653515	0.120349851667	0.705056778221	1.33137338833	2.04826451311	3.16718299624	4.14477744533	5.53976356932	
0.0802878688805	0.141542366103	0.750196420543	1.20629242676	1.94312361607	3.3879579947	3.88524964054	6.99954270818	
0.102400009847	0.110121052196	0.654005738732	1.60672312373	2.4182666672	3.85272993221	4.75959194982	7.17694039102	
0.095074524518	0.155081244322	0.648850493438	1.29792963808	1.9034775325	3.02610068601	3.96246073585	6.10579081622	
0.102553727065	0.164613847925	0.563779353177	1.42111092062	2.36118990614	3.03960648557	4.8442960159	6.69354843586	
0.0793419836689	0.162832233796	0.727760444584	1.82196472206	2.02852118489	2.9653165809	4.38594199349	6.09191089552	
0.0980746191134	0.163152267403	0.485927336027	1.38706786775	2.31514545366	2.91330634133	4.45897234724	5.46289828737	
0.0962985438331	0.142183582795	0.560178423055	1.35866895688	2.40005416755	3.45230347499	4.77323182077	6.17008785339	
0.0957512743098	0.144309117165	0.500242626091	1.3362540774	2.47293622115	2.99060113865	3.93977709591	6.24149662317	
0.0707856994555	0.175127775455	0.620229688257	1.38770470731	1.8818054585	2.91982576811	4.63503147405	6.34795222499	
