10	70
1	1	1	1	1	1	1	1	1	1	
0.0967512804232	0.155900394576	0.380258634502	0.444256775688	0.905441247974	1.43380718529	2.32543290005	3.14953881484	4.26998627392	5.98570354516	
0.0902600313967	0.150420389073	0.392600997177	0.511121490526	0.870397777322	1.53741411535	1.99460995027	3.07631540509	4.62924174387	6.65919947701	
0.107857968283	0.132089255348	0.375499059202	0.593863314535	0.911031202104	1.3225074463	2.39720485172	3.96541605452	4.3011398753	5.99443755756	
0.0915463809352	0.153900095325	0.348607872239	0.586059097831	1.10368214443	1.53207416354	2.53313627313	3.42476864097	3.22345950912	6.49310060657	
0.0912797641893	0.142690479968	0.385739412464	0.709570789682	1.12300350224	1.4103252076	2.01696170897	2.69975185685	4.9830426239	5.60544901266	
0.104242464865	0.15936768319	0.351184955324	0.561296564569	0.780104903739	1.41006072443	2.22006572989	3.52829032803	4.709924649	5.7977310989	
0.0856561719709	0.151561684938	0.28726553463	0.699135423246	0.847231908736	1.45905133766	2.55233012302	3.39702926036	4.53505495843	5.81361797237	
0.103496139228	0.159786907446	0.424994397075	0.463740277034	0.889399641903	1.51391441517	1.97530635033	3.25031659909	3.9371204237	6.35385080234	
0.111071554932	0.153379259727	0.422621222651	0.66682269083	0.748799152453	1.4528227133	2.09784993054	3.19913258797	5.56294028545	5.51426784437	
0.0980367164788	0.1446325196	0.40499797344	0.568076585228	0.95432121261	1.22556303966	2.24068182195	3.16720433759	3.9113770747	5.69400728466	
0.103408514771	0.139335168179	0.419943916692	0.615308867561	0.909237584602	1.63435900494	2.12761806459	3.19044168603	4.60009774256	6.16713358165	
0.101633439629	0.15443501882	0.401132411265	0.605890989467	0.876648639928	1.51264524659	2.31596486497	2.7082797072	4.14833243153	5.82989862174	
0.0777758144461	0.143347145496	0.419989707043	0.635246244995	1.09030468621	1.40751043824	1.71855438188	2.7311247428	4.23742411588	5.71564348048	
0.0891293215424	0.146507977992	0.354067709335	0.702027659918	0.97247236939	1.44282673435	2.02669950634	2.8703531874	4.18384168354	5.90092459454	
0.100473137566	0.141239159331	0.325421640982	0.581471652528	0.861454764401	1.41016922486	2.23917116155	3.67290238528	4.60821958314	6.8050235569	
0.0924333843938	0.156511435695	0.42317871245	0.619195675458	0.876270508309	1.2518276129	1.9129801904	3.79172840252	4.89662475137	5.7986088306	
0.0901905122447	0.165269322746	0.449278976168	0.621200783431	0.948930105175	1.48753783541	1.87153416676	2.84167117646	4.51993700532	5.73475604674	
0.0952838108976	0.162292756821	0.350853721771	0.687412432455	0.808225591324	1.36280647774	1.83361691003	3.98976017422	3.57833985344	5.90436672577	
0.0966670688712	0.132389695279	0.328621053398	0.534289795211	0.877305943016	1.70567361907	2.57148660046	3.59929534031	4.51520910787	6.96784864763	
0.103142423808	0.188746802267	0.31718610332	0.594944702012	0.964363482688	1.55213312894	1.73083854325	3.6669510508	4.17327699713	6.56981431665	
0.107788801171	0.167236360457	0.379603633289	0.511671502696	0.783162205156	1.55474522641	1.81056713437	3.41541200857	4.24226616082	6.72536019131	
0.10268306509	0.142418617004	0.38508237635	0.60296025597	0.919318614898	1.46555210759	2.55587715956	3.05629029681	4.22454944829	5.80782702285	
0.0990735484952	0.171288896067	0.39868993484	0.543925546407	1.06855260494	1.48550167834	2.05829314657	3.13830058582	4.71902611042	5.43399626675	
0.106909387187	0.167058519417	0.375592201648	0.616393150727	0.96195236747	1.28986190541	2.28792053003	3.19484892486	5.36163712743	5.49371001014	
0.103732609143	0.14000782599	0.430028399297	0.506545419422	0.839020875017	1.55852730574	2.0255381527	3.27161373492	4.54739081658	5.88860213971	
0.0881508697911	0.1596942386	0.449956469701	0.571037741874	1.00369406641	1.42829057057	2.21627071382	3.53317733087	4.62644854849	6.44802240785	
0.110171396565	0.154274851156	0.353312445776	0.670773029862	1.0331308796	1.58294918656	2.28583769351	2.90490775804	4.29633201447	5.66989656783	
0.0965694196081	0.148320349742	0.4435477871	0.591740108761	0.921704694923	1.40709548396	2.03307180091	2.71388015662	4.34370217603	7.03492008857	
0.109214858586	0.161412565947	0.352558446229	0.605867818639	0.852060280133	1.40600968566	1.86768265894	2.81654204093	4.62274729484	6.21222110053	
0.101270308836	0.165422364461	0.386899664725	0.586000611634	0.944572374774	1.40293182295	2.05010765461	3.01880697133	4.68825956348	5.71800961526	
0.0878636332605	0.164256479922	0.395980457669	0.601017948695	0.902876980683	1.45886408237	1.96868693197	3.44083420906	4.31590273973	5.35459212292	
0.0949083236757	0.159723226641	0.41686192885	0.583294293426	0.932395234913	1.27402807031	2.16732448598	2.77801482875	4.88398028999	6.3619437765	
0.100476153065	0.158072288756	0.359311952859	0.665492275684	1.08710327452	1.3254606918	2.22598711465	3.41023828313	4.21240461685	5.79790965208	
0.112060654576	0.148620337931	0.313425767911	0.612799372149	1.07887550162	1.46836488607	2.53144328684	3.45165944636	3.86840867672	6.08647018737	
0.0935086110382	0.150044477522	0.409420983578	0.651825406699	0.897786888491	1.47606047121	2.12525369406	3.54186589928	4.21313323435	6.99656492143	
0.12278549041	0.146502476221	0.361475356175	0.581702656267	1.01520686598	1.3018027752	1.80497959381	2.52435915298	3.90696692608	5.15305592188	
0.0944620233062	0.142789049408	0.283052934679	0.638335258404	0.911524301021	1.37474390831	1.98129432055	3.11276507499	4.16479435303	5.82318421326	
0.0999923929394	0.143113786031	0.381975934555	0.606487069073	1.06684132788	1.3306018225	2.02694694844	3.69893388931	4.51969088082	6.22295406869	
0.0885056063709	0.166200811798	0.344116806817	0.569852567287	0.955716497711	1.37599706246	2.07859228196	2.52550986654	4.74334416761	5.95044507307	
0.107689901473	0.149204725076	0.420090451788	0.566050549692	0.951021804834	1.49095999397	1.85952124869	3.21896906036	4.24609981165	5.48774820065	
0.0874235250147	0.157779978633	0.437496874382	0.693636421815	0.856391724453	1.51626681505	2.1571266556	2.99959986902	4.78203708624	6.0013622952	
0.102897316915	0.159604103902	0.372504563677	0.587237818925	1.04907698293	1.415399136	2.21603920727	3.74309921221	4.00009366737	5.76861496359	
0.0726844535713	0.141010201559	0.340341487813	0.55775679246	0.784521895874	1.46833530232	1.97049673076	3.99122634886	4.40162874664	6.20192419488	
0.0789990469936	0.126694391276	0.399743317734	0.585929360622	0.852733376044	1.42785861881	2.17439654199	3.4312262287	5.02024537949	6.82520160759	
0.0862753770284	0.146516215545	0.371129204949	0.620166239559	1.05933623532	1.56140227493	2.52048235394	2.80549792712	4.61387456345	6.29580970014	
0.0988956260983	0.141005161669	0.384288548084	0.59460009722	1.0589257397	1.62273811274	1.94740896801	2.90810648566	3.27667229303	5.63262856218	
0.112833562414	0.148875835108	0.386173585293	0.629814052238	0.931206732518	1.31767529383	2.32120152195	3.16353895908	4.05145103419	6.28218462438	
0.0900764598809	0.141236918722	0.378297969744	0.544596074962	1.00785579932	1.29653807202	1.75478399379	3.74834947385	4.32902897339	5.70408731442	
0.104361712381	0.138957821282	0.369762555415	0.52380533157	1.12706912143	1.34712307892	2.05620936526	3.18690029735	4.94884031694	5.82390527306	
0.0976399135255	0.151203276058	0.420030144296	0.541246762114	0.908661441497	1.47828575945	1.89342826927	3.67056015335	5.02848207838	6.92371516794	
0.1221559556	0.140514389902	0.369255211366	0.53699004644	0.761393930632	1.22978984643	2.13869792789	3.48500793932	4.51547775953	5.80377277464	
0.0964813843585	0.152489414872	0.44259778228	0.646385119786	0.961764317797	1.47361087217	2.0683066971	3.10814884669	4.47540415757	5.70697323422	
0.0990285717464	0.171721375967	0.385149640912	0.573133017472	0.864550565758	1.41472808303	2.18264154318	3.56428276151	4.53831690193	6.21287922758	
0.100586950522	0.158119214651	0.338471300775	0.579094261646	0.997399054242	1.30826349836	1.86825204025	3.95369043643	4.2352185792	7.24920982854	
0.0923640891073	0.138994545924	0.341655327682	0.601844406269	0.877423313596	1.4632491647	2.26436189882	2.71704676103	4.4995834268	5.84899918569	
0.107401374928	0.161268259188	0.366362853898	0.624825262664	0.905863242947	1.54842220928	2.23242648833	2.9402587822	4.40862379396	6.74575795769	
0.106352602014	0.135775293892	0.367375526921	0.589358305163	0.889091912346	1.14626744628	2.19861937822	3.03686432613	4.17373952718	6.21555938481	
0.106715258222	0.128480640819	0.411499670201	0.634129570068	0.935412331469	1.7492036039	2.19210627794	2.15603231275	4.50723707168	7.4861369537	
0.0950591844481	0.156169388383	0.388856209958	0.528256499635	0.976253302768	1.49887496489	1.96304977651	3.0475308385	4.78181830365	6.71373060564	
0.107453378325	0.150232237322	0.357592354046	0.771951214453	1.06241853083	1.36499264672	2.3254166931	3.30575017417	4.74330664674	6.4214500137	
0.129246588563	0.142996410686	0.373620895078	0.604084529019	0.870832460433	1.36179821328	2.19121317354	3.2459178398	4.52236873199	5.2884692351	
0.0973551863196	0.151569912864	0.370868635181	0.574721397254	0.901124732676	1.50182766605	1.85081426498	3.67909438461	4.37485421142	6.51966520434	
0.0915020562135	0.153654494265	0.321091932364	0.55125058383	0.98859501238	1.44614921032	2.29946987155	3.33847762242	3.93782955715	6.5219468605	
0.0994277594824	0.144384491705	0.377448473125	0.623855244648	0.892518573094	1.47020548484	2.00010278525	3.12730094369	5.09510925199	6.68285174204	
0.0842101807983	0.148334785079	0.36449205803	0.551289567593	0.774675226355	1.43578546627	2.04085244731	3.25232079142	4.22963013651	5.44970604186	
0.0934704833039	0.149585402972	0.355772117571	0.485974177774	0.987652706109	1.59356511372	2.03293528052	2.86198570476	5.01213375471	6.72399781411	
0.10901774644	0.159080936944	0.423226593346	0.589298821508	0.992271682722	1.58021113631	1.98848471619	3.28743052102	4.23004159078	6.12340898005	
0.11853204774	0.145514816943	0.415197591935	0.56469952052	1.01415379764	1.37707510848	1.86307098267	2.76013156664	4.32033595602	5.20871572334	
0.0965751255062	0.158076647886	0.415598016266	0.538212731163	1.02904918485	1.57280039855	2.72528859905	3.30041799438	4.39253985571	6.56182397298	
0.0843960409521	0.131016556438	0.346171820735	0.570472266911	0.786993081197	1.43722849817	2.05977688809	3.68215306957	4.20030966907	6.2095874078	
