6	97
0	1	1	0	1	1	0	1	0	1	
0.138333281828	0.390339176182	1.06745704623	1.39021934756	2.8343196347	6.4713637444	
0.166380303232	0.353534874643	0.865919082437	1.14639302061	3.10022612934	5.44636541513	
0.127156392339	0.366138441354	0.929541145003	1.40314132364	3.14473719176	6.91461250684	
0.154611297912	0.404727676417	1.0983892679	1.57112679517	3.16108090913	4.88819710664	
0.144430183329	0.435307829218	1.02112575734	1.37746527037	3.22430923596	6.07669112228	
0.140760443204	0.358867333698	0.869653434995	1.5004042795	2.90684052686	6.86512389957	
0.149906682849	0.337979781208	1.02541858112	1.64454169386	4.27086051827	6.82246423435	
0.136872273902	0.387982510843	1.16517117622	1.31872330359	2.83725527153	5.76601697501	
0.134779328931	0.356912514391	0.868509120222	1.53239459775	2.82860559234	6.078520515	
0.13852582387	0.400899456946	0.99127433299	1.5576435819	3.5400403448	5.6273370332	
0.149934665038	0.435846697035	0.971096791935	1.55689824443	2.85446641556	6.57216415052	
0.121708623782	0.321897769238	0.84635450496	1.49086034379	3.44394129699	5.5115599876	
0.121129446729	0.41623275055	0.98464621973	1.49117538702	3.87616399398	6.09001122382	
0.13512143815	0.430493134899	0.892105069293	1.4149593434	3.07565471234	5.5005761577	
0.14367658892	0.43778394302	0.830814094739	1.58294033601	2.64905420139	6.96057789299	
0.175585984936	0.341097136258	0.93734108011	1.52207082445	3.05366514893	7.12964490292	
0.150324171472	0.360235306305	0.937330446	1.32471934993	3.25680199078	5.73013546189	
0.138314542104	0.410303736138	0.772604297004	1.68207896839	3.32487648038	7.10828579712	
0.164430115374	0.328949104901	0.936577168636	1.173287397	2.95633564318	5.91791546311	
0.13942355915	0.361894435089	0.867961009427	1.74875647695	3.28862787839	6.3740783554	
0.149223153656	0.392820572293	0.738850438045	1.66891117293	3.01541444346	6.68748126094	
0.167770396	0.311663654313	0.935215662856	1.48796262243	3.28568517495	5.99943589128	
0.14346288971	0.352874002584	1.02839774185	1.48687955762	3.31022953914	5.03932956739	
0.146149710901	0.377878778723	1.00819258417	1.18067189176	2.89386348787	7.07923876118	
0.138039255513	0.309640860914	0.865070066452	1.31648439151	3.46161629472	6.38330490164	
0.135459572849	0.365600930046	0.979935149634	1.5115740317	2.91375766072	5.44555015834	
0.181744985156	0.370130759546	1.06889070601	1.46269137196	3.6058831046	6.375171622	
0.152564932708	0.386048152254	0.814614444507	1.40616546812	3.08033584328	5.8032994859	
0.144456503822	0.386171169667	0.989329683237	1.41033394068	3.56033633339	5.75073069584	
0.151300449007	0.475888083471	0.818270549689	1.36974102693	2.66032309193	6.13706836386	
0.1502480604	0.384777342651	0.84522534342	1.32107643561	3.26756868454	5.1583158999	
0.163222628815	0.327146377436	0.915961140093	1.36768175744	3.08748437262	5.03656408764	
0.149337063976	0.334093924182	0.943037871605	1.32139362482	3.23366210821	4.91319150857	
0.163684172955	0.421660958536	0.878656248691	1.83060168409	3.49723258085	5.84506856796	
0.142635739272	0.350309232817	0.875061314517	1.41428867524	3.23577828257	5.15758112892	
0.170321163504	0.409897314745	1.10179326744	1.48260834173	3.59018508949	5.24986206461	
0.159033670444	0.311916883767	0.839639988725	1.78843663436	3.13628593722	5.98851811093	
0.160529114658	0.378526068042	0.835006827845	1.28746602955	3.51047880442	6.1789621395	
0.162545708143	0.402320510615	0.935622874065	1.4318871994	3.28144751897	5.78179838952	
0.144719020279	0.399075750366	1.06398535035	1.19035819613	4.02593630493	6.41557650549	
0.156532577112	0.341684196562	0.863793027702	1.51741401394	3.3315300718	5.22483504862	
0.137068544344	0.351891311706	0.85325657371	1.46881894974	2.91719824372	6.46738397487	
0.127720006936	0.41709513024	1.21455268321	1.54136164836	3.07322175955	5.69986031018	
0.133147279193	0.420978697173	0.945160944931	1.17125286467	2.77763805744	4.94571961898	
0.161436532008	0.341930573325	1.0075500952	1.35017694193	3.50756124464	5.84558280665	
0.164247604084	0.349898238314	0.8616813194	1.36488731107	3.52097150386	5.35066455054	
0.141351125514	0.370502254823	0.967113062418	1.37334123251	3.43772998574	5.55130890185	
0.164835145867	0.408747490971	0.876723929504	1.53304492668	2.89523311634	6.09705847214	
0.138154775456	0.391905943581	0.914206969361	1.32144888363	2.73926447665	5.87030458573	
0.167895593208	0.390800765089	0.784563764933	1.39659833956	3.63624338917	5.81409482926	
0.13540626847	0.446397504931	0.829495348961	1.39764532486	3.05010632844	6.39171200335	
0.157221554429	0.345977324143	0.864930944049	1.44986186641	3.32092858349	5.86271906913	
0.145389597815	0.333312392621	1.10207405155	1.52129060192	3.25191807599	6.58572073241	
0.146939877736	0.349051788013	0.96217679871	1.44987789903	3.79659134782	5.55775887801	
0.135557981779	0.459847162236	1.04016092172	1.52104783358	3.02784115175	6.25063344643	
0.130641558399	0.360490642843	0.821797917933	1.32231515283	2.86280397963	6.41754193169	
0.176811315783	0.417099388724	0.999670718597	1.38192520045	3.31245941814	5.35665731609	
0.130512323896	0.32479025634	0.816527208026	1.5282662261	3.50894904506	5.45908311143	
0.154403851709	0.423394346767	0.915872360955	1.32369951953	3.11461161351	6.85852707151	
0.148956896618	0.461157464773	0.86791622245	1.35762222938	2.79326563127	6.6434332754	
0.151413526176	0.345791620094	0.896647720151	1.49942051401	2.98128402505	6.20536023195	
0.163492068933	0.363525187897	0.756876512992	1.39132760714	3.08624950967	5.25277170439	
0.158801528591	0.403775171327	0.950293155492	1.36801160456	3.2939144829	5.60994557873	
0.160271290119	0.363371724697	0.906554928465	1.40586110584	4.31184655728	5.38820167503	
0.142943437296	0.319117948194	0.953639537846	1.67755453306	3.17555204095	5.61465990357	
0.149088102893	0.419319236273	1.05847544253	1.28026567705	3.46390602074	5.93902546815	
0.171637691216	0.467218025609	1.09931430334	1.28896671896	2.97651340908	7.01665855614	
0.148440594605	0.350761684448	0.803270596761	1.44997671814	3.11609924393	6.2341984223	
0.152852751383	0.333806920443	0.85397219311	1.56508234298	3.5856356978	5.77713962482	
0.152640745309	0.340451803073	0.925007605271	1.5880628606	3.79219934069	5.92462802359	
0.145287040831	0.325414986041	0.874342167911	1.42020660466	3.193325649	5.65950460513	
0.167806273182	0.395732470432	0.91460492873	1.52776449313	3.24154829115	6.93142713949	
0.138076436573	0.392472228465	0.732320976313	1.37398507688	3.29936701487	5.80735300475	
0.133421675915	0.35361796048	0.836399602425	1.41292855963	3.50515718519	5.79194460765	
0.177133887561	0.388688931659	0.739483122229	1.47764258155	3.2336212436	6.82643639502	
0.149745412366	0.370380027337	1.12278355925	1.12888423318	3.1381126127	6.15942317462	
0.14400922011	0.300169413009	0.967580095169	1.36450731464	3.20572187186	6.75531426677	
0.154566937865	0.356438697855	0.966603859954	1.36930189163	3.15134200034	6.45439600926	
0.140374094761	0.401339535925	0.908600419734	1.35736393251	3.08604760111	5.63160828673	
0.151338959099	0.369559881192	1.05736444324	1.30314066414	3.42651305682	6.68596704122	
0.175951889935	0.349152581645	1.02526786148	1.45944380107	3.59197845856	5.61319861025	
0.148256104138	0.366180111661	0.888074643038	1.43588281104	4.06084187587	6.40132833618	
0.144733158879	0.368905602084	0.982317325475	1.40337930529	3.19064682625	5.33449076136	
0.149294082089	0.284049741935	0.76553798227	1.37990589789	3.46458919127	6.96681587599	
0.156020512589	0.400300848207	0.940494902077	1.54989307403	3.31934965517	6.22356760865	
0.126545460073	0.389992533192	0.932163774914	1.3704918716	3.13868097688	5.19968944893	
0.158086301188	0.388929627607	0.936436367165	1.46289015077	2.84498025266	7.05799372125	
0.164146346024	0.403583370598	1.06806012785	1.46018976499	3.15819197279	6.16429375816	
0.172904010634	0.346009598897	1.07089427839	1.23663282351	3.42325124062	6.60612712625	
0.15966651754	0.419807043577	0.918141679915	1.24794224057	3.59133277351	7.10916911875	
0.147530350762	0.405913690119	0.853145688305	1.30103958769	3.28488858918	5.56340486671	
0.151443302977	0.495152089569	0.864352970319	1.47884240996	2.67851156864	6.31397974191	
0.139418857998	0.391120277677	0.954727959996	1.44989291883	2.94208070101	5.82969576559	
0.153535767179	0.370779772513	1.0605076054	1.43586533139	2.92731713086	6.25885945183	
0.113295205255	0.454538851483	0.769967110539	1.55819391158	3.49075609781	5.32167620809	
0.158391880032	0.353799694381	0.914615143385	1.4972669534	3.23429199602	5.39996845488	
0.156155615003	0.372091733494	0.919713415009	1.42263502518	2.81277476932	5.32543455184	
