3	87
1	0	0	0	1	0	1	0	0	0	
0.0901259171828	1.004588556	1.98151447297	
0.105527043271	1.02128722346	2.17538554086	
0.0911812816941	1.04719039311	2.02549112928	
0.108038440434	0.945915243332	1.91422649595	
0.0825166290382	0.872673278896	2.2409156191	
0.0931218076123	1.13375483084	2.19800898221	
0.114262092935	1.03203960574	2.22788122449	
0.0998032529361	0.954011487787	2.32515037649	
0.1036387065	1.04902536316	2.24235216086	
0.0922670474046	1.00196896006	2.00753148605	
0.114050087413	0.907667302203	2.23706299195	
0.0963991995605	1.09591203217	2.48068150988	
0.0838756049647	0.965962518571	2.06673733318	
0.103434564177	0.940744486818	2.03153934433	
0.0918103034926	1.10233455962	2.10200189608	
0.101744224458	0.905985429242	1.93095376232	
0.0895186120443	0.911572963779	2.33713089109	
0.0951132624658	1.11374559407	2.34341608276	
0.105923745115	0.856918221395	1.82971039959	
0.0946216910029	0.930401944108	1.83307970794	
0.0840843951616	0.984805262542	2.18366495701	
0.111154584407	0.766027431141	2.2448093524	
0.087403382491	0.897391059047	2.34845233003	
0.100977333977	0.861334574569	2.16563943273	
0.110106301672	0.846589355303	2.07631342781	
0.101442665091	0.919228950284	2.31001771039	
0.0957176243674	1.0514794807	2.02725664242	
0.102628056411	0.771225336058	2.35318048417	
0.0978177234148	0.901040382832	1.79924829018	
0.068087737673	0.832199804823	2.23145965499	
0.119486820213	1.01648639277	2.15439298605	
0.10282850196	1.04464034344	2.29687239944	
0.092755502088	1.07495661421	1.79931062697	
0.110229151695	0.919433817196	2.2418487863	
0.0966001511366	0.9211064093	2.19810397557	
0.112784839152	1.15068025956	2.10764922106	
0.111395003945	0.952327339181	1.94330375027	
0.103004707969	0.860211910439	2.36715968091	
0.106174084675	0.80904334048	2.21112571722	
0.113332251999	0.812025704908	2.52726713991	
0.0901570259304	0.840402196592	2.29661488914	
0.0850826438736	0.895527826575	2.50731861777	
0.111454243331	0.953843386842	2.0491211139	
0.100878080196	1.01793621674	2.05861537004	
0.12232623226	0.854602078387	2.11389643896	
0.103251478327	1.02404521878	2.27697374017	
0.105267258242	0.883887779571	1.82976337725	
0.122367642078	0.867912204009	2.28224832901	
0.0972721952263	0.805053103577	2.40051956672	
0.111179766372	0.910513456463	1.99469049118	
0.100435787189	0.914358414825	2.48259331315	
0.085868025807	0.966325335845	1.97019340705	
0.112439425615	0.926179887453	2.32382890602	
0.0957499894719	0.839689128383	2.23808827617	
0.10510456403	0.949857189574	2.0558410962	
0.0952696351403	0.798672556561	2.16260520388	
0.0859041138724	1.00655278057	2.31729633737	
0.10902767465	0.891045119484	2.6937276241	
0.102877212499	0.93232062764	2.03746051712	
0.102031339284	0.781794153995	2.19401002653	
0.0960572998002	1.05029494917	2.32387900114	
0.093021295361	0.928820800395	1.82325758419	
0.0945740083765	0.966341425039	2.12188210051	
0.0877350170136	0.802948916241	2.20588753111	
0.105905663596	1.04880649763	2.12776928522	
0.121609541159	0.800517845577	2.09789722902	
0.102259152581	0.949139891673	2.06812144479	
0.090765343194	0.805760462675	1.91208918092	
0.101826101515	1.23333998258	2.11392301964	
0.103219959069	0.914034897982	2.24431304225	
0.0821830887078	0.80930750447	1.90847396487	
0.112647031097	0.854104848388	2.15934111337	
0.0940911869671	1.06596477085	2.37838997145	
0.107842154256	1.0312891317	2.27000143595	
0.0973426438542	0.989643083558	2.1633382116	
0.0770129198919	0.993157572176	2.25582192474	
0.113364616432	0.918144674478	1.95537466614	
0.106992793776	0.977181312838	2.36995111738	
0.106932853085	0.894171860393	2.22693483229	
0.0993756582862	0.803625361207	2.31397565798	
0.0959221201322	0.938737747531	2.05131760161	
0.095590636231	0.934902226712	2.13027993292	
0.0944671924545	1.12964950316	2.08579215322	
0.114262145572	0.916410650731	2.17479312363	
0.0979897652154	1.00684431701	1.90704843582	
0.101012528712	1.03348380142	2.17909640885	
0.0774011777374	1.01737049189	1.85679125208	
