5	62
1	0	0	0	0	0	1	1	1	1	
0.104076590817	2.20972860352	3.49030345881	4.97184963537	5.5803196147	
0.0902387423502	2.19913017685	3.12000682718	4.21964375104	5.72572250665	
0.100656184046	2.08773912606	3.35671611293	4.72383319465	6.25078876999	
0.086345800715	1.88985717319	3.35027841376	4.03508217117	6.62200918843	
0.0855745325433	2.03505854866	3.19264432138	3.61993860655	5.90915816594	
0.0959922984299	2.28383684939	3.26110003121	4.19386596452	7.1410252986	
0.115319574779	1.91956560305	3.50875323268	4.21301876459	6.05181502774	
0.0952908831468	1.45804262233	2.86632113285	4.65266947115	5.25484673861	
0.102961049112	2.2181211426	2.86571301402	4.99236991411	5.05217375344	
0.103441532444	2.50604801837	3.19293737397	4.76520506229	6.63416123128	
0.11029832891	2.23766017588	3.00650872248	4.85779112492	5.83047527194	
0.0944029126577	2.33480637701	3.39873015302	4.28345006919	6.05449843072	
0.0918138630924	2.20854502853	3.71724752106	4.47661920309	5.93480134425	
0.0970837063243	2.19940339264	3.59514012651	4.0207226252	5.82518635211	
0.109384479646	2.37988296046	3.14757085763	4.80002213566	5.83663022405	
0.0914971997068	2.32366208936	3.08485858219	4.82577909503	5.58849380231	
0.0930964400659	2.13618612297	3.35503780466	4.49793439559	5.46986241569	
0.112555258086	2.02107900741	3.47416947652	4.96367710034	6.26551416848	
0.109135545395	2.31007985157	3.02007258974	4.94462066783	5.9248805025	
0.0988142974984	1.85341305793	3.43040993387	4.10777274994	6.12312956089	
0.108632990486	1.95735416918	3.46242687464	5.50071294263	6.30660955631	
0.0893770493829	1.97871548681	3.03675643055	4.3435544071	5.88689183966	
0.118622367937	2.02655853346	2.8752033421	5.14860750325	5.60911913253	
0.0938394150181	2.0971077004	2.96486190356	4.26464490484	5.66621183282	
0.116377880629	2.29018302887	3.04421236216	4.79689165569	6.26336505878	
0.0986875408245	1.84174612194	3.11541568106	4.29970918329	5.95007770124	
0.116669568877	2.44972208532	3.09615528992	4.00992868371	6.05194039869	
0.101559318449	2.13385594411	3.17570254051	4.85572274901	6.50203949448	
0.0886164189075	2.06380900645	2.87527125021	4.34707239227	6.16700373735	
0.0991928384682	1.94125486375	3.35093134693	4.98737350105	7.09318076198	
0.0949363799863	2.29246274709	3.98806987296	4.75570461331	5.55893585509	
0.0950365544274	2.38081792865	3.65448800688	5.19021809839	6.06453990914	
0.110750884628	2.52140320427	3.27790264591	5.0763390186	6.04308074118	
0.107041849887	1.98027339083	3.52528923936	2.99404468256	5.8683123674	
0.101881563263	1.99748674404	2.82406529509	5.07581910586	4.44798513556	
0.111813990017	1.92520327909	3.09869389701	3.64249223959	6.64427203915	
0.113576807396	2.49077427967	3.0967878366	4.09791861559	4.93343433636	
0.109328094894	2.23118110414	3.09172014792	4.16266968942	6.57435505957	
0.108519231812	2.45697307561	3.04632406682	4.73152595286	6.32066319055	
0.084701514656	1.74279616983	3.40320372442	4.08491319954	6.73886071865	
0.101017087383	2.19133736881	3.365365817	4.73690466631	6.48157050029	
0.0938556877369	2.03387967129	2.5072096307	5.4556776752	6.70112876205	
0.100763258022	1.88893310659	2.90664002728	4.1559207379	6.53115918777	
0.103991789355	2.03705940798	3.3663040704	4.54053334608	5.84956140066	
0.0930454407114	2.44557836212	3.39168926363	4.1004482351	6.21486069329	
0.0937089793639	2.45213450183	3.32082934411	4.26592226423	5.63761660993	
0.0892118005009	2.11327592417	2.88688228775	4.905076912	5.29313550118	
0.105645954013	2.15756581032	3.6739449255	4.85493250664	5.67797628481	
0.0897491054994	1.78037483129	2.99820208875	4.54069002105	5.30705773054	
0.114154101555	2.30758032621	3.11846206102	5.21617713975	6.76480603256	
0.0896763040901	2.21823232069	3.4385266957	5.01187695262	6.43106409965	
0.096094282718	2.10784398172	3.39348790571	5.03866788429	5.4455177099	
0.119775301504	1.73235378209	3.72270537343	3.86099911296	4.9935889234	
0.100888518398	2.00974890748	3.85588485749	4.51799222389	5.57497856323	
0.091013025115	2.15706517241	2.83445971687	4.77001985	5.23335257225	
0.088609668038	2.03033360427	2.96716932328	3.72399925035	5.98857864973	
0.113784085223	2.47336563822	2.97978264232	4.92382171039	6.98383463294	
0.116591905248	2.46217972508	3.09361113286	4.5369356972	6.16511076212	
0.0819990982127	2.16828155888	3.60439101924	4.88857696142	6.93942690751	
0.0926342711164	2.15294725048	3.57797900034	3.94299798048	6.48723598149	
0.127037834013	2.14294217242	2.79299953058	4.7561395334	5.40593904683	
0.0983604971859	2.1072039936	3.51914211338	4.69595074002	5.20158434795	
