5	65
1	1	0	0	0	1	0	0	1	1	
0.106139489771	0.17183754771	1.55952776579	5.05264071739	6.01580778947	
0.0922684880556	0.165702846344	1.36063622563	4.47434882699	6.33899254309	
0.0968338847489	0.174867605842	1.6387573034	4.98489139351	6.1617173263	
0.0961006827694	0.163344143909	1.38316187842	4.52920816288	5.62445845976	
0.104463360584	0.137290649052	1.5230026332	3.60847650042	6.9372597858	
0.0910796442539	0.15253584641	1.54591054167	4.76450186271	5.6173519364	
0.092747729151	0.121658251153	1.32891497058	3.96822392914	6.26182995199	
0.108273873856	0.161004408152	1.31794148504	4.79278903611	5.97610087278	
0.0825528435305	0.123125547871	1.49840352295	4.71153580466	4.83333416295	
0.0846298795273	0.131717263363	1.58236989396	4.31621225364	7.53755511986	
0.103951691537	0.136228494785	1.15489887473	4.54380698429	6.34892778996	
0.0881841944971	0.167579435002	1.12860338508	5.00775381115	6.21351987627	
0.0836080433015	0.153672272998	1.6480499881	4.43194400008	6.92371948182	
0.0748030556233	0.134458341807	1.30743489444	4.4940868901	6.07715392383	
0.114348978237	0.165654724293	1.41929529	4.6362637165	6.04632625413	
0.116576294773	0.127550070902	1.5658266681	4.74092081511	4.97509200227	
0.0832697674033	0.158315457563	1.42554486178	5.05954963258	5.36202517311	
0.0953271816786	0.158518891066	1.34779672193	3.83128444097	5.54425683348	
0.0902584781965	0.14591040963	1.49990047914	4.43107360876	6.14019731943	
0.117687311672	0.144943595861	1.2529612879	4.90461612455	5.77047456545	
0.0939035743194	0.161787556633	1.29744803851	4.50871379652	5.60999535766	
0.0930192339121	0.175629519711	1.1822128891	4.40487776347	6.77987019237	
0.0870734359166	0.133832418808	1.31833303222	4.81717171879	5.40831386606	
0.0959161828961	0.123426350616	1.45314607785	4.60825753611	6.58143806221	
0.0992251047046	0.171237364433	1.17229922244	4.27060011524	6.2812349606	
0.09290772403	0.136585169395	1.27635830585	4.59602324142	6.32030566538	
0.104307767007	0.147353371748	1.45856576856	5.38299149924	5.43617967445	
0.0939430915533	0.156414010428	1.32971504575	4.34185343345	6.08578811792	
0.109077630787	0.152352125525	1.6092623755	3.85462686015	6.21309644634	
0.0849006412752	0.118686958085	1.39412581363	4.65256575308	6.08161990859	
0.0961802170612	0.147269263424	1.39265639326	4.10649666969	4.93419083417	
0.095937075455	0.148577344993	1.49733357133	4.44396818302	7.71887887609	
0.0954064238618	0.143407672774	1.3040543377	4.55800683764	6.21144630554	
0.11605498838	0.170955651083	1.38048133076	4.92359776662	5.80411320826	
0.101399549499	0.134139579286	1.59398501569	3.97670682315	5.56750715881	
0.0917894102468	0.16040949513	1.32294321669	3.79263258673	6.87429692692	
0.0987713357947	0.170830531531	1.44434741134	4.01335709181	4.804398734	
0.115991269607	0.153394256198	1.67116257478	4.29150555104	5.3192742811	
0.0919447901356	0.154208538285	1.42915455138	4.50352277135	5.87767119289	
0.104187855978	0.147420779174	1.54923157457	4.41770009261	6.23335581573	
0.109757178879	0.155607398479	1.37478930568	4.50440337056	6.2317227486	
0.0934954642092	0.144086317623	1.44875208491	4.3484723098	7.90652596087	
0.0919657435486	0.137293045438	1.35648720392	5.11759827112	6.39375286169	
0.101361267902	0.150990618082	1.41872037833	4.05454851594	5.92743416354	
0.10582148367	0.144194597161	1.33425335191	4.47459004756	5.2080720785	
0.069364026862	0.14432213	1.50170995851	3.12393144788	5.7333980286	
0.119499299205	0.132119131739	1.25849016531	5.3309704525	5.17290509015	
0.0969820492791	0.150309513333	1.42316813099	4.59232849604	6.28256417084	
0.0953113090523	0.155136418558	1.52280090683	4.24711377965	6.8100483135	
0.107396130282	0.122429799349	1.49847248627	4.00558279124	5.6579512574	
0.0845786662875	0.173263188027	1.45758731962	5.02912760991	5.20975518604	
0.098869372863	0.157171089933	1.41019423338	4.54985804864	5.24370798118	
0.0970293241242	0.149110646485	1.39619406831	4.19620637562	6.09347870309	
0.12230729215	0.134634320624	1.24469095861	5.13675076352	5.85114761927	
0.108285411766	0.149379032779	1.14199848139	4.80462215984	5.3748460691	
0.106065228407	0.138587085034	1.33031425943	4.23004045117	6.6045683314	
0.11222230032	0.17575908349	1.3335227358	4.61017317632	5.61949914674	
0.0882686152323	0.158053991097	1.4852384992	4.1578810244	5.90270924657	
0.101584684976	0.150858821742	1.53937097127	4.24898127727	5.86100926735	
0.119784818657	0.146048400292	1.24692827856	4.18961493367	5.65042182556	
0.0973190429242	0.129978265657	1.64203170606	4.97498898366	6.59864742987	
0.107918013419	0.149070700695	1.66315567668	4.15516925057	6.43284677441	
0.103170013186	0.13271394225	1.33431160698	4.60917940097	6.60336260735	
0.116830015579	0.152715831835	1.24169723991	5.13437549072	5.50361727575	
0.0982938554915	0.158424500221	1.49930336522	4.25181053027	6.11767358514	
