7	24
0	1	1	0	1	1	1	1	0	1	
0.163834175492	0.39681931889	0.810262119151	1.44964775512	2.28938146277	3.08377786363	6.87746170497	
0.149835025238	0.348440894537	0.989498519796	1.35650775218	2.30107822423	3.27296765258	6.37078327861	
0.147389070469	0.369083113073	0.881383178434	1.51198754928	2.17294839791	3.78673590519	5.3064049982	
0.15890219101	0.473087268032	0.897897951131	1.66478633804	2.19223572263	2.85134361895	5.56381424557	
0.168900340186	0.428638625947	0.983954241724	1.82538101677	2.49644657176	3.44341451564	5.9677216599	
0.146415523637	0.384258121178	0.932997409801	1.24763197311	2.30932044651	3.43042485545	6.00655496713	
0.16736434815	0.332354314451	1.03443460475	1.32393354482	2.47967917077	3.03859046332	5.52762621464	
0.153907173777	0.374707220202	0.875439936261	1.4594096111	2.03232659733	3.24171370771	5.42235881634	
0.160599103172	0.311729016106	0.914763601556	1.3988987886	2.41879697836	3.65122990272	6.6657482928	
0.174358846154	0.380323240406	0.994834094676	1.47608023572	1.95329361353	3.58924362316	5.6844959311	
0.164076287473	0.405208232937	0.994641443455	1.49965321887	2.11456082172	3.31259747379	7.20453830466	
0.166511084845	0.389894032079	0.890685657936	1.4001576593	2.07742395264	3.19293365246	5.50389856244	
0.154659693461	0.404216933469	1.17329637685	1.19597404296	2.45575337267	2.72362718171	5.75987362923	
0.15283362823	0.362939145173	0.750648368196	1.43843711491	2.07322645545	2.77032272937	5.56459837646	
0.159326879218	0.368939318363	0.78627558096	1.39828904498	2.62909215124	3.39766512138	5.66294881626	
0.155504665031	0.389488587795	0.923232636325	1.20422772034	1.95350018025	3.66707693984	5.58674666254	
0.144991870914	0.496002878007	0.721081497194	1.56461694831	1.75462326767	3.3844701492	6.10716538818	
0.148489093255	0.420154178711	0.863392671186	1.77167861454	2.18335040972	3.27843418463	6.6068575009	
0.140699313915	0.380966866798	0.960468283124	1.48349917371	2.19565507137	2.89379045481	7.41476132057	
0.142145107091	0.326554374627	0.851790029827	1.50482815568	2.48549199167	3.368905115	6.6097144706	
0.133486689791	0.394451929272	1.01097894404	1.46405786332	2.11315771328	3.64018038158	6.67557242296	
0.155027608471	0.357238674118	0.910189014694	1.29662340715	1.72385154079	3.45648696975	6.96911574215	
0.15910917399	0.343078752428	1.00166669663	1.4481923926	1.91017986146	3.00704589522	5.12881552065	
0.138008909297	0.343880456874	0.991060281468	1.47125788315	2.07882663817	3.48070975471	5.33580275697	
