8	33
1	1	0	1	0	1	1	1	1	1	
0.0925395265161	0.162556058868	0.653387451689	1.58770345473	2.28652103987	2.83793693918	3.90599664411	6.49936217342	
0.0972942101137	0.170790213872	0.589381644247	1.52843790976	2.00219624207	3.30339781243	4.37588177185	5.55253138413	
0.102137890177	0.179877151939	0.663815665618	1.72755455156	1.80669164641	3.62252054242	4.1819595004	5.81898949592	
0.0941922485956	0.164513266487	0.622904876141	1.37636361799	1.84868103857	3.4393539546	4.8481129948	5.79391953496	
0.108325483228	0.170128079284	0.639361236705	1.38472354365	2.29010200423	3.455601705	4.16952283143	6.75824216305	
0.0918726139871	0.144963833231	0.585948735634	1.25051684142	2.26798729534	3.78063615547	3.36141937331	6.46304697991	
0.117462958415	0.129338609907	0.620925857001	1.3711697784	2.05444715164	2.94619892945	5.11778425679	6.51773908575	
0.0913676275414	0.135902620348	0.475427684148	1.53143227243	2.27290667087	3.44986766208	3.83378996844	6.55703906203	
0.0962995812187	0.128175046737	0.535479924812	1.47284423065	2.36451173586	2.93021038639	3.64794750145	5.65106121843	
0.102302516622	0.136968155806	0.435190617651	1.68501390351	2.36425917879	3.74687198343	4.76067196646	6.41342735943	
0.097445050561	0.150216997129	0.647400288692	1.61589908291	2.05509321764	3.22630554908	3.4679059146	6.24164782984	
0.0887159827464	0.17430838168	0.62156187882	1.30712696466	2.2826605159	2.62167989413	4.31144805721	6.90454793462	
0.0929115236216	0.156422654303	0.598292689903	1.41319651086	2.08400068532	3.85108393933	4.38326645963	5.93233183351	
0.10551015867	0.132158814187	0.581121259273	1.43988277715	2.17829748889	3.72105501408	4.51921560508	5.8587211017	
0.0937173759318	0.156221185268	0.532683797904	1.39278153661	1.93218231083	3.40035694983	4.4482959325	6.5411404193	
0.0908839104102	0.156922291816	0.542236558137	1.4634822619	2.15702325067	3.42679800661	4.35225080447	5.87934077529	
0.115157728964	0.141587332931	0.526735890671	1.35417531346	1.81637629848	3.5942870008	4.30188899562	6.22673269405	
0.10145858839	0.157976548894	0.520908975476	1.39525268073	2.28276838298	3.52879086563	4.77076017387	7.15194449244	
0.105107570801	0.156963895832	0.679049599752	1.51705668459	2.39564077476	3.18185388155	3.74438806837	6.39572361758	
0.0983222288639	0.160448184506	0.541557084333	1.49201709844	2.12783455544	3.37590665179	4.04798557997	6.07097255743	
0.114483161662	0.137121406717	0.607284857392	1.28084583506	2.16196024962	3.27577543429	4.23529794436	5.39511807125	
0.0901580549852	0.167038224967	0.469762912808	1.37200378172	1.8184944327	3.24669182816	4.54132134816	6.05624114171	
0.0919400781283	0.145163505157	0.716952012287	1.54867749666	2.11116794413	3.15664187415	4.18287390612	6.2689516695	
0.0934571797249	0.1665406399	0.582004822783	1.4096665969	2.13978142332	3.41577249002	4.69690675016	6.86268243965	
0.0802246074192	0.140681919168	0.617706134396	1.42401262141	2.2766360056	3.4132662434	4.57073465242	6.16180347487	
0.103843724311	0.158368407962	0.630870765748	1.34056765673	2.24037679293	3.04148975189	4.60957286324	5.58027120487	
0.111174210681	0.154750781211	0.665559152218	1.30971682102	2.12039599362	2.78390411715	4.02638008388	6.13430866799	
0.102802431957	0.157821088862	0.595848488305	1.35254564506	1.76353577859	3.26441401126	4.39556831663	5.50072330244	
0.112504116981	0.161379975117	0.574368023752	1.36017516128	2.20588202965	3.54101152441	3.89668405394	5.48388321903	
0.105921533609	0.134564025655	0.64730767166	1.30810617499	2.2483872618	3.21642825242	4.81198405341	5.96768338146	
0.0895521275389	0.139224825973	0.575943363376	1.50857472533	2.05174283536	2.88285029551	4.6982747717	4.83191032831	
0.114672381058	0.130549527784	0.580042558714	1.54240637838	2.22907758104	3.33731128225	5.18754716256	6.58880924097	
0.109062570372	0.151669548557	0.48060903711	1.37223495911	2.19659575174	3.08641968904	4.50490378622	6.67280299472	
