9	40
1	0	1	1	1	1	1	1	1	1	
0.0923189165178	0.42974359982	0.60869944501	0.811880031503	1.34606585942	1.63771213365	2.90781018625	3.88398186178	5.55027647081	
0.0972371495534	0.353136095953	0.60753315995	0.949911826806	1.35459459524	2.33263344518	3.5515314775	4.39612354031	6.99733092153	
0.108302119053	0.378670661787	0.55627099217	0.976655952171	1.30871581522	1.86175975027	3.56923034174	4.07945025842	6.38361075223	
0.0986022342353	0.396838513585	0.598600238479	0.993855262263	1.30734994395	2.25044020718	3.24149531273	4.3380643196	5.73511064315	
0.104832763883	0.441860674115	0.481062834097	1.01162364951	1.25882073874	2.36728091555	3.74401681277	4.98628521559	6.52628276044	
0.0972024672886	0.413280701941	0.528285615113	0.947594716217	1.19771488896	2.3751403714	3.75050857506	4.83044168422	5.73216590928	
0.10509464683	0.378476086068	0.702588435265	0.889440545781	1.45770047033	2.23951490253	3.38750410893	5.10946028901	6.52270234104	
0.103575554707	0.34181974053	0.561026292733	0.730223562104	1.48548572918	2.11747907259	2.98688416424	4.69350684255	5.70939113361	
0.0977771855108	0.387858257279	0.581045040045	0.953777331138	1.31998347701	2.04130475348	3.02295696323	4.76737023444	5.70907954361	
0.105600702308	0.388927177168	0.545297433319	1.0359221697	1.36327591665	2.0765495545	3.67142825139	4.48233719344	7.60131039753	
0.108607440761	0.426149251706	0.576313018468	1.05088055775	1.48699546367	2.06758918391	3.11962621783	4.49792829568	6.05511562771	
0.115419934318	0.395789652864	0.688831532729	0.991762806849	1.48492477299	2.41240978641	3.04480448734	3.98807527231	5.55484074995	
0.112869987701	0.330566798103	0.563606258767	0.931264727091	1.35372994355	2.02902122519	3.24752677165	4.99838271154	6.50410841701	
0.0869993649114	0.378039328533	0.630093557348	0.984639863552	1.61030247293	1.84027500299	3.59782499743	4.18347193374	6.0637571654	
0.105062428062	0.346308369398	0.677328190959	0.95409721493	1.53028260319	1.99988413065	3.50390672453	5.20140174562	5.74181118948	
0.0989180902453	0.378826726217	0.67197321742	1.03458257528	1.39528771339	1.86587111136	3.04112302194	3.60253413909	7.44962601568	
0.107204274327	0.365641112612	0.574772026152	1.00304760503	1.49260729713	1.83674868701	3.05774063065	4.6463390519	5.76635373683	
0.0898623027086	0.382287673122	0.511587267864	1.02338230762	1.41203695863	2.19958078381	3.02923374007	4.8611600151	6.34902098016	
0.0917157509409	0.360743258388	0.610469270174	0.758142424603	1.24176710682	2.28607957182	2.76004749329	4.7316177869	6.23115988885	
0.0923185662196	0.421879144904	0.538061708654	0.847651540108	1.53970609166	2.37799223485	2.61226299727	5.48856562607	6.21565899063	
0.1048267651	0.425198363465	0.490515328211	0.977407040289	1.40981286201	2.3303143888	3.63963504661	4.88201303573	6.57880741994	
0.0851868434163	0.355608802239	0.648211364228	0.812864646417	1.5956171963	2.21998370699	3.6133494369	4.63652605226	6.29966074062	
0.0946730980981	0.36024824839	0.704809744984	0.912534543848	1.54165557656	2.3969980356	3.16358266983	4.89747116688	6.24885028379	
0.0938926863358	0.371967219679	0.523013903643	0.84943519347	1.47848542655	2.17484957063	3.03739112937	3.9444687569	6.39481927897	
0.0776851146366	0.375972687187	0.558424476077	0.873806258466	1.08237869811	2.45441600426	3.25079813807	4.06901489438	6.19172238389	
0.106339260157	0.390836304131	0.683602002719	1.06238118427	1.2963205079	2.11880463071	3.1244815371	4.41821905082	5.07817545857	
0.0993234993443	0.350459795634	0.627730374178	0.876547531578	1.28223338246	2.11732619251	3.27193151065	3.78625192723	5.46082795145	
0.104185004955	0.437906847568	0.648864689638	0.867891815414	1.27430336307	2.03279730253	2.9867523394	4.48325722776	6.87402619125	
0.0941351967565	0.334727829986	0.555704885772	0.926097320186	1.39541523008	2.07110815732	2.85035377807	4.36725914895	5.94832648416	
0.0980558144573	0.436585555709	0.560202710452	0.976143015193	1.40768617616	2.40315908557	3.5049405213	3.99623737692	4.74118917113	
0.111675427068	0.340511916112	0.593512486281	1.11566919934	1.13378546433	2.15174786916	3.37243409305	3.74939634501	4.67319199522	
0.0954164964565	0.393134653095	0.711703919554	0.789766222095	1.58449540484	2.31526260915	3.56342925664	4.33024075109	5.56978028264	
0.110581222244	0.34493491998	0.566778209625	0.826353631142	1.37695085733	1.72115375671	2.99697726392	4.54823081917	5.45936927679	
0.0928707353561	0.411798604762	0.551415176519	0.826161491379	1.6278240283	2.46688411491	3.59730389908	4.85352160563	6.86189172701	
0.100307367349	0.377111952415	0.544160970482	1.01507884635	1.37800072861	2.25905216581	2.71188349483	5.75329002541	5.2923183909	
0.0841524476445	0.366519718747	0.556055599038	1.00377044519	1.3716134206	2.11922992696	3.28455820103	4.87276301242	5.81751247488	
0.0917168098346	0.418931328179	0.614150427555	0.867909336194	1.53157751241	2.08406129419	3.0543260364	3.98842327053	6.01227899788	
0.108231660329	0.383563116193	0.62452737233	1.01864771149	1.4399565278	2.15576178023	3.31949141009	4.94024623014	5.60381920615	
0.0992514701441	0.360928890494	0.687983658109	1.02271972947	1.49719252417	1.9024192232	3.0040910301	3.99573156615	5.98796093031	
0.0916560132759	0.416379283888	0.667466127214	1.01386684317	1.0988370881	2.02387677993	3.16901956053	4.65365158968	5.48363956384	
