3	85
1	0	1	1	0	0	0	0	0	0	
0.106416743925	0.383489344841	0.563204328927	
0.0947905281005	0.36576323349	0.67369309011	
0.0977967108238	0.328785335192	0.580690082087	
0.101859012823	0.416572907456	0.6354947407	
0.115482868872	0.368740180838	0.578954650617	
0.112385792501	0.337066245349	0.625991518796	
0.0968593480276	0.476647372283	0.517034524085	
0.0911826825644	0.404541509887	0.608490819086	
0.0855628583935	0.396083643613	0.481031626168	
0.0861792830679	0.332586822656	0.617615641232	
0.119418165981	0.380851574368	0.646314857826	
0.10517125029	0.451865025351	0.742582854115	
0.102502123166	0.428744353632	0.565664279895	
0.0918213112482	0.42661499156	0.534393123277	
0.0895891852921	0.33823384778	0.680926822759	
0.0831205133399	0.42488376376	0.595264710833	
0.119180647783	0.412605008836	0.684139339328	
0.107980353117	0.38093582777	0.674773988857	
0.10203660566	0.375382944286	0.545628933879	
0.105106624488	0.420344709905	0.587734048311	
0.10537784914	0.375092454763	0.577678292024	
0.0851466457076	0.407112511684	0.642723590368	
0.109662038403	0.396149074702	0.568977950123	
0.123335859057	0.41696115874	0.592910989916	
0.0928250362449	0.388054327704	0.507773760826	
0.127157149094	0.367891221051	0.673807033767	
0.100616164102	0.394819639707	0.584620324069	
0.0912556532627	0.378933813204	0.579132702374	
0.115587302539	0.390042015367	0.620558139847	
0.103414375412	0.338845023063	0.585212477625	
0.0920176922931	0.373193833584	0.616339132107	
0.115144686535	0.379314152292	0.67231518344	
0.0933718818664	0.420114148156	0.602374727772	
0.0994532537852	0.351551629863	0.642886272388	
0.0960311614673	0.353714225334	0.563975325582	
0.0951298466686	0.421170615376	0.778438801613	
0.116393100256	0.419564242344	0.574177834434	
0.106085826371	0.325603407819	0.596938604336	
0.102650668255	0.354615065004	0.741649173796	
0.099504172314	0.418963461195	0.64101120867	
0.110429147479	0.389847485292	0.760098376879	
0.0875044852556	0.361607035607	0.627748826225	
0.102430653913	0.387172353328	0.645317568185	
0.0872499395202	0.387818318946	0.633481051233	
0.103053002133	0.326808200103	0.574780734411	
0.0905331191973	0.378970228695	0.561775338415	
0.0915923465039	0.389535874988	0.649847199179	
0.0917382911121	0.405759890105	0.635409190989	
0.101182906193	0.343424941697	0.624360893538	
0.0970249347489	0.372887194657	0.680585491735	
0.0852918327236	0.348416685371	0.526381311679	
0.118605685881	0.378095510052	0.567602416487	
0.109702746552	0.407985470009	0.562721399755	
0.107054030881	0.3867794419	0.63597557322	
0.09368201496	0.311783690451	0.516998852664	
0.10373511954	0.435049449162	0.534841332475	
0.0826976629181	0.400250757048	0.68059314079	
0.107733900398	0.412589516153	0.531142835006	
0.115387249306	0.448212024429	0.647911596711	
0.0909629603061	0.377320665458	0.628521667584	
0.115456626632	0.378600130981	0.670812932443	
0.111405468538	0.407252075987	0.470043566034	
0.0874735486648	0.381655565088	0.551295269594	
0.0985603320664	0.35096356138	0.532060319601	
0.09234657065	0.338744569166	0.59017948994	
0.0865371894604	0.420046360114	0.580658603048	
0.0891657233064	0.405522656922	0.676914882211	
0.108062526805	0.358448328057	0.650379856962	
0.0909173229977	0.325773534854	0.643617406367	
0.119843671243	0.359609884603	0.5473227711	
0.0951507427095	0.401471655913	0.610878455946	
0.0971275779284	0.385920638052	0.54981546306	
0.102945928125	0.383891463639	0.645497668562	
0.0949913120668	0.418932648623	0.62294552442	
0.116468037907	0.3546546514	0.593060229073	
0.0889991224411	0.371450143567	0.552390944953	
0.103952443919	0.403480585841	0.599259478258	
0.0913609549117	0.337356369389	0.598084080006	
0.0931599151203	0.346412615732	0.637986730372	
0.108743569617	0.351800107267	0.617949124356	
0.0882141086561	0.362929887882	0.574889255775	
0.11092744582	0.362612271299	0.774148361641	
0.0942630474328	0.380498345695	0.622477447267	
0.0883934988869	0.310610052141	0.674551864332	
0.0884604042815	0.440437285707	0.619110251453	
