3	86
0	1	0	1	0	0	1	0	0	0	
0.165523146383	0.595798455741	1.41862427269	
0.145670836288	0.558414945007	2.29801479549	
0.147061024118	0.674737272882	1.81182026467	
0.146154263394	0.617007472247	2.36936683548	
0.164584342125	0.642856650915	1.95491495411	
0.125369188236	0.627880287606	2.17856954921	
0.190832643542	0.546951634471	1.82321893507	
0.163030184857	0.604162553923	2.0543484863	
0.126896937135	0.574055220937	2.03483165858	
0.167090512696	0.640188057518	2.25046763426	
0.16372592649	0.601302051935	2.15517966556	
0.142004657112	0.545089807291	2.2586354187	
0.17239845714	0.580708340031	2.13181843825	
0.153318089943	0.651585913197	2.34719932187	
0.161652096701	0.667587262438	2.13464402039	
0.15949634384	0.547671416442	1.75293882845	
0.125376907841	0.514419492029	2.37084226583	
0.164219625285	0.516111151731	2.53906708367	
0.148560272878	0.540539757652	2.02319667273	
0.14654384472	0.604787794312	1.94940546302	
0.147859410144	0.606702477842	2.45272128473	
0.169219549665	0.58584348908	2.37535504055	
0.153738193401	0.607273909295	1.962332638	
0.161903147395	0.640821758133	1.81427763137	
0.141415214671	0.631734020102	2.01540949929	
0.175159688247	0.536537937977	1.91399711667	
0.161188429773	0.577122215189	1.96375164862	
0.147660831167	0.641369447427	2.53974710481	
0.16240619429	0.682263203708	2.17521375961	
0.155627436215	0.661831593773	2.31704224074	
0.165038647925	0.600315134351	1.90070832894	
0.132549009441	0.593543954098	1.84851441421	
0.147249071042	0.571688555061	2.22012107117	
0.185589028989	0.565983130392	2.09167157635	
0.145524279627	0.59720166022	1.80558901848	
0.149202987707	0.73664823154	2.59071131853	
0.151274838753	0.661887079359	2.14044846003	
0.151306565646	0.65094893382	2.12869784551	
0.173583175868	0.489818696751	1.97878052036	
0.157621755984	0.520088552282	1.93421840023	
0.1494997231	0.46904855202	1.82411645905	
0.128853908387	0.607675514626	2.02195053388	
0.151443259904	0.585412580824	2.38379923975	
0.132693974054	0.627736971285	2.01239433771	
0.150697560997	0.46947626354	1.8150316066	
0.148917403037	0.636629082079	1.6193792275	
0.137986102135	0.535207200374	2.13298501881	
0.168407833713	0.608290426222	2.08999860932	
0.13762906229	0.605546049631	2.6319433757	
0.158419536884	0.587315421134	1.79779092335	
0.173913307431	0.642265715173	2.23105995863	
0.163621034436	0.70298665331	1.97775922792	
0.158879926226	0.667529134397	2.0608681175	
0.1597095999	0.5546482497	2.14118789718	
0.153712760785	0.567214970666	1.93495755143	
0.1464521227	0.673821865878	2.24126718953	
0.170602310025	0.480189598138	2.17867788578	
0.142363250747	0.54553205905	1.86034716219	
0.15812909177	0.532539340699	2.1548417457	
0.154413666625	0.618830946537	2.08254678017	
0.167796864642	0.719497453114	2.33733761432	
0.134261548297	0.635149144107	2.1001046763	
0.16738601368	0.582981722895	2.65548448315	
0.150437085776	0.674548546749	2.05688825766	
0.125764756723	0.551010524785	2.25339612683	
0.173841779433	0.577477122874	1.85091559497	
0.159908114951	0.481737034415	2.4930537094	
0.139970382766	0.657127386258	2.09128027443	
0.139406870477	0.581167747209	2.33736332995	
0.167065703045	0.62510410446	2.27326509515	
0.16377952326	0.455553858466	2.27753417531	
0.136042453845	0.587677157301	1.88531774767	
0.143462456058	0.603094623286	2.22399563909	
0.155060476968	0.596026505711	2.21371506037	
0.158449108518	0.618290158584	2.08202856315	
0.145876884517	0.600124585102	2.69336903514	
0.128895083592	0.613986262844	2.15727057902	
0.146837665783	0.499751518935	2.35116899871	
0.177679418565	0.662666615105	1.96178721478	
0.136251629018	0.6548228565	2.13548444892	
0.132288655409	0.671406814785	2.027762113	
0.153970400037	0.701858312016	2.10111938069	
0.114346417645	0.48325966756	1.95955006318	
0.13945413034	0.578988832524	2.21243032192	
0.178441850432	0.607713925188	2.28441131175	
0.155350286513	0.529369189141	2.13338525752	
