3	52
0	0	1	0	0	0	0	1	1	0	
0.364836971791	3.37719213257	4.05452751666	
0.343185489461	3.72367385356	4.67870040345	
0.34434873314	3.61327225017	4.47828164449	
0.385610877157	3.74849491096	4.29699846353	
0.380431575895	2.83906897503	5.30244143095	
0.408114355434	3.67659144486	3.83808807466	
0.374589279891	3.24111549342	4.04031017981	
0.328212116488	4.00592538124	4.44141154253	
0.3474202573	2.96351291333	4.51511170684	
0.441442172977	3.82918214147	4.74989101256	
0.421935878663	3.43217517119	5.0340648326	
0.383473810215	3.54789703055	4.54417975126	
0.453115212283	3.32140727041	4.68978912852	
0.352588301779	3.17913635009	4.98228678005	
0.332471500051	2.91830313832	4.24257781983	
0.344046956542	2.50777288058	4.85667128424	
0.40939206375	3.15478534236	4.08015712004	
0.385732051755	3.59972285334	4.60632357429	
0.358316212382	2.77665656038	3.97550903928	
0.344341733415	3.17396874295	4.82818650896	
0.410981361869	3.20660644479	4.62820319079	
0.363746059417	3.09679006405	4.87590023594	
0.422651640626	3.50018829388	4.45001482699	
0.358049353059	3.26394674195	4.49089848952	
0.373376599854	2.72096955192	3.15785525055	
0.411175169803	3.19258512554	4.21425050338	
0.320867654895	3.15409793541	3.99298955265	
0.424931936365	2.70436157579	3.89271215051	
0.370225052366	3.20746765686	4.73326317345	
0.395322157283	3.25975522003	4.17819671805	
0.35681581844	3.69911691242	4.30541899979	
0.376725247831	3.39332588082	4.78695563756	
0.386176663005	3.49277299829	4.79876732977	
0.435221659359	3.35670349935	3.94409776997	
0.382061840829	3.47034928149	3.45065796767	
0.370574344209	2.89406659915	5.02240368158	
0.43624464921	3.03228945839	5.10474445745	
0.425911745834	3.34777196812	4.93324099762	
0.375169933068	3.22172077788	4.32895898696	
0.409986645162	3.96728055621	4.00907589077	
0.400967324169	2.6806859121	4.11654756722	
0.274861078091	3.28402238263	4.89729276378	
0.402147327233	3.77171676902	4.63256642882	
0.36110921944	3.76541495985	4.57739441291	
0.350419970153	3.05330023909	4.56267741223	
0.363986964077	3.25476884121	4.21798889812	
0.36287590947	2.97701223971	4.65441748487	
0.32377043906	3.63328803364	4.64456373301	
0.42910023417	3.31103007939	4.06283121439	
0.465512984802	3.32583668703	4.2478202487	
0.380532008781	3.36980486105	5.07414170943	
0.39571464744	2.6922306811	4.90814272028	
