5	56
0	1	0	1	1	0	1	0	1	0	
0.149103907015	0.616570396862	0.770351570876	2.57825433525	4.42477591446	
0.146875765322	0.640799929891	0.970383584672	2.47665305684	4.91043727207	
0.129224188164	0.6479108795	1.03024339069	2.45679926832	4.42628637266	
0.146294679696	0.605960874012	0.90094550612	2.21832601144	5.02253382096	
0.144016621357	0.585213106493	0.8841283903	2.06101225862	5.0747908653	
0.158981646327	0.68195420908	0.946729701175	2.42867715698	4.5452444178	
0.145849180861	0.620131659669	0.966177916922	1.94733526412	4.43640422594	
0.143632879947	0.605583625894	0.93481631871	2.34637513626	5.41742431526	
0.166621271781	0.586390997579	0.939312002512	1.86868916785	4.52056107188	
0.163631182498	0.638742704931	1.09658626413	2.37709867676	3.98691909355	
0.169186911457	0.642098656192	0.899682974136	2.12553945809	5.25690002297	
0.156881177348	0.694127821042	0.900251985554	2.05901880078	4.69436877718	
0.167496634785	0.587532381419	0.826091226904	2.24415297043	3.70722788931	
0.136325368875	0.683171690827	0.817929127934	2.09829007429	4.64593313115	
0.158200619401	0.579194011727	0.905025184499	2.64219904321	5.23321629591	
0.147796687841	0.604609751087	1.0664724448	1.99874643106	3.25386047504	
0.175782329866	0.587945143755	1.05839676574	1.96632901548	4.61325345272	
0.144604234565	0.555647731704	0.865947219399	1.92209847447	4.25393418221	
0.142726049444	0.686621154742	0.863074735235	1.99600793365	4.61708056111	
0.131105170763	0.474865493445	0.91426707884	2.22580683138	4.761207728	
0.169670769559	0.667061671045	0.948303646988	2.16189724401	4.75620350792	
0.158977909494	0.661732278343	0.934708449313	2.04852627843	3.89346761102	
0.14972544556	0.656082403288	1.11155559721	2.06182580974	4.52434712689	
0.141577139922	0.600733707838	0.961690170556	2.42000269236	5.11227834583	
0.157731086272	0.59579285038	0.957194679796	2.36348138066	4.8645205495	
0.119492843153	0.477361519967	0.876104988303	1.93786211678	4.80881283399	
0.142288813718	0.590607421639	1.00091286907	2.00024412994	4.55957376718	
0.155663587251	0.655590224644	0.907091447716	2.18130623989	4.86700288895	
0.120030211708	0.705974343068	0.923559421877	2.31918602149	4.4804996618	
0.139512530693	0.731157817938	0.935242955376	2.31565531231	4.6281106996	
0.171808453433	0.718808953113	1.07838391305	2.28101061158	4.5975664024	
0.156099494306	0.642172532168	0.917808156997	2.19938660158	4.48577366602	
0.142395985967	0.737339278216	0.953408455591	2.11008857154	4.8972287347	
0.125542961773	0.652652033709	1.02523851553	1.76145533853	5.67149283573	
0.161716084614	0.626561364728	0.897876313783	1.86465447653	4.60374441445	
0.141430978988	0.58867964273	1.01273534643	2.09587397566	4.24330207753	
0.164408156546	0.565941071156	0.8409529759	2.26878872207	4.204030969	
0.134503800715	0.583875145852	1.00084184753	2.45351986279	4.20663795432	
0.156159156123	0.498141927329	0.966842358855	2.14493762348	4.63944420733	
0.13771487085	0.61531320406	0.697021695938	2.11712177031	3.81741134612	
0.162404612013	0.648287481104	1.05193181424	2.0145489586	4.60853898848	
0.143301914634	0.622598669725	0.863482786482	2.11009693198	4.57583383709	
0.146156444246	0.696394886567	1.03907403997	2.03987449508	4.8691219112	
0.157825717209	0.655728690125	0.848976548703	2.25752565211	4.91758433009	
0.149494200358	0.60060372137	0.99894597509	2.40248582546	5.2080390461	
0.15638576	0.6165109583	0.879728027739	2.18931678745	4.70741150327	
0.128592397662	0.669312263613	0.827791827151	1.97502051202	5.14721258148	
0.168512034336	0.514776250185	0.780794779244	2.26147167564	5.00123712518	
0.145977061917	0.517259362617	0.893908692089	1.95824840731	4.82722500152	
0.137715224268	0.579295216892	0.937532594136	2.01802274686	4.87504632644	
0.1350439309	0.605698573505	1.02915260973	1.78322716348	4.271776529	
0.129676018048	0.536445172866	1.01213727093	2.0713652913	5.06015620538	
0.152548300527	0.645917103827	1.09940557568	2.23944566604	4.72856882818	
0.169997165364	0.695172010475	0.69994176224	2.22250505425	4.06560781299	
0.161684114277	0.512380923725	0.939354897607	2.18630250196	4.55961258454	
0.112283373795	0.615000192755	0.921375524264	2.10085855838	3.98016570676	
