4	28
1	1	0	0	0	0	1	1	0	0	
0.0846417214768	0.150343963651	2.52587821725	3.84346182353	
0.107503756283	0.134813520031	2.26278302198	3.34560993313	
0.104696804106	0.112951991587	2.15843869526	3.23787992569	
0.103448710024	0.160814510853	1.94770968946	3.26772017849	
0.0972558835831	0.145721121334	1.9657865192	3.3212792152	
0.0758124246326	0.153820473317	1.98289497819	3.0120973581	
0.106560444028	0.158025930176	2.1603595808	2.78464697723	
0.0894687512731	0.15224815505	2.39610122768	3.95782378114	
0.112537478861	0.159380966922	2.49572895765	2.98122513902	
0.105848802359	0.155370624087	2.1435258699	3.63447494008	
0.0898001661355	0.143666778038	1.96517951106	3.34370064759	
0.109342255438	0.127113222303	2.13475508452	3.45067165681	
0.087224629498	0.137864927959	2.6257707198	3.12269476885	
0.101902020591	0.167037971349	2.31477373869	3.21135905827	
0.11423298872	0.180694868244	1.95791465726	3.47078612561	
0.11431452724	0.161815389276	2.0938727626	3.53932771542	
0.113182840142	0.175124208	2.21277153215	3.61301520212	
0.117531829833	0.147848635677	2.17268230516	3.17323463812	
0.0984626244241	0.148381464027	2.39300755566	3.57398947841	
0.092997689007	0.162303848975	2.12538138363	3.77190741602	
0.100192886297	0.145056257543	2.31824857579	3.26037608493	
0.0808281394725	0.157491167809	2.39414926087	3.33963307201	
0.0984377823133	0.144510530054	1.77244118185	2.81431275181	
0.104623067401	0.142894346316	2.10433139413	3.11853925158	
0.105349419227	0.150944542123	2.31943561879	2.85231221397	
0.0955857174988	0.166072953711	2.4184301077	3.35082906752	
0.0843166275152	0.172743248659	2.00290091969	3.95728263719	
0.1042496639	0.17228195722	2.17123547788	3.08597515544	
