5	96
0	0	0	1	1	1	0	0	1	1	
0.670952165737	0.855637316431	1.38441801549	5.16078160589	5.59024116635	
0.630119281362	1.06123048608	1.62526134734	5.5042240146	6.1611018641	
0.562511824142	1.00681335057	1.50417448564	4.00311842988	5.83279847295	
0.527613680601	0.960398126782	1.38701935936	4.37521682818	6.29371688306	
0.561909137664	0.736518556141	1.54262627139	5.01147208026	5.52103906628	
0.622022893257	0.892479792251	1.17209478031	4.79777389206	5.17849383457	
0.602571286555	1.02028807181	1.24672719895	4.81947584087	5.79445994089	
0.591418806161	0.92327480725	1.36749931354	4.54577022956	6.17858684989	
0.700086923296	0.914136335728	1.48102135184	3.85367450861	6.22351634427	
0.495624438447	0.999547969472	1.23094869341	4.83239087646	6.62228232452	
0.675042776533	0.847246921813	1.35719304349	3.93946598484	6.54581694038	
0.455108721929	0.821122861066	1.41083339016	3.97609504529	5.16736514134	
0.600250627137	0.927102533898	1.26808385735	4.29928754108	4.7623133222	
0.548553220167	0.976066567988	1.43670400095	3.01582272567	4.23375574275	
0.670605110147	1.01338059393	1.28332536507	4.09804212198	5.7720487378	
0.661403129055	0.832724692551	1.44730184435	4.80649489662	4.70498229861	
0.682232130803	0.870594135353	1.48466321496	4.00390090908	5.43455771409	
0.560309769933	0.894787268247	1.36616210323	4.3765688225	6.05753537096	
0.566922187438	1.07298211439	1.61596173698	4.38794718939	6.40054866912	
0.591063042668	0.890723962177	1.43376796329	4.25559400328	5.68152346967	
0.558243793325	0.799249949361	1.64763439766	4.69213056531	7.14519016627	
0.569222372689	0.908486658226	1.473194913	4.77658969734	5.24917170497	
0.550527553696	0.855743321629	1.56285547717	3.83295974239	5.50511547212	
0.542304671619	1.03006415263	1.43673436528	4.51489761933	6.15273826763	
0.581833902622	1.03784348635	0.970433625213	4.50983810433	5.45970187642	
0.552329451131	0.867127862904	1.34194355758	4.19628680133	6.01667377113	
0.659678819135	0.877898400658	1.75734697833	4.19375440418	5.81906768271	
0.593550095983	0.912371667472	1.62202647776	4.56066251124	5.91442766126	
0.597931640567	0.93251587167	1.23680796958	5.03001910411	5.92585917921	
0.58323406067	0.989787507816	1.30422625093	4.80804629054	6.73089913544	
0.646183918278	0.807137122041	1.31627401858	4.25725324213	5.80190884432	
0.682604191499	0.912698912559	1.40253364874	4.99187829499	5.69773537624	
0.616999703189	1.11903535489	1.43274755225	4.88980518748	6.15383851915	
0.649432750518	0.937234486119	1.60021895173	3.98226231536	6.06659755261	
0.623157739884	0.980916939846	1.23106464982	4.49212069208	6.02800112433	
0.668849932657	0.939718810236	1.52262951097	5.29286360144	7.12129032228	
0.556244756314	0.93561033268	1.6625439037	4.65931585826	4.2605103024	
0.510898498704	0.802557915828	1.34932270937	4.44598213573	5.74381356111	
0.679534133449	1.00228688218	1.4021579314	4.47717942076	6.31777113581	
0.595742883203	1.03570699941	1.37998807772	5.02474784132	6.32706548164	
0.573795041043	0.969868724323	1.40776161357	4.60100185141	5.19968235878	
0.563033050744	0.843044348437	1.30466176782	4.13771571692	5.9233562279	
0.546761551548	0.984452046518	1.30918476644	4.14752498294	6.73341828796	
0.531323378513	0.931686243857	1.41667179936	4.27704234765	6.18557430451	
0.634197689643	0.960163759187	1.52520722975	4.54560219983	6.48973319032	
0.448337806433	0.870471706919	1.58533754519	4.33111680385	5.68753592074	
0.546052513661	0.884322639003	1.3636563526	6.24238582901	7.14814667972	
0.560498778914	0.994942772749	1.19978913605	4.73829301551	4.48401778635	
0.667466901314	0.870275444614	1.41375696542	4.62234321421	6.59217714421	
0.635411839635	0.946408101052	1.45081887938	3.84237061597	5.55571959475	
0.592249152372	1.02287850651	1.56907978057	4.72429595134	5.46717339863	
0.608040269854	0.882661887863	1.37727441783	3.44024527405	5.4978256383	
0.515053690076	0.809783688367	1.30208771091	4.87355005208	6.61308885704	
0.69023865125	0.885926996317	1.27287476394	4.59804305126	7.5771849644	
0.576464657003	1.0191697328	1.35800018879	4.17442404804	5.03647048564	
0.492934827302	0.865771406475	1.46748171632	4.95232379455	6.12847368176	
0.565942703522	1.00926595288	1.47835506967	4.85174139221	5.48326587218	
0.554693572188	0.894371075983	1.36164006933	4.96451833104	5.48336365198	
0.583239902425	1.01346229922	1.38156249768	4.32893271178	6.16256410859	
0.610629384436	1.0087076546	1.35978084433	4.48117652061	4.5043800387	
0.497609637886	1.24846933631	1.54994987211	5.20699838693	5.83682035858	
0.707759145075	1.00952467043	1.41035034636	3.99671776194	4.69842771607	
0.591993210477	0.917856674691	1.44081000624	3.7060227517	7.15253580257	
0.611798473345	0.852515718133	1.50767633258	4.23047220022	6.59394452172	
0.519826281771	0.884666840562	1.5151287323	4.72632703612	5.15970364402	
0.53450849461	0.938190903243	1.56541176584	4.64093533213	5.59141409956	
0.617441835454	0.974103900543	1.29655591638	4.27704402445	6.00473382988	
0.614406848837	0.891681473871	1.50861287773	4.6953839892	6.77040242599	
0.591771827256	0.994555114176	1.47118106848	4.6558583358	6.24516170897	
0.629161483566	0.99005777166	1.38672506456	4.96427394868	6.38793851521	
0.614507177282	0.894737935347	1.42116247574	4.75052323004	5.49700117561	
0.439047644595	1.0482408007	1.4217599665	4.18635883783	5.71514383891	
0.575486107457	0.823715400721	1.67208865212	5.20522104329	5.62621217813	
0.58195306153	0.878068236634	1.45551927242	4.23645371525	5.47354019544	
0.634821688186	0.960143631363	1.3822589749	4.83563805233	4.6472140666	
0.660315778183	0.917345851591	1.11037498938	3.95081454947	4.42859866789	
0.537910991828	0.858021860099	1.35255612844	4.55657609193	5.17601417972	
0.543157453408	0.972497307377	1.51381174747	3.74481124223	5.74113790417	
0.561315289538	0.999905145089	1.4828472481	5.02197907527	5.90841521813	
0.638328336936	0.885274016892	1.64150425923	4.24338412448	6.43911226639	
0.497402442801	0.913359009478	1.3698975721	5.00742233277	7.29302174254	
0.559087445998	0.983156428617	1.54798140314	4.52669358792	6.21717280428	
0.486409651402	1.09488366368	1.76228092174	4.11295035755	5.54985038907	
0.588777967496	0.891624501192	1.22374033161	4.38228815288	6.60461501219	
0.561671549824	0.930740063511	1.64439856429	5.20732696618	6.63933335077	
0.611594057275	0.846188334394	1.74187659881	4.43922951825	4.90609361062	
0.619097128688	0.739737536789	1.31635453992	4.19626645797	6.26181369562	
0.65196148173	1.07029512542	1.48825043093	4.32454925316	6.28346813022	
0.682537550169	0.993979607537	1.23712281532	5.06343064631	5.22147413392	
0.692713506977	0.897760690566	1.34177529737	4.01914512721	6.03901961787	
0.552215862717	1.15354266021	1.57507180846	4.82488309598	6.27931434296	
0.56705203927	1.04097331716	1.33535928297	5.27223357915	5.75890893148	
0.621280858339	0.884356338921	1.5315619021	4.6686052886	6.07509376541	
0.500854329163	0.97322278141	1.49967023266	4.39533822854	5.44426429657	
0.565313118114	0.822802252296	1.37737129247	5.12319024864	5.91606557726	
0.721561966809	1.03320911913	1.6590915344	4.94494969475	5.94487026207	
