6	94
1	1	1	1	1	1	0	0	0	0	
0.101232220073	0.130527898728	0.370112362055	0.641694453808	0.874753792609	1.49023367986	
0.108427415242	0.14851940456	0.392013854403	0.614856627959	0.933404386181	1.77113679411	
0.110711525629	0.167219597563	0.342509131633	0.53496622688	0.941939448741	1.41060773117	
0.0974157762161	0.152733775658	0.362654823959	0.581928072178	1.00838155713	1.44374777973	
0.114072093699	0.147480267882	0.327813060169	0.643385566764	0.789030495267	1.28470896753	
0.114968016691	0.145428763441	0.396327120381	0.64142372154	1.04142187067	1.40163696899	
0.0944667275185	0.142900512778	0.327228972949	0.584394195739	0.867768118954	1.20425497721	
0.114438267675	0.152895667974	0.376106591798	0.56255668371	0.946965762662	1.6786460531	
0.0980456403958	0.149351720153	0.396440190916	0.633732142517	0.929883862842	1.27963354995	
0.085618219279	0.16172991509	0.430531199247	0.646458100748	0.915239539046	1.41637015717	
0.0845892902187	0.157420289345	0.415144883023	0.441405184723	0.970932719138	1.32586415255	
0.0863692146004	0.148583108648	0.327354373351	0.547165888118	0.821051777335	1.41216733091	
0.105094670501	0.173197238963	0.32518212733	0.49016709384	0.904385661877	1.49341179132	
0.106520579098	0.123955264117	0.36588469975	0.619389510632	1.03432049457	1.35014836262	
0.092597359705	0.171193809347	0.362281293457	0.631337227368	1.13372249746	1.61855409918	
0.0937188647445	0.124932918999	0.358946278468	0.607109528058	1.20435373524	1.53036459177	
0.0886353708203	0.152206080053	0.390485147562	0.546071657612	0.913246283592	1.58141228721	
0.0814783707514	0.150864678465	0.307373141334	0.641895730833	0.892144647678	1.44237299623	
0.0929055121438	0.13139230537	0.389131903355	0.546793889028	0.983850083338	1.56237261988	
0.103640570321	0.142054440814	0.389596543352	0.603258342171	0.949596725066	1.44954359373	
0.0988965169866	0.155939758425	0.371173332597	0.628286590719	0.830999346624	1.45064062305	
0.114132421763	0.134570490387	0.315805132617	0.637095704243	0.913219931328	1.70646247662	
0.0855512950765	0.140815362986	0.377526329682	0.565583477201	0.921460458917	1.35775832722	
0.101966531355	0.160237518946	0.327038491721	0.682269708575	0.849790207887	1.26066480331	
0.098694624682	0.121882714905	0.412639690274	0.705854924582	0.858816814631	1.06983610261	
0.120027098114	0.129742878288	0.427411036411	0.566783571669	1.14720277622	1.58456529701	
0.0979685264749	0.147931815198	0.402823830901	0.662202516034	0.933451336296	1.5491426731	
0.109700342975	0.151604267595	0.400943557029	0.621130057324	0.958402479105	1.32333716368	
0.0871166530845	0.15663412293	0.380271546126	0.632693396725	0.890614847048	1.36348865472	
0.101460671259	0.140853663905	0.37298175975	0.686181645668	0.863555151617	1.04669688769	
0.0884441092944	0.140855419861	0.366213794729	0.5883722309	0.935849434696	1.4690022974	
0.101247608056	0.138611949686	0.360338541288	0.636887255535	0.939249161024	1.28516263736	
0.09025636563	0.14684719287	0.420270519748	0.735971697692	0.920296728268	1.5157931583	
0.0923113364954	0.142386075271	0.409841781872	0.470038310288	0.968292172725	1.61205807993	
0.107477244607	0.141580165186	0.350752837392	0.575367742909	1.08990788387	1.37548698811	
0.108189436621	0.150550385692	0.392566141892	0.674731896698	0.949501485394	1.25413761027	
0.111865616846	0.15993456249	0.390178033331	0.635737271656	0.937361059937	1.2739316201	
0.115569070755	0.128098052041	0.424245004187	0.567093681934	0.9756982993	1.37511873875	
0.0883715986087	0.161869958561	0.42263161387	0.690043151871	1.00820211817	1.61679707506	
0.0815708151052	0.137220778806	0.396023173498	0.588118378012	0.950604737299	1.67997064278	
0.115494903635	0.144954477416	0.327206981622	0.701227535716	0.954244604926	1.52959968553	
0.0848568789245	0.13773408217	0.403585743061	0.531218608239	0.907388087789	1.36015918055	
0.0953306369464	0.155425372338	0.368464621834	0.617300826164	0.874595299459	1.3591566144	
0.100604604783	0.145369971416	0.410958147654	0.557182722466	0.845838411394	1.42344380086	
0.0840577044817	0.136235769949	0.367989599512	0.694456946445	1.07060813326	1.53552290103	
0.0746225840125	0.16372781624	0.407596862689	0.525981531045	1.01093224654	1.3696205481	
0.0966121539945	0.123041454695	0.440593215374	0.596225010308	0.984761238567	1.35489261249	
0.0886874724074	0.17788861062	0.382283878548	0.568936461803	0.892624802398	1.4115760243	
0.0813536841873	0.168493187886	0.403581297209	0.651004725857	0.871566829328	1.63864603479	
0.107437221759	0.163607435093	0.340870458008	0.664068626267	0.887298995757	1.34864926005	
0.103362658152	0.139129788071	0.425308706748	0.667382568153	0.941895292416	1.58895450804	
0.102652527777	0.15194882416	0.418163487496	0.571304024739	0.735259634897	1.35787029233	
0.105863968434	0.152369736418	0.385848695478	0.618537711438	0.828227381185	1.34469031135	
0.109345312868	0.134009335744	0.394590713193	0.658457810881	0.820359568566	1.46036616603	
0.119254617201	0.161160033666	0.330501706678	0.562594293604	0.944905098861	1.62964372528	
0.0913580851662	0.144012657864	0.417142131935	0.557077376586	0.919328073585	1.31810274371	
0.090007700559	0.158541669433	0.379914561968	0.563568539797	1.01757280235	1.47505484037	
0.108502092517	0.165814340019	0.4086584859	0.52746987121	0.895299567404	1.34716143515	
0.111923655822	0.146374565084	0.378826083751	0.650155285208	0.883793335911	1.32549348936	
0.109168700331	0.13137042401	0.390426218993	0.564185314406	0.969149635846	1.20006031474	
0.0966169695514	0.153073270541	0.452644328883	0.525075004831	0.796320393656	1.3780300685	
0.0907341051073	0.126879982137	0.375898026757	0.663055669443	0.939003879114	1.73697292413	
0.0726731585071	0.159080725314	0.349010001705	0.599895748901	0.954351411097	1.31665337254	
0.097708738018	0.141719635649	0.365336195042	0.550298608025	0.995902907859	1.24625958081	
0.117264744627	0.138658195334	0.400115018905	0.651920114121	0.931872668719	1.29842047222	
0.10237265305	0.158576947607	0.409893127097	0.658244423012	1.00812700156	1.34233052807	
0.099913005843	0.143546178156	0.336050634544	0.589491130899	0.994983961345	1.49592398335	
0.114833464352	0.147762473423	0.332495194718	0.634899004074	0.871273492188	1.34232953537	
0.110854103434	0.147357247057	0.370725107921	0.589714294516	0.853667470306	1.50171457987	
0.0984581903611	0.165029704176	0.384046249838	0.602888906311	0.945684127517	1.12138851923	
0.0953587115203	0.140322154286	0.334297876435	0.52979923784	1.00594078372	1.22025890947	
0.0952332588094	0.130817167003	0.366477608633	0.622058697519	0.985130528096	1.46380175986	
0.0996812333985	0.168516091819	0.427634918184	0.612273036288	1.15286298326	1.3866300661	
0.0856620369645	0.141375863967	0.407663117849	0.691894190793	1.08823633443	1.53064921105	
0.102724455128	0.165314436268	0.417206228675	0.500049065377	0.925446297291	1.41790649663	
0.10427773407	0.157859968627	0.394616241477	0.58673494142	0.942519635067	1.35842503096	
0.103727416051	0.146035819784	0.292688915025	0.730362618942	1.03099435162	1.53843111422	
0.0894701205883	0.120690726397	0.351020682239	0.764849095408	0.862832723001	1.46675187737	
0.0856368814389	0.142238985848	0.338942854473	0.644188078691	0.905526530525	1.45336880475	
0.112354188128	0.136218021887	0.423374141771	0.571645443909	1.00833712208	1.49625274464	
0.0989138104267	0.139975344735	0.395929338622	0.649689477382	1.08882376676	1.36780786679	
0.106430958619	0.130320363642	0.40470796728	0.606950516062	1.04537994401	1.45816166588	
0.111357036514	0.156933517315	0.282443439169	0.599462027924	0.74793871153	1.32214043482	
0.104626262304	0.156506261104	0.339570699901	0.581860885068	0.86172094595	1.58924556873	
0.072506553602	0.147076305771	0.342025309737	0.599774220702	0.824575759851	1.60421990731	
0.105865811322	0.161180537959	0.375931651465	0.649780870791	0.874563514743	1.5478168077	
0.0830875018748	0.143519848092	0.377101515695	0.575784836839	0.794844775963	1.29239422994	
0.0866132899451	0.140555999791	0.374147332789	0.588271691169	1.01791454713	1.33019314668	
0.0956103792931	0.161350516739	0.39440892168	0.510824773766	0.923216782758	1.5145760028	
0.0868593895931	0.127334939456	0.287491169329	0.674252335982	0.996782862511	1.49439167443	
0.102251777171	0.137341146373	0.422807756691	0.620661254396	0.843154780052	1.29519807668	
0.0847838017872	0.155447770733	0.436804009067	0.596258674044	1.07137261605	1.61595909905	
0.102978112002	0.137855292369	0.373931906516	0.675431860702	0.925652285959	1.51876034071	
0.112695752952	0.166784382148	0.416054047499	0.588466159809	0.975601645269	1.36625616793	
