10	66
1	1	1	1	1	1	1	1	1	1	
0.0915949610909	0.138648420304	0.390617005837	0.704614783252	1.05358810966	1.42631494077	1.9685965902	3.27966027992	3.77515579379	6.38031242726	
0.0975511462434	0.171989982526	0.40160021544	0.596784645089	1.01499572591	1.22705223072	1.77970488678	3.56405731019	4.35145596771	5.54065182606	
0.109162719735	0.17216124533	0.34802364012	0.584251114497	1.01798247485	1.36847186757	1.99187164249	2.75794698229	4.26144513781	6.06828560004	
0.0815796257847	0.137413831935	0.408384158265	0.567493683797	1.04505382217	1.43499779465	2.68524289292	3.02236940457	5.22916396259	6.07781576698	
0.0965164693532	0.15652080942	0.349801606288	0.618847132023	0.965484061653	1.62948536981	2.39720278733	3.77659474914	4.40942791167	6.53049791452	
0.092582736866	0.1505096891	0.423033991707	0.578639251615	1.01401605671	1.42653004678	2.12683876341	3.28703347488	4.31127173606	5.91444438432	
0.0873029616869	0.156439360736	0.423277973159	0.508656647685	1.08064463622	1.52372441634	2.06862794097	3.00851611306	5.09882215015	5.67199917321	
0.117038006364	0.157245706501	0.388049297174	0.611724081989	0.863750851624	1.43606689319	2.45285455326	2.87788260296	4.96986519259	6.34818667256	
0.0923096616936	0.158590879257	0.389806724272	0.60030565732	1.08792629158	1.44791735712	2.17431168545	3.45771863863	5.29990955335	6.16142243128	
0.0937107086047	0.13497290285	0.404624775219	0.596680946698	0.837307087423	1.21807876999	2.23265249843	2.89835475364	5.07357851648	5.92449430114	
0.0889434497434	0.138669942355	0.446057983572	0.588267420209	0.795187048431	1.60322279641	2.11295614793	3.32629594654	4.33397860755	5.72212864901	
0.0872961376634	0.14789097825	0.40627647762	0.538180251536	0.825860450686	1.40194404274	2.21438428337	3.27249936871	3.93934424565	5.84323850338	
0.0921833687697	0.174261363343	0.33657743011	0.552520523305	0.932123268064	1.49970756946	1.84023828864	2.86027492479	4.24302829166	5.65849350359	
0.10098954902	0.163364906336	0.347820280992	0.611726504232	0.935635992183	1.54170264402	2.43170640769	3.2916519039	3.81092087755	6.07114634833	
0.0826377769093	0.137744090432	0.418009476165	0.568964261998	0.833408197297	1.44648923412	2.08552552539	2.97210404387	4.31039656102	5.44836242034	
0.0928884639202	0.145628582354	0.360862243745	0.647653063458	1.14413263785	1.52133600062	2.0339109112	3.44453210733	4.98944762686	6.69541032141	
0.0915853728228	0.145309748452	0.364917626374	0.687764653887	0.846242236874	1.2165769725	2.19613325829	3.82498663408	5.0408651073	6.90629823362	
0.0975770321335	0.157682430551	0.354281561165	0.600769261661	0.902876078577	1.57923445196	2.32632768023	3.01358945857	4.34648637661	4.93489184704	
0.11141394977	0.161351503928	0.381741861395	0.642779315791	0.824560503551	1.21076598274	2.24148657274	3.49939827235	3.94719585441	5.65587631116	
0.096666538368	0.150196046281	0.377696903188	0.515913498034	0.940812741961	1.34707397891	2.39189576291	3.62039004044	3.84349876848	6.82696011258	
0.105393481184	0.170495963628	0.323350463005	0.5901692133	0.999018582339	1.50046437026	2.13867267907	3.42232891843	4.84734294025	6.10551745811	
0.106786394762	0.143353015166	0.419096205579	0.623146105571	0.848196061991	1.63969139617	2.12717738661	3.47841126998	4.69894848553	6.02638185942	
0.101925155149	0.147819302528	0.411502792465	0.462951875833	1.09411878301	1.47786940002	2.09479476631	3.08095108613	4.7675583643	6.82641720136	
0.117514671812	0.131483957827	0.458872716918	0.653006407535	0.833736847747	1.36088018169	2.27281369792	3.50070724935	4.07341612314	6.61815444322	
0.126437309567	0.154668396554	0.342529762257	0.615244264529	0.904460099212	1.27606014841	1.74654064841	3.02362814861	3.70810112265	6.07362138071	
0.112615208549	0.160524445255	0.442453104302	0.557248079492	1.0706779868	1.29548514765	2.21830320699	2.79004660718	4.23188519723	6.30507187799	
0.0968337248648	0.138923090354	0.314142067236	0.644021868062	0.791281604051	1.63925462701	2.31609081958	3.26776872608	4.30821778295	6.34466940209	
0.0941171649269	0.128530000143	0.370783802257	0.591049095165	0.875829383685	1.50794814888	1.67469277702	3.01806869704	3.99229922317	4.92578845965	
0.0974481676122	0.160347213409	0.445068314018	0.703922036763	0.967294063944	1.51960658769	2.14353578138	2.77132288278	4.31509571734	4.49594858783	
0.0814643769332	0.156328796673	0.397483349858	0.534249743526	0.993691896924	1.35972098488	1.69762280167	3.33479910125	4.49559267138	6.53143979505	
0.107662433081	0.11232951344	0.397246175677	0.531486080687	0.958297377683	1.4421646902	2.13819874242	2.93647071701	4.77555468812	7.10614617419	
0.0973215608777	0.151434019441	0.414132010492	0.554807879004	0.984418563926	1.4448668828	2.40513379893	3.54950562795	4.50666029036	6.14363116407	
0.0963611813511	0.148101013688	0.432048353124	0.678295929812	0.855455736191	1.60039508047	1.97229320285	3.16353835204	5.12087860533	6.54107684827	
0.0865929138004	0.15829235764	0.379445541671	0.672759440503	1.00596378896	1.56812066385	2.07996949625	3.43447109837	4.18694855293	5.69092475568	
0.0903047546179	0.142713914397	0.414582188704	0.63589284626	1.03754418288	1.43930735942	1.75919599002	3.33747312263	5.2577862256	6.21187888784	
0.109784458736	0.165179922186	0.352966977992	0.562954744101	0.965394381485	1.5373609726	1.90326499006	3.1527040584	4.86451200656	5.24377578499	
0.0981650303051	0.123549110109	0.41144573977	0.50761856275	0.910263795928	1.55565469003	2.00835739084	2.95992569436	5.50061326742	5.76196689342	
0.115403184425	0.178692640375	0.385318438971	0.530299465621	0.860656644934	1.41370832278	1.62076745543	3.3539116843	4.46415693031	6.25386048404	
0.110250116638	0.170042345044	0.385960911839	0.582437343884	0.793466772467	1.35362431668	2.34846308932	3.17272181992	4.45206896095	6.0689088038	
0.10073744327	0.166576339232	0.401732613327	0.585905592778	0.97854386842	1.39261934191	1.66538083578	2.55236176352	3.64764784051	4.74835652122	
0.0969211991443	0.150672930013	0.381120298268	0.454262996796	0.901420615582	1.41867761111	2.04050084269	2.51985107672	5.42510066662	6.01679459972	
0.108525581535	0.154766453745	0.319975756706	0.616151092732	0.905390277005	1.49714997633	2.41136144098	3.41755336322	3.96821187852	5.75912509706	
0.0897504121885	0.145776768906	0.360403921649	0.604547875716	0.817158365048	1.29229310284	2.25658200001	3.68730871365	5.16093486089	6.07452979357	
0.0968137575899	0.11631199882	0.368352243687	0.619301573883	1.06059581486	1.51483958863	1.92736963818	3.4835846085	5.03679173506	5.42324301452	
0.0940577780429	0.171188323734	0.427595503628	0.637137154249	0.840270357217	1.35134074782	2.35408749646	3.14316025331	5.18360373716	6.83859980327	
0.111017408464	0.147558943909	0.360884837529	0.592576910273	0.798922223093	1.35781021118	2.24813526536	3.27298396128	4.99023078701	7.08715500945	
0.106065881059	0.163524484091	0.327058320829	0.596195884067	1.05710358705	1.15522445658	2.28192605096	3.19130248757	4.74915735434	5.38563839996	
0.123483691929	0.157427229294	0.400648386127	0.651165964754	0.98340303949	1.34802564655	2.41787068923	3.11553152949	5.28170876921	6.11870409651	
0.107365483154	0.139343067503	0.368119491403	0.686772641395	1.02628393478	1.39527007085	2.30116180654	3.58885655035	4.35294961229	5.66528013465	
0.0893953478161	0.157593384554	0.404958966182	0.475281334604	0.994378442203	1.5145216595	2.13907394964	3.59472868689	4.10506550852	5.2151678423	
0.100715638986	0.160030942506	0.41430833864	0.6201361552	0.967211966284	1.3590052075	2.35213180483	3.24144820181	4.4918810572	4.65640713147	
0.0972757934548	0.144964522923	0.383053902985	0.519050659936	0.81289817607	1.38759617033	2.3504320543	3.42008221737	4.10989762643	5.36075162559	
0.097906149175	0.163455360968	0.384227471845	0.739546686207	0.88740435473	1.319957243	2.41747504831	3.62247956349	3.56476384494	5.43253291982	
0.0910977018454	0.13498899575	0.368321431976	0.681512283362	0.878425815433	1.67432893992	2.26257616701	3.60625469189	4.44081322688	6.93760616902	
0.105330572486	0.144514706877	0.426001144196	0.606347163764	1.03280313101	1.29978022593	1.85960514584	3.12886653658	5.00441230528	5.04702189643	
0.100842679872	0.156615274118	0.440327408776	0.640719437866	0.904932022749	1.50065022255	2.2391321252	3.29632991211	4.51956965095	5.34961646668	
0.0916769740677	0.146999578072	0.460129965516	0.588258433927	0.926902220235	1.30442502321	2.34209598839	3.580792312	3.53460358258	4.83679672854	
0.110331612067	0.177564415653	0.351740416232	0.643810255814	0.863865946635	1.14925078473	2.05779383971	2.83083217759	5.40417533928	5.53873455393	
0.101216903875	0.155095112055	0.371356255093	0.593448033554	0.879326147799	1.21743528458	2.52910622495	3.10014876947	3.954207663	5.92281796283	
0.0968567417465	0.172553682627	0.349896053111	0.628395959456	1.04388662599	1.30875954544	2.12339991208	2.97182147201	4.24642084875	5.23683521081	
0.0965899304408	0.149612156721	0.345330637019	0.593425172816	1.00028423041	1.55034793298	2.25302044125	3.07727935301	3.70342304136	7.06280850979	
0.104318884502	0.145367373763	0.332587040998	0.619393223143	1.1086072032	1.31804212872	2.39414933164	3.54824966332	4.24833909615	5.19770329167	
0.0997304925674	0.158993642134	0.412092012847	0.502597741819	1.0670785169	1.5365841897	2.14639586472	3.50803426814	4.71704186579	6.44290621501	
0.0923737858516	0.136289675888	0.382971508728	0.584287579523	0.814137759042	1.49454412049	2.21943533001	2.89183217732	4.97478892821	7.37435270547	
0.102160007255	0.122913015534	0.368878992398	0.584958639105	0.852459782837	1.5475026116	1.8015577812	2.58104649241	4.48985552362	6.1231294897	
0.104695966249	0.14644432833	0.36834132754	0.615687768711	0.914320371935	1.47869278626	2.32001633927	3.31315120029	5.3321533451	5.10834747038	
