5	88
0	1	0	1	0	0	1	0	1	1	
0.141909125985	0.654248975691	2.48748242141	4.64967935315	6.0610423235	
0.124788305626	0.644856614716	1.90411067017	4.31189589211	6.57574553543	
0.165446372465	0.572009548359	2.06208315999	4.18530650703	5.2812877528	
0.140478067768	0.503212198865	2.29685845502	4.67753562232	6.33631757092	
0.135683939241	0.528295766189	2.16150556898	4.52884615423	5.91163810349	
0.145657750962	0.702646546662	2.24159537754	5.38680527616	6.76137901526	
0.17554906389	0.535532234019	2.27753176306	4.30570552995	5.00196797318	
0.172440047543	0.582378448458	1.92315314949	4.31344626154	5.52226552634	
0.139594530486	0.586703796589	2.5221252665	4.20015725255	6.99556239853	
0.16273255194	0.623776293815	2.31084580693	4.50614504873	6.77163006232	
0.158504703949	0.500120040898	2.21369416536	4.85278791435	5.82659926884	
0.151893838091	0.56322852032	1.85381048395	3.80233040808	5.07775920776	
0.160035671137	0.450583097497	2.0067068157	4.15545602164	5.83070427841	
0.122153526751	0.624233285684	1.87627030026	5.00958249332	5.62694058745	
0.148565804649	0.600226431393	2.20251182637	4.51665646987	5.74373367076	
0.15514572796	0.62796882783	1.98549604657	4.69186551854	6.71503218144	
0.160588412942	0.655942514499	2.18696298252	4.07873229927	5.51421332418	
0.154798319518	0.656565823509	2.74897106151	4.941819875	5.2977385455	
0.138490911415	0.736711038957	2.10390637962	4.52138158564	5.42374984775	
0.173476551084	0.630019992439	1.9834607102	4.05277862001	6.18432236754	
0.150663092623	0.649926613033	2.26759822172	4.38098384305	5.67371904272	
0.147600867776	0.566959149201	2.12200796045	4.50739841788	5.46124146397	
0.159460197931	0.577774337132	1.96899486469	4.34177665727	6.14535489397	
0.151245572997	0.625327086894	2.34314441689	5.0872230918	6.17129169761	
0.133958964191	0.583853351848	1.93407154736	5.26358433317	7.19244052952	
0.159754667962	0.651507530558	2.20395278655	4.66472516196	5.041527469	
0.148891014521	0.547130816259	2.21049165557	4.47317556958	7.16809317741	
0.163749415331	0.617070718951	2.09260796726	5.25420965644	5.98202721232	
0.154975109425	0.602534976266	2.06310691027	4.51642780007	4.82281988959	
0.126784403981	0.6209778325	2.48716293346	4.65669949686	5.56777868706	
0.128357193689	0.647071635629	2.02805304253	4.78945593835	6.23391909484	
0.157174505884	0.602016102441	2.23248354277	4.44624551943	5.61881607938	
0.135547514092	0.456899472122	2.11106144408	5.18372018233	6.43804805552	
0.153415636777	0.555959700343	2.36442793354	4.44631080969	6.94496058827	
0.135283691051	0.555001828322	1.96783696199	3.8330467333	5.43777318888	
0.151548243896	0.557267938509	1.32087930421	4.98342298384	4.98954376239	
0.158838424273	0.60187287538	2.60523515553	4.94863086669	5.69723724271	
0.139469046565	0.690163660848	1.83268771412	4.58589597116	5.92132772205	
0.144851608969	0.621210839067	2.19075537001	4.70583033426	6.08338539142	
0.156265221075	0.605601911576	2.00822321925	4.50180056711	5.57136806418	
0.138294350929	0.579830999837	2.12432402044	4.51585138786	6.54982729642	
0.142523038762	0.611811115588	2.1753759585	4.22611727064	6.04424447172	
0.165040821228	0.611190373013	2.19871554474	4.18260225108	7.18131531072	
0.140274654445	0.499932992367	2.33493958585	4.44833233216	5.81817490743	
0.141816693294	0.712302877459	2.2262369099	4.74738804974	6.09756937415	
0.154050744202	0.683917476634	2.09606624784	3.84437810452	6.52083279254	
0.157450524184	0.606478788773	2.25121194693	4.33316510087	6.01241554971	
0.148024496192	0.564510704576	2.40567214837	3.86448361766	7.41652930309	
0.163160433138	0.493321467918	2.10180423916	4.42415433784	6.23513197737	
0.135159325939	0.601921520602	2.1239593294	4.16807173684	5.47394866112	
0.163782069701	0.498205047597	2.25274397126	4.8588796381	5.868864997	
0.150785592596	0.669809699982	1.99845692519	4.229256407	5.70270979134	
0.167479883988	0.677537624813	1.84988359959	4.95280833629	6.49134498381	
0.173303922157	0.623106481928	2.14048407414	5.01534750896	6.4193422749	
0.183673476212	0.657522470698	2.18301281493	3.97165302883	5.65144969368	
0.12846067533	0.587096277836	2.34910453255	4.49834801018	6.61303516126	
0.155063606002	0.575814462615	2.16883940836	4.71244351097	6.08353403908	
0.152260263433	0.553856993545	2.05691010297	5.51630735827	6.73707989425	
0.127892386548	0.45798186255	2.16638137061	4.90206280249	5.68803489755	
0.165324880923	0.6035792739	2.11494182486	4.84025182928	5.68087452426	
0.145699405173	0.640210035728	2.14324987353	5.35894932302	6.41629524771	
0.159432207425	0.597029721236	2.33807225549	4.35482650224	6.16942665072	
0.136255604295	0.662366483534	2.21248000991	5.39213087866	7.4353790302	
0.161449791771	0.604105518672	1.94659612989	4.90713741147	6.12617073834	
0.158070522587	0.703787243247	1.97274899294	4.08406312418	5.85814443698	
0.162318017246	0.633292034413	1.95742696999	4.84044880532	5.27927230866	
0.137433874885	0.593072560969	2.03101228212	4.90043676989	6.1718270898	
0.176483417664	0.585168878079	2.12372653753	5.04467217408	5.94544751813	
0.172410078716	0.632449692623	1.64415090897	5.02990668637	6.54763608787	
0.164269989092	0.485341297287	2.00745715833	4.2350828249	5.49532717946	
0.176128837978	0.599293929731	2.14213939733	4.74840373964	6.34158100073	
0.0999766093406	0.561218547771	1.84625045577	4.68013774192	5.8266645514	
0.150230813468	0.475288815067	2.08338177169	5.00180861332	6.84566968986	
0.160782951293	0.519872082393	2.42077138764	4.82580101475	5.92968657956	
0.119624455282	0.65721569704	2.02268423905	4.65577461947	6.04103631638	
0.173075924767	0.59247798084	2.14675057813	5.21037692572	5.60506665375	
0.162214842771	0.588083056627	1.93445347817	4.50052244402	6.41502306816	
0.1703056476	0.688481639121	2.08662572404	4.05573784559	5.80875666025	
0.1322770387	0.586956828035	2.07654196402	4.82737059187	4.67643889205	
0.138995880809	0.556468901733	2.40523235927	3.99877003017	6.13599441579	
0.148078073784	0.66258255161	2.27810385087	4.55455967932	5.66719987525	
0.122214862453	0.614825139341	2.26405530668	3.79130957439	5.2597835014	
0.153784949601	0.620348501172	1.93701082833	4.24167087889	4.89810669686	
0.170658958557	0.522007535558	2.26658576912	4.48426768673	6.77375617177	
0.138116188608	0.60367516262	1.78483821451	3.62766292338	6.35780015032	
0.123224612414	0.586306947934	2.36742852131	4.83600818524	5.60124870723	
0.126172452954	0.630569691699	2.43858520831	4.2019928646	5.51801228496	
0.142126470557	0.634296522648	2.41413128538	3.94217693488	5.10103091441	
