8	20
1	1	1	1	1	1	0	0	1	1	
0.11133449634	0.140342995985	0.349383009502	0.580474116347	0.828818377968	1.61695619614	4.92596767084	5.65204333083	
0.107025376616	0.160449991127	0.370302240942	0.612905612007	1.22275289714	1.37200498496	4.20947560455	5.91114304315	
0.0871877619721	0.155476906744	0.399972982625	0.59604069476	0.892659059181	1.48624081018	4.72592236778	5.46624244341	
0.0936239761082	0.12204417456	0.337037077647	0.651415063733	0.949550404511	1.35848832643	3.84215262186	6.51600011294	
0.0859235781552	0.142639500865	0.433101961548	0.665506166363	0.908421489601	1.47961877763	4.98353078736	6.60749216425	
0.0920539995608	0.136993949724	0.395319193753	0.553943643444	0.850799233925	1.18208578972	4.18237381854	6.14919656119	
0.100348312922	0.15804825139	0.377614501826	0.60698348991	0.994895697215	1.41039270362	4.53309248913	6.4160240017	
0.0694219259787	0.158664419133	0.334039153371	0.662192816927	0.69923051809	1.39836316748	3.93010324655	5.15879985491	
0.100238322187	0.161814229478	0.390542883149	0.639542614602	0.874778173281	1.62702098166	5.24370246497	6.01718643424	
0.109865277604	0.152318705819	0.36762128259	0.655807692447	1.05595921682	1.30441675212	4.33934071262	6.2043834607	
0.110469879313	0.133581217283	0.377705431122	0.584559587408	0.691987242286	1.62111381451	4.27687813968	5.49997761173	
0.0992215673286	0.145322217593	0.394579878369	0.541942220608	0.957625164676	1.28215406096	4.54489426269	6.62793785982	
0.104392331419	0.154476632897	0.268993038129	0.545385966409	0.825864926927	1.49460899683	4.03613693949	6.90719883021	
0.0932607505544	0.150670474761	0.341363907083	0.569262583306	0.908306621314	1.50860525655	5.66114675634	6.1652022873	
0.111790344568	0.134804675171	0.399695962327	0.582022413887	0.990551273708	1.26271104267	4.32649281274	5.86876447176	
0.11448531295	0.174408387084	0.34968080652	0.518570774548	0.8867635329	1.65079739334	4.79171662465	4.89670763521	
0.0925430127057	0.1277623709	0.340016168977	0.506616730914	1.06973589015	1.42534901742	4.69232384741	6.28195993421	
0.105727289193	0.146479984002	0.458830619077	0.646305455894	0.839872963185	1.33705654849	4.8780668694	5.39609694682	
0.107726695582	0.133690162476	0.450419148414	0.633891270766	0.820224660466	1.0737072277	4.50565489793	5.57228152071	
0.104006417646	0.159110467505	0.373754370148	0.556834935332	0.78133481694	1.4425937151	4.68909956106	5.74088962946	
