9	75
1	0	1	1	1	1	1	1	1	1	
0.123399963219	0.410857446738	0.634108512705	0.968713745279	1.3247345119	2.18063334471	3.50456455476	4.39058049808	5.87725091324	
0.0952977466691	0.369171934478	0.553600599273	0.932238669928	1.38420058036	1.83303718442	4.09530625634	4.03315733019	5.91918367971	
0.100611679026	0.35967503055	0.594616930272	0.853875334549	1.53398664216	2.14521871093	3.48347780896	5.16145305226	5.83126275362	
0.107734489466	0.438381115594	0.592591937525	0.994272230256	1.36346470492	2.40740058755	3.08756556075	4.81637852829	6.59707073855	
0.0882102289979	0.354665024114	0.557569167656	1.03043375812	1.26192528803	2.22002318465	3.48610525746	4.57622504242	6.76483980459	
0.0807540612137	0.403100790846	0.589094809588	0.790023107361	1.27540300774	2.48649680973	3.45547194476	4.86085856271	6.57537866597	
0.0864317584945	0.389337678889	0.665905118632	0.892557963127	1.62482983861	2.01828959384	3.29054738719	4.67889031291	6.45275905436	
0.0971226353927	0.418460260511	0.625680868546	0.777592193612	1.69262988667	1.94405893998	3.87367518047	4.42904155146	5.79365490469	
0.103992381763	0.353452696355	0.486845083621	0.919834291218	1.48363255188	2.48062054009	2.86280788595	4.76110046234	5.93765992058	
0.100330417391	0.41693770571	0.569314629681	0.94557991569	1.58586110371	2.37136408303	2.85340731515	4.22417789877	5.91376418292	
0.108139385745	0.370454293111	0.604964275335	1.04627875457	1.38157173615	2.46672913282	2.72823405844	4.32326185292	5.18091329859	
0.101166985632	0.408537681628	0.590327003664	0.885877971996	1.23557440474	2.5114870059	3.24271614427	4.29653564208	6.93751944813	
0.0964795464463	0.345406231558	0.557383166683	0.850276684131	1.27755797216	2.0009111433	4.03485895596	3.98257966561	5.10470882561	
0.102780294676	0.377113277596	0.639602457394	0.878470158219	1.30580258562	2.50984975001	2.72620088502	4.66226950467	6.41418175686	
0.108217021225	0.368471511811	0.525106686613	1.06945480473	1.36628717177	2.47894956593	3.36962403264	4.2822341947	6.23606582837	
0.111508019571	0.383119353519	0.555745053447	0.763757571545	1.36933126718	2.32364272489	2.92164149867	4.80652292907	6.01691944543	
0.107454953376	0.291109187785	0.514779892034	0.886978355046	1.69687704991	1.98783234532	3.20879542534	5.46782880982	6.25718226166	
0.108596300944	0.355591660735	0.670739204438	1.053819729	1.50172854942	2.13151495755	3.43181385773	3.76844136543	6.65318034059	
0.091508782968	0.369413268646	0.679053292234	1.03207328929	1.19817873635	1.9463243677	3.45803683901	3.71726664041	6.85160773934	
0.101179250768	0.433690867804	0.555306788475	0.868976036774	1.57788387867	2.08627987473	2.84670051743	4.75266239004	5.04457633268	
0.114421342627	0.386999920821	0.546620610987	1.0365024893	1.59627831103	2.150802468	3.9895078352	5.51355515819	6.19400919378	
0.110654061018	0.429734598529	0.53190459287	0.956664612604	1.33249746951	1.97307616524	3.28952221474	4.5885335672	5.03279423785	
0.103437152743	0.370463983815	0.683875134876	1.03813208521	1.30759078651	2.43223659979	3.42418548629	4.40177355623	5.6926926087	
0.0885235360113	0.333716082059	0.490372263626	0.931942000845	1.13541214211	1.96369907913	3.46347609541	5.17196916985	5.31095119522	
0.106096077272	0.368231973182	0.569027632119	0.944384037517	1.33635697153	2.13190230001	3.27305421238	5.02226152961	6.82649754268	
0.0940145384811	0.36974227135	0.6482526619	0.913170392276	1.53214917606	2.34397293675	3.58123507751	4.53949953818	5.3019126427	
0.0983208394033	0.360723201743	0.646628336879	1.07186874922	1.65216962319	2.34038791892	2.94619594533	5.13141968207	6.25591373899	
0.0917522197363	0.412753247037	0.58673707904	0.748693305344	1.28981888024	2.13595544271	3.21595314659	4.02077089461	6.45064363172	
0.10519766562	0.325441020444	0.758003397944	0.817043317545	1.36454229383	2.23071188106	3.10227064829	5.15442439415	5.89482642532	
0.0907828156395	0.403351761736	0.42603538796	0.979645168047	1.61445925368	1.65406547405	3.11869913531	3.75921988033	6.00787717091	
0.12243520373	0.388712372257	0.586884207221	0.667333284139	1.271824492	2.12140093311	3.28027643526	4.65440187587	6.46085681771	
0.0909433166434	0.38152341476	0.570221551367	0.842734041486	1.30532413149	2.26628671572	2.41662624997	3.66521846277	7.90031408641	
0.0933549386323	0.435816844943	0.596120457356	0.877773696488	1.52397935445	2.16732747049	3.19180095249	4.48020284656	6.23642010298	
0.0931179254017	0.36168930043	0.54134785839	0.817706621626	1.69456191832	1.95515574658	3.57454341057	4.3398769145	6.32428571761	
0.0999808304587	0.311931386337	0.601736851259	0.986332421358	1.2934375931	2.64916867175	3.51396199299	4.86943624976	6.55630301832	
0.0766596118271	0.406784842519	0.73656474107	1.000625481	1.3924202468	1.91020647289	2.85614736917	3.90062928716	5.75974127901	
0.08931865768	0.374224994314	0.612236321366	0.770054619242	1.32059216026	2.02550430881	3.0526397735	4.50806178502	6.07486935804	
0.0957570872037	0.354446537815	0.598763188445	1.06413358828	1.22186980103	2.3933124535	2.71905910422	4.66282525958	6.62976767698	
0.0867649564737	0.393328893608	0.537225028207	1.03883936248	1.20118834964	1.95811828669	3.29269844635	4.82016320432	6.05563014146	
0.104951406485	0.35912976765	0.534533606034	1.06620897958	1.50132337405	2.04513697595	2.7125304911	5.05042790297	6.7586126193	
0.0978253554696	0.354896713928	0.584442217876	0.910396760214	1.54004377877	1.90536017845	3.06032851699	4.41734921813	6.1550343666	
0.108663791235	0.391817261584	0.705126266771	0.83778616752	1.63901390341	1.94491690247	3.12152638994	4.67425038056	6.70672204971	
0.0960634552159	0.394915566887	0.58106257302	0.716512450894	1.42450367812	1.88307118451	3.66323394609	5.07528283227	5.49840138694	
0.0901030476048	0.35609874445	0.631943683342	0.979881591845	1.91735125094	2.08363389204	3.27969514093	5.3692798521	6.17180471263	
0.0891192432729	0.392994707237	0.642288918774	0.898222345266	1.543724991	2.30185236206	3.10100535263	5.19826634685	5.52985241678	
0.104373117783	0.357119671183	0.498425537253	0.963328593962	1.70589390204	2.13842416929	2.76463685554	4.59992612634	5.5087902749	
0.110537921573	0.371311892174	0.493646259477	0.977292730598	1.45986950287	2.08552615956	2.91238913995	5.30511182854	5.72885488086	
0.108970981714	0.362396048058	0.64084945255	0.934971051416	1.43400611525	1.97230815064	3.42164693267	5.13230561463	5.3793723707	
0.0916771657336	0.491894025714	0.539903889559	0.878424337343	1.62786915537	2.45397258809	2.46087299996	4.84444166128	5.88299714106	
0.0985064507897	0.424274696169	0.579109444334	0.882388616136	1.38402081561	2.07494292891	3.36289102931	5.09549846685	6.25653108067	
0.0998713561803	0.400762773044	0.646811767872	0.983754963029	1.33457539388	2.24128996932	2.56114565342	5.19026465002	6.91864873597	
0.108894010298	0.427345509416	0.595550279227	0.860204748522	1.25069190545	2.36674958387	3.0060501497	4.33180703251	6.13448286092	
0.0996253011058	0.390061365754	0.491512960775	0.908284839336	1.54785535431	2.05715927842	2.96979688983	4.92965765992	5.74544897123	
0.101844888836	0.372003132391	0.599973982295	1.07225375736	1.51178681505	1.88731622254	3.12907328249	4.31432422086	6.12982289171	
0.109087833298	0.381209827245	0.600147707128	0.722465457504	1.61933840843	2.11390858167	3.33405837999	4.61532583228	5.53846284092	
0.0975609225754	0.350470460168	0.682999784913	0.723181665199	1.29367474569	2.08075498766	3.73668610767	4.81851734429	5.01717582783	
0.0988449056887	0.407410578314	0.733614188355	0.898403448817	1.2606253563	2.21930917784	3.23593217841	4.70848890203	6.4142849609	
0.103199316921	0.400071475499	0.698141099182	0.902931565983	1.25490638098	2.21750478635	2.83356676519	3.99528371127	5.50673988669	
0.0874925929912	0.424405471596	0.602934665881	0.995731361859	1.50296780704	2.10486063567	3.5621637529	4.28284439608	5.8992223552	
0.0929215881424	0.43321162068	0.593571887503	0.985616579851	1.34685098506	2.33210920909	3.50116100428	3.76853414237	6.00247505623	
0.101169005333	0.368610587005	0.683082620057	0.816796017614	1.36589557584	1.96739236267	3.58472448003	4.03712373566	4.90045064058	
0.104313851184	0.374711471751	0.66242097724	1.0055479358	1.42392490828	1.83971667214	2.86061674639	3.70206408952	5.91704310363	
0.093412972942	0.373132662207	0.61041385053	1.10654196606	1.5130640324	2.16533747973	2.74144104622	4.51179519584	6.52910489508	
0.103908393082	0.340181281785	0.577413027226	0.936823682614	1.37163986307	2.01732222486	2.55215941726	4.1543184459	6.15068541199	
0.108751159565	0.382894042389	0.663566930366	0.922693050684	1.30448499105	2.04808800955	3.41217944994	4.379363501	5.61450158708	
0.0844246109518	0.346059320322	0.576175233587	0.875938504618	1.29063229931	2.48483605473	3.44513030852	5.48646106961	5.03687572927	
0.103131437255	0.363484861456	0.601179180111	1.10212194908	1.1812525201	2.02686645483	3.00685811445	4.24348020341	4.73359149145	
0.11285370161	0.430353650132	0.634912877975	0.80553098226	1.46970270984	2.33618684659	3.37622420749	4.47778769998	6.84634823926	
0.0929086012337	0.373584376469	0.637536019773	0.95955920905	1.51007488636	2.26471037745	3.42058164842	4.33583171744	5.58149667741	
0.101371387864	0.43742517087	0.598508357863	0.985744052216	1.44607853763	2.58725091547	3.20517728666	4.77127664368	5.56866660827	
0.0887956002988	0.379737734351	0.670865875632	0.988923771525	1.13164473799	2.30756474575	2.75231111909	4.87799647487	6.32664583851	
0.0985019455416	0.407635599043	0.584152020149	0.943890823742	1.22433305092	2.09491715473	3.55025533563	3.90097830668	6.49117421009	
0.0798128027672	0.334795358162	0.581112788803	0.944283405003	1.34810208678	2.02099846523	3.60982712332	5.03491057878	5.74536286091	
0.0960588762495	0.369091936558	0.733064721393	0.931577479909	1.65465538187	2.30738371195	3.21591879991	4.20867555431	6.46751383285	
0.0921386936382	0.365312504282	0.639530519062	0.907625630483	1.37352175703	2.08379202789	3.02682152338	4.70225909339	6.02174743639	
