9	82
1	1	1	1	0	1	1	1	1	1	
0.0934872695498	0.142681726456	0.425815375336	0.69027272992	1.36796848344	2.0622264129	3.39139739562	4.09817847781	5.63287085669	
0.109211038977	0.149191876137	0.355223824306	0.684323143295	1.47425852902	1.94117688652	3.20629332518	4.39569322263	7.43671883755	
0.0843661535898	0.163430430743	0.37864316564	0.58565524206	1.34256574744	2.5122277382	3.20581629202	4.56056155634	6.74650342965	
0.0914732391162	0.166576880007	0.383440619404	0.521801109928	1.39121449315	1.74221650189	2.95216314071	4.02160355781	6.98698061022	
0.0977786485253	0.157091092008	0.433716533667	0.599866334797	1.42177850739	2.35574459181	3.23108486613	4.72049912505	7.01667984864	
0.103009019423	0.18724473573	0.365755460628	0.614177210106	1.29170892106	2.07143919847	3.08573860429	5.08295545937	6.13332404102	
0.100174645414	0.118183965661	0.354585627797	0.622396861643	1.21059205122	2.33748615449	3.19144648525	4.24659051468	6.49742911442	
0.0945257453497	0.164539903615	0.372744422669	0.674304608902	1.28764020211	2.11749944011	2.98599965233	4.77642055068	5.71835155507	
0.104543201576	0.150564378426	0.348127662845	0.595647583468	1.38038284912	1.93684136453	3.59397812922	5.59401038682	6.29587177222	
0.0959568850595	0.174073783276	0.38757885083	0.666035266971	1.26737010628	2.07579323514	3.27452202231	4.66836614215	6.05297675245	
0.114507703308	0.148551898174	0.403938902891	0.578894329082	1.36529596018	2.51943143634	2.72943312071	4.59451769668	6.30003057692	
0.0928850541428	0.149759134018	0.466720422075	0.579093636965	1.42565506617	2.08250175678	3.29162068238	4.12527426581	6.33307034326	
0.0974306638918	0.170634193466	0.345560713095	0.570971180009	1.46657923294	2.12697645291	3.09290153748	3.7739204937	5.02578759516	
0.102445645647	0.151201889333	0.44642582218	0.668918275203	1.54515730392	1.70383951053	3.73902437658	3.5922501325	5.96594013213	
0.101935750315	0.173513859528	0.375478173336	0.623774935582	1.30617576827	1.9687165208	3.27892304908	4.35086079122	7.3322970137	
0.12095198782	0.167345702575	0.34941980561	0.589814738001	1.5240082666	1.90164934716	2.96561125935	4.52257399021	6.45218556297	
0.10245734577	0.126667516311	0.325048755016	0.536416214871	1.37700801991	1.84884732611	3.66849420053	4.63245633443	6.2605083249	
0.102457412349	0.142268253839	0.382697319489	0.611333645655	1.3276825226	2.22154735588	3.03377414003	4.58501345066	5.68120423062	
0.105432864504	0.137765206018	0.350996285469	0.541921856777	1.39693464495	2.2624486845	3.21421604074	3.88651732003	6.47500704556	
0.0860986537809	0.161321837393	0.369666652169	0.763980539751	1.62668854807	2.08330462231	3.20414363835	3.84448294482	6.70376967899	
0.0866304447036	0.151193840327	0.366789777201	0.525312368805	1.52342261447	2.02079281002	3.36557417091	3.85297257794	6.42687223394	
0.0943959647144	0.148757847705	0.366743128949	0.551728751004	1.6248947478	2.24988054346	3.55583175401	4.52320022464	6.68023162301	
0.107367748951	0.128392555875	0.388279986033	0.491825558969	1.37876889574	2.0641641656	3.4202805707	4.85540809234	5.39562675882	
0.0917202274141	0.16143888135	0.399500515038	0.609230914054	1.39196728983	2.22871108318	2.7010715621	4.65890253924	7.89269720684	
0.112270539848	0.162125484599	0.454499296954	0.482900769144	1.40867427862	2.37747811259	2.71847926639	5.56950773932	5.56751919873	
0.0941630621412	0.169687057645	0.403526711948	0.643367972578	1.33914086286	2.00537611792	3.32101524949	4.96555870973	6.1238063257	
0.0892074238751	0.17290985417	0.424055361748	0.49422402169	1.60391087426	2.60427778254	2.74908771145	4.69062654849	6.06153332815	
0.0980086094977	0.129966065493	0.408762287839	0.633400712015	1.42793318898	1.98651781614	3.05789249781	4.74279689942	6.71180788707	
0.10603700037	0.127969085239	0.394449754585	0.616490491858	1.46557752045	2.00718373287	3.12304827259	4.78607503557	5.5737327883	
0.0876274133949	0.165807226056	0.350637563998	0.615742024916	1.4160007897	2.17437604644	2.79893391594	4.47931688552	5.67012238088	
0.0777676549485	0.156779080849	0.372924086137	0.711616931431	1.39456193623	2.11658952971	3.32259300369	4.90121216953	5.77753713439	
0.0991843377337	0.163737094368	0.424723633364	0.573817908385	1.4734032987	2.04258117603	3.09000600824	4.38013189692	6.08062309413	
0.0882256889206	0.151510331277	0.391403598192	0.580097526708	1.24543758992	2.3401130824	3.09114717638	4.5512999447	6.60313825536	
0.10093107427	0.148789693184	0.390269485771	0.658395924432	1.50917139302	1.9411748869	3.28493722291	4.51973842794	6.12417095165	
0.0812261011178	0.149976553483	0.392598405116	0.657444421247	1.58530773933	2.13235713786	2.88518174693	5.3989632613	5.9280566986	
0.100268158504	0.163960936767	0.355600371569	0.642061050878	1.66853943938	2.06981043799	2.80858339763	3.78503210273	5.01348330206	
0.100227309133	0.161386266232	0.400968418394	0.516532105269	1.76510739654	2.20313891159	3.34923683668	4.62007982042	6.93479198686	
0.10099828225	0.173217086612	0.419948190392	0.674673626619	1.3655414038	1.94289035672	3.57727157573	4.19119397677	5.83109795059	
0.112131819168	0.146627985772	0.372110602538	0.741232624969	1.31039118545	2.28952915486	2.99757528998	4.33593255238	5.94760101631	
0.102261266349	0.175393634148	0.393737738254	0.514133690335	1.48987209621	1.90132616926	2.97898676661	4.47060749612	5.52007422469	
0.105817773588	0.125853975114	0.361886403979	0.683246074259	1.61820236227	2.07996401275	2.94334699257	3.9277466678	5.21931262695	
0.104632587502	0.122121985233	0.275052504381	0.692316532882	1.34312366727	2.45813101111	3.29919040811	4.85329019958	6.25304035164	
0.106511145722	0.156606471327	0.364198501137	0.575708251699	1.42418681247	2.11492650372	3.62555636129	5.06214033067	5.77896886927	
0.105034310233	0.137618377441	0.353902473244	0.459606161084	1.15571987608	2.3167313491	2.47535161694	4.21563223077	6.96472511575	
0.10612685549	0.171372102361	0.323502856432	0.546005407969	1.48794933446	1.81276223487	3.81455050311	4.56250428945	5.68526376219	
0.0975489218464	0.178250220975	0.384424227529	0.607165342601	1.4315789644	2.03342354721	2.97324760114	4.99127794053	7.31304451127	
0.0991116907637	0.152583678037	0.400928937463	0.646242507052	1.53692689603	2.48365570757	3.44262896	4.64183159731	5.97409353862	
0.0948289730754	0.144719262064	0.377198754806	0.614528799425	1.39853228736	2.25634410918	3.41488620003	4.40634793055	4.95861816215	
0.0905693323349	0.156883320577	0.348422418589	0.444130312108	1.3690891572	2.45696084229	3.48606019372	4.09889193073	5.81756107501	
0.0931741194234	0.152450226451	0.455298001836	0.490208677755	1.55629366675	2.26115840037	3.85647273077	4.15931312632	5.2313777587	
0.0834211685399	0.127046521539	0.359343607161	0.545475776306	1.20291784106	2.00647553739	3.20263397845	4.73325123583	5.76373573609	
0.103442260707	0.126366388124	0.340555149544	0.650231690528	1.2958950305	2.20607500692	3.31661404375	4.58384422157	5.42648329814	
0.0850294689758	0.130921535778	0.37605061125	0.558379953127	1.3986861454	2.17378729748	2.67595199401	4.09836475217	5.86696116016	
0.0969068645604	0.134341664708	0.369608182792	0.720248820698	1.44389633483	2.0922936456	3.49965411052	5.14836258434	6.29529040759	
0.0940677820786	0.152477960916	0.488205560558	0.534559265374	1.20398069043	2.34048160303	3.36437728864	3.84839002804	5.41566213845	
0.108882682269	0.130395614993	0.366300118648	0.667968101704	1.61169872872	2.45326365825	3.12800243585	5.11491776745	6.1909316404	
0.110349821696	0.162450550471	0.410939171333	0.620315064474	1.34560162197	2.04962925487	3.41452941962	4.47005873285	6.28137365713	
0.102250171923	0.166163744504	0.383142480743	0.659375435514	1.61237412171	2.13041871637	2.92726178757	4.51347045028	5.81640467718	
0.100267839059	0.165622480495	0.411520339305	0.539850778802	1.27642789096	2.22207022672	3.34865524646	4.13853214739	6.52873324734	
0.100370516031	0.165672727285	0.300962243226	0.592005987565	1.52887051202	2.4411684023	3.4391206195	4.03190056784	6.1902618343	
0.109538990637	0.160392263638	0.415494504136	0.54080720957	1.4072602147	2.44072018163	3.13909629262	4.48084840575	6.77677112101	
0.101456395899	0.132907287792	0.394784443291	0.62094296435	1.46655794727	2.30288097274	2.75171592606	4.49157840984	7.2587476244	
0.1096900014	0.16740302024	0.394453495896	0.626129326735	1.50729148804	1.93835892719	3.00423515551	3.78036027725	5.06345803888	
0.0897302758473	0.149293387358	0.371285611649	0.535544943816	1.5331542664	2.17305722825	3.10983055843	4.04942242831	6.60354567041	
0.0939402040091	0.151073490647	0.401126719156	0.632204674689	1.35672795594	2.67369566684	2.93169422646	4.10445770357	6.4842104936	
0.102951296058	0.185518370577	0.375307794889	0.662541626953	1.27308362953	2.04440349898	3.2079130271	4.22164389383	6.34728206071	
0.0946924766256	0.15363233432	0.351116258254	0.659570598687	1.55477625017	2.22448928989	3.81374957159	3.91342494437	5.87508803953	
0.0963801923225	0.136145118047	0.377008676863	0.519661073805	1.51828099311	2.06872354475	3.28810675034	4.69877944821	6.0143971991	
0.100509524141	0.165815321644	0.411718364845	0.592278978977	1.43118078625	2.10847888301	3.23295519523	4.0181229709	6.89095147355	
0.103453122012	0.150972499611	0.323215474629	0.58636898602	1.37886363038	2.02238453859	2.93972839918	4.60803324291	6.54060852257	
0.0991686495957	0.158033346218	0.445673201059	0.52584398872	1.35090064999	2.07252185082	3.14073087828	4.02712740351	5.46230626678	
0.120796204782	0.181520256914	0.382718257015	0.66211020053	1.22687595994	1.96388146825	2.95157154279	5.27171806311	5.18440770257	
0.107528537873	0.165592969013	0.340025170522	0.596249577339	1.40688189268	2.2428763237	3.47618140708	4.52537609608	6.46018350385	
0.114901287338	0.166610258259	0.356408752522	0.5844994779	1.28450045098	2.30937664407	2.89494738486	4.77990556714	6.2299571323	
0.103811766907	0.133896792718	0.439750126105	0.659510024888	1.40762724081	2.44844724616	3.81612587529	4.89340639692	6.19001273758	
0.111810230288	0.148190279363	0.42390730118	0.683126642012	1.56046375835	2.67140992398	2.74323422526	4.30781941674	5.77573287949	
0.105423481403	0.150895329246	0.397786186116	0.646434088225	1.66657977623	2.21564039124	2.69844023653	5.13260708986	7.19775341274	
0.119967503051	0.163820065145	0.431723389225	0.518856608221	1.31129623153	2.19659426348	3.29284181284	4.71457469577	6.01590130486	
0.085527405292	0.148431403179	0.434344250855	0.589201533906	1.0440101455	2.02770137666	3.93204246695	3.87861846633	5.59069922887	
0.119516161374	0.167528368982	0.344497408047	0.624225292805	1.73485320471	2.46382776008	2.9881490901	4.70109057743	6.72464268918	
0.107288226229	0.165829260838	0.374680112751	0.465595255183	1.24870926675	2.09942339138	2.96985139184	4.76263818682	6.41204041144	
0.109932792395	0.149968583192	0.358245805491	0.540213429338	1.38355382598	2.4194159947	2.83253485695	4.39574552877	5.68309675049	
