10	54
1	1	1	1	1	1	1	1	1	1	
0.107529951857	0.149667358505	0.415572300143	0.647369116949	0.980966359329	1.59672491013	2.29038156158	3.54316257903	4.55481795199	5.82610955894	
0.107390060895	0.172304855476	0.401648003718	0.625410887067	0.785800594893	1.49836548669	2.0931040444	3.33192966838	3.97991212523	6.54169171763	
0.097569533385	0.136591983784	0.387841133311	0.677756325026	0.898789386554	1.2125043365	2.41815507809	2.95618443799	3.77123728268	6.50510483174	
0.0978442423982	0.156557971474	0.381614159323	0.650860853067	1.05899518119	1.34344501063	2.07542872609	3.3148897209	3.79288985392	5.0038755252	
0.0943382152346	0.149785182793	0.470067265077	0.475500212309	0.855107131895	1.29468853024	1.81989573111	3.57535179369	4.65976899357	6.41165086883	
0.108565536025	0.122852885437	0.416206863902	0.554079565397	0.799139825381	1.48338144707	2.24780106146	3.736243578	4.70092478344	6.76737417813	
0.101742064296	0.17729074499	0.372156372318	0.499610451712	0.786084009539	1.32336633681	1.95841563034	3.24524625335	4.52083134112	6.334420118	
0.0927408515716	0.180523858679	0.347132753775	0.665519896421	0.902817073687	1.50724980388	2.08936573565	2.99202541514	4.10423706599	6.06133792582	
0.0987852786553	0.153654866823	0.410532463134	0.606036994836	0.946132986038	1.22200773893	2.12725073334	2.66429621843	4.33531873031	5.90247340431	
0.0928599821525	0.149259222845	0.352868437052	0.700100335792	0.950758613679	1.53812788195	2.15022932872	2.90076944862	4.07742055324	5.5031225044	
0.0964525414104	0.1770169184	0.36144607524	0.523773158642	0.903579338549	1.22740678158	2.16893124674	3.4529268947	4.02169629418	5.16258822887	
0.103259865713	0.160778935761	0.331735424855	0.64634909955	0.954977935745	1.22468016021	2.22537992985	2.93655070604	5.47325271523	5.3900020884	
0.102037323431	0.155670952495	0.352511298673	0.590838930056	1.05625815288	1.27050099109	1.74571116073	3.88581340191	4.56813816043	6.09097896885	
0.111786052052	0.160408753043	0.341866847363	0.551526761247	0.801254083126	1.41351219512	2.11322464785	3.15601328541	4.69195729801	6.79299367359	
0.106484460201	0.164630594593	0.322213313201	0.606692643796	1.02580660151	1.58708854957	2.11631062804	3.20553081984	5.00891335836	5.80584772288	
0.0893971774004	0.112302686331	0.387612585534	0.625896072436	0.891618520484	1.2937418052	2.00409232929	3.02855589035	4.73152304718	6.29573696205	
0.0908638324003	0.157605174988	0.387030643664	0.63629668503	0.665489418007	1.35371024596	2.0515881364	3.41731392196	4.69661006584	6.54541512564	
0.0827993978024	0.162221847514	0.364967164893	0.56036855576	0.844940902705	1.43175834844	1.99717402062	3.01820225442	4.88622683784	5.65101996195	
0.113987818442	0.158195515837	0.39965324602	0.602065715679	1.04561355407	1.25614986877	2.00449393068	3.55467416884	4.36611557172	6.16229540957	
0.0850855474272	0.154392900206	0.337887162124	0.565416997144	1.14711196984	1.32312992681	2.15118696211	3.31961726896	4.2563395624	5.37016065317	
0.100703974913	0.145787372368	0.42180302714	0.647477631273	0.985408024932	1.62116629747	2.15962531182	3.26428757048	4.48225628262	5.86957541416	
0.0986623017493	0.143170979537	0.328244466802	0.775351486158	0.969667737118	1.04840737938	2.43337517943	2.92602431568	4.69327731927	6.06736755708	
0.101680821084	0.158253077972	0.372872065582	0.584635857688	0.898641797689	1.38888012299	1.98210197351	3.53470875233	4.53480035342	5.3393693175	
0.0771371490547	0.150317964072	0.380098001345	0.553796725558	0.916479866769	1.39116310713	2.0296669789	3.52597431419	4.65170908535	5.10431705899	
0.103520876884	0.154169788871	0.385698279027	0.65300472482	0.85844704766	1.39350423962	2.16219043794	3.12933293859	4.54874867558	7.44340597853	
0.107576169089	0.133536771268	0.452498916242	0.610477474878	0.968664786914	1.35582678225	1.93292504631	3.10449691037	4.3219634797	5.03002854082	
0.0941706647065	0.177667822035	0.315516442238	0.644376020356	1.01193768636	1.54343859015	1.99801068751	3.04562196719	5.1160965039	5.76900486252	
0.0872523523883	0.15601805462	0.322311376961	0.569631042992	0.831846919224	1.48748160004	1.75157959724	2.93139382617	4.8585659842	4.83731663465	
0.103487337836	0.154140076034	0.340157469552	0.635018567135	0.949092578923	1.56079911731	1.90343941275	2.81201518846	4.47806785737	5.19061454665	
0.0977969192148	0.133920029257	0.337655648533	0.584346973978	0.90349804123	1.49754909387	1.69874278595	3.08451707283	4.39510633337	6.09193279034	
0.101153233211	0.131308935149	0.37229966715	0.660593875616	0.940015195153	1.46142199855	2.54304372861	3.67339284156	3.92962130381	6.21952163026	
0.096530780462	0.137093669916	0.342436828949	0.544141814411	0.913557865455	1.54489321327	1.88630963037	3.03198625174	4.08343338962	7.3120333431	
0.0978462717985	0.149331061612	0.384872963592	0.6262157044	0.971265760753	1.41580205028	1.62553226592	3.17099494366	4.33326450998	5.50028757693	
0.102177958443	0.148592904065	0.372498290877	0.52136031329	0.833503533839	1.42266380321	1.94455146708	3.62818370123	4.23740358756	6.87884858296	
0.114830733007	0.151486338005	0.336450169946	0.722595163871	0.898962127222	1.44409946289	2.34623156584	3.32930809831	4.45183584409	5.22032593776	
0.116711914806	0.158384213366	0.316768918855	0.673023319127	0.794925059201	1.28714061376	2.22319522507	2.48545664698	4.80342820912	6.27719858779	
0.104106639066	0.177344433489	0.388043529275	0.611599059365	0.794812435251	1.24490608003	2.23574799526	3.50856704691	4.37234040239	6.57209947406	
0.104449456245	0.154978957583	0.310457106945	0.536413283821	0.900275729425	1.41472189225	2.02186059708	3.33262443878	4.54878826582	6.02375676041	
0.092985023823	0.136343543788	0.400867943322	0.675448189096	0.869365814103	1.35241982952	1.93189951044	2.7749858119	5.05264917803	5.31598346772	
0.114191720957	0.152114177836	0.403156374503	0.657930712597	0.994022114847	1.54527315518	1.6858289597	3.070289995	4.49178615423	6.52624475273	
0.100883176608	0.151099486193	0.356540560684	0.528894459426	1.05116589261	1.10634728073	2.03979359905	3.29658509727	4.89719570005	6.59443818835	
0.0979085732596	0.171794518147	0.379754090323	0.498334214046	0.92097650334	1.29013103892	2.2164505858	3.86815397333	4.16380848304	6.08920532816	
0.0935411544024	0.168643432093	0.340935795531	0.554112362654	1.00475116321	1.40068613322	2.21459878147	2.88141887976	3.92546082094	6.24158050189	
0.0998285867446	0.130867538644	0.370027833164	0.622641848344	1.1166668462	1.50187715445	1.93640354704	2.6051817112	4.76850458026	5.71537188129	
0.106988899556	0.147329236002	0.39740524732	0.503814789183	1.11131757331	1.60435387375	2.52135294817	3.57955159928	4.49663682928	5.53666605422	
0.111439442158	0.173098361964	0.389373819906	0.56447324906	0.912772448309	1.53867821059	2.23480271125	3.2545133229	5.26187868575	6.60242455005	
0.0998647767213	0.137251230551	0.396408971076	0.637867211683	1.00913177933	1.34154646531	1.94501619641	3.61548454565	4.76371257496	7.10342033994	
0.126147670695	0.13577965536	0.377702681889	0.52643682399	1.00520560524	1.53927351876	2.12161083475	3.69439753009	4.90937868194	6.46764664702	
0.0885964912322	0.160136171844	0.405030005207	0.597989686425	0.894482541539	1.35499281532	2.17772052508	3.48774961779	4.36426083336	5.08678453541	
0.0951594155641	0.157275583673	0.381850838126	0.622271547094	0.98280017624	1.33653124955	2.00313506282	3.4311688093	4.20716799244	5.48120016858	
0.0919182843768	0.145280889235	0.408951223413	0.646319687434	0.978430565489	1.66832918139	2.0132770499	3.12828992529	4.50339769607	6.20792491822	
0.0981710703369	0.165784548019	0.348081400409	0.580889773575	1.05812067442	1.23218139165	2.43990943365	3.34866149352	3.83360749194	5.74391173478	
0.100881220469	0.143592790282	0.341076485692	0.572201559097	0.989967377318	1.26329641088	2.22324274522	3.25348529738	5.1229319163	6.27782903698	
0.106206264861	0.132203074193	0.389909483699	0.725356156207	0.788653857523	1.32574547563	2.05037959176	3.54897362314	4.82503532585	5.62792396554	
