7	56
0	0	1	1	1	0	1	1	1	1	
0.417471080305	0.536216972654	0.820829130977	2.22067944369	3.28291501679	5.28332205806	6.04843976913	
0.456591409688	0.641837997834	0.955684661872	2.30012959511	2.97288219316	4.38184014788	5.20847839656	
0.397670157375	0.584864891866	0.830085194051	1.64112324686	2.78792265429	4.71600281537	5.81109940571	
0.399013311335	0.506890757099	0.833519974978	1.7702856326	3.7284841213	4.70926889927	5.65421451476	
0.3273841634	0.59644862248	0.752496512356	2.26579527325	3.15748466867	5.13280796403	6.2732367521	
0.363648471839	0.448105504102	1.09871212049	2.08814047257	3.44185232459	4.48640086352	6.16692290697	
0.346302888813	0.541434592699	0.780469286105	2.29279908488	3.630091401	5.40265392687	5.5229515139	
0.361499174917	0.637978925781	0.94850570152	2.14877581176	3.24492368731	4.25119199231	6.06118134661	
0.400689112982	0.423083267001	0.882293467702	2.51282530143	3.4763921134	4.14667078234	6.11156747749	
0.40431147442	0.599187367251	1.11651604929	1.81535553627	3.13101423701	4.47924846004	5.77503739333	
0.358228699495	0.54961233628	1.14489319134	2.16230400031	3.56169552152	4.4770479459	6.61695476364	
0.362853403248	0.707062490962	0.8049067366	2.07727887279	3.08983017062	5.02870562496	5.40590679701	
0.36529787894	0.596627854302	0.908110368595	1.79578764828	3.1342954732	4.86066805562	5.70224134674	
0.395565376206	0.649009232711	1.02507764896	2.31009348388	3.55640619681	4.72478589505	5.57791389479	
0.391218124321	0.575033234199	0.934539532197	2.57744017865	3.85153672574	3.91799961369	5.76044168064	
0.381790099951	0.611666690791	0.923271936246	2.46410819241	2.96625941373	4.65014499249	6.2154829578	
0.42368397506	0.638396949493	0.962516151869	2.49114008459	3.56031222248	4.92052306524	7.14338061077	
0.355055781231	0.64464152156	1.01755478383	2.061024364	3.40489136408	4.42963365108	5.34246531906	
0.389317328699	0.610255465631	0.881874867329	1.87678858459	3.44786374317	3.95725321714	6.23127334656	
0.376876509951	0.58996676857	0.976282932001	2.32558647872	3.34614569721	4.58307428937	5.54622369523	
0.380772829974	0.596463971288	0.880831123223	2.24287933701	3.5909777338	3.95743530592	6.70757845795	
0.399365168797	0.604098678238	0.992268952851	1.77504287666	3.6481064598	3.93317675359	6.26345781928	
0.392486767392	0.647562879255	0.962606106741	2.47553027699	3.96293159184	4.74381829522	5.97690457935	
0.399284169981	0.610302093565	0.947826883906	2.18530739158	3.06176115112	4.3919000139	5.97397774013	
0.346602943549	0.658165232846	0.789016113007	2.4282460555	3.18927051174	3.96320298606	6.60383548281	
0.408342867537	0.596195171311	1.10438578762	2.3766454748	3.1973848151	4.52285283385	7.10349981419	
0.41273453289	0.508181723947	1.10593369203	2.46833329546	3.38318193696	4.25027100492	5.99870933052	
0.327378524547	0.568724872102	0.831808513071	2.51512048393	3.25050724365	3.35949935371	6.15801208822	
0.391460120839	0.618692471103	1.07147048779	2.02036541455	3.43255096314	4.49520099911	6.17419596969	
0.36741403732	0.630876654574	0.923412097758	2.23007170116	3.32450658117	4.44198648733	6.15901073241	
0.383089570442	0.619967096807	0.890628446675	2.10823346214	2.75828993291	4.12095237651	5.00047631627	
0.352348832229	0.679370142691	0.864117292033	2.563450677	2.98700322326	3.94527426631	5.95611383167	
0.389300745758	0.53518908536	0.928059106181	1.75454652954	3.27957352571	3.88417669839	6.26989449032	
0.354833884524	0.613390549726	0.948214683788	1.98849221327	2.5336399035	4.57574626158	5.67190501806	
0.375515974612	0.653417410624	0.996526338592	1.87597275235	3.37589224492	4.29527098113	5.93051413948	
0.379606840233	0.652893024159	1.10013990784	2.01525649251	3.56394938681	4.53409667952	7.26115775917	
0.402555271132	0.641850236308	0.896187884136	1.97792585892	2.66830897632	4.5649537201	6.3399063218	
0.463968791561	0.62470578045	0.950561695025	2.28265840691	3.60202055701	4.9513090569	5.17372498378	
0.31511747766	0.646617095623	0.911017441041	2.18827591245	3.13646441119	4.5426613597	5.14172751449	
0.399612354488	0.544939138486	0.796729051542	2.06297461899	3.0857925605	4.59117528741	6.56770133685	
0.362957571031	0.639855475855	0.956071764521	1.99028252295	3.49786434511	4.01511255639	6.92665924875	
0.381811524186	0.73131519797	1.01752348428	2.04037511627	3.74201367554	4.63384260368	6.21509700622	
0.378750410945	0.700709096974	0.959312940347	2.45516254598	3.17494792597	4.76361940908	6.91004420211	
0.451197809417	0.616976733786	1.04831815451	2.17356350925	3.68044077751	4.30398413463	6.99627822975	
0.382895131339	0.574304085418	1.11960089758	2.27088282868	3.31072554336	4.26778221068	6.44180354396	
0.386389954445	0.524866747473	0.932039666542	1.93393049455	3.01323469437	4.47315362181	5.06255543148	
0.327046310677	0.628510321168	1.06518382233	2.20781391931	3.43329258121	4.60484119883	6.61032745506	
0.376131430168	0.737662097087	0.993692489923	2.1663220494	3.06008069989	4.27579916556	6.06847325816	
0.361762317646	0.526283444286	0.929207259867	2.03298378256	3.33204476452	4.41349159422	5.57915786675	
0.394656540962	0.585721834781	1.08426116461	2.25468214203	3.10908422442	4.02694970059	5.55333274761	
0.437891513054	0.5629366145	1.08390963428	2.07980916575	3.26848475227	4.21398978998	6.193624355	
0.301283649015	0.597746286408	0.819269682805	1.90559723955	3.24283393552	4.63478245081	5.9589432492	
0.366976051349	0.633775374318	0.997137231184	2.40778052332	3.49835042164	4.42678976034	5.71702989652	
0.391600790299	0.569557250285	1.04268236647	2.17460684885	3.33715392533	4.30991986476	6.15341026427	
0.385823478978	0.594023434995	1.01166704554	2.13235549138	2.8877631554	4.50624418889	6.01213686653	
0.420495381656	0.646500048614	0.909445784792	2.10209109719	3.29991892294	4.76994585185	5.30994012661	
