5	41
0	1	1	0	1	0	0	1	0	1	
0.135336568118	0.371283151725	0.925956643667	2.75239006167	6.30855285361	
0.158580861626	0.377636741354	1.03456486247	3.14142489993	6.33876355554	
0.13470503492	0.379105018267	0.913785054015	3.32322507466	5.7782838427	
0.148027911065	0.411389792515	0.889380925937	2.72786244226	7.04975034252	
0.17072181118	0.330894017586	0.994142825888	3.08653319957	6.1580923292	
0.154413361935	0.371092503588	0.8571097931	3.025574158	5.45028485071	
0.137522666877	0.377447224978	0.863434321013	3.47166692136	6.8923476932	
0.141299201379	0.38909737102	0.976470715258	3.40340073805	6.04557316075	
0.161140236275	0.398325460202	0.814897394724	3.53247572093	6.53237450236	
0.138550708437	0.381441637747	0.993549596331	3.18197300864	6.64378682866	
0.185458087419	0.35013253076	0.801562851907	3.34874104357	6.43293750308	
0.146537004392	0.435223905206	0.805509660626	3.47519855249	5.63648350754	
0.175790668593	0.45571558342	0.858700937336	3.07139393083	6.51575273219	
0.144193040253	0.378274373719	0.93236112311	2.62610622424	5.99169735234	
0.139654083389	0.361261332749	1.06425777632	2.84163525936	6.48792311205	
0.145815556045	0.369369113597	1.00350458633	3.36051667073	6.34236779833	
0.164522769908	0.367410281439	0.873061983691	2.89732607887	5.50475368201	
0.19423641638	0.427297824068	0.804350083943	2.82020116406	6.28911963703	
0.158208971961	0.400857585742	0.9062891112	3.2092273655	6.1967277145	
0.151288395094	0.295666585836	0.908628634357	2.97329290887	6.10512685135	
0.194778885039	0.393964303288	0.900841739186	3.54958548814	6.28961273233	
0.156301417357	0.403060322542	1.12125855153	2.88246125852	6.28417924609	
0.13610428305	0.401109480561	0.844562154432	3.11435578558	5.82294605146	
0.16463725079	0.41490126887	0.81414828399	3.26785358607	5.57425208715	
0.13112242634	0.371753352084	0.901311100674	4.03868285806	6.25977589522	
0.129335737489	0.358538587842	1.02498864647	3.92874390118	5.04841001266	
0.121801134223	0.451096676664	0.966234118495	2.96780486214	6.32077745167	
0.110463783915	0.380128269251	0.960487369074	3.55038779535	5.39166242862	
0.151285307421	0.34483386421	0.953750689278	2.95901244523	5.7551394965	
0.135062769078	0.404743177189	1.00983595385	3.17374831476	6.02294279698	
0.12827112878	0.368612287376	0.925330970615	4.10175775458	5.33281978454	
0.171962658581	0.417880633392	0.956099185618	3.82155165736	6.22326328356	
0.155837387935	0.377981415185	1.04379190606	3.60635250099	5.6245936275	
0.130211292081	0.372286735779	0.855596413511	3.22935451325	6.74246288081	
0.143140475174	0.37837271151	0.935396114337	3.52574003672	4.65186639961	
0.140899495579	0.388028780307	1.04160734295	3.09013170456	4.87406837637	
0.159295671689	0.355856229225	0.819361000705	3.04708774834	5.88928478541	
0.140928830032	0.29618848983	1.01342715631	3.66433438842	6.3909131948	
0.132934714944	0.37234332171	0.929393517684	3.44460817661	6.40100429323	
0.138987393018	0.383115831144	0.972527077629	3.7231422547	6.42270392389	
0.161835850311	0.383185411861	1.0611727005	3.38317290869	5.4833472539	
