5	24
0	1	1	0	0	1	1	0	0	1	
0.157875842762	0.441248090806	1.32493794603	1.95502366508	6.01532504778	
0.145648167099	0.336678010734	1.40499771306	1.72637371584	5.16906751683	
0.139085194892	0.335312270683	1.51077069782	1.62863671706	5.6517889847	
0.158048040611	0.400743954848	1.16760567186	1.73319409739	6.20106934751	
0.15207349864	0.323628056504	1.39028031998	2.67122155935	5.84094191799	
0.172270610604	0.394429103063	1.48764457412	2.2726656015	4.59158076604	
0.168036191851	0.331606045096	1.66705962836	2.11869907124	6.15109680151	
0.132940968266	0.395767796204	1.26457162829	2.2053310576	5.83641563102	
0.165853448111	0.305787051368	1.40369454262	2.19657838691	5.20846040336	
0.133972426474	0.429341182745	1.48214594246	2.20071625451	6.28442551668	
0.148882559684	0.37831946328	1.28591495171	1.93065876357	5.53817505674	
0.141748840231	0.327895775846	1.40052576926	2.10450254674	5.07507767928	
0.135870623574	0.34686972407	1.53094250943	2.31710665295	6.46337896746	
0.175825227071	0.368697473032	1.31477354439	1.46707354765	4.85469007305	
0.152274984489	0.367104871639	1.37479357423	1.96580373545	6.82675690811	
0.14765320872	0.389625074683	1.40195772763	2.44728476883	6.3375781609	
0.140893785895	0.377234791189	1.45666772825	2.43209184548	6.08481918075	
0.147767847313	0.417848591535	1.32067975236	2.33358940047	5.15787521746	
0.1656133492	0.3650592477	1.45836940573	2.3057275505	5.43211126935	
0.169282972129	0.357423127268	1.34361446048	2.23804628048	7.0122207332	
0.135981240382	0.352146587895	1.54357688165	2.12983933406	6.69730268881	
0.15678555313	0.326164054726	1.34549908138	1.95716992613	6.07327529061	
0.188496867323	0.394319998089	1.21826054197	2.33240405431	5.98602641754	
0.16752224978	0.327000935524	1.55877053316	2.11008721409	6.65658338431	
