9	38
1	1	0	1	1	1	1	1	1	1	
0.111952226885	0.158231663502	0.503226252538	0.954408342522	1.54165359348	1.76991272504	3.17086617144	3.83597353766	6.34792562307	
0.101722379436	0.163711083486	0.618135242598	1.00304359018	1.65856420757	2.04771804587	2.84594649779	4.82110330245	6.40465890111	
0.0922129831646	0.146458344238	0.68298553712	0.998257910959	1.67931617147	1.73394990699	3.30249139522	3.89177082263	7.30337854677	
0.12606909449	0.131895018624	0.607213864449	0.9707625458	1.3158653944	2.40695178544	2.95369878342	4.48729060434	6.09213516438	
0.0924132615432	0.14007703223	0.48013414641	0.877330082382	1.32207130189	1.99699073027	3.00841202002	4.29485935656	5.43733585499	
0.109012708635	0.14462279356	0.678518607068	1.02043833093	1.70262066288	2.22775291262	3.22482626199	4.07764407444	6.05706382706	
0.0912405232382	0.120400861769	0.635696670391	0.985904011864	1.55988159326	1.78446855178	3.71021993594	4.35533195644	6.0345961359	
0.0941016721696	0.140899039631	0.587585548518	0.894260016456	1.35097526685	2.54345172881	3.23760015358	4.14682582967	5.4897230052	
0.0873861185358	0.155534519464	0.484326999766	1.05064929233	1.23327009188	1.75829878099	3.29944560489	4.61429386924	5.8100290827	
0.0716045674213	0.1370716455	0.67233914655	1.04278684239	1.27232366531	2.15994843911	3.09837422889	4.19688408695	5.96834385849	
0.0931915795702	0.154985067175	0.717623146784	0.939238840516	1.40502762989	1.92319602342	3.98334972154	5.27617862391	6.4792830737	
0.0824877102296	0.152467696795	0.594955458399	0.738844874254	1.24932599845	2.30399586979	3.3911332543	4.29692383412	6.33207520356	
0.102140069906	0.141342754616	0.494930284778	0.901852681191	1.5596869597	2.21346297308	3.06378444173	5.2918441188	6.4899709453	
0.103154109751	0.138736457787	0.691474616445	0.909070177085	1.54528064499	2.33618406237	3.18021129007	5.14457388374	6.9605761147	
0.096264163523	0.156826746352	0.519246082754	1.01890233944	1.83498758694	2.31455154404	3.14811656636	4.42741479766	4.36435481696	
0.111946786032	0.159023983137	0.638551631299	0.938433857432	1.20295792061	2.17798614932	3.29109348017	4.41943838493	5.45659119635	
0.108949914951	0.152631050574	0.605940013465	1.0750583478	1.32931171005	1.85871204866	3.38870799428	3.82950449192	6.36741949593	
0.102629118619	0.156313971707	0.667909895202	0.775080519098	1.40890931558	2.13031957019	2.85859485607	4.47983115871	6.44522021181	
0.0960074673566	0.178018112693	0.508088019699	0.885255335581	1.29243074686	2.27717413146	3.49085849545	3.94064606057	6.12225591652	
0.0975114047175	0.149282427378	0.568298412375	0.982628117219	1.28217146706	1.8054539499	3.55300120996	3.86306229778	7.31554514892	
0.107395855056	0.147664210755	0.485349534976	0.918908377551	1.48939827138	2.08652835258	3.12458549533	4.24369236088	5.75158588957	
0.0928740526655	0.144356073422	0.538885732527	0.916057234886	1.5703279744	2.09117274268	3.15365572994	4.69268771533	6.0346249492	
0.09916490149	0.161096165088	0.629177062557	0.90668908858	1.48584365188	2.35799530693	3.44915759995	4.56976649482	6.02566330649	
0.0981794194983	0.14986098308	0.570254121209	0.843729998301	1.38909342602	1.60304038018	3.3706906251	4.25012942385	8.02588445778	
0.087086168039	0.154614616491	0.781539865894	1.0007085536	1.44115812108	1.96314100756	3.73320245038	5.19879019265	6.96561758802	
0.108185534517	0.164052177514	0.666496767127	0.953586049366	1.42515420771	2.12461930594	3.91208005667	4.01971469189	5.16080174223	
0.106677220346	0.153994556795	0.655232241882	0.925447750619	1.58912739672	1.89266918536	3.11246710439	5.24327387338	6.6038505509	
0.104790276271	0.144238394408	0.562721572317	0.888779533047	1.36964423004	1.8516141215	3.38409722606	5.5139461987	5.57600210809	
0.0965412565688	0.156263448666	0.511672800091	1.00335821241	1.6818043462	2.18497304189	3.22386315363	5.03801555307	5.04838492626	
0.104589838032	0.15060941248	0.508035121892	0.795774364724	1.47434655967	2.0451277284	3.3098486228	4.51679713216	5.85130936981	
0.101892487093	0.155780825682	0.586075680577	1.08955963638	1.56625747686	2.17280560472	2.87950855562	4.54041868404	5.18363979217	
0.0895227790787	0.14225401996	0.470531284507	0.954761418704	1.56348946512	1.86446167747	3.31674319081	4.07719103093	5.95068625587	
0.10973404394	0.156449345594	0.524645782575	0.944121119107	1.05998247447	1.91835436937	2.67094661179	4.59833813716	6.24112142395	
0.109321119679	0.109785206484	0.683253725409	1.04951365009	1.43859233176	2.29938641655	2.69016751084	3.87998526741	4.97876548814	
0.104732209502	0.16018517665	0.524780140459	0.994489741553	1.26525571167	2.17946588448	3.52767646933	3.92472566913	6.11169327096	
0.099651866312	0.175650197076	0.581167759127	1.08598112406	1.17653982712	2.59201831392	3.34881019893	4.38287408007	6.23429816019	
0.11862449992	0.118878208688	0.534660489128	0.806289381725	1.33296965631	2.4913069311	3.60261491163	3.98226961927	6.3500243143	
0.098443343165	0.162051642536	0.604118222648	0.916010912866	1.33765879263	2.05874217289	3.42357877934	4.09313171877	7.0518856605	
