7	97
1	0	0	1	1	1	0	1	1	1	
0.0937658815374	0.601969471549	0.706446176184	1.21794197583	3.38495121478	4.93358532231	6.51696563388	
0.0964242510428	0.635879721422	0.960350195971	1.35043940707	3.76805385592	4.97585354068	5.50560387691	
0.113334343859	0.619471335158	0.969832700814	1.19701680446	3.07790051639	4.32366241363	5.55497425201	
0.089761234931	0.697160946139	0.830924566381	1.45852076827	2.61442286917	4.24763928314	7.08711670612	
0.111022358392	0.533024879647	0.855535469719	1.63165226845	3.44958305328	4.9080588749	6.51615682997	
0.1033054904	0.543895666512	0.997486920264	1.36156145376	2.9990210379	4.87823659609	6.35236368745	
0.103298098894	0.706956119187	0.917577664297	1.50368295882	3.35452119238	4.52301723394	7.02879049174	
0.11564913073	0.524834362768	1.09220586597	1.38772668213	2.83000742398	4.3196879115	5.88035222305	
0.0899630795187	0.630191626417	0.765044147194	1.34503036217	3.43481254389	4.17105492858	5.7049965798	
0.0970249866963	0.574553887125	1.0278204041	1.14254043125	3.32084465081	4.25880349027	6.08652778591	
0.0940991779009	0.613872602108	1.0502671121	1.42176095315	3.33163451388	4.14090461708	6.22940207359	
0.0947368638356	0.618907741087	0.969854506773	1.66063443292	3.22492071421	4.63025459079	6.38302961945	
0.113611416011	0.687522062602	0.817946168414	1.52805473479	3.6670399015	5.20814536435	5.81415837213	
0.0997042165566	0.657936768851	0.896106613843	1.53637932337	3.74545648006	3.95559392288	6.14970943592	
0.101722478354	0.564188885249	1.02851209045	1.18219446394	3.50284642661	4.18542906316	6.09817073948	
0.0838494263839	0.57108648184	0.950804871789	1.42567359053	3.61567832254	4.48122034521	6.0680033803	
0.0855280495735	0.633370900859	0.743877872431	1.39513072818	3.36062331265	3.66898990464	6.67273877548	
0.0868660174662	0.503146160203	0.841951018138	1.51660862303	3.06835330976	4.1700427912	6.127030575	
0.102762759227	0.658014321169	0.968301249243	1.16315436411	2.68138003577	3.60798352262	5.95012095273	
0.111336205754	0.728309482027	0.746127801677	1.51790704089	3.42355618791	3.66353910869	6.43720675658	
0.116909428543	0.674249402384	0.931806722178	1.55251970515	2.37928690982	4.34904176519	6.3292248163	
0.111381242533	0.606619451873	0.698816944505	1.60463876419	2.78956654936	4.47925297673	5.85998446389	
0.100557534807	0.602764589101	0.977950872151	1.61083096057	3.68523606949	5.51980571104	6.54497758775	
0.104132614937	0.598390163412	0.885519503474	1.24960830908	3.35636004955	4.64742101797	5.80509702377	
0.092381079606	0.789609256984	0.936814023246	1.61640071106	2.91547195203	4.59514743572	5.49895704592	
0.0895524023559	0.641771691603	0.924955193631	1.39142309152	3.46089810803	4.48199319075	5.84467009344	
0.102391493789	0.579975887589	0.965464707069	1.11705269676	2.58448165328	4.10500580453	7.10110512242	
0.10509396844	0.595930286546	0.86804623892	1.2119324846	3.30361119618	4.3395663229	6.06671354276	
0.0986641693921	0.633977314907	0.934085987254	1.38922708735	3.56734379337	4.53347593564	5.9958550654	
0.1031837699	0.683150126357	1.14429500222	1.3570447066	3.61293893984	4.64690686863	5.69131010358	
0.0889611245466	0.624614644656	0.970022370784	1.47942636528	2.50060033878	4.71585508835	6.64250888638	
0.0955683806792	0.563600330986	0.925338840963	1.66512711625	3.16002320041	4.52575746188	5.97483435016	
0.0938710481789	0.558127996382	0.814056556527	1.58804496527	3.48155344698	5.04363704658	6.25054740361	
0.0904717421141	0.674612417366	0.95231913764	1.52059198982	3.33695089288	4.33994261888	5.82076034927	
0.108274064305	0.662308354357	1.00468913982	1.46056195046	3.04814650951	5.01911454499	6.36590010672	
0.093666330246	0.636090591606	0.883204281844	1.55792762046	4.11793421319	5.12816793921	6.91185116776	
0.0983035710913	0.605323763722	1.24805914923	1.30194938557	2.90176649257	3.81649674672	6.82810837668	
0.0885765316077	0.505024810375	0.872107795626	1.48307284259	3.04032261222	5.00113296851	6.25717217763	
0.0972093866613	0.57534007355	0.999847321222	1.51870069544	2.68163590753	3.95314665293	5.29293937191	
0.108925781818	0.616922715733	0.908435990881	1.58467615689	3.24665730254	4.69424100747	5.38595057584	
0.08391207527	0.716010684915	0.903889774175	1.5222503526	3.09287134542	4.82437573071	5.82052754079	
0.101956428842	0.65156360006	1.00720675566	1.53206602375	3.49506917583	4.30084618674	6.54151052296	
0.102466597501	0.570323596154	0.972180457451	1.41294476546	3.1874088249	4.53890537622	6.10689395917	
0.0796521863311	0.645236082933	1.04349644279	1.43927391974	3.44352147157	4.30639599093	6.45191776204	
0.0990087038242	0.758756888406	1.03956043498	1.46219069933	3.15566808738	4.40444236471	4.82917378779	
0.104772816258	0.76188866017	0.966670171862	1.36845013374	2.99443658888	4.36047455018	6.08611256127	
0.0877853825492	0.607459183839	0.912095609915	1.55900543019	4.0841511849	4.7177013693	6.61430154729	
0.108853472449	0.609116539019	0.947301050897	1.26681020354	3.36756539659	4.4904700669	7.08002080085	
0.108086394359	0.720032570275	1.02232873775	1.19156183096	3.74685950165	3.98867644728	6.56456081846	
0.0944057778212	0.643142716547	0.982494613904	1.42499616311	3.72691153923	3.90590021161	6.3402941055	
0.0925554909254	0.582668190185	0.968549886746	1.58419592671	3.2503264106	4.53009937533	5.69976222339	
0.0975353677314	0.578045081712	0.898301050509	1.44505076113	3.14152126896	4.74620729234	6.88757400153	
0.103235824715	0.56674949188	0.712053593431	1.45976627613	3.28290386558	4.90584036009	6.13519951461	
0.0999844926848	0.521257477597	0.851136063923	1.25185336209	3.33344293499	4.86690921402	5.91848897768	
0.113537437325	0.655532062629	0.915918434108	1.70132543369	3.01316621637	4.81561088179	6.26181783633	
0.0967270997605	0.627353726869	0.981491836058	1.61457267069	3.26285496133	3.88461551118	6.21811473378	
0.108862038992	0.609565291288	0.871212642825	1.14041082661	3.38779437932	4.68492624715	6.27427655697	
0.0893136852863	0.603708775573	0.916752813561	1.41642467432	2.83079896712	4.75621079523	7.59231588832	
0.0945813396671	0.61968572935	1.00063320492	1.13549226754	2.77376197947	5.43783825223	5.49307091986	
0.105743973282	0.593838354654	1.03427056135	1.33869492659	3.05621689313	4.19659339084	4.86841447452	
0.099651799881	0.605530344889	1.04923701703	1.29473837616	3.10664572873	4.92661185258	6.18456519247	
0.101992010268	0.593191490217	0.995816677638	1.45665260255	3.42630312301	3.73245607866	5.97303654327	
0.0857552097016	0.527596901069	0.911035344353	1.51636413387	3.28668657366	3.91411159965	5.679300841	
0.098361145863	0.640213979075	0.944414571773	1.52636708655	3.51571919826	5.02529896744	6.23433142638	
0.10874351525	0.597482445158	0.883311566833	1.59306850942	3.24673337627	5.00374774871	5.27382026912	
0.0968602279365	0.534279119551	0.949573560763	1.50524155545	2.9284391493	4.6140753204	5.75308099599	
0.0915315447556	0.547015162429	0.8819828696	1.18026249919	3.11980225808	3.98440358988	6.01746262861	
0.105139004815	0.579328489411	0.900547830769	1.67018254816	2.71294466807	4.76854454809	6.80417722343	
0.10207377505	0.658071540061	0.870541041517	1.5108492945	3.15332135831	4.59776605665	6.49143593957	
0.0942514066336	0.720282225397	0.737869087058	1.41741506808	3.26153830057	4.88387231949	6.33531095485	
0.112121509671	0.582388022356	0.768652152771	1.6257817473	3.21288484371	3.94074043289	5.54390186216	
0.097764805642	0.59481584894	0.903902494394	1.14059119045	3.20647840389	4.54664238493	5.90784924521	
0.095672439881	0.572904666302	0.829326271197	1.29935887216	3.57585330616	4.43689504068	7.40401120414	
0.0959811298969	0.658060109838	0.922339422518	1.76722670337	3.17884583523	4.20853112438	5.7894425022	
0.0871480003937	0.552608475456	0.953443001201	1.50296848531	3.54777401735	3.57496706363	6.24213444035	
0.108431893877	0.592213162003	0.928099357684	1.39749144201	3.64487934195	4.86246363106	7.17616501281	
0.107969108356	0.490042630796	1.09061782173	1.48504318614	3.68609192428	4.37839733229	5.80285624263	
0.0936958273419	0.667180752774	1.06874575231	1.28939343869	3.71514511041	3.94479699983	5.00835571537	
0.0836915268089	0.469951154595	0.989708657962	1.15576458396	3.05709791325	4.70190911802	5.50999395465	
0.0955135722427	0.682166582983	0.965430168567	1.54601554373	2.72825733732	4.9164166682	6.57886082616	
0.0912807951247	0.531745876471	0.816555208309	1.38749800715	3.36236514939	3.80256699788	5.8745001346	
0.0970998338006	0.542836866784	0.836363997023	1.24319368868	3.12590513852	4.43375364796	5.90664420038	
0.123066981015	0.695817770014	0.864210511772	1.1985165553	3.21354620075	4.2186348166	5.69804989971	
0.0856675311524	0.625263963042	1.0188720616	1.5400823977	3.51052496204	5.09426425093	5.36125581838	
0.102833614536	0.569237552005	0.942511798379	1.510315545	2.77064424226	4.33196967968	6.08527942795	
0.0964516506624	0.657857945264	1.06987659095	1.44235328694	3.63084088383	4.0301296392	5.39314801326	
0.0987142576428	0.606762771128	0.873447039898	1.61643320476	3.45632038678	4.12869583947	6.35085071436	
0.0791305536701	0.605627249702	0.875845016831	1.35939823655	3.05664015848	4.63111614424	5.97540518099	
0.107469268981	0.60428501476	0.861328479926	1.63664555467	2.88401827567	4.22489285387	5.15219096212	
0.106987574751	0.590567654289	1.0114852055	1.47824312652	3.24475527287	4.487459509	5.70128729337	
0.0978738310721	0.566306040531	0.823832006285	1.63684141611	3.66762760597	3.64487799924	7.13252231871	
0.113573063017	0.601714467894	0.94071250806	1.59666192387	3.70789167828	4.5385172326	6.13231315904	
0.103005180922	0.656073608454	0.928712075989	1.37499737361	3.37382739685	3.85678392585	6.53330093925	
0.0885976059777	0.50957547528	0.945742660465	1.36977491073	3.11493150546	4.94109737968	7.38342023494	
0.0906132796661	0.547003889622	1.03395142291	1.50738462849	3.37946850544	4.48781405592	7.10270934866	
0.097879678686	0.63379218495	0.929328231267	1.47001784842	3.47372058	4.22666421569	6.46295786892	
0.0960493083423	0.602388683248	1.02338228724	1.36509674099	3.51940213666	5.00515274385	5.98646962686	
