3	37
0	0	1	0	1	0	0	0	1	0	
0.35208996727	0.86722092751	4.08641703416	
0.407185133365	0.949609324006	4.12384733147	
0.334130275435	0.88436939091	3.91065400707	
0.412285174508	0.787544289825	5.00630770327	
0.392300527172	0.994531003229	4.38278707434	
0.364089791994	0.992670169918	4.534686637	
0.322817313461	0.945229287376	4.3333661603	
0.401063635654	0.929073449846	5.3337228501	
0.36769043785	0.863057119347	4.32763738539	
0.333885323036	1.0090084467	4.85611425575	
0.423623271547	0.92629986954	3.59555692039	
0.406156694617	0.971822407771	4.97491811073	
0.371141230745	0.891540590858	4.00750407593	
0.377815906655	0.776857934589	4.1546892759	
0.421625028167	0.93043056033	5.87360118691	
0.310343523452	0.919170647951	3.68152804293	
0.403692717235	1.1622707605	4.25915552359	
0.39664374001	1.00016166783	4.88680020239	
0.39665866689	0.876039941006	4.33670971171	
0.400317319331	0.902475595035	4.3411361809	
0.414532300113	0.886439091185	3.83032427892	
0.338208323351	0.883664501854	4.0577356068	
0.399041416625	0.869410522677	4.10278702253	
0.426287234498	0.8670148723	4.40432523443	
0.421822859645	0.741924912438	4.7776659246	
0.336889006538	0.877002525799	4.09928532956	
0.402708786987	0.975415671962	4.11260756286	
0.362851868265	0.936328673305	4.09199596663	
0.387311089167	1.03632087155	3.70654921244	
0.364540842837	0.831612874707	4.70883530559	
0.397634957209	0.959210009271	4.17096627269	
0.454996277548	0.942334748137	4.00383319953	
0.322957870855	0.936411070651	5.27147147548	
0.361501244113	1.01027376228	3.61681510848	
0.378744895555	0.95446827925	4.06505934167	
0.408154249125	0.8901172105	5.06696602483	
0.388172813065	0.922793157648	4.30496654301	
