4	88
1	0	1	0	1	0	0	1	0	0	
0.110425897885	0.38198135239	0.922937419465	3.87795667437	
0.112679785921	0.437772094316	0.944194352254	3.28242336292	
0.109541636609	0.34105832203	1.01709155385	3.38436374001	
0.0986879381477	0.412268065346	0.879425074596	2.88046911523	
0.102396480852	0.369444728371	0.888443076254	2.77047343512	
0.0908843934489	0.398433375608	0.923947936275	2.91671916022	
0.0998864577513	0.414345845473	0.803605069817	3.22439284447	
0.100091899041	0.38189152366	0.91350125114	3.47655566081	
0.123570423239	0.366078766843	0.756132766503	3.95628535099	
0.107521731112	0.392885170342	1.00243941324	3.17094876964	
0.0977920223849	0.435014033713	1.06566658531	2.99796931902	
0.110322901361	0.377371420739	0.908447457503	3.33938220417	
0.0987278315876	0.403794294962	1.05379437448	3.70345644181	
0.0831901439412	0.332839258738	0.892769028974	3.37313195859	
0.0976842150652	0.378214130524	0.885565955574	2.90270897189	
0.0948590739173	0.375274565707	0.889184450147	2.55203737696	
0.101976575957	0.377282757618	0.997904807774	3.13034702816	
0.0882474716768	0.363057303939	0.772478497225	3.43904500307	
0.100646795201	0.38072541169	0.883356875301	3.34379681011	
0.0820655763343	0.347640280574	0.96576352345	3.83962011142	
0.109545089706	0.373185570349	0.929823271988	3.58375092612	
0.0737828204303	0.335830670054	0.935404901151	2.82730676324	
0.0908495796361	0.354280627351	0.870669654748	3.80866238836	
0.089054637898	0.383103005823	0.911615211599	2.89518112419	
0.104174577496	0.386093421152	0.786498620916	2.85282441219	
0.0917953584861	0.458126568937	0.955660014031	3.25822264655	
0.0893130920792	0.370632427615	0.955537611781	3.55449050333	
0.107793565832	0.340183187964	1.06605310457	3.39692139542	
0.0794053415703	0.388275871076	0.904902350008	2.8196458247	
0.0853027143741	0.389094753061	0.739650021093	3.57199583803	
0.0994918105986	0.374977517211	0.997963049774	3.33833195142	
0.0817294669689	0.381451008452	0.890068741311	3.28800896898	
0.105442308214	0.346031472412	0.73612090209	3.64919933356	
0.109511038299	0.355982401844	0.975761358429	3.14760543157	
0.0930468702957	0.357747888676	0.887122377524	3.32172704441	
0.112868944135	0.386601463756	0.787741607457	3.32686196354	
0.106402737579	0.359922126968	0.842244242272	3.35358461056	
0.106431743125	0.288498164632	0.876451140217	3.40354847275	
0.126764923546	0.328869237309	0.95329150666	3.29114123566	
0.0904057698152	0.395387048836	0.897025877088	3.25385929047	
0.0947171558174	0.371133504761	1.01091675992	3.51326171412	
0.110186488173	0.431816031111	0.861762083063	2.91631083335	
0.0889081003824	0.340577823138	0.950177989601	3.79049928388	
0.101110550202	0.430018442467	0.988300645914	3.30557647807	
0.0956881897974	0.334615462549	0.758368851781	2.7448498608	
0.0926946963129	0.362337833368	0.929433771814	3.25438847874	
0.0899648246563	0.355709354276	0.96348683744	2.95374391649	
0.0989974396206	0.374529728107	0.776112453702	3.36913718819	
0.0988525303962	0.46003982171	0.994320266576	3.18130923063	
0.0879601735539	0.317458625834	0.888829003196	3.58375175692	
0.0881598505121	0.33194234005	1.03222399474	2.84222228563	
0.107744695827	0.393536324108	0.955796875691	3.47806842503	
0.0972083858936	0.362770028109	1.01175173289	3.37614598156	
0.0941951733892	0.355380773169	0.818860385567	3.57264193342	
0.109869655593	0.401674466681	0.944675136013	3.28844870087	
0.0982378262794	0.40820957476	1.07953877072	3.10929454438	
0.109474490187	0.317548466825	1.1030456829	3.3081188552	
0.0912111178209	0.407700423274	1.12278897428	3.65623417897	
0.1158769222	0.359379463791	1.05597801782	3.83179272303	
0.091869659059	0.377214641824	0.973117177819	3.05071404594	
0.116247200149	0.364637857623	0.915162705233	2.82604118593	
0.1161992888	0.407813928347	0.933747990974	3.2593121273	
0.0952525322329	0.376139726142	1.0149859118	3.21172323823	
0.0928515869545	0.401374577749	0.77483510624	3.47744542235	
0.0916190696334	0.321047256322	0.939203346069	3.65586172665	
0.107909927142	0.431112919839	0.855131981361	3.30194291765	
0.0906203437227	0.463183784236	1.0570301824	3.39503824026	
0.108914463226	0.360129574864	0.970588169937	2.8151548806	
0.120050648522	0.393332432464	0.935962679826	3.41382876437	
0.111966608411	0.38193749898	0.894460938578	2.79887962295	
0.100179148766	0.436185587912	1.09357014882	3.50240836941	
0.0936565775363	0.381207252753	1.09763784938	3.29676973077	
0.112363559906	0.393973350394	0.880362866575	3.13883281066	
0.10880583773	0.354343720421	1.01836524411	3.05249277385	
0.0923685568765	0.414569159767	0.845766044236	3.47058449084	
0.112549110072	0.32829979008	0.960665034788	3.80530074797	
0.124475652229	0.393719512124	0.896198327157	3.17025320893	
0.0894717011169	0.390190423751	0.950619983364	3.61145375887	
0.0844141132369	0.382152475185	1.0118124684	3.5466467272	
0.114116081396	0.399510960525	0.856921750422	3.5464732976	
0.102925041349	0.344114721453	1.06625172477	3.18448777184	
0.110477248115	0.414230464627	0.845333990804	3.15353668398	
0.0914988069005	0.361396395054	0.872736423485	3.04584221485	
0.100188889285	0.395957162887	1.05952082197	2.91852566399	
0.0998983381777	0.398781641691	1.15326817564	3.28776547711	
0.094427351254	0.353830696757	0.845027793191	3.8843130351	
0.0925192521052	0.348551654122	0.994251081695	2.85134838627	
0.0896689122088	0.352949910337	0.943671823712	3.27798073128	
