9	29
1	1	0	1	1	1	1	1	1	1	
0.100700872211	0.156871557468	0.648365130731	0.897933547966	1.53133082895	1.88080194837	3.42535163842	5.58883104257	4.81908709131	
0.109874345192	0.17286103695	0.538118934779	0.949857655893	1.52524246303	2.30743045336	3.4904459326	4.78197823062	6.2863109582	
0.129346246397	0.154019503148	0.625500199278	0.90910629185	1.33066327994	1.83792030306	3.48164926678	3.84448679829	5.40942941219	
0.106757038316	0.169726692869	0.617064342461	0.896998744272	1.41580658632	2.39899066909	3.16426878783	5.53679737754	6.06349527643	
0.0922056483512	0.15164746161	0.602014088344	0.851194244236	1.27351981607	1.96032767457	3.42067217336	4.92030631805	5.23259432775	
0.111996963192	0.174201459223	0.600936061744	0.922690291886	1.35067876566	2.16245557704	3.59286897353	4.32804845601	5.45728767051	
0.108883121839	0.154923913073	0.659771456935	0.932612910479	1.44062825907	2.31691512259	3.52170673733	4.08020442189	6.43793566785	
0.0839571243325	0.13299605634	0.559316856141	0.829470104633	1.3675918479	1.92696161284	3.24641080084	4.73364754687	5.49228861341	
0.103079040384	0.145325979742	0.450978460552	0.884834544082	1.59824812892	2.2924123931	3.22631833632	4.00200519506	6.50775102634	
0.090292063685	0.142623267639	0.561840391186	0.9011156774	1.25608532637	1.73770555799	3.4571579789	3.78761426656	6.29631539055	
0.0862009772054	0.162075474972	0.586870863622	0.787116970187	1.28764046831	2.0879582552	3.02292089944	5.29148995557	5.51614467866	
0.107889250467	0.16070388257	0.659235821037	0.946978532921	1.45240002559	2.36856211079	3.14724727455	4.55852629713	6.09538055114	
0.0944384087047	0.140883037052	0.629361492475	1.07270274295	1.45291809528	2.38716698674	3.61439296248	4.13047645791	6.26148448789	
0.103775952342	0.131073457531	0.610963896221	0.74141868011	1.37268006207	2.26197799937	2.81185067722	5.25970835611	5.78980349293	
0.0937630416428	0.163844365995	0.498598974396	0.924479256962	1.56607443208	2.43507535175	3.61850809544	3.86277226464	5.58926847418	
0.0968748330334	0.16401441541	0.57641799891	1.1379040832	1.39109127859	2.22008904268	2.74055298964	4.80573136266	5.57262334528	
0.107424565724	0.171151489574	0.55750432649	0.876607270151	1.54376479123	2.27954319022	3.28216352394	4.09173885381	5.8747313113	
0.108033344552	0.161547006552	0.638269925755	0.953664774909	1.13469705318	2.31590888006	3.38260278476	4.38699135497	5.82574232463	
0.0920864676774	0.141321686132	0.617217594594	1.04864821018	1.45796030634	2.10772016408	3.1969450757	4.25111537162	6.11138480483	
0.0896809447291	0.150042976793	0.556724208595	0.963586407123	1.6753232877	2.24691441179	3.33257312322	3.86657716971	6.53873357917	
0.109240352356	0.132563490356	0.572813938413	0.954646167267	1.55281590672	2.32069828438	3.79098376628	4.38540208491	6.56464171624	
0.105800374678	0.162843440503	0.627374277527	0.92608563424	1.45842846834	2.40831630032	3.06527160771	4.45863029739	6.14555520368	
0.112730073368	0.148478417907	0.561194164463	0.829152679899	1.47818418021	2.14501342994	3.38474632653	5.04703799822	5.64547917051	
0.0997451304279	0.143506934475	0.617994340234	0.8754134439	1.51651896822	2.38479326124	3.25884472631	4.79851703862	7.31423671413	
0.0895814272298	0.137253367072	0.534731408802	0.987688032401	1.23620784908	2.35353638095	3.20304158565	4.38138124954	6.47105965995	
0.109043600039	0.153658815977	0.591759104863	0.892966924406	1.43928601583	2.5469406904	3.55369249993	4.33238661118	6.33809208386	
0.0889935226878	0.173753250961	0.604080689516	1.06277995117	1.54776937393	2.36147440866	3.19861738545	4.31463017273	7.11052346838	
0.105642127687	0.142710367791	0.517334547553	0.882844880056	1.7884764644	2.02721054579	2.48332778841	4.3480332144	5.83277210375	
0.100780979986	0.156068190975	0.57398466147	0.881950352112	1.45624774608	2.01401585671	3.18778769354	4.70266586559	5.87288419709	
