3	89
0	1	1	0	0	0	0	0	0	1	
0.147654205716	0.368671244472	4.91050160669	
0.151703233564	0.397345295297	4.99208048279	
0.153910467661	0.377903529222	6.50126091527	
0.142454264181	0.403260760628	5.2640409592	
0.149331897522	0.409612693707	5.83325939405	
0.131165963164	0.36061358193	6.47285135057	
0.136997111323	0.330330418582	6.81658309048	
0.154392370851	0.425855867917	5.76753708988	
0.145263457568	0.431734408708	6.19504385832	
0.148562692521	0.406451579776	6.62828729192	
0.156447377855	0.358254767786	5.2808466741	
0.119235032773	0.348355804588	6.33619933166	
0.132685786139	0.381521463245	6.38181725018	
0.146303216107	0.431995066605	5.75406513492	
0.147109123309	0.425905761693	5.56102541325	
0.165950896756	0.398695395133	6.23384234679	
0.148126354462	0.411888256154	6.63688365164	
0.137340228434	0.339193190111	6.38891402103	
0.153913767416	0.410454348426	6.31074583359	
0.172980864053	0.416290250862	5.66742882581	
0.147514628156	0.380307692567	5.48793549726	
0.168945136348	0.378266461511	6.39684543439	
0.135323973783	0.36147329291	6.26778147266	
0.0926116339911	0.348044035643	5.65595115795	
0.134033732643	0.366878874828	6.58091202631	
0.167480487801	0.334010554271	5.01876409712	
0.145864717737	0.400728418074	5.6918642936	
0.141295515926	0.395691882248	5.67360837463	
0.135302253487	0.430187666759	6.38490057624	
0.143353855834	0.330696709517	5.90608652375	
0.162476290511	0.330024089909	6.99131745923	
0.152025014848	0.383141665463	6.34714616185	
0.1636818402	0.411959583483	5.93746907063	
0.15977920417	0.371042665164	5.82212013231	
0.157048558584	0.390654061285	5.12954427437	
0.157230054294	0.406181116402	6.69892369601	
0.164876024962	0.3901436707	5.98853566254	
0.145371935725	0.438985855514	6.49448322395	
0.147381211439	0.437814141763	4.87547925217	
0.168835097894	0.326668802198	5.10555019651	
0.120297900865	0.439861588377	5.45237054689	
0.161439248274	0.356754718105	6.74074496648	
0.15233337396	0.40368045776	4.8649967315	
0.130445815195	0.331279583049	6.09099941427	
0.146744194875	0.33683502623	6.34832452253	
0.162354463217	0.404774509067	6.15257512252	
0.141267755297	0.361516910424	6.24324898398	
0.152682268344	0.41676836254	6.90821449914	
0.134171175172	0.371314644012	6.2933440561	
0.170311513639	0.411665233511	5.61014015648	
0.156480520714	0.367978810489	6.27006463949	
0.136399632733	0.362476231197	6.12169670399	
0.149666735054	0.44986690003	6.40457517931	
0.149199537003	0.367589636566	5.36931663987	
0.127668546784	0.420030519875	6.22192277735	
0.134334379494	0.34904516054	5.3736837418	
0.142214184968	0.397220115935	6.18238022276	
0.16442996554	0.328562554122	6.27528450997	
0.145294363954	0.382997827901	5.89930586014	
0.14548390666	0.376917520634	6.78328537006	
0.144001031503	0.365075243287	7.22325501966	
0.136543525782	0.409438835235	6.25459048138	
0.171015620447	0.350942370867	5.96870878463	
0.1429577826	0.396645763845	6.26610791205	
0.164944969317	0.391845605217	6.12753631647	
0.179340802637	0.423005093072	6.22271467811	
0.131714349879	0.452959167119	6.13650212614	
0.171136310565	0.451187598116	7.2052448074	
0.164175768253	0.30123660292	5.80742233873	
0.144334730971	0.449918967072	6.37771807081	
0.134420226539	0.376571023726	7.24680877692	
0.1446841099	0.382196154301	5.63295951284	
0.169847281957	0.413213762805	6.56311855238	
0.123717361931	0.371689849553	6.01192210181	
0.155486704923	0.351908235452	6.04059810618	
0.147007210056	0.361339957583	3.97795912425	
0.152668353485	0.35594367833	6.0882034473	
0.161319103137	0.310180167102	6.21974979983	
0.145811326772	0.370943294787	5.89070339672	
0.166516427265	0.393882932393	7.21304173096	
0.157975053923	0.287234771819	6.65885631688	
0.137782339445	0.358759859726	6.04191786023	
0.16654683602	0.392239051008	6.94707485112	
0.145200672123	0.348025184144	6.20719967522	
0.14832994586	0.394913356174	6.9548596603	
0.140775297211	0.352393774567	6.88899658673	
0.170592352434	0.344892250484	5.17378205114	
0.140440004318	0.320831375006	5.30354210107	
0.158361638177	0.382406706566	5.76843215516	
