7	71
1	1	1	0	1	0	0	1	1	1	
0.121081822054	0.117965324596	0.457657403249	1.01281228104	2.81786260013	4.66904788947	6.02339072901	
0.0953918821911	0.131571538336	0.324485720613	1.06829401464	2.93071796823	4.37000040032	6.02578365122	
0.100704023186	0.155380611887	0.362093400971	0.934249501454	3.63530626594	4.24999582302	6.64391322124	
0.100314509161	0.160218203428	0.304103605238	0.857947964054	3.29639048397	3.82551172704	5.87975228535	
0.0999619366094	0.165970537914	0.351095768967	0.901019539417	3.05804945054	4.35871912379	6.49924642106	
0.100765218182	0.177650477139	0.459521834424	0.937184357874	3.29005485786	4.90128976958	5.73613955877	
0.0935557943287	0.149111924265	0.405097483805	0.806588244212	3.17920640217	4.97878471983	6.21044516494	
0.0934568115952	0.175530907391	0.352530352306	1.03342142494	3.0055115788	5.76260789527	5.995526763	
0.0826490510785	0.160364717957	0.349291200175	0.9224331546	3.28953316317	4.32981039968	5.66861393551	
0.0748137052968	0.160905754501	0.347551097851	0.933768875767	3.06520674678	4.40171641133	5.78501356446	
0.101998186782	0.120566306077	0.35436377833	1.0866737567	3.28420206706	4.36597949134	5.4367279818	
0.118897398384	0.177069387803	0.382471520299	0.951358792033	3.52348052935	4.87266470244	6.54983389963	
0.0874584062802	0.15472971269	0.384868625061	0.805698009836	3.25372869908	4.99839059511	5.4946185242	
0.0820171590129	0.166919148135	0.384064176361	1.13754653389	3.45875622285	4.61904828813	5.73832444546	
0.105405836879	0.143595481749	0.387956000021	0.944483524696	2.92931602858	4.99480710477	5.57988891255	
0.0964589106087	0.148805323683	0.348464266641	0.931944234072	2.93850721459	4.81956944715	6.33311838024	
0.115436796154	0.172656973596	0.425900994053	1.05463736467	3.67555046213	5.32349220563	5.6655370837	
0.0977443266118	0.14316034692	0.359306882777	0.925698138769	3.28234687457	4.90320349321	5.40762775442	
0.102180628782	0.155174924421	0.384494950997	0.799558636465	3.06617832156	4.98678715726	6.26420317392	
0.0981778969756	0.126798579211	0.344328024608	1.0121907435	3.41667685558	4.83954276884	5.73534505574	
0.107641702114	0.155123619851	0.376069066477	1.15903453615	3.35566300427	4.91278741634	6.56479089195	
0.108537391462	0.151029919563	0.363471649557	1.05939084692	3.06431783779	5.10326451722	6.03360784171	
0.0907463783444	0.162778651036	0.339291806058	0.83923676853	3.45380105954	3.81711363085	6.14736098985	
0.0896502706541	0.163553772248	0.384071583101	1.05954880226	3.35884003796	4.80974841133	6.06902248347	
0.088937332784	0.164783719201	0.387635586904	1.11922377385	2.66390489532	4.07532492617	6.33861400573	
0.100222185734	0.150751572369	0.362158344611	0.940998879951	3.53425681045	4.64725063583	5.56240836463	
0.1180065363	0.148500138775	0.387549168564	0.849808994358	3.11340224362	3.31793270362	4.93255021417	
0.133123517842	0.124544353247	0.45088223504	1.02037559573	2.82656379463	4.3155469716	5.22592645128	
0.110166350762	0.142305582783	0.394577064038	0.865668208298	3.01435189779	4.59521831485	5.13866429234	
0.0922490915342	0.154836799	0.422432185842	0.906665415722	3.79465394982	4.56413420364	5.41359391798	
0.0895288036992	0.138425858082	0.34878037162	0.939304432329	3.2048734325	4.85473075777	5.90884382908	
0.0808690595301	0.157974512892	0.299828839524	0.954345831129	3.27644192799	5.0847907892	5.95245679426	
0.11279342196	0.170913530951	0.308221609706	0.890307309063	3.17059797484	4.60785610396	5.29169426539	
0.080809916092	0.13138109872	0.386339617183	0.952653758091	3.38566263127	4.91851076044	5.87138238392	
0.108970171089	0.151254112283	0.319905464596	0.830044835745	2.43669443832	3.86953838017	6.33850544976	
0.116484861943	0.14124895233	0.391364177851	0.903361026644	3.00232881981	4.94399964788	6.31841480923	
0.0938003334727	0.167813798697	0.43766689438	1.11011191083	3.35163770483	5.34968941335	6.61209216952	
0.0994386632592	0.142071042328	0.335754572649	0.792498555434	3.19439710478	4.62094076056	6.02529430439	
0.0919571174924	0.136796707545	0.39265075822	0.89390518581	3.18273709921	4.20968397341	5.68226764439	
0.101978994524	0.18654033211	0.325182835839	0.944772363336	3.85074989509	4.56689902632	6.14637747043	
0.0866389889129	0.145080799697	0.325349586506	0.889720212103	3.95939670543	5.03399330934	6.85065947992	
0.0896208485452	0.170752917864	0.337079479909	0.919969764458	3.32734965435	4.46999457317	6.09319363024	
0.0911578344628	0.143535235866	0.446538659584	0.895314511326	2.99926947012	4.36328120748	5.76710146847	
0.0997300592639	0.155309832347	0.327885640274	0.923392970656	2.8265873544	4.48629368319	6.00662685234	
0.103724843003	0.179806897884	0.333627237301	1.04463182413	3.55602605684	4.51130385102	5.26050973098	
0.0942733838913	0.138307857492	0.360513984304	0.902110517793	3.39480066868	4.62870533604	4.88473846801	
0.0974898004492	0.139314893546	0.392720107708	0.913635284562	3.52476885045	4.832650902	6.23303967401	
0.104988345367	0.166490696534	0.375884822627	1.01125423233	3.2921439496	4.50200807588	6.67487745156	
0.09753158169	0.171945842397	0.371262136833	0.929366291822	2.93978925895	3.75570167559	6.22232179949	
0.0947991170943	0.12849138166	0.393965631244	0.9114424285	2.91015972928	4.78546486911	6.56295507928	
0.0988525928903	0.135987793041	0.378192939223	0.896504680346	3.19972114233	3.56581461291	6.93851459563	
0.100380735165	0.186941276926	0.419227158646	0.938809785816	2.95362080717	5.00391713496	5.34307297017	
0.0888289933845	0.148539948546	0.343311475581	1.11083226784	3.27965156702	4.12563503992	5.87027658998	
0.0760315914421	0.143289397685	0.42051250305	0.867947631741	3.86623947707	4.02972586336	5.72977835102	
0.0908285112913	0.147043661439	0.393530407626	0.946554586086	3.19567325529	4.08734432543	5.37032334921	
0.0860451769388	0.130832680323	0.423606672346	0.935166315949	2.99489553631	4.92205858287	6.11691585768	
0.0966608952321	0.163589934338	0.422223826135	0.864547758994	3.27432284883	4.67365470744	6.06283744999	
0.109236995567	0.185892356288	0.403846393781	1.02820131757	3.29676732793	5.21594379373	5.54411221964	
0.110379002365	0.133616249029	0.332800899964	0.745694501557	2.40254359879	4.46719367204	5.81323075782	
0.104628192301	0.153834219357	0.351890023424	0.894228676981	3.15704499053	4.90489331897	6.37442134318	
0.107853286069	0.157721352698	0.407743712606	0.834124783498	2.9395766385	4.89790590724	4.85464043393	
0.117595334935	0.12585336928	0.425977471128	1.00791486634	3.13428375134	3.47425998636	6.07100411309	
0.113523359759	0.159998944161	0.325181802736	0.859753287915	3.06701335591	4.74655107677	5.16770526828	
0.109544584515	0.13197380574	0.410892711251	0.912986402569	3.21452097695	4.93074413361	5.31518677253	
0.101903971993	0.150070244204	0.380009286604	0.835562230829	2.71042685622	4.62270317532	6.89412372345	
0.0963283600367	0.137276470428	0.390129541708	0.988328954012	3.50404081945	4.36192935923	5.67925057225	
0.103224367389	0.140695336896	0.290553778068	1.17140362979	3.10065033865	4.25172550747	5.75353479579	
0.120773261637	0.135302210287	0.376332953394	1.03571795884	3.06959075451	3.94446230748	5.91446303149	
0.0995966683616	0.138629369316	0.357244967389	0.958005540767	3.32400407445	4.86477901173	6.16079843575	
0.0866411004263	0.147318385905	0.446303986468	0.891265858296	3.73476485457	4.77572420983	5.91636047391	
0.101981855451	0.129133582481	0.425384145141	1.0767690011	3.82144963877	4.55253363022	5.58896599827	
