7	63
0	0	1	1	1	0	1	1	1	1	
0.376857667586	0.55255007249	0.845034316062	2.37191250043	2.90402266517	4.36360405054	5.43807379547	
0.360735512359	0.638423563517	0.881445542628	2.36255269194	2.8782811309	3.7876332174	6.33968448668	
0.365891725853	0.650495654868	0.883167342721	2.17895087168	3.21759122791	5.00622489132	4.76094503049	
0.399675819697	0.541683703818	0.894997616929	2.09761418225	3.39326185736	3.97295920392	6.1353382565	
0.380842309395	0.633460614608	1.02605635981	2.31700160936	2.88479283034	4.27823176923	6.91483920678	
0.385694205369	0.623572838643	0.776746935889	2.12356567269	3.45018184874	4.63196902978	5.58598270376	
0.365239951758	0.559977374126	0.894286729437	2.37082853706	2.85692214072	4.21287486676	5.47377041177	
0.424971306781	0.628708463641	1.07069528348	1.99203241373	2.75699897702	4.93403949923	6.62526644506	
0.415794923054	0.534346078368	0.810019936934	2.32669700179	3.04905752457	4.79093897333	6.92236584335	
0.332335037005	0.666914641	0.985832359684	1.97025781261	3.10265937477	4.74084310694	5.94646137366	
0.447216962408	0.60123404497	0.945462489257	1.91912987619	2.84715311704	4.09531803871	6.91060950207	
0.315997735764	0.594069215893	0.966454043972	2.3394602516	3.67592724532	4.73681555331	4.82523565824	
0.384046747751	0.563390664227	0.95225203831	2.36515620068	3.40004105136	3.97792607914	6.61879928115	
0.358834676006	0.702487985907	0.902594690935	2.18209677432	3.11300137289	4.89833072774	6.65264125837	
0.384304179835	0.654306963908	0.951208719663	2.29790313496	2.83876985822	4.57142855511	6.43926808572	
0.311804898693	0.663856248243	0.960671690604	1.89762581162	3.18698905551	4.0524706138	6.03805158678	
0.355205906665	0.434054934704	0.872195028424	2.05646976002	3.84366497342	5.43116229196	6.37818831847	
0.360689276002	0.598113571146	0.946130221973	2.21992809997	2.98060042102	5.06619600761	5.57144112536	
0.383824185746	0.609067687447	0.844208749723	1.91349490663	2.61393918918	4.11777246009	6.2847996388	
0.382993347364	0.606946713104	0.931752063716	2.58001400436	3.45905522189	4.38476488222	5.51808974453	
0.307535491029	0.632144862929	0.935556285904	1.94527598331	4.40442960016	4.61946359684	6.32611385822	
0.380671363086	0.620865452839	1.02530158361	2.28437810648	3.51188363463	4.92998304373	6.37752469108	
0.421742855279	0.653752075663	0.915895410768	2.33295630451	3.04997153626	3.98987973952	5.89705514389	
0.323005871586	0.534308271472	0.843169857719	2.38293499256	3.28870070035	4.52502701059	6.36126149141	
0.382251910935	0.646242829725	0.934046235495	1.96325309022	2.88849934414	4.55503061738	4.87002742508	
0.433557921489	0.677310093626	0.988203949858	2.40042581593	3.23829010194	4.63916457221	5.55625052236	
0.313569191535	0.528888911523	0.973621568983	1.92129896675	3.40200056796	5.09892552819	5.41956349205	
0.405694206054	0.618136031321	0.75657171789	2.40748673369	3.43275773006	3.83094121172	5.54339961212	
0.400495497897	0.625817459156	0.925938338354	2.09601345135	3.75392723178	4.9337928747	5.7787265199	
0.333488682335	0.658155542366	0.942961300867	2.24536596162	3.2329480706	4.87952200063	5.33586503958	
0.404150878421	0.630160152108	0.925561820422	1.67681343435	3.192416457	4.37126469032	6.70544058571	
0.346415740849	0.669149392757	0.862492100647	2.30048510672	3.6561439635	4.72189491295	6.08897086977	
0.369101148988	0.646901360343	0.939412100808	2.04385989854	3.44899822559	3.94627981972	6.81142864752	
0.436781861676	0.642207044659	0.811505908199	2.09541984448	3.05075870631	4.26295531163	5.37087316573	
0.403428045142	0.63543067393	0.81699034931	1.83978169838	3.04155160981	3.93919402787	6.03620908247	
0.41994028591	0.610393263375	0.961232500156	2.25765440136	2.8685759081	5.37828181695	5.29394085958	
0.307598184698	0.565457653981	0.946342824194	2.22057675626	4.11978814476	4.34947247784	6.5970051281	
0.397745118292	0.682055328935	0.917219049083	1.63444136625	3.90984890092	4.72081454694	5.78104446894	
0.292058231163	0.495739588452	0.954504271597	1.72416371889	2.53669478391	4.90473001641	6.2778830148	
0.384794412495	0.615098174997	1.00818081523	2.14459514116	2.89018465901	4.31888304909	5.29255881576	
0.390079042368	0.482220524777	0.894287228054	2.23804151208	3.43292915056	4.76139015151	5.68223041959	
0.42338663398	0.481353605409	0.857302550082	2.26940008415	2.86111443994	4.65684505683	7.10406011689	
0.33932151927	0.694991253706	1.01107697266	2.04483891875	3.50820130903	4.85349684489	5.64323715029	
0.379302014213	0.625113971034	0.970953178369	2.01047753685	3.33701616916	4.48872114414	5.39061775092	
0.321215733868	0.591358262242	0.814744597156	2.20825207366	3.01549291001	5.04609079137	7.05701795841	
0.328231015277	0.567638290842	0.896262560856	2.64806790111	2.96605233257	4.06848019726	6.23484566991	
0.325806410934	0.670374645315	0.867913391846	2.10535719501	3.22932536693	4.08876053593	5.61901270263	
0.451655986484	0.595059541898	0.939767671562	2.56877677819	3.11272582585	3.33717924005	5.9889244737	
0.370306876378	0.716031754353	0.986428351409	1.84783726533	3.24987940143	3.5745889738	5.53857830249	
0.383490447809	0.577086460811	0.905905303105	2.22424122723	3.75722899545	4.48711855031	6.38292910578	
0.388001582856	0.633102908577	0.942365887481	2.17278386254	3.43567174051	4.04508972034	6.00648908833	
0.364991035469	0.618942188984	0.793067872036	1.92424859526	3.55717872875	4.69278034094	4.9079450302	
0.318880617703	0.636505123848	0.84767719308	2.36530291943	3.16197040011	4.00688335295	5.46014950874	
0.458554309467	0.628664199604	0.879282568725	2.1444860584	3.23108477899	4.89572353458	6.44119563225	
0.373181644976	0.577184545612	0.979013381386	1.75411578085	3.19805218019	4.4776948741	5.80547118364	
0.378774865752	0.651688370499	0.862213980253	2.15651363445	3.33039533215	4.74820799715	5.2200677999	
0.28306650522	0.485077999939	0.810556177715	2.38938234969	3.6318945909	4.8720572112	6.25248016881	
0.340826041835	0.626703774247	0.972644407798	2.02305065515	2.96997702534	4.73576114712	6.25769277491	
0.378631057281	0.674336211415	0.963759092314	2.15459431285	3.79881757294	4.04284686203	5.29351215401	
0.330875662392	0.636273484215	0.812460865172	2.05173335245	2.77502595867	4.7406512469	6.14485364307	
0.406767759768	0.626660175617	0.901614775653	2.24731573926	2.58736677461	4.76825253622	6.16050146761	
0.3039006062	0.581119196829	1.02726086608	2.37852389618	3.47380985368	4.55955673992	6.47031044461	
0.40529204125	0.579744634359	1.09779286308	2.20920921009	3.1836635862	4.48921205453	5.25344849747	
