5	69
1	0	1	0	1	0	1	0	0	1	
0.099088915167	0.334960317919	0.817438824014	2.30230704393	7.15674356767	
0.0841040329507	0.336529197174	0.749345947469	2.22483364339	6.53580511099	
0.097179075472	0.337806495209	1.04583939971	2.24439033173	6.11686178042	
0.0933609009667	0.387364200285	0.860187785825	2.10306616898	5.02893911105	
0.112783990122	0.379416402964	0.990760571951	2.53284118822	5.76992101311	
0.105433611386	0.445742525232	1.04095937648	2.3369981025	6.2210869237	
0.094335050523	0.489017505844	0.767235097408	2.07401339231	6.02486289776	
0.113944618321	0.384830764429	0.866948824067	1.91447062417	7.01880096164	
0.122012126391	0.407094387337	0.865709031101	2.3716413909	6.37411668013	
0.0915612846538	0.415189246018	0.995818717096	2.50604269467	5.2032931359	
0.0958227515196	0.360028796597	0.937844611154	2.14013604941	5.06335453714	
0.116874945977	0.359881585015	0.953792379066	1.84323330272	6.71676901142	
0.091908484322	0.389283806812	0.85809675831	2.22236429062	6.16379639974	
0.094990458457	0.319756628958	0.976479678104	2.0048072545	6.88463116087	
0.085664924382	0.434598516549	1.07047154246	2.42397926971	6.39583517579	
0.0837912867466	0.392604938065	0.891103191629	1.99820287645	5.56723751716	
0.102561045568	0.411362437872	0.916009448762	2.0280892882	5.77895085751	
0.0939872754108	0.374760141993	0.878048601046	1.85341814645	5.03281295647	
0.102534025087	0.398831525069	0.903690871904	2.33256526863	5.59970432428	
0.10906221767	0.436562018949	0.871498333136	2.37695332762	6.38801821911	
0.0878309867863	0.386943372935	0.877015348093	2.0923662273	5.81054712453	
0.107082905602	0.361290260809	0.96355852342	1.72290637061	6.29797482954	
0.11028228269	0.393134215631	1.04530302824	2.05725104546	5.44069905274	
0.107545719908	0.401945188633	0.902255205299	1.89801921759	6.91979499768	
0.0920994970572	0.360070337098	1.0449028329	1.74997139804	5.71146288357	
0.0871380173162	0.3820210294	0.989925986188	2.19536592501	5.44609289559	
0.0925978483461	0.363784329821	0.938872101347	2.53392508192	5.69048665442	
0.109494612271	0.359911750851	0.780327012914	2.4611507985	6.16356022207	
0.109663455237	0.393867827454	1.0326092376	2.29528731446	6.43227148348	
0.0942811229228	0.389976008526	0.981248982964	2.22354367983	5.67170233628	
0.101747911673	0.407280149569	1.01294666922	2.12965953457	5.97410311872	
0.107352234437	0.35360778048	0.906339039133	1.85729398105	5.98727463046	
0.105566152831	0.321301987936	0.847578909404	2.00715030201	6.34520790151	
0.102521916898	0.399056175133	1.0863152301	2.30566542749	4.93379935985	
0.0924151622052	0.342754793506	0.895905798057	2.08307595238	6.03185580998	
0.102244802805	0.416304155683	0.86895885367	2.28425199906	5.26463577878	
0.104862417698	0.334764156122	0.770235696901	2.01134299524	5.84711276874	
0.11274910196	0.421640784615	0.941075432499	1.94678751907	5.69354898611	
0.113884805584	0.36031163794	1.008017982	2.50199240908	5.49625086555	
0.102632732212	0.408900247285	1.00294094635	2.26518421285	6.26614809683	
0.109821500595	0.379235536005	0.913025514669	2.32015324485	7.13848829285	
0.104122826792	0.344198328743	1.03330550165	2.28809076388	5.41290295124	
0.0965049443056	0.385279853591	0.981530324789	2.29379208077	5.86580562524	
0.0858478638017	0.424372609924	0.903490363993	2.02367094969	5.02318380594	
0.0918383209064	0.354393191857	0.743945306968	1.72154766776	6.11085474666	
0.101528731512	0.300861229429	0.803795510116	2.453254586	5.83532683442	
0.0939611792908	0.382624603175	0.797595914883	1.78847271788	7.09537652014	
0.0908068821364	0.44400722169	0.80331933524	2.25521670883	5.79223127178	
0.103792971201	0.320898843025	0.888492773319	2.57626868224	5.5446412219	
0.095106251865	0.319737818219	0.803376852377	2.35829204476	6.8796256178	
0.0958802673154	0.354183274869	0.992986526878	1.94614547366	5.98925301777	
0.117581385633	0.381486814814	0.844262781324	2.1713053821	6.87682002319	
0.103566752937	0.348910912537	0.965808450249	2.01431041364	5.20766057368	
0.100863433704	0.374170262984	0.822834319645	1.89415491692	6.42952861	
0.0914294476971	0.406822145005	0.950007329115	1.48099008723	6.47839869419	
0.109628377732	0.445557898876	0.909148174344	2.01350457334	5.09087426887	
0.0876120011397	0.437365135157	1.19562713753	2.261763622	6.98707568726	
0.104092043508	0.393098850748	0.950035738204	2.7278527367	6.29492263952	
0.113013183773	0.388540847865	0.925597358912	2.00605210881	5.5278979879	
0.10212736541	0.341665258366	0.878467055314	2.401302636	6.54262465727	
0.0974626686761	0.341701019156	1.10581945855	2.23044288172	6.12778026094	
0.0898881710171	0.34696420958	1.00988135216	2.26729897705	6.83186017907	
0.0975445593937	0.318449743418	0.860920143545	2.15087672394	6.04092431813	
0.117741352059	0.349501335558	0.987447364143	2.29670631454	6.31584818692	
0.105075962421	0.368086547841	0.943254207654	1.9636031913	5.72524446811	
0.102675084569	0.386366864901	0.901019396109	1.57675547094	5.97609157489	
0.0861516483464	0.392524672978	1.05907405287	2.78382575616	5.38844226862	
0.111660561267	0.386771454033	0.950736962544	2.08640968166	6.57457266845	
0.0814921011992	0.394805887031	0.936392679239	2.28945316859	5.18786830921	
