8	87
1	1	1	1	0	1	0	1	1	1	
0.104645145265	0.181291622966	0.422067382722	0.671628962589	1.35101035434	3.36218820015	4.97459708803	6.70975279629	
0.109456752918	0.135366830806	0.35288221657	0.553118066442	1.25915163206	3.26744663727	4.89065954907	7.77672211607	
0.0856483991636	0.136055342841	0.339864529169	0.642711834411	1.4922689887	3.89572977799	4.74782737046	5.64329043304	
0.105844209438	0.150111509857	0.416939688988	0.586180206097	1.19794037844	2.78528366902	4.52665767563	7.12481061531	
0.11653091234	0.165756175613	0.392618701024	0.597472343574	1.30785498585	3.02654978108	3.85724600195	5.70469922777	
0.104482017681	0.129934298517	0.364439872422	0.632951103495	1.4701026565	3.23131231561	5.12282974649	7.30824268147	
0.105348340033	0.147576596969	0.400868276188	0.666200942878	1.19142838621	3.17579366463	4.45697611608	6.59421644723	
0.103495973806	0.163518123624	0.361521919841	0.53275603795	1.47008108467	3.40812754642	5.12759293719	5.7573336482	
0.107325903508	0.142293281093	0.362995497066	0.541540702624	1.56420416507	3.35919093333	4.63784474717	6.35656977234	
0.086160447147	0.153898394207	0.357473185978	0.605081185493	1.38022328046	2.89127647046	4.46026005503	5.85284289359	
0.084597999175	0.141405295877	0.373769756121	0.614162145519	1.22339994304	3.1014219326	4.56771381741	4.73681399872	
0.0910154826135	0.14354955174	0.432033788008	0.678660411416	1.36612452365	3.54100118296	4.50292702317	5.84776999233	
0.0995298216326	0.131583502004	0.374987817149	0.609700829904	1.48956866867	3.4567494767	4.62699145894	4.86234932534	
0.103693824612	0.167112782633	0.35402546999	0.509083953812	1.3780958564	3.37209418249	4.59999939182	6.41810603244	
0.103288682787	0.142230363073	0.356603338902	0.526256031202	1.48429559175	2.72287014593	3.97658707693	6.52224437733	
0.102294635481	0.142703178915	0.39596132159	0.629762544895	1.40907667584	3.80396847982	5.1176941997	5.45038333974	
0.104842764503	0.161407207399	0.402068271007	0.642799250443	1.46753024332	3.31720343566	5.72296751613	4.15372897129	
0.110675469803	0.139321522787	0.359028374936	0.666523206723	1.19781727738	3.1470227191	4.05441015011	6.26336037634	
0.11065153796	0.156050538421	0.334795833461	0.560332244329	1.56461268461	2.71230546783	4.15265156257	6.65444197431	
0.0964095431127	0.148199495999	0.409670415663	0.52661720288	1.35323491062	2.59251592151	4.80574529042	5.55180173643	
0.109195444699	0.149396866362	0.42141805785	0.698728140094	1.77327349258	3.3591492023	5.19955785238	6.13437871153	
0.10376602388	0.162809879028	0.351472459637	0.599131211649	1.28117768869	3.42997031654	4.21199677338	5.51286506419	
0.0946602280743	0.143529905306	0.401089139572	0.585452556364	1.60387975358	3.17860565666	4.3341773623	6.21349392437	
0.0946348276343	0.130482135572	0.312884913574	0.55250331263	1.54771916847	2.62703885492	4.59138704685	6.63908069393	
0.0915299051443	0.143589137619	0.304572175834	0.586455340272	1.22457541918	3.49999005436	4.2082909191	6.61369119083	
0.0994611303203	0.180115067399	0.391183885386	0.499363430168	1.61148603492	3.33829208396	4.22386478712	7.12336973994	
0.09383493797	0.143166318934	0.390520601911	0.737018000491	1.45911663505	3.3442896458	4.02200084393	6.30241281395	
0.0859301487572	0.17137628162	0.372552854253	0.483811968735	1.37297865345	2.98976305695	3.94570701536	5.454179952	
0.0982405533717	0.159088394105	0.309828816982	0.660318510937	1.30048660463	3.21779261736	4.77915370733	4.53319856518	
0.111217162923	0.150681508336	0.379341716121	0.538755928035	1.36997571403	3.11014731317	4.81818789225	5.73717856488	
0.109841892292	0.161107063648	0.353033782833	0.62338177979	1.14753747918	3.59822901392	5.48055448053	6.02636145385	
0.109919806601	0.1365102204	0.347985451474	0.591541649909	1.29079317867	3.45721961477	4.43442313844	4.85927837138	
0.073296946016	0.162948581731	0.369648945225	0.551099277347	1.39651569549	3.46687443468	4.63313688335	5.49170272313	
0.114523684667	0.151708671953	0.359908978251	0.600864127809	1.50075467154	3.72291555753	4.71943277623	5.5668743084	
0.0940754632468	0.149457411332	0.418579431446	0.611707094435	1.46948122411	2.95417584531	4.11863882951	5.24090686972	
0.102039885021	0.142929629896	0.348520263791	0.572798742059	1.39054145694	3.75938380779	4.62085142141	6.62927891263	
0.0841845383904	0.138592870524	0.429793244155	0.588643195124	1.84589237498	3.62999128382	4.6611951819	5.84715614001	
0.110474443815	0.162192385363	0.418119744617	0.656567900839	1.21238001104	3.26552407949	3.93365788856	5.78362638928	
0.0846538710088	0.144200327025	0.329555561346	0.597510520676	1.39608685227	3.56507764715	4.5718659322	6.91270642983	
0.104563697051	0.147188933727	0.437120653855	0.491240925349	1.44811991678	2.83975376262	5.06795246412	6.05204677426	
0.106947365185	0.157065210011	0.386651792892	0.613916737295	1.11204469127	2.94234423343	4.67344805209	4.69330491849	
0.10094043436	0.159728045037	0.400455418797	0.62205224242	1.27521782526	3.3855562138	4.57994077875	4.97638462679	
0.0868728607561	0.150265675742	0.376070806878	0.657201556536	1.60578394813	3.17472212408	3.81342135738	6.36114649309	
0.10615560581	0.136649366462	0.327725274258	0.498274115419	1.5290414868	3.37455195113	4.49522915859	5.05022650549	
0.113346070771	0.159247008846	0.441398211486	0.587788078187	1.42210309724	3.24025377034	4.85523402886	6.46059797767	
0.0933418604149	0.134566794596	0.340068630694	0.63382568753	1.37414964568	3.55762783871	4.81055630222	6.94168638689	
0.100663778476	0.127863913579	0.348137159571	0.572578826637	1.20460756583	2.7721070363	4.79144679795	5.54857734287	
0.121797579515	0.150409491221	0.378520875852	0.58711705875	1.45773388683	3.47810587604	5.16213212253	6.63730177552	
0.0984261547526	0.146786793076	0.390706771921	0.690596307451	1.43433834498	3.46374416455	4.76714032789	6.5397444645	
0.112560460916	0.149692246914	0.359030414361	0.566626272591	1.60372776256	2.85027250196	3.34001662413	5.38232410742	
0.0707715586113	0.164297671845	0.415073534092	0.539027974428	1.46556711821	3.10091099365	4.98454513194	5.14208774736	
0.090330495508	0.134702402076	0.423978791135	0.627742455503	1.44183695295	3.61022939587	4.53748602994	5.45284484838	
0.103041796613	0.158559811457	0.363944502533	0.652403173379	1.59830319739	2.95073420411	3.99831158506	7.18675668718	
0.101026904986	0.126750548592	0.320234834775	0.606243807506	1.43391078074	3.56361886788	5.20041733402	6.57727296361	
0.104512835232	0.139031512082	0.373715597168	0.502203016001	1.53477789922	3.10947488233	4.91801590423	6.4964167031	
0.0932344887396	0.153633563746	0.43391390497	0.599099193101	1.43018471042	3.1490295548	5.17361195503	6.02436947876	
0.0943308857134	0.180601135038	0.358827690981	0.60710415691	1.3992004479	3.17038238154	3.68414102743	7.17005026427	
0.113558677186	0.141319093781	0.419945393364	0.612490342062	1.41870119102	2.44123275366	5.18573082741	5.33588429792	
0.0867949470099	0.16190585791	0.35952201557	0.568570411451	1.84052608222	3.11062211373	4.92077280778	6.47191534281	
0.104280189132	0.155247066913	0.387319105082	0.533201187829	1.34891010517	3.98612786234	5.00376600372	5.85952991167	
0.095791372446	0.136151979013	0.375615941807	0.618863046429	1.51511886736	3.33566339999	4.76085507134	5.79282358285	
0.0901047092872	0.11762464535	0.39988742211	0.623685804534	1.66463144182	3.44777758825	5.2375270941	5.6962795902	
0.0963459990889	0.163653634191	0.396251538531	0.59370597564	1.34947860571	3.46046796809	4.67990553339	6.56095587071	
0.0956549461662	0.139804968231	0.353279271309	0.716343278334	1.31352402645	3.6208997097	4.26248716473	4.1140521635	
0.107354956025	0.143763559441	0.373923377555	0.613551792723	1.53492574041	3.33870067033	4.78775134727	5.5582393293	
0.0953760259052	0.12387330048	0.382814275232	0.591761035943	1.58796664493	3.21402796805	4.63763856153	6.86591762891	
0.0948164286604	0.128668808463	0.362714441498	0.704634486155	1.38111980823	3.11874250196	4.12041237727	6.75392915366	
0.105102086579	0.163978891964	0.408856825186	0.653656880005	1.37531259037	3.23606639037	5.0309966057	4.80825984066	
0.0977831920719	0.158627256459	0.433917427838	0.521520993845	1.63503652149	2.72757087648	4.1732058834	5.55815536178	
0.118011488919	0.161745570683	0.396776939093	0.634518450371	1.46720347358	2.99876227116	4.04905532216	6.31308160411	
0.0993673123093	0.169504799741	0.380792372251	0.662313171139	1.46321774249	3.22278630591	5.41895950705	5.82243987258	
0.0935278636869	0.171104402997	0.37347972732	0.678925579144	1.42652061356	3.4570421955	4.38110639348	6.01230809679	
0.097658613408	0.16733897214	0.383535350445	0.642622110418	1.3607904656	3.65967210945	4.65319421122	6.48254139926	
0.10773960095	0.156256164911	0.399226021024	0.716247431436	1.37692155268	3.36301333673	4.63029894299	4.66446016279	
0.0954679900484	0.139297028992	0.366719220317	0.578076651332	1.45310927327	2.94823597204	5.09655407539	6.13112503093	
0.0993603093467	0.177400384929	0.347317012845	0.60947150639	1.20687788272	2.64231993084	4.61613880168	5.98140126776	
0.0939686448789	0.141113867153	0.428192805757	0.535994579952	1.25072397301	3.06754379469	4.95520552386	4.86245264231	
0.0851678134744	0.119039447289	0.399710552962	0.663198481347	1.52962254301	3.09147578521	4.18685904607	5.9524348272	
0.104644492892	0.152849541147	0.379130543542	0.605002024345	1.3940094029	2.84575087257	4.37153936513	6.92005260752	
0.096883317292	0.121848066262	0.400141117226	0.571864442867	1.33489987767	3.06795527463	3.89111626233	5.20037745893	
0.0891738844426	0.151109626678	0.376168033006	0.519207347321	1.56229073118	3.54591866563	4.47405209514	6.42765294198	
0.083541169961	0.13422712579	0.385178473257	0.596942001604	1.32223421847	3.33225253206	4.32443669394	6.02534365089	
0.0923846491216	0.16397095167	0.362167132028	0.544958895673	1.78151656051	3.12764573024	4.27574183334	5.58867076453	
0.103678864068	0.167072734518	0.382271285373	0.664942539504	1.29043628218	3.60398762279	3.96865632049	6.32430191277	
0.0885382574029	0.164341545525	0.378535515142	0.575027068636	1.32679558704	3.48880411326	4.82314309612	6.83436592275	
0.0890772837448	0.194645841254	0.371006359672	0.453238280473	1.39308189874	3.2155331882	4.76779448648	6.35079150585	
0.0880199370367	0.140643856596	0.391753352642	0.561754702629	1.4365153491	3.21337992465	4.68337153927	5.69832368578	
