8	100
1	1	1	0	1	1	1	1	1	0	
0.0932323821656	0.136282589176	0.429541639416	0.950071827611	1.50901878882	2.89355236316	2.8316688703	4.77552187893	
0.0826338285475	0.137432328291	0.406646195829	0.861332065512	1.5913216283	1.96269548363	3.55342449386	5.20817611271	
0.0999325681739	0.158828626943	0.414639913077	1.08462375934	1.36929572242	2.2345838092	4.32700265115	4.6363861626	
0.108121265089	0.162765843646	0.37558998192	0.769450934417	1.53756796557	1.87770444782	3.52885495359	4.38842520545	
0.0997931384378	0.148946435371	0.362796078866	0.956678271452	1.25883007769	2.26658101403	2.72299123592	4.63811576501	
0.0868300009628	0.129752180146	0.332858118918	0.856495060711	1.44876336071	2.27876051992	2.85588788179	4.12283396064	
0.0836225755976	0.166642413181	0.360405147309	0.90944671251	1.41174382123	2.1962731872	2.8932517589	3.75877487405	
0.0845608969046	0.165347379611	0.36709181907	0.92683392872	1.46162070859	2.07621721911	2.93726931195	4.21044243201	
0.0916521602676	0.13330618913	0.440897417591	0.85616133364	1.48307294444	2.10638405346	2.57923874713	4.56815278438	
0.104177376037	0.120200777779	0.338733515739	0.953429250167	1.48689732638	2.64010200054	3.0194202746	4.75898535792	
0.0974261041432	0.135908237495	0.323255981603	0.974764602237	1.43178777316	2.0336725221	2.90871320749	4.1424437675	
0.0892722585598	0.152429983435	0.383190400733	0.874561816434	1.36376389403	2.05799022141	3.91768750838	4.50567888426	
0.105375389589	0.121048032571	0.312770909261	0.712796148978	1.3550813369	2.16517822654	3.47227653299	4.43605617732	
0.0892464832485	0.145344232091	0.371337755457	0.802625721675	1.41211356877	2.41516078828	3.1201156323	4.76415212047	
0.101818557749	0.127797044353	0.419912530895	0.947034506926	1.12025648686	1.95240140911	3.30198773721	3.75136374344	
0.0916701253898	0.135055941322	0.345689717495	0.92289463871	1.44108766741	2.16796661308	3.37474703636	4.919747762	
0.107813482129	0.132603881022	0.398788464612	0.75601246991	1.59562667021	2.29246506211	3.19897888438	4.04590886171	
0.106977714925	0.128947672806	0.409563820591	0.947939350053	1.36917797664	2.19534375215	3.92078684237	3.94173325032	
0.100261724713	0.144236254341	0.384772978897	0.950336450479	1.58422926832	1.90314341516	3.69838088336	4.51036371948	
0.0817953520744	0.140666446192	0.390919313184	0.977138022258	1.40695816848	2.05264144386	3.52967145503	4.83407102898	
0.0963183068358	0.137567084339	0.330746285571	0.913639783257	1.68334862745	2.6026975954	2.85518292022	4.8205767218	
0.0992206211921	0.158253953174	0.487108150179	1.03576153229	1.65644213755	1.95964820929	2.56757511442	4.36777869751	
0.120593738108	0.170765159961	0.366996902912	0.986705831712	1.47285053468	1.8773220738	3.36219616515	5.1312727992	
0.107847538889	0.129758287346	0.310314695411	1.08259015158	1.53032139967	2.44006989907	3.88189009212	3.98500877999	
0.105173839362	0.146483424997	0.37669452042	0.900892399748	1.36970685358	2.06136452208	3.35998857033	4.45756201595	
0.110463706404	0.13486939895	0.399821467403	0.815206177351	1.30448404449	2.12038256799	3.18675437433	4.65609898666	
0.112576916145	0.167605256875	0.378238990641	1.10096968369	1.34648668962	2.15034674333	3.19499287607	4.78730458376	
0.0980078168694	0.150330486151	0.393465652458	1.06066644342	1.39337093894	2.26680284564	3.17009310253	4.6944322381	
0.0854439842433	0.166869489595	0.354021775906	0.817092997576	1.73228333167	2.35007380836	3.15916999974	3.92165084036	
0.108107933062	0.147866009977	0.40540302714	1.12753819094	1.38179753462	2.2334827419	3.04127175569	4.11140611064	
0.107213150411	0.13996601526	0.39086111488	0.983543725342	1.4766068151	1.77825051529	2.63851524118	4.32189908236	
0.0899102240616	0.181862907478	0.390875449211	0.892330823305	1.31727197168	2.41917887985	2.83579494983	4.10515816247	
0.0951096104234	0.167685896905	0.425018866333	0.906331383349	1.7612174302	2.36183343023	2.98796948211	3.94959785735	
0.0832677356698	0.140967081938	0.332457748994	0.938675876989	1.31448759825	1.55326708768	3.49109623741	4.60002055738	
0.093099389483	0.163668487478	0.388332241583	0.953871480309	1.54067034226	2.35111160436	3.60423157759	4.70013064233	
0.096613550218	0.155281095544	0.342117380563	0.914025521728	1.38639487372	1.89758098401	3.7563137277	4.49860867588	
0.0884704032167	0.120185082541	0.317665188285	0.87360828501	1.55109957739	1.99095035329	3.39811868609	5.21902388481	
0.0974875876008	0.16560309872	0.33063499724	0.96032997677	1.37013596179	2.2097898873	3.49750507567	4.27818128576	
0.0859237423761	0.132772743705	0.332791168883	0.899069450849	1.42771801181	1.81398302525	3.26626063943	4.13829976432	
0.0993258247354	0.163981980984	0.370076549367	0.949295539669	1.44414965087	2.17934479248	2.9347277546	4.68167924151	
0.114858771949	0.139523539471	0.343597687471	1.11386926482	1.19549761894	2.05317399512	3.1102745718	4.94019774251	
0.0977467240732	0.147634740083	0.469624817679	0.964995958404	1.40009949474	2.44383905155	3.14393867884	4.78690802882	
0.0950135676258	0.142398585786	0.407550423469	1.01719009082	1.65521791168	2.22173867634	3.31803910502	5.17648260285	
0.0932500283462	0.169899004441	0.40992489936	1.02187998113	1.37696378366	2.44163518746	3.02343540838	4.62921976079	
0.111788197154	0.158995815417	0.429979679302	0.801731506458	1.31741394677	2.01898687076	3.21820991332	5.11650602212	
0.092013058151	0.152519710714	0.297091519645	1.13092702448	1.2774489609	2.22630603931	3.39014427798	4.29107970543	
0.0961501694851	0.166440803562	0.325387533444	0.971698340451	1.29678059246	2.26636961753	3.22796495795	5.12116610257	
0.0937933091865	0.154709696457	0.333976624955	1.06873928965	1.52789468863	2.25143546661	3.90626454362	3.69300713484	
0.103605675028	0.156210762524	0.298774140396	0.839305305916	1.28718824601	1.94089135793	2.87743375825	4.38558866329	
0.0976726533922	0.13433472854	0.386590449776	0.896670950312	1.65945047703	2.50591053805	3.37153456781	4.57000219615	
0.0925610335843	0.149552608492	0.35823607484	1.05480681681	1.26147114814	1.61453776729	3.33260718119	4.67859182985	
0.116173542117	0.141097806596	0.401326260572	0.942133181157	1.57712148394	2.30830935799	3.49951890902	4.08814613296	
0.0894731797902	0.156162121395	0.389966636412	0.965028738448	1.2842643302	2.35582079181	3.26565904739	4.69740195414	
0.0999006330938	0.174391109939	0.386083719117	0.912189495436	1.22255349302	2.10130824786	3.84407954161	4.22649078832	
0.106409556791	0.142006955754	0.368362601761	0.851899664574	1.32759397579	2.21326054546	2.80986119475	4.782097655	
0.0986462724844	0.140574885641	0.425785132888	0.946678936444	1.36920122162	2.14328104518	3.3353455712	4.22374383685	
0.101001526591	0.141820464489	0.415841787755	0.853171797173	1.57202070199	2.16458290973	2.59013019982	5.27142815271	
0.0961756771516	0.139472843671	0.393798444552	0.902300136199	1.22693148854	2.18297578274	3.11273419976	4.43399415679	
0.0927818324565	0.151842495397	0.456839252077	1.00063432607	1.22134887866	2.36135568548	3.44379819406	4.42611654202	
0.109474219426	0.165361126532	0.383982569876	0.942616822494	1.3590748047	2.23822374438	2.8212680116	5.08757342633	
0.114177342822	0.156594992987	0.431710924449	0.949136342349	1.44409981698	2.19612254967	3.1430951814	5.19177833682	
0.110493758696	0.164813224036	0.415191756311	0.966140591964	1.24137858177	1.8318524412	3.16849974887	4.00535031864	
0.103291884376	0.167124457306	0.37315621394	0.856744145927	1.21294635074	1.50607195709	3.23615941667	5.13314726004	
0.101239026636	0.151209863854	0.377683849363	0.971780584835	1.218049769	2.05048953862	3.51594142138	4.89638985751	
0.0962148380911	0.168245902926	0.344713861954	0.89527761422	1.6938770933	2.43193216384	3.59059494539	3.72314516971	
0.097152573156	0.129902217402	0.409155666836	0.951020352667	1.32917084141	2.0237284291	3.23430955556	4.57779378084	
0.106624019112	0.169202419623	0.439210716056	1.01740463678	1.3409241355	2.04271352825	3.78212168013	4.19592752714	
0.102937868584	0.162776676764	0.386330509543	1.07648165039	1.29517356527	2.3110917654	3.21022037044	4.97321242021	
0.105720009262	0.13178166441	0.435027002456	0.968948732549	1.18005308737	2.11864499204	3.58337996771	4.1712262178	
0.0830709641109	0.137006457529	0.401999106619	0.828775144345	1.71953902514	2.29229443665	3.49628001903	5.12063619937	
0.0833426238311	0.134527401261	0.393309722028	0.984579523809	1.58013888053	2.09497426459	3.18594047225	4.97947740282	
0.109290346086	0.135574733405	0.351981269611	0.824511388088	1.65346160307	2.31535683328	3.54161820271	4.56876801818	
0.103986523284	0.154287363947	0.386350462378	0.81243280535	1.81793744185	2.36375226367	2.60550024272	4.88083362963	
0.107981162186	0.153007871453	0.39500966657	0.688470338781	1.25343331056	2.20755698232	3.19244153918	4.35439966133	
0.0886311943566	0.141882351928	0.374201076566	0.835589013399	1.40129805739	2.29004599172	3.35537577886	4.56284812998	
0.0934539886593	0.167892903811	0.416762592016	0.963989635384	1.20985155281	2.40776841907	3.14776317261	4.30963367509	
0.111918934442	0.155608608749	0.370435901985	0.922090879165	1.49051608879	2.14458879353	2.79109961097	4.26455310957	
0.105998957493	0.143404319819	0.398366700093	0.762509787626	1.26777923695	1.99173328828	3.44295279612	4.12173879503	
0.0907610065814	0.16178042605	0.353578687758	0.883347325653	1.32177298483	1.93606755714	3.39410603467	4.39849857012	
0.0888188052002	0.152240547688	0.407734296317	0.757249952976	1.31729957521	1.99885962466	3.81101468041	4.69137007897	
0.106593827879	0.184075506929	0.368514770357	0.882693925138	1.27167353877	1.7336848867	3.0253631307	4.85818437259	
0.102890584379	0.18239719251	0.38027549761	1.01006849751	1.44680597356	1.88289327617	3.39703552086	4.58371330627	
0.0969477598476	0.127861734203	0.40658978727	0.681838028193	1.68763357429	2.22801936741	2.96110291285	5.03357922319	
0.110529812919	0.146272925649	0.427651590675	0.896719030504	1.31108776242	2.21125397418	2.89880425416	5.11607140354	
0.101987064175	0.156161212982	0.337290704794	0.79176234709	1.39452824342	2.20821510195	3.63902124381	4.88646907658	
0.0964250945667	0.163700016422	0.3862861893	0.9158488862	1.20021784674	2.18132741108	3.19280631331	4.66084677853	
0.0974848621056	0.142458254679	0.388884193367	0.957671740872	1.43533203741	2.19546710156	3.11081008773	4.36836379625	
0.105120522209	0.166390187785	0.393748085421	0.954889151016	1.46785097253	2.22948389417	2.59931532822	5.26409371139	
0.0874292206266	0.172113886115	0.353729463054	1.15993494276	1.27592491463	2.08824061832	3.47953967565	3.97852250877	
0.112226099383	0.109459705117	0.378716422448	0.817054637461	1.59797915051	2.00850511884	3.58069185365	4.51239936437	
0.0853614947946	0.148051358753	0.334622295599	0.838409536586	1.14705842315	2.16181058278	2.98854778821	4.5594354419	
0.106382804572	0.133662915345	0.3890080286	0.821425660544	1.42715323102	2.22582288154	3.06093236578	4.66406864865	
0.112365018345	0.162123268112	0.378902016643	0.846046516487	1.35783454415	2.22308888096	2.93511022861	5.43701734963	
0.109548381306	0.138670429135	0.360818305429	1.01239342883	1.46029311046	2.28823654895	4.16860758106	4.87274707136	
0.108461855392	0.138117523941	0.344744421407	0.968723517098	1.51682278614	1.97056320437	3.12866252122	4.38689694111	
0.093063653252	0.157194925142	0.370531462616	0.974359018384	1.40504312228	1.92727163165	3.02601218879	4.81375864067	
0.0852110230085	0.142259748098	0.405313740077	1.20743103868	1.2637843136	2.14403439815	3.42950050682	4.21124978268	
0.0963175961234	0.150579626064	0.40889708625	0.852902039824	1.31905134735	2.04676270769	3.43560746931	4.98026036122	
0.0966778509336	0.15526014924	0.349581323614	0.946020729656	1.36330267037	2.14802499662	3.61236401148	4.74411086926	
0.0822762934522	0.136577922265	0.415249034166	0.90322198923	1.62145155737	2.07582778495	2.74615704331	4.46609443177	
