6	51
0	1	0	0	1	1	1	0	1	1	
0.137654771998	0.976509662196	1.3339355689	2.00419740178	4.89789092663	6.46410405764	
0.158412575706	0.841796899659	1.24268273974	2.22700057717	4.0966139865	6.84784567778	
0.168935478959	0.928088490528	1.46213879765	2.42170991761	4.79183598322	5.78687503162	
0.13775303557	1.06570832426	1.44092019592	2.22547742687	3.91814497049	5.87000846801	
0.136759357729	0.950419848766	1.30598007346	2.04713394078	4.51398854978	6.56077952911	
0.152628307941	1.07812538108	1.51941544349	2.15348808981	3.8640709662	5.56343570093	
0.138606989156	1.1269599011	1.39545608205	1.95885104775	4.18810317113	6.72644982109	
0.118616220136	0.966906580564	1.57150636975	2.03986080535	4.69642502638	6.62511817766	
0.163256507772	0.814746297664	1.52678688443	1.93957227407	5.16050224559	6.06002603145	
0.15594069963	0.753377925534	1.47601709331	2.28839213945	4.8139570453	6.27861055058	
0.147423744723	0.820717360526	1.412416028	2.10136746147	3.90079795991	6.11182885771	
0.166898449991	0.821919131629	1.42754829725	2.08923935943	3.77118179284	6.11108295429	
0.144272940593	0.965312601113	1.41620288681	1.8676499637	4.90855401011	6.18109388708	
0.152012795451	0.928257141704	1.40334731329	2.30321781208	4.59345615752	5.43424938905	
0.153999900815	0.949115525723	1.65148518321	2.1325076103	4.88767544595	5.48814401607	
0.161251831606	0.985155225611	0.986920148512	1.89731373344	5.18075124362	6.519729418	
0.157940987455	0.851750722586	1.445860892	1.88941178921	4.24823899646	6.51276922736	
0.1604169141	0.586391715305	1.50917696333	2.18354743163	4.76503419979	5.40548943636	
0.114353018852	1.03509389578	1.40094395632	2.19823044597	3.98941285065	6.25978136699	
0.13652224457	0.942028116283	1.44928409143	2.45415382547	5.46416660637	6.03373478384	
0.169509512859	0.823785916085	1.51711889118	1.85309310052	3.41948750234	6.48983608711	
0.156761463081	0.868444168378	1.09448377032	2.4368094984	4.03979039438	6.08794979579	
0.132787212939	0.964912450109	1.58158065836	2.05837353142	4.41441441266	6.48159115351	
0.161887015099	0.937878892231	1.24599615439	2.08118414109	3.70783899459	6.30229411511	
0.135054900289	0.944886835217	1.49243562017	2.14793310239	4.99728980033	6.55730556892	
0.149897025807	1.04925776803	1.54663693984	1.98916763073	4.88406034832	5.61673730802	
0.143682066689	1.01391174711	1.25096193474	2.47989473167	4.41692717107	4.69845278545	
0.134350607149	0.96484788468	1.40414357148	1.8170725761	6.0439863922	5.8007124101	
0.138378552359	0.953566739736	1.7097227046	2.40898564665	4.0474551287	5.84121027851	
0.162056018825	0.977040135675	1.33274200253	2.19095035489	3.97092319247	6.28451665126	
0.141594776494	0.893743283683	1.44243304404	2.08474232509	3.9369756356	5.53741146852	
0.149988309649	0.930228509462	1.27697289153	2.37329070954	4.81985179302	5.86952779171	
0.147749953112	0.853447248649	1.35740642386	1.85716993547	4.57581502151	5.64915169054	
0.169587719633	0.948818407935	1.01706313254	1.8271022864	4.54907444542	5.37149692923	
0.155347650378	0.909708650465	1.3914786553	2.12679588129	4.20462451259	4.8978098619	
0.159257382999	0.93952769679	1.3694593429	1.95546814772	4.12078659058	6.13390334298	
0.17031312601	0.958115324036	1.50503858082	1.93801401586	4.75101047776	6.91941210526	
0.138723976335	0.945514103351	1.44021607205	2.08076736886	4.17185068364	5.58702330614	
0.144850328491	0.936097661241	1.33075157808	2.16327837916	4.4822881306	5.47369129186	
0.163167594639	0.935222994624	1.42545191759	1.84581193711	4.18596081286	5.34055965407	
0.14270417292	0.963429645979	1.44827471528	2.33978539638	4.70808184311	6.53802848716	
0.148468541748	0.908216395497	1.34868109553	2.11651043776	4.76605993835	6.24034768005	
0.145627582724	0.765542202866	1.14621146256	1.85975974661	4.95069999642	5.62152632493	
0.155597001478	0.849024651494	1.44919532006	2.08317654296	4.50635892855	5.58438461841	
0.159312591625	0.98789097099	1.42007564169	1.99315253317	3.76011750802	6.05826994576	
0.175336918227	0.997461429564	1.199935023	1.93149458994	5.25184089934	6.19685732531	
0.138015781825	0.944222950555	1.47164177701	2.1216980086	4.85872388859	6.4167487931	
0.161160070458	0.844396145424	1.41337492974	2.02976976329	4.00084782705	4.95721493215	
0.159472728171	0.927062266691	1.17734923072	1.85668178306	3.54869565273	6.40641018111	
0.140415594526	0.890124485426	1.31179099554	2.26854315788	4.4411255337	5.92970127847	
0.163432546619	0.874743684254	1.46612213299	1.97622487173	4.71075619977	5.47507368289	
