3	32
0	0	0	0	1	0	1	0	0	1	
1.20492872116	2.12790330868	6.01120568537	
0.970150598079	1.69644414382	6.21355931321	
1.0945592417	2.36116093993	6.51966650314	
0.844654128952	2.01702258121	6.51575725092	
0.945909433816	2.08155371908	5.99296469709	
1.06795621787	1.95152448698	5.39491912119	
0.701827388282	1.98468768444	6.12857497581	
1.01078145092	2.24949330418	6.54022005487	
0.991074459951	1.92127179281	5.92898135272	
0.816600397523	1.9476828132	6.12505501966	
0.886358797453	2.33065836228	5.9676571272	
0.929602878895	1.86294645967	7.08968873383	
0.868258300525	2.38394485417	5.56873111389	
0.911568833177	1.793554693	6.60435017902	
0.953731154438	1.69592615487	6.32289273036	
0.897297604619	2.55482666269	5.56356056724	
0.843241975955	2.29236183345	6.05818656741	
0.912780542456	2.08810653335	6.01552295448	
0.87219694086	1.70703356083	5.61106028888	
0.897253674961	2.22991737027	5.77934376506	
0.919536489851	2.45305889741	6.01859663398	
0.944102919954	2.3477487941	5.80926276897	
0.873693106447	1.8689874955	6.4179154099	
0.854702936717	2.31149871353	6.80493352414	
0.86172836107	2.02418137519	6.17820456903	
1.05021227945	2.14842614065	6.58278754893	
0.967491244556	1.94585972925	5.46453987448	
1.0827774092	2.39040762122	6.04070910418	
0.934662237777	2.25144052463	6.25479866391	
0.955149927967	1.92887264096	6.45540236873	
0.868261702368	2.41673083558	6.5759742504	
1.01663168219	2.40800370734	5.09213947778	
