9	76
1	1	1	1	1	1	0	1	1	1	
0.0973907612844	0.132636788878	0.364506708046	0.597783510169	0.81103321661	1.46207359096	3.65524338021	4.58407378092	6.40542092373	
0.0824130664702	0.158002258218	0.333696923752	0.55632440288	0.778585814476	1.30919197049	3.18419671303	4.45981288239	5.85194367923	
0.0990962256118	0.130761697152	0.400011081177	0.496229444991	0.905236936203	1.24714376296	2.70480379007	4.31160129051	5.21200399894	
0.0932882306038	0.147057250356	0.393513687072	0.606269250944	0.96380871752	1.46745016159	3.66051340003	4.88205805097	6.06573795581	
0.0979543198087	0.149421222027	0.333948316634	0.615031288994	0.834517000186	1.62631142386	2.35167468626	4.79765992547	6.10406477463	
0.0854356316147	0.153888790727	0.371266088331	0.668232472469	0.831529059998	1.33843969681	3.25547008056	4.20151245216	5.08117851881	
0.0994025261504	0.127604883087	0.347521881792	0.675199222052	0.893498841914	1.44189685056	3.17295998097	3.98426788862	6.43357534499	
0.102336609892	0.142334365096	0.433931511339	0.584329236018	0.747099441049	1.64857503967	3.36577218168	3.57948838799	6.5961462209	
0.0928487811416	0.124368577349	0.396286659752	0.687006291685	0.793418930313	1.36657831874	3.26354242188	3.77690593191	5.81049934561	
0.0976994478135	0.164709563793	0.426896420757	0.673992508199	0.883405863703	1.29367504534	2.7041916275	4.30035970074	5.37482879299	
0.0927109553986	0.160763700583	0.405558169703	0.584275006665	1.04078049186	1.37272194385	3.18426159744	4.36347096926	5.64010642526	
0.0881439133535	0.141274310445	0.352676203145	0.603688237824	0.982767713671	1.39086167141	3.191963551	4.8986246782	7.06773609336	
0.0843373553239	0.146705749595	0.351507249657	0.633389704007	0.930959742612	1.34591199283	3.39572507214	4.42473316059	6.86479811926	
0.104696499146	0.189124639777	0.366278594165	0.709482829219	0.96953178462	1.25696946765	3.30806609177	3.51195748347	7.27766853317	
0.103529095794	0.176794959347	0.32658574914	0.545717633419	0.821753839101	1.27936016643	2.86571951942	4.79630087757	5.20231975954	
0.0928284592329	0.178504729707	0.366619047093	0.666858619436	0.947450720978	1.28989788552	2.91470811443	4.21334507482	5.73205747137	
0.121102701562	0.165864213164	0.384415674429	0.542414434396	0.919019058496	1.43343253896	3.51123339521	4.23554467051	6.46871649824	
0.114968923723	0.152883621088	0.394520732986	0.547896946724	1.02923910538	1.70682866873	3.25096733613	5.04161534073	6.17946716222	
0.116973218713	0.142974581567	0.366488179935	0.674744616209	0.766684559911	1.40226281252	3.97543937157	4.23410780789	6.11187633405	
0.0908789817474	0.144922783739	0.367756647264	0.690730876141	0.863132595261	1.61865870182	2.94756721081	4.40135138443	5.99223108058	
0.0958557086357	0.162570680396	0.445091137271	0.503779331366	0.869738343101	1.47679399288	3.1590768528	3.76749313124	5.48884575144	
0.0850619927994	0.13921193288	0.443105626453	0.469122961325	1.03622572961	1.56023089167	3.23349229009	4.73464109921	6.38927299474	
0.0894152464962	0.148313338739	0.348239709082	0.625401961759	0.851161772206	1.67539216339	3.63824027995	4.47736191994	5.33561506239	
0.0966281736409	0.157883195444	0.457514037496	0.573186776851	0.987103165593	1.51927742946	3.19866003266	4.85535424233	6.76775808903	
0.107611880455	0.14320184013	0.40963122939	0.610374082258	0.843310943433	1.39098919341	2.84745380973	3.69341703501	5.64875635685	
0.105854215401	0.165671708303	0.40366453836	0.571154363894	0.955225842499	1.7645168994	3.74217676474	4.52220789523	6.05569728138	
0.0912940328447	0.135499386856	0.37506376399	0.605615749918	1.01737892756	1.46562163076	3.39231706507	4.88312138194	6.22739008463	
0.0948072731217	0.160742972987	0.395473348653	0.670037643626	0.854157774418	1.66520894139	3.12840987797	4.16415047231	6.29618148568	
0.11185629944	0.137662268259	0.399907470267	0.565660354306	0.949107107115	1.65405486448	2.91747649562	4.2315807746	6.25814741548	
0.103829069074	0.180981225758	0.357622843469	0.655773693087	1.11525960609	1.45393564947	3.20456086313	4.32782978789	5.65222354192	
0.095115009445	0.184103282245	0.419538172484	0.56462622037	0.947922452193	1.42998970872	3.20550116499	4.95584183403	5.99933523692	
0.0934156355896	0.1741977153	0.367489062647	0.592609429396	0.940999664587	1.45862921827	3.03540766832	4.42603848658	6.66769477303	
0.108618762414	0.120793925157	0.319390860858	0.542510462051	0.758749002064	1.24471861983	3.35530126863	3.9787915137	6.24291813175	
0.102278896489	0.129847135449	0.403156504448	0.536160246325	1.01161355687	1.45978670158	3.39821623245	4.45091987866	6.32020725799	
0.0927033187551	0.156098166153	0.43352287966	0.588878819904	0.930354989977	1.3460630351	3.71175264981	3.77514540625	5.67094813197	
0.116976062605	0.167820212338	0.381110022472	0.525253605475	1.03600972701	1.40478608749	3.43864682414	5.16868911415	6.91361866945	
0.103765880702	0.146972144211	0.414993912125	0.545768840822	0.782430587249	1.60348559186	3.40096461409	3.91398510405	5.5801202598	
0.0908508561778	0.164566485684	0.391274195324	0.707366285661	1.10758021107	1.7124373161	3.65901144867	4.88775623034	6.49069483412	
0.103779734892	0.167600612668	0.406993513231	0.622480565345	0.92003581321	1.2769860633	3.48129146803	4.13549541605	5.58118148412	
0.0862332200029	0.14751712783	0.37113183528	0.592425905782	0.785181958682	1.60711060799	2.97247991727	3.57732792062	5.80480604793	
0.103641168938	0.155069348862	0.3855928016	0.591917353099	0.867395536811	1.53668766053	4.02259923801	4.55024848019	5.52968336965	
0.11228932385	0.134887711486	0.30152770527	0.713496039181	0.95738594317	1.65617013125	3.18098763937	4.49308482536	6.45317433262	
0.10445575694	0.134716216364	0.346096816265	0.620364762549	1.00181029723	1.27261707432	3.15563221496	4.164625885	5.2429282829	
0.100516925475	0.138598822107	0.408092161336	0.665743923303	1.01558818663	1.52780071468	2.71943604024	4.8811500425	6.70822923588	
0.112923229346	0.133922486553	0.383295073255	0.608157320665	1.07445130934	1.64326520826	2.90262722687	4.47806351207	5.33509906676	
0.0948930952943	0.133252483914	0.38798574829	0.547329174207	1.03065478362	1.17888213061	3.4014280988	4.77457946824	5.23821834477	
0.0970588266339	0.112574657373	0.436122902573	0.554414850947	1.01816910617	1.48180880246	3.70596893842	4.63204162314	5.78179116963	
0.0769570096133	0.153669100491	0.359370238075	0.562982024503	1.04230380172	1.52327115339	2.94261985572	4.48501584743	6.01089513528	
0.109771890192	0.168819461975	0.367996922211	0.565993453093	0.944591097719	1.28696649905	3.45716246394	4.25434921139	5.93125436273	
0.0887171163425	0.131402686705	0.391054717451	0.675052753726	0.83370763467	1.70525964185	3.47040811516	4.62409021538	5.97315286104	
0.0935966642209	0.162993908049	0.383380331561	0.562521563843	0.814229535726	1.81667593107	3.82966658917	4.51593186609	5.84191398796	
0.0983686410066	0.179358062545	0.382349875592	0.522888527255	0.785179759904	1.32734097658	3.30103711493	4.36706632401	6.24611090616	
0.0814177756947	0.128208865905	0.402394751467	0.677502395278	0.752822681281	1.33714741431	3.44968485386	4.39615294677	5.80570850743	
0.0979417904118	0.152012037474	0.40802637346	0.578283080635	0.986701288032	1.46728115716	3.41681717577	4.74188487037	5.96450839403	
0.0987161219806	0.132496492957	0.409631277304	0.576611921888	0.833814052154	1.41221552511	3.37863242888	3.86064646582	6.00479640229	
0.103207759099	0.135272399764	0.361825080955	0.576290731818	0.982177596383	1.31475104659	3.09354082836	4.4490288825	5.99175884703	
0.110115204972	0.155388549111	0.389581549955	0.503071135111	0.980323868829	0.939664025757	3.14454595668	3.82762471761	6.20912304052	
0.0932554377959	0.145750445045	0.39633654939	0.651765085806	0.719140922237	1.43718571186	3.41554756519	4.28436120904	6.05530206692	
0.075751984113	0.153953612863	0.34203471704	0.600937459122	0.910141588302	1.40287392007	3.30821823083	4.6111930323	5.20998532927	
0.0972855890339	0.152336678035	0.357699118541	0.603671470566	0.795995969379	1.12785432694	3.12931363197	4.48713386065	5.71260730616	
0.101755289218	0.122636562106	0.352254759945	0.678346595635	0.988687221016	1.51023138387	2.93566555611	4.26087739147	6.28579403922	
0.0823903301886	0.157579085959	0.389896075733	0.601419233235	0.953999813772	1.47026737579	2.95275783411	4.69428244198	7.03572555349	
0.114398411593	0.166562940854	0.365329501388	0.59139569359	0.749638448184	1.01224726983	3.58592724229	4.52664510529	5.43554356114	
0.101715487323	0.137518876579	0.360850430458	0.701128958344	0.919963239118	1.41915296342	3.34449703401	4.19022654703	6.03603002482	
0.10251485437	0.1457059572	0.334489612099	0.650773237941	0.892235187527	1.44316562907	2.9097272175	3.89539094802	5.50070525679	
0.104241762667	0.149900391334	0.379110531508	0.653532276329	0.842779328742	1.54939682282	3.75075555307	5.15798251407	5.67908721141	
0.0955537350534	0.170635921272	0.39268099619	0.603491132835	0.93577321364	1.44422029751	3.29217786053	4.01445347786	5.89307989749	
0.101117008375	0.131528831414	0.444481607218	0.640557594258	0.844297495107	1.78106103248	3.1888717344	4.60865440535	5.82765180535	
0.118879889431	0.155282129315	0.355723786623	0.439595961451	0.990918945082	1.58993171853	3.04924919104	5.24211031308	6.29743830563	
0.0915306908109	0.139408742306	0.351865966187	0.515678279485	1.01299761514	1.23695194067	3.21458563256	4.50548807172	5.88090807594	
0.0883569885049	0.170626564147	0.361131950694	0.596466756794	0.801763856143	1.40289050289	3.08653727365	5.29329592311	6.41847350727	
0.117185704393	0.165493187082	0.373735632409	0.667908295075	0.893449392053	1.36815021771	3.58491223028	4.1714874516	5.92157736479	
0.084078810888	0.151556536157	0.40380570613	0.493975176009	0.863431640347	1.39603254338	3.54001586506	4.53207676589	6.1214288477	
0.0919804530434	0.169890285123	0.280001263743	0.59218244889	0.960492411754	1.24570905254	3.41663039084	4.85661859009	6.19733930654	
0.0980691824833	0.163509015573	0.420437176612	0.676696909166	1.02828744586	1.71524298246	3.73237674953	5.04805721936	6.82720966915	
0.102876312168	0.100662643737	0.392825374503	0.617250585712	0.948501278609	1.63471376247	3.21143652057	4.75847165051	7.01184748641	
