5	31
0	0	1	0	1	1	1	0	0	1	
0.375852679427	0.977892361671	1.41480807393	1.96810807813	5.81742172647	
0.372018756589	1.02721788722	1.46661947367	2.0172802228	6.63025885871	
0.458701155489	0.830199237203	1.58729317596	2.09508936262	6.23994863091	
0.377511859662	1.02673831281	1.71950025427	2.37997671739	5.26675857644	
0.36588496708	0.933244454908	1.44996211219	2.05313508344	5.99657145279	
0.37612017475	0.928340719404	1.44033159782	2.28583466794	5.63767573925	
0.343197792885	0.94419740158	1.40872833766	2.51758500334	5.6776585928	
0.360153372057	0.923165974264	1.5830211366	1.96657276365	6.03295993094	
0.309474827977	0.878089698828	1.63992835686	2.12108669153	5.31020380081	
0.369074584374	1.09418735763	1.36158929537	2.07231210231	7.30484609113	
0.462920969411	0.846553205262	1.34705012288	2.18364925942	6.5813652584	
0.41919878274	0.863778710374	1.33618080854	1.99343884587	5.37943332445	
0.397397361267	0.925789795943	1.48178142347	1.84197617666	6.36100437816	
0.397754376609	0.932730185805	1.35807890605	2.18052195888	6.62777964644	
0.355154466713	0.946575842022	1.43875851055	2.13181634154	5.95176168025	
0.396039115685	0.886501326799	1.27220571985	1.7454896596	6.61529572063	
0.369986413479	0.930028064581	1.31678409453	1.83385974709	6.62930406679	
0.375297173969	0.990133756055	1.39410709635	2.3249293158	5.95298795234	
0.386329833365	1.0125920167	1.53627432458	2.32903472843	5.77156499862	
0.384787544811	1.00711545102	1.45461605094	1.88499724045	6.5409811953	
0.399591129934	0.861345594634	1.62477941366	2.19665238551	6.678912897	
0.34795569046	1.04074507512	1.45514511632	1.84882005652	7.01827236821	
0.40604672554	0.946129542259	1.23721146111	1.79930191471	6.53368010322	
0.358048779751	0.948091878382	1.26789462165	2.02631779237	5.83559076717	
0.415438557222	0.852617417049	1.56864558912	1.92563629077	5.60657494433	
0.378027934205	0.828743642821	1.2634002108	2.16573491823	5.79319479975	
0.403611926477	0.978486517	1.58839848521	2.08001645693	6.50286386644	
0.421730628611	1.0420472042	1.53443401508	2.09048855139	4.64148572652	
0.364958759407	1.02044986094	1.34847146684	2.47704103111	6.93244517603	
0.461396210908	1.05118631338	1.34935158569	1.90254484315	5.72011613332	
0.43392561321	0.888122329793	1.4370264019	2.53751634064	6.54349670987	
