7	72
1	1	0	1	1	1	0	1	1	0	
0.110091421535	0.146110375039	0.533878641556	0.941393432781	1.31742413208	3.36522644219	4.53858777906	
0.0979549429387	0.162964855573	0.538074849323	0.868332239298	1.21288808596	3.01053765569	4.09975508726	
0.113146229665	0.149906862168	0.561288478929	0.826210817871	1.24675759311	2.91827386864	4.78911976526	
0.101737582183	0.135538805841	0.645724438651	0.864147098376	1.43525439012	2.88359949913	4.81289766067	
0.109307968867	0.141211459534	0.556504181977	0.868735848196	1.45622725785	2.77601192226	4.52397625531	
0.117115401387	0.147588316722	0.563336582176	0.88087309802	1.196981408	3.7101546725	3.82596337724	
0.099057218208	0.182491604828	0.618211537633	0.915660958334	1.26728013328	3.44084111453	3.92389401058	
0.101894475918	0.145844908511	0.565564523614	0.876156521743	1.35526386562	3.11873353643	4.50606200105	
0.0893642068861	0.145697966202	0.557726784632	0.964244622958	1.23535519525	2.91821378872	4.82149217651	
0.0884561869771	0.134421675924	0.617978780549	0.961274071412	1.33889269933	2.69857134592	4.43395102844	
0.0997452698119	0.155101496452	0.716359798164	0.854826915885	1.47500435835	2.91910611923	4.35307323148	
0.0976735135343	0.139497233046	0.637703492616	0.948718694455	1.55095848784	3.26689193352	5.02166665281	
0.0894112865271	0.15511421262	0.55534563562	1.00356916504	1.47695355097	3.50622506232	4.48897645265	
0.0980453301595	0.152577482501	0.583616428624	1.00665169949	1.43752876644	3.30032538702	4.73867053891	
0.0896671050909	0.125991421689	0.576610202807	0.941052681759	1.55315955127	2.9856625633	4.5879028477	
0.105668939893	0.151666424271	0.656638552397	0.903982778361	1.47877142069	3.45939434121	4.88583433117	
0.116023547375	0.150401143489	0.562645340593	0.903370937278	1.60118585787	3.52231408513	3.8921628206	
0.0958699388156	0.134478006554	0.5983463117	0.874741307766	1.24121771863	3.02708643241	4.99526041383	
0.0981375084686	0.150426355971	0.576583523383	1.05813861509	1.39835062023	3.24655813182	4.80767234772	
0.105533127708	0.149516271833	0.690817686329	0.994810335363	1.30958971744	3.78377339744	5.07427498433	
0.10074955114	0.148442149971	0.566690883672	0.942398963848	1.23143096731	3.33327998648	4.36330021062	
0.0924664075201	0.159029510488	0.545522353416	1.10985976787	1.25024974302	2.78980276381	4.81738196601	
0.0799136561812	0.159369459257	0.629833621634	0.885119080954	1.45178499907	3.19314970927	4.86059839252	
0.118700486297	0.166873007085	0.658668400787	1.03507269603	1.5062290769	2.90564822443	5.0746762509	
0.10336937926	0.1687090569	0.642303727828	0.983553919283	1.5178164858	3.20191001445	4.33302629374	
0.120465245858	0.177362771925	0.607958188869	0.992968937187	1.48633505265	3.22803439415	3.36338054985	
0.0863107933196	0.148468454193	0.527547095882	1.02277312317	1.38339625896	3.10478545347	3.89503474146	
0.112914476683	0.154813754323	0.536786482235	0.827521563012	1.32352675037	3.3667947001	3.41589782317	
0.111196386602	0.133393364297	0.518596034563	0.988499175602	1.35150046538	3.29150783849	3.9430888897	
0.0925071082376	0.157127332049	0.60769759201	0.823748375559	1.53843426178	3.3056719761	3.43362460652	
0.106385440191	0.155871530491	0.54817522756	0.840267091825	1.74896746639	3.11994656145	3.70968388827	
0.0929591232314	0.146587454107	0.593328419718	0.788298824731	1.29523410455	3.11268142039	4.50947754656	
0.114636545301	0.143136490361	0.533158722566	1.03166134648	1.12477976015	2.93407639618	5.2033932081	
0.0942801399051	0.165413239552	0.623498448155	0.771271589731	1.4219116463	2.97820525624	4.4904314493	
0.08510067716	0.159534025181	0.619026043126	0.777164809584	1.34016407771	2.98387146246	4.81681337003	
0.0843775882803	0.164029391023	0.608803241359	0.996455921128	1.45245211865	3.05923396467	4.0430746012	
0.0863624010856	0.1631172295	0.622875195821	0.76323675491	1.37082759675	2.7998089691	4.68525617746	
0.107434883169	0.137212631297	0.614505008317	0.92025987057	1.39758754156	3.14689238748	4.54954209776	
0.0707317890571	0.149932592186	0.641293545221	0.81008272964	1.50811827013	3.68746318854	4.42502300945	
0.0939456989288	0.137487599472	0.519684747404	0.872521071171	1.47881631465	2.99384090328	4.95001046392	
0.107214936287	0.165404624138	0.624610859937	0.815272515863	1.7697187067	3.24701438334	3.90755285228	
0.107551308	0.183852555372	0.574041610241	0.859149050292	1.26515687088	3.6853532096	4.38628970565	
0.0938384724791	0.145252481204	0.531210304325	0.889918987192	1.39467090616	3.02794342214	4.09998660172	
0.101619019265	0.142549064339	0.531366678711	0.884491504078	1.48109811759	3.37581661497	4.64190819937	
0.112371395435	0.159182840796	0.609453540786	0.861450236326	1.45733093685	3.58396783539	4.40574377396	
0.104232691701	0.12527076299	0.612455200752	1.01381760549	1.55155914646	2.96112586247	3.48741469796	
0.0952898265464	0.149801276942	0.594833988092	0.900485062381	1.47117004226	3.03406330535	4.43168681277	
0.105203935025	0.153639263875	0.540950274298	0.877395594922	1.22190296529	3.10125954678	4.54125014976	
0.100242791373	0.158676071225	0.519284521072	1.00028094191	1.12153070401	3.10290025622	4.04627460902	
0.0952308975326	0.153106909569	0.64462352388	0.868287437721	1.59367245748	3.49096998179	4.49085416895	
0.0960515844299	0.145675796176	0.513428990568	1.02987852245	1.31814125296	3.11928161876	4.65934176368	
0.0948990130048	0.160921010697	0.564563732884	0.923916133207	1.4242837498	3.48994089735	4.01004635906	
0.0956282912854	0.134448168107	0.575185776824	0.82270699595	1.58634775939	3.3635762779	4.1519649032	
0.0887375256289	0.158927900321	0.653400813205	1.04726161522	1.66230400839	3.31389355767	4.56844987141	
0.0944288383781	0.146985859335	0.687585127832	1.01431957273	1.4286666193	3.44722776692	5.39034791272	
0.094420515525	0.180634713748	0.673074763306	0.963121996956	1.48317520379	3.3178226813	5.21276703506	
0.0962308196784	0.119926622088	0.647567675997	0.88753777305	1.48511561105	2.99917660587	4.70718920752	
0.107165871994	0.136453630845	0.552451314288	0.824369348981	1.30301815444	2.68306294865	4.26282531568	
0.0976964848913	0.154157109919	0.622573473439	0.865169478279	1.3446269574	3.66231478685	5.26974172904	
0.113485683688	0.145792648928	0.592526553103	1.12879507339	1.42331274327	2.78077140305	5.22571569984	
0.102575099107	0.134406211634	0.574570333118	0.965283599002	1.30703373838	2.89325008888	4.43098789557	
0.118244322157	0.15862369451	0.489392864378	0.691942639095	1.27800803492	3.55763048472	5.80115047613	
0.102743220501	0.140633690631	0.703615245387	0.910464033284	1.16587277528	3.07714936502	4.47187211037	
0.111226763727	0.156584288693	0.641829319783	1.0044802866	1.44287747073	3.36385695514	4.98610675086	
0.1012731577	0.145394336511	0.738470570325	0.975318865428	1.49488361145	2.96423440602	4.06749982138	
0.111884675809	0.159044794585	0.654200777279	0.967468054859	1.30186341921	3.05595963072	3.33473369327	
0.102895411132	0.154781159264	0.66039655636	0.930601512506	1.78426549307	2.8823288888	3.87440650296	
0.091446215818	0.138801307901	0.609273139253	0.967965224696	1.37447575821	3.24304771742	4.97623718701	
0.11111226914	0.168950110696	0.631228334471	0.821193293166	1.26944256052	3.46155174613	4.57270699416	
0.106105843893	0.153388105949	0.587965845781	0.837722426871	1.59915992017	3.56127837375	4.65393563394	
0.104669070089	0.117190671435	0.630553429804	1.02080318877	1.47749355857	3.35480081036	5.26122279346	
0.107864193708	0.153931973875	0.618423273212	0.826028257889	1.41796803515	3.39775883208	4.38462481654	
