9	29
1	1	1	1	1	0	1	1	1	1	
0.0916201078535	0.170578781693	0.349215944163	0.500630597698	0.849804284787	2.15791806072	2.81166406165	5.44982468587	6.45219553679	
0.0983977456581	0.164689037186	0.346930574367	0.585390472909	0.93555422739	1.94105954524	3.60613378377	3.95232161192	4.87404816388	
0.10421698926	0.146347935011	0.335459682172	0.623056768087	0.954374550218	2.20684652888	3.84464631614	4.76363918614	6.35568214954	
0.107969686624	0.154883144982	0.335480762768	0.628301318553	0.929798174223	2.27587213751	3.40525124775	5.16630208485	5.5744087658	
0.103538480697	0.160813592644	0.400504562825	0.517211854923	0.789979655834	2.32254667301	3.201453994	3.96208219956	5.75771104177	
0.114292712161	0.158438437891	0.370297127233	0.592407716238	0.970892035428	2.28707689276	2.77198985528	4.42170058314	5.7666631067	
0.0939220819167	0.14027560655	0.364375418863	0.646066897449	0.909497604752	1.85174142681	3.46627178999	4.00639322017	5.58857713849	
0.0938242790754	0.138840430069	0.394920023422	0.565416002541	0.997863990765	2.11221424254	3.55882403349	4.57547213202	7.25185533815	
0.0924292566026	0.154725847535	0.369096609879	0.573588857816	0.854092117627	1.63027941721	3.1220877101	4.96705701809	5.55543548336	
0.115630722954	0.155756172779	0.342394712946	0.64934523392	0.965952724447	2.13097299084	3.13773426912	4.64791003777	5.56518725121	
0.0962646959185	0.153601825436	0.42727037122	0.56611800259	0.892223223506	2.02815710789	3.50198583094	4.18691668067	5.56349297445	
0.0990966324205	0.156449213424	0.358071938653	0.632956389492	0.983875728768	2.26553451278	3.58857477802	5.13033187303	6.27492249252	
0.104372881582	0.141559657702	0.375610661744	0.678824966472	1.04202824404	2.48143591793	2.94552213571	4.5529148868	6.25831192158	
0.108179308062	0.159343731899	0.368881806922	0.530809507706	0.875473131702	2.5382680896	3.81850826811	4.64639307078	6.16835530057	
0.113254827056	0.133388527774	0.364984264987	0.581539200844	0.7444468059	2.20025776047	2.80082455575	5.21955127689	5.74232277788	
0.0867431872652	0.129610985932	0.454720877004	0.54639576566	0.964623429445	1.74428274094	3.38293748592	3.62331893116	7.00517816193	
0.100954283017	0.142195006647	0.303368384853	0.600952580602	0.852380190286	2.24733517589	3.47360782969	4.21767508768	6.5325595141	
0.106250561989	0.161586834416	0.373907702739	0.662854598476	0.994327320579	2.0533971038	3.70406141169	4.7802487633	5.75492763418	
0.100829858446	0.154943157165	0.414399806238	0.634907617908	0.911890168731	2.01815674611	2.88135933434	4.9777101296	5.37868811596	
0.0989622605494	0.14521391939	0.35639209983	0.536740082358	1.02799634251	2.0373050335	3.2846740123	4.26957147179	5.60236049133	
0.0880170145118	0.153548863382	0.33440648324	0.58749797858	0.893126529455	1.85645523205	3.23658067507	4.20771060067	5.78560118426	
0.0962652973611	0.159051025127	0.358845105172	0.664520237083	0.989103343988	1.99168973837	4.01695042631	5.0173615585	4.49783502913	
0.10038708116	0.150843040361	0.39437485465	0.581930291547	1.01787869861	2.21157635824	2.44307717913	5.07238662344	5.25883054236	
0.0979485121103	0.135753389877	0.351695077717	0.705336987401	1.11456514004	2.13780651727	2.90165502128	3.62226723058	6.3866138158	
0.0903096639762	0.14070395483	0.441244758492	0.68995680723	0.888845904452	2.22656913353	2.71068854327	4.01918546716	5.69043494896	
0.100946009212	0.144730333381	0.388648981664	0.60713336833	0.987976858601	2.28876482165	2.83916779303	3.61566535983	6.62860072231	
0.107075440658	0.169478262879	0.401892905327	0.602005116932	0.725849269314	2.20653512026	2.99296021537	5.49009984376	5.89742725989	
0.104536828523	0.139033462557	0.459197009384	0.558140100351	1.00082587387	1.87970737407	2.66660251892	4.26723760402	6.14428479018	
0.0993141868923	0.134167137507	0.40635181668	0.585687321598	0.934531374927	1.82909251513	3.37879262281	5.34501370207	6.05974036994	
