9	79
1	1	1	1	1	0	1	1	1	1	
0.113642502603	0.157838450363	0.343650177373	0.555085806372	0.825394718039	2.21581325702	3.21933825005	4.38923726813	6.75186479571	
0.12593792975	0.151367065192	0.353277216489	0.646260239385	1.04322412984	2.40987203269	3.24166648801	4.20117372564	6.00947949253	
0.10890074761	0.146637482456	0.37075823168	0.498732737629	0.994830406962	2.14072668848	2.85050543176	4.19528876332	6.48292696458	
0.0934852385044	0.130646990185	0.357050428694	0.566327419749	0.960945725617	2.07528362896	2.86684587325	4.96172496857	6.80720592277	
0.0981296224775	0.145260337666	0.400369184684	0.68622632462	0.861838366491	2.53898942493	2.95945582779	4.81639784349	7.21226642431	
0.0831724760238	0.14446814859	0.451698471903	0.549707928083	0.768692430833	2.79668969321	3.17459093593	5.36690035164	6.66342733856	
0.0906303685673	0.134255420042	0.409540897733	0.689328830449	0.936803985318	1.83490961926	3.57447885105	4.05926414053	6.48124313717	
0.0987851479144	0.151134631937	0.434685687861	0.658346302369	0.921811227775	1.7428446819	3.15522014501	4.41804164692	5.83531135386	
0.107354348898	0.124116620408	0.37857628165	0.521118159433	1.01876594314	2.28987905814	3.11661415554	4.61223224578	5.34042569263	
0.0879137585155	0.141526650038	0.414851431359	0.616776991204	0.761876779409	2.19517790204	3.51606152953	4.57179822469	5.72861712792	
0.0941399914959	0.127721390349	0.390041655747	0.663810650594	1.01901015452	2.19597945388	3.22905699624	3.91712613035	5.18535809795	
0.110316018162	0.139620709537	0.368287633045	0.571610531073	1.01096573822	2.03433100897	3.31612439421	4.04970229734	5.61741866828	
0.0971188622521	0.164474190537	0.383900221373	0.594493613158	0.948918990909	2.24219205101	3.31020071823	4.40192959707	6.08475976662	
0.093671424788	0.161446689844	0.437902285975	0.575289725604	0.906748813322	1.88630511638	3.02922801676	4.53677329603	4.72959103247	
0.109223466434	0.168395885317	0.386304133754	0.479213727672	0.840492798391	2.19157471609	3.90750892861	4.16125231207	5.62108680283	
0.103978203629	0.165866179835	0.356707328645	0.700931794894	0.90347525455	2.17929777314	3.42955324097	4.79683114478	5.59596137432	
0.116718991411	0.135507629203	0.342817620059	0.571914358039	0.902532128788	2.2582945447	2.71454063224	4.72725075746	5.72500423204	
0.0934069840748	0.157114347838	0.37344600411	0.703348026937	1.01200489107	2.43196393888	2.78079602079	4.98541894994	5.72232798178	
0.110060319333	0.138575304752	0.326387236786	0.575639440337	0.90626766025	1.85203111384	3.38432662455	4.40828431808	5.9217430237	
0.0969764821488	0.128871289823	0.332737436819	0.558561291466	1.00021040953	1.92534707456	3.19299947244	4.18337547562	6.31166180475	
0.119348468693	0.136096232606	0.43626589892	0.66274566356	0.854169366279	2.62143978913	2.893751994	3.02218668659	7.18813558556	
0.101052037877	0.148186347252	0.425644347366	0.612418074009	0.976224158978	2.210276729	2.9773167627	4.1846797898	5.86979735157	
0.120996720604	0.1612913191	0.310847290826	0.585178561491	1.11766583756	2.06824678836	3.33762452505	4.07150058289	5.47279213943	
0.111629026303	0.141301767992	0.371839505291	0.578638613449	1.01863843743	2.11467645578	2.28125934094	4.77030384245	6.20350818782	
0.0873447986228	0.170786029748	0.369721693416	0.564054708971	1.04931467833	2.02790331262	3.34853285676	4.90310371535	4.83095454999	
0.119055333383	0.155232891983	0.413911106687	0.585431437903	0.857873217125	1.91110196339	3.18494246326	4.0962112082	5.24564188275	
0.108836388948	0.166909947828	0.335238000547	0.635305812828	1.00412524622	2.5966037384	3.7223349217	3.8121886877	6.49909092539	
0.105676432341	0.140363350873	0.375800284999	0.58754080312	0.868048816666	1.8578158446	3.51813272354	5.41542162987	5.61290664979	
0.0874419211464	0.134300936547	0.428667838377	0.545418100012	0.955755952752	2.31778529235	3.20266363519	4.55351478705	5.64904344794	
0.0912540478374	0.147100715108	0.416027578526	0.593462591449	0.894867135106	2.322803407	3.50445828173	4.97566411642	6.76623324438	
0.0994934309828	0.184417383536	0.285317331298	0.668714242792	0.837027318959	2.19711771867	3.36768094341	4.8249360554	6.20474687061	
0.0921641650081	0.16373976752	0.278389442122	0.629907360814	0.987658740223	2.03829251526	2.76394950373	3.84800172088	4.86515340341	
0.123373065548	0.118435648146	0.44964153757	0.511784967776	0.913813948249	2.09532486441	3.21207586052	4.14921520997	5.75757897709	
0.110816446734	0.150411446803	0.34573455036	0.51026479741	0.814089022838	1.9047455204	3.62005915257	4.6794512925	7.078596572	
0.0809793302977	0.139427947636	0.402244097553	0.698550289266	0.849563731483	2.28790469827	3.37249456433	4.64351940409	5.72530976363	
0.110699359757	0.133421954543	0.352027683933	0.545349545907	0.844985827939	2.18018447381	3.29928130603	4.51247861294	6.36609351986	
0.110371188329	0.151979062812	0.376876663451	0.564856757991	0.757926153222	2.0909351046	3.50801477949	4.16984464914	5.87655174322	
0.1000484826	0.165064967087	0.372027289664	0.647344350323	0.967320661283	2.28905757799	3.24140025663	4.60638547898	6.94612516828	
0.106216435634	0.14513493014	0.388050717793	0.540684254588	0.952520355641	1.89631997746	3.32179737764	4.46964899478	6.18759706467	
0.107423795771	0.161490016082	0.328383198608	0.596600175154	0.936574541602	1.98356455041	3.03419987908	4.20563390749	6.49088278159	
0.103377812387	0.155350997955	0.391329262408	0.687558662615	0.915852346387	2.04753329408	2.73379373885	5.05740927305	5.72399079059	
0.125258308137	0.131415204865	0.367190887065	0.62143923524	0.959416471138	2.58192201602	3.3476996629	4.83658240335	6.19122197194	
0.10386031973	0.148579806912	0.395401422715	0.566383579572	1.14902183757	1.88023267071	4.00754129015	5.2850467981	6.32282236415	
0.096167968205	0.154587353797	0.418319563739	0.648868198958	1.02514755391	2.07618397795	3.29048899074	4.43635978809	6.24866520393	
0.0780838987936	0.130733191122	0.321375426932	0.549716135447	0.996171289332	1.75204203581	3.75902628328	3.8012947362	6.14055258481	
0.0994057215949	0.157306877789	0.386453343357	0.61466306068	1.04613488438	2.10521040927	3.32050583006	5.16994978095	6.61498551233	
0.0971574071332	0.159268351736	0.341941010228	0.597151225909	0.860187584033	2.14829238933	3.65123209576	3.88427088274	6.41448869304	
0.11505829227	0.149364444295	0.408517749537	0.634712324212	0.880724969188	2.43753840237	3.74434576493	4.81828013037	6.45616548607	
0.101367858974	0.158160688861	0.430233415417	0.532652776728	0.942654545702	2.3102301117	3.2225235119	4.95693062576	6.00181099936	
0.121723034466	0.133020665137	0.440404428391	0.65845182731	0.963918495998	2.30299096435	3.04821275967	4.29888206114	6.18032317378	
0.114729516457	0.183040508574	0.390501020127	0.574293227323	0.899287784941	1.94279895358	3.29767457842	4.04876735287	6.66788345912	
0.104394251063	0.175469411495	0.435290912675	0.508258509524	0.955059091396	2.46292375433	3.33731488436	4.56819085737	6.90974899215	
0.112359327297	0.156389693757	0.310548519639	0.659784367916	0.881721232311	2.23451023648	3.16766647182	4.29803803877	6.43177220465	
0.100885778642	0.149534906671	0.387655038696	0.41984098135	0.877696293327	1.9835654786	3.22597700969	5.09096893772	5.74482159176	
0.0904975178507	0.129563617606	0.452622071394	0.587170777965	1.06109188394	2.08055818311	2.96338370109	4.35862795877	6.00756335183	
0.0953935924847	0.133734311093	0.403717387996	0.670356187087	0.798501664895	2.37973269409	2.90478438712	3.92906209714	4.95223179361	
0.107718442645	0.167022931057	0.431759256435	0.588018411019	0.694147158374	2.32230185843	3.16065204291	5.02828733863	5.89057262437	
0.0980844947219	0.163241710557	0.43699024992	0.661553310687	0.734567295812	2.09396400516	2.80535927063	4.35307293199	5.89174077104	
0.0890849350897	0.130158921268	0.496518290513	0.64708176998	1.18702411177	2.2144743261	3.45731700615	3.77507115582	5.86675443902	
0.0883705320536	0.14178991874	0.369218113958	0.58333500143	1.11544287257	2.321725467	2.81540767717	3.54461606144	5.77800637049	
0.106236357995	0.180723350875	0.321125612402	0.566692056432	1.09010379618	2.16583138568	3.216095557	4.4336513952	5.85068764999	
0.100375705182	0.143664653539	0.416218800241	0.567177035745	0.861796164108	1.83091463666	3.37025471526	4.28775175033	6.16695565364	
0.0956345513099	0.148635407829	0.358783539515	0.603075135649	0.976173521359	2.14140117654	3.5483330362	4.1560362467	5.61747018202	
0.0928552431764	0.177929378474	0.314127498074	0.62492150415	0.917768775583	1.69689131852	3.00378016275	4.28572409965	6.75318648312	
0.0911403979968	0.145451524633	0.440485121885	0.522855270209	0.727026760942	2.16661659709	3.172675096	4.63527657684	5.88273990788	
0.11051856196	0.170877347453	0.364531332572	0.616757492656	0.80308746812	2.139593996	3.71030972674	4.8180967699	6.84384832922	
0.0855724973913	0.136216600489	0.362308872113	0.533964563716	0.880708262563	2.14008527035	3.60016516345	4.52674241414	6.52696631993	
0.0833396266655	0.157817759861	0.332470081265	0.516749326564	0.92196542073	2.19238776343	3.35492866935	4.38047971848	6.66444729895	
0.0977407960171	0.142277969262	0.35222546433	0.606291904074	1.04515497355	2.42896553755	2.96633281872	4.36908833489	4.95354478376	
0.0945230274276	0.155387404638	0.363252552172	0.461948987899	1.01611339235	1.98695972023	3.12853635875	4.67382954003	6.41605261504	
0.110182727186	0.159051539942	0.41485634196	0.602131968458	0.944507317484	1.86971808273	2.57271182395	5.3236518548	6.63011098969	
0.102429195103	0.142518372315	0.403195179078	0.601622921533	1.15679376033	2.23958873828	3.05830403634	4.13899024211	6.07408959875	
0.106297739384	0.154681191655	0.29516945602	0.579382465311	0.840718914293	2.07515213757	3.22888041036	4.25281219527	5.84559561204	
0.101606913497	0.128418322722	0.42131325621	0.654686029215	1.03141468077	2.02988500975	3.07884556538	4.89262106295	6.37057049016	
0.105355862255	0.141956575113	0.370644080824	0.662805727019	1.06895544924	1.70719411557	2.94354297003	4.84971370878	5.69675028687	
0.104698785066	0.139202790022	0.355205731472	0.651710549531	0.873817384305	1.86014993866	3.12360011259	4.72485924	6.26346515627	
0.108738769537	0.165231456846	0.356157076547	0.682320493092	1.11376884372	2.26056471027	3.70983424515	4.5840237022	5.29192584942	
0.10135440246	0.158294228883	0.400392012126	0.579045644952	0.829585003403	2.13576690165	3.33009738836	3.7094894644	6.26088168521	
0.0930785378564	0.158976802086	0.366806843912	0.55407531492	0.972516369661	2.25127577489	3.46943588429	4.77447975109	5.90899028839	
