3	63
0	0	0	1	0	0	0	1	1	0	
0.608364538293	3.6475941649	4.59227608903	
0.562822717739	3.82705084069	4.97125078291	
0.642952709388	2.78985356937	4.00045437372	
0.617808576319	3.05044456937	5.21923698878	
0.544572424316	3.49976128842	4.25362344473	
0.688267151645	3.05977969323	5.29665955381	
0.531324601718	3.75967390687	4.00916641184	
0.582352406158	3.29249443328	5.19837383256	
0.694037458817	3.00817797208	5.48858013918	
0.576387850383	3.85729577392	4.17349800648	
0.56329454528	3.41641804073	3.8700452754	
0.69366467791	3.25958268941	5.09725678619	
0.605766823247	3.7885012688	5.00212452166	
0.648506003405	3.57774015993	5.32087435333	
0.64482429264	3.40211950273	4.69925265255	
0.575116404862	2.82441839686	4.96155527948	
0.62105515714	3.46094097279	3.95552693895	
0.651907955555	3.59755053074	4.39344579233	
0.668357770727	3.86564062115	3.36689068299	
0.495545208672	2.54162121178	5.01519596202	
0.626713605537	2.99984825434	4.06601352283	
0.566355536401	2.66044612945	4.56512160434	
0.597017968693	3.51530312678	4.72848301832	
0.645960874938	3.56747284866	4.45191186863	
0.573143906693	3.0889448872	3.95301077286	
0.577650033635	3.25707057621	4.33119246925	
0.583659313124	3.19322095777	5.40574017009	
0.513644001766	3.47321320509	3.97315236064	
0.604833473395	3.40173427088	4.6405254664	
0.631436404918	2.79859979029	4.28039131731	
0.688980517452	3.0771990659	5.0130282236	
0.608779686322	2.92003233474	4.53181296573	
0.596003564103	3.17512206329	4.39307555621	
0.556498153896	3.13014604216	4.54714991555	
0.584278913877	3.19338774113	5.22706372207	
0.523037088297	3.28516142462	4.44230179373	
0.53709447034	2.48549930829	3.84711969974	
0.505058337973	3.59057795724	4.35706128605	
0.575781489855	2.67914706242	4.67189596875	
0.607126323919	3.24970313786	4.02897497391	
0.506835937633	2.97117319561	4.8007281279	
0.616757220995	3.34470400343	4.37658718497	
0.628083849357	3.31084893491	3.99891869997	
0.601887104769	3.56548503558	4.09138805358	
0.57560906178	3.18577428152	4.36884468171	
0.584640979502	3.03520636404	4.02445900798	
0.562172240142	3.77546146324	4.60149645292	
0.64121759092	3.57216741063	4.35137478221	
0.564097904008	3.18130484596	4.24533865543	
0.63112274594	2.44075753568	4.57844010534	
0.650015923897	3.11531781628	4.07549442412	
0.61863312525	3.57795908453	4.47223034333	
0.617210068368	2.99471888213	4.98490603672	
0.658080684189	2.89351460448	4.87110595418	
0.506227667793	3.06213105341	4.91215213426	
0.609705181855	3.20940915396	4.96384323857	
0.649738436735	3.13765253672	4.35205418927	
0.574996877782	3.34639239699	5.22634740731	
0.780704103222	2.58645121353	3.6553237785	
0.561161181996	3.30177738762	3.82146685445	
0.538614873707	3.81266615545	5.30408037061	
0.548824040444	2.85128109614	4.90251675168	
0.581543705986	3.35033826272	4.52022823493	
