4	64
1	0	0	1	0	0	0	1	1	0	
0.104694588289	0.610559835128	3.2565004297	5.34855095327	
0.0816301683877	0.537697341438	2.89861374464	3.70320646053	
0.0928048048711	0.641266149828	3.05771459548	4.35014866261	
0.0827744517212	0.55220846549	3.09994791743	4.78908019015	
0.0832508360208	0.572699475257	3.60321585977	4.29971252147	
0.0788443858588	0.676750546641	3.48884150632	4.89122872879	
0.0825621635325	0.690747343551	2.99868527234	4.2707524751	
0.0929722283401	0.656816230917	3.19156553544	4.71678346466	
0.100759010229	0.594297479778	2.94229517928	5.31546326429	
0.0853660637149	0.624735238442	3.37241339243	5.01946032877	
0.113880900324	0.591756684035	3.42237814943	5.2941931697	
0.0993482323308	0.536013991496	3.12504786337	3.91290930062	
0.10371816811	0.663867372488	3.21066151508	3.77056797775	
0.110216508351	0.493422062306	2.74756469718	4.41974772563	
0.102517852457	0.625334849926	3.22850464558	5.29201969431	
0.100651683411	0.662080086105	3.50576023333	3.91820682051	
0.0983026951271	0.727399230797	3.08608597247	4.19642076404	
0.101705755815	0.571888804244	2.99204601166	4.28252247257	
0.114320096714	0.591802878511	2.81837561435	3.81971405786	
0.122068049321	0.586599937834	3.39123801281	4.15288024815	
0.103209859693	0.687559779096	3.03801446528	4.70636405098	
0.0859425372411	0.721371967102	3.33727417733	4.31424277004	
0.0970212587671	0.569397709529	3.10085582166	3.39862718594	
0.099020342679	0.591607279164	3.40881499961	4.2645853141	
0.0922896368586	0.599533503333	2.72598036162	4.56454043439	
0.0813818074048	0.66724911893	3.47238773559	4.08321635561	
0.106611380133	0.606690853455	2.9220716749	3.58970572925	
0.103164356834	0.552343089172	3.60586511015	4.50631518025	
0.093004173035	0.707870323985	3.4373451101	2.8552110682	
0.0951360823121	0.516954660479	2.99006567024	4.43487042049	
0.103540485086	0.615681944527	3.60030874988	4.78646926988	
0.105747469291	0.612089539388	3.66820962714	4.35767555556	
0.0970969673126	0.485665598822	3.59325331424	4.4653834099	
0.129336057062	0.575668038494	3.27878789206	4.74592722912	
0.0889810002701	0.621512862833	3.26126496542	4.36334031465	
0.111726039587	0.545775076925	3.33934318675	5.15459893112	
0.0929337824404	0.582186841038	4.01222398313	4.71347597932	
0.0949380252336	0.648157485605	3.06536959573	3.79578783413	
0.113723639453	0.533816444152	4.04680660312	4.27980043104	
0.121332646816	0.517879735889	3.58328541554	4.72487682284	
0.108377462256	0.658081362401	3.08823282876	3.9110202711	
0.0994908226966	0.613381815455	3.09665049812	4.62489928657	
0.103296255312	0.545398413207	3.37836566655	4.37975458934	
0.093000190998	0.647242508293	2.9974778562	4.29449958454	
0.100720508502	0.682458697239	3.31265482526	4.73772974961	
0.09702357464	0.595290622537	3.23411489911	4.63198780621	
0.0970403242695	0.680399993129	3.12872097249	3.73174148916	
0.127427966044	0.580357878543	3.6767801808	5.13215587888	
0.109452143123	0.588118366824	3.34317256646	3.92647040581	
0.119901477738	0.548891640109	3.16748218711	4.54454391917	
0.0989256024516	0.560587603062	3.70316019192	4.92762567757	
0.103220472043	0.57602681664	3.59588965835	4.29098911525	
0.115703918403	0.606673254929	3.64967899627	4.44878085322	
0.10071533182	0.673525263688	3.96302567434	5.20216506788	
0.108771346194	0.635357005977	3.08524167567	4.6328533835	
0.09086950816	0.622546928021	3.39301646473	3.61761968634	
0.100387386092	0.624892493945	3.22279429643	4.66112197749	
0.0865827775664	0.553448141666	3.58635490303	4.50025724954	
0.103398789813	0.567208730357	3.25633555756	3.46409451894	
0.108460119384	0.708475970337	2.90386929651	4.07685051562	
0.104408798982	0.68843275743	3.24931837185	3.94680689063	
0.0979138276336	0.538204075181	3.03262495482	4.36318150538	
0.0907067541176	0.55332565655	3.27422355007	4.59676611546	
0.0857601966618	0.623782903351	3.12587149448	4.8241176856	
