9	23
1	1	1	1	1	1	1	0	1	1	
0.107730631222	0.142614541142	0.341819565787	0.627802832333	0.954827945642	1.52608952402	2.36742555909	4.60580516741	5.7981317409	
0.0934351253877	0.121457505189	0.345042594582	0.588675092091	0.999226820495	1.53912764438	2.2372460941	3.83051050212	5.43526926145	
0.104702302068	0.117760165496	0.373462543759	0.649310183093	0.908648775827	1.20073495299	2.16988891424	4.33830379943	6.29097217858	
0.0997483957683	0.127974697715	0.352941960377	0.552149780022	1.11515297476	1.38336264507	2.25850184659	4.9324136836	6.98531185377	
0.10231729912	0.164754276921	0.351452728553	0.616401753623	1.00935043456	1.28628100545	1.96026487048	3.86219918599	5.62297148449	
0.0982511874729	0.152689595351	0.366397261478	0.698007429933	0.901686505231	1.35067384547	2.16490084888	4.95128328469	5.32790379071	
0.102905059003	0.175366583641	0.331716362781	0.658550515701	0.937609699132	1.22615805528	2.13747421283	4.58466264025	7.15194701826	
0.104158458612	0.144915573729	0.408193237738	0.596159403984	0.889748622159	1.55907738082	2.02489870222	4.80495326482	5.81116886886	
0.0857625191735	0.14764235926	0.405665044107	0.57565330782	0.796062015599	1.33190122523	2.16994160799	4.96263710032	5.53189234615	
0.0955694344057	0.169408608578	0.390947645487	0.66577563325	0.865346393174	1.28429269886	2.31050879478	4.6467212886	6.23047855908	
0.105621309348	0.153446286837	0.361003920551	0.583975193059	1.00112625622	1.62305823816	2.71062400594	4.38366340541	6.02947645357	
0.095248089324	0.162424256524	0.336638565994	0.653856779846	0.737898729121	1.55859037826	1.7660588878	4.12209845935	5.7130978602	
0.0932308198825	0.165623797717	0.416941533403	0.639758410411	0.955987215652	1.25957287063	2.33393713544	4.68529211948	6.51657988405	
0.102814850872	0.136217142284	0.420044068163	0.573264152671	0.962552446728	1.37876785156	2.09498577641	5.47092692245	6.13595153575	
0.094273446435	0.138747144634	0.424254918	0.602916237999	0.938555738515	1.62344285512	1.8257656056	3.9727706209	6.06216468976	
0.120204556055	0.151487245673	0.429766050439	0.701821635565	0.847690278228	1.39665730725	2.22107692789	4.53814530875	5.64251271592	
0.113511601248	0.136942849447	0.368265277841	0.553117945179	0.939014099255	1.59530841321	2.11780109543	4.17039279905	5.83397466273	
0.105213561238	0.169404803994	0.396327815702	0.475251390123	0.939661719738	1.65640645487	2.04068165782	4.29084141374	5.61992775546	
0.105314792018	0.132557161031	0.421093576271	0.593575691569	1.02190330682	1.44439540761	2.19369623096	4.64948412565	5.75120774334	
0.113951458687	0.126830810087	0.354177650534	0.622223304569	0.946563561273	1.39472318417	1.9600081191	4.09717624148	5.1790269146	
0.128772758235	0.170564780992	0.350717121649	0.628994049281	1.07396275239	1.27847161305	1.93870764843	3.58777279374	7.63029099509	
0.105378806622	0.171141340458	0.384850440574	0.62249157279	0.887753402857	1.41248180229	1.88518830384	4.27771014349	5.19277623377	
0.0770941397576	0.146995877795	0.362312899013	0.62936893538	0.997675092104	1.47386556404	2.13799924189	3.82888842299	5.79865810726	
