4	82
0	1	1	0	0	1	1	0	0	0	
0.14706198539	0.37790703837	1.40917523051	1.94788964895	
0.133487005335	0.388056426706	1.37874219389	2.26557952577	
0.128607932344	0.4004389506	1.35600577185	2.5496559706	
0.135576295606	0.323253724983	1.60225936237	2.22206940664	
0.156161881725	0.434503637027	1.36878347339	1.97001912523	
0.132598912099	0.391087676934	1.4041723127	2.11026280034	
0.129700900422	0.34686234217	1.49509074527	2.24655458397	
0.150935558645	0.371155119453	1.39061878375	1.66695523226	
0.141811674308	0.419973955432	1.58128324027	2.29709312773	
0.165164434142	0.388923164519	1.21905220336	2.01028539608	
0.14339313456	0.371509275271	1.37123049398	2.14919570319	
0.144170510038	0.422881140389	1.41686522922	1.92365468171	
0.14856649802	0.377115046083	1.36319678104	2.09241387693	
0.181546130827	0.361126448267	1.18681913288	2.36473852275	
0.147800294155	0.349475766352	1.61125549892	2.42934948642	
0.163642111499	0.363865613056	1.76745250753	2.22984723154	
0.162466749216	0.37464014544	1.50653525325	2.21093110868	
0.138627391838	0.3700486074	1.7155866001	2.41730227899	
0.155344780341	0.357025884815	1.24230789795	2.18195805763	
0.17016593246	0.344295566809	1.30675110957	2.20544612401	
0.128118043038	0.435350166314	1.38756269743	1.91520198601	
0.131356545938	0.413628612905	1.2787509795	2.31287100833	
0.173744799207	0.389983750141	1.37635385187	1.98070708808	
0.169806773303	0.381804532174	1.29443810437	2.52381994516	
0.156087792112	0.325099852039	1.50556507271	1.98124011549	
0.169874641156	0.422941370296	1.39535258351	2.00271177253	
0.15481640272	0.382527158473	1.31373761345	2.00044773608	
0.160304780907	0.354086829912	1.33626947546	2.40344129783	
0.178481632665	0.393827986555	1.20709432879	2.35092389828	
0.163302870751	0.397411752825	1.3977920227	2.02162841089	
0.151901353335	0.380807729614	1.49760565966	2.40193545314	
0.120201362557	0.439063630034	1.43534495664	2.05925265854	
0.159794160014	0.373542930043	1.57746801584	2.09530242206	
0.117204968417	0.383595445142	1.52399047527	1.95792980189	
0.147248176858	0.370861784743	1.7190729292	2.14857309666	
0.137536014165	0.451988803832	1.42442816437	2.22120038072	
0.160662809034	0.418608930568	1.41037383969	2.38930632044	
0.182030308123	0.364031752658	1.48813652091	2.14737153855	
0.15810200707	0.423385030246	1.47222307922	1.80930342539	
0.154711441543	0.383384539726	1.50997497793	2.05646158525	
0.155442517611	0.368846465364	1.17617352837	1.89002993484	
0.139548692779	0.419276181218	1.13039832036	1.93172657141	
0.153779305837	0.376154284726	1.305033271	2.58790221016	
0.129252577561	0.323337690058	1.56968118146	2.12923680195	
0.126367646983	0.370742386179	1.55206064481	1.86087051494	
0.139902913902	0.336367916547	1.2039777028	2.11459067246	
0.15822058302	0.375212567179	1.46922628863	2.46673074198	
0.131183271124	0.405034582417	1.03423035739	1.7510545612	
0.145159342273	0.381747692598	1.37330186193	2.43232295852	
0.200213616925	0.383638304088	1.52677906319	2.26839398976	
0.124465320331	0.381279938308	1.37821835409	2.13577115512	
0.127719514222	0.356948560668	1.35468363001	1.87455708851	
0.152982067565	0.361984836389	1.54847393071	2.5433996248	
0.14592850548	0.407722952482	1.70093341262	2.28443319405	
0.17976561534	0.365967653804	1.73469576897	2.09586132105	
0.169546681242	0.345968335333	1.45331014149	2.399369857	
0.127181940718	0.452433267282	1.60202069349	2.20729736273	
0.136052888965	0.363035265945	1.20702558328	1.83499232991	
0.155182391938	0.388155805037	1.5112981556	2.3423059969	
0.130098568224	0.383195338574	1.56992028121	1.90248220892	
0.127711384424	0.373684857944	1.44894143431	2.30802932798	
0.144007983256	0.341768086084	1.31758592591	1.95418393487	
0.135355332835	0.381421243039	1.55018923559	2.26532889841	
0.141379389567	0.343841990842	1.61975080765	2.22963596505	
0.165018805236	0.39295025193	1.61238012529	2.26094160671	
0.142697438025	0.466856239084	1.5125559808	2.28189439083	
0.131059594193	0.431705634099	1.19544248367	2.33717857164	
0.156662091329	0.317913036809	1.56452280496	2.27483895678	
0.144740223387	0.391815156812	1.36107075676	2.30816340614	
0.176687241384	0.371354141277	1.48555581202	2.4279546931	
0.142850203928	0.378326508575	1.59351944834	2.19530290197	
0.162082724923	0.408326655335	1.36204755957	2.1658187834	
0.127109957117	0.399753884985	1.35143724473	2.06646123278	
0.157505630924	0.381651276619	1.25089272722	2.06965060261	
0.146238856028	0.415583398476	1.37957462912	2.07691629183	
0.161559740079	0.331486701699	1.38163803726	2.39797178386	
0.146901568412	0.468336126365	1.23479825582	1.49983433073	
0.156337100979	0.365642803866	1.51064704542	2.11150911842	
0.168242378783	0.294708090986	1.23393119245	2.20489399343	
0.159512542177	0.349882494409	1.24055884769	2.06042946554	
0.157718968662	0.387563559881	1.24137753278	2.27117449704	
0.136982823509	0.360117596903	1.60082052341	1.92235081996	
