9	53
1	1	1	1	1	0	1	1	1	1	
0.0953512969783	0.159328868669	0.442520165047	0.530468784292	0.918849779293	2.12270028689	3.56978739	4.74603654769	6.40827660512	
0.0818389624316	0.139302883602	0.394932184294	0.629416275023	0.942465936456	2.4757102472	3.37515272324	3.82759143889	6.20227435595	
0.0935484959983	0.155696220267	0.310806446409	0.548727825974	1.0600490492	2.28781368131	3.70182681788	4.42386167662	6.83788940819	
0.0935710027541	0.1552519447	0.39213122981	0.691867791737	0.713533225697	2.22005698444	3.60624678759	4.03842133082	5.6945528568	
0.0852229551368	0.157215145182	0.363900402347	0.578802951681	1.05516775223	2.19957068839	2.63939753686	4.624378442	5.42386564092	
0.0906925957104	0.132106107598	0.383054860849	0.564932549665	0.886480434918	2.28007345163	3.6065493125	3.85196084429	4.46257270729	
0.10306486311	0.123616546057	0.327565075852	0.569867472103	1.00597436158	2.41784738428	3.05256944857	4.15769361698	5.33242210809	
0.0999697722107	0.146097173506	0.346681084415	0.680929244474	0.669007128684	2.03791144058	3.63551111826	4.08036556785	7.02763808116	
0.0955309742874	0.158837400249	0.393582845484	0.62283823652	0.950334409961	1.85617727667	3.28291242524	4.92950151521	6.82504200618	
0.10535998462	0.110344089445	0.359465306677	0.569872130272	0.751674992182	2.22286479647	3.41379856876	4.93232613687	5.74457448379	
0.0988884309517	0.156074551426	0.357791200607	0.471571106189	0.88554979189	1.91293840638	3.27541537288	4.94821121898	5.0565524374	
0.09023545616	0.167966549183	0.400675701664	0.63893819071	0.9609370692	2.18480072697	3.05045054273	4.1171190839	5.90869492066	
0.123869017406	0.143479416081	0.337490058719	0.69502133397	0.93858937171	2.31943882431	3.29044723224	4.7998065722	7.49693773414	
0.0865828954913	0.168416057812	0.344261030969	0.65183761212	0.812362801788	2.21773438124	3.4115587743	4.2405458883	5.61862793947	
0.111398710835	0.13949608856	0.335989602945	0.559740533999	1.01056600713	2.18910989827	3.90522534777	4.37927944287	6.0106542292	
0.091168931066	0.124982567687	0.365738236463	0.498414376553	0.936039480219	1.99928276035	3.2471508813	4.91083026332	5.38430158418	
0.110114486067	0.155377854341	0.374377525275	0.593675529231	1.05746725542	1.76497157582	3.25138244724	4.84425257253	6.19534270852	
0.0944034975013	0.183349306467	0.399821141017	0.590319677739	0.931578138377	1.75038447397	3.36411178342	4.44942188287	6.25493417486	
0.0870588098583	0.117321385413	0.359292170491	0.674396762339	0.953604047871	2.21493233639	2.72168315325	4.57612392883	5.56598548894	
0.112875729012	0.140284845057	0.387220576958	0.656083464549	0.722940940198	2.07766319431	3.16590883866	4.43402266181	5.88056985175	
0.0919221748712	0.13676020269	0.324175196481	0.632042868097	0.881093730004	2.28918117354	3.13025563514	4.17784277369	6.78469848413	
0.0878689503192	0.137071502067	0.366420720985	0.603695647351	0.956983400932	2.21221967428	2.59400015911	3.76511846414	6.35462405075	
0.108951975333	0.144013936341	0.385830034757	0.642295618546	0.899018704128	2.26512928005	3.50468350588	4.46547447594	5.23593712686	
0.0893525214657	0.169773955416	0.372258741611	0.652004834628	0.936142751712	2.2795373592	3.5168663714	4.63241651165	4.56269466263	
0.109160855195	0.155391313445	0.419737178662	0.655983701034	0.794157818968	1.88732405271	3.12386466043	5.25456258638	5.22661486318	
0.0921198392327	0.132418685383	0.38108844046	0.621221782406	0.917489861487	2.43031365579	3.15584942315	4.47446342094	5.40676387734	
0.103266487549	0.159406551812	0.340739301863	0.684042228498	1.02732774079	2.47514933734	3.84948560397	4.24714092119	5.94539466771	
0.10325435867	0.154573694162	0.388452602982	0.630028339961	0.927608527496	2.26573589667	3.00836707073	4.92189234504	5.99100377051	
0.111905572539	0.145766067145	0.374537104255	0.534985066936	0.989440865251	2.14729916162	3.3211939082	4.37854967016	6.08924498442	
0.0995576978777	0.158953023857	0.389016556883	0.564160205162	0.981391765641	1.86153102936	3.2193672536	4.44222898291	6.60517734486	
0.103717068755	0.176710120612	0.392746208425	0.615222666752	0.929457614865	1.97815121166	3.23167063379	3.62708552045	5.69303773345	
0.109941878998	0.158780575139	0.353663567609	0.596889116776	0.918071783183	2.08006669171	3.23245567635	4.03449806036	5.06631128413	
0.0915418642413	0.163069114613	0.382257577468	0.577213284893	0.876917420956	2.13917907533	3.14410112994	4.47343757042	6.63105423061	
0.108661745786	0.141887803629	0.420758081889	0.613799350934	0.925467912575	1.88670202074	2.9120199906	4.67473574925	6.90386391267	
0.119907445908	0.150710505612	0.374572426326	0.611977451172	1.01769890822	1.96548628662	3.37056475553	4.45659312391	5.88050941287	
0.105898924979	0.127037276359	0.422408079362	0.520303347586	0.701172324752	2.17022533438	3.07673832985	4.81283996555	5.26132390947	
0.0946679896902	0.120441621891	0.353660521849	0.499496236889	0.81999032775	2.00265055303	2.95684404358	4.32176372966	6.7200542557	
0.0747586727332	0.171980042154	0.453686678357	0.663872125912	0.806377290687	2.50690913921	3.32161967837	4.7268687697	5.83491249401	
0.0836202177521	0.179390000358	0.353837120786	0.580308649937	0.879467767481	2.1998790842	3.13202339552	3.78160585791	5.98684527962	
0.106938757604	0.152032929851	0.280897853765	0.590482976225	0.765894017747	1.98918790656	2.93152325761	4.57665497213	5.6864572093	
0.0955707978786	0.164159840463	0.343270754371	0.60015969527	0.969030312095	2.01767979843	3.37258062703	5.04370175037	5.73840771952	
0.104250476953	0.134731605253	0.393160379829	0.619242466443	0.876588436782	2.23609867124	3.2499689835	4.57838226648	6.51299021451	
0.101376175566	0.145789952201	0.349395482318	0.701964764065	1.04610412507	2.18821176603	3.203282002	5.11269749422	5.03571494904	
0.111091263988	0.168191988125	0.403374109702	0.520270156342	1.08834142926	2.4004187309	2.99548266516	5.35879015492	5.65664894721	
0.0918606972929	0.169653082495	0.439392899762	0.574755608007	0.935596282114	2.09571826888	3.34211557934	3.70575671336	5.51919814955	
0.103691075713	0.160616028691	0.342276554214	0.658012098213	0.773252001765	2.05668934182	2.70602198591	4.62433709008	6.28128618335	
0.0945285064064	0.162092269195	0.416646889232	0.637336388278	0.940978345772	2.16156598901	3.65082013104	4.56982014403	5.10433339061	
0.102018926443	0.139431292349	0.397351529812	0.555455363254	1.01327053311	1.8821414476	3.30063625914	3.84823004244	5.59804263273	
0.0892278693445	0.131149039129	0.354300707955	0.667495671896	0.835982948055	2.24993919968	3.02498079437	4.6272104312	5.68914864383	
0.0950905089625	0.144992824832	0.393057072883	0.698930635112	0.771070703757	1.76340347634	3.61819630424	4.7204761689	5.66894716448	
0.108064627262	0.151253547258	0.409165290346	0.666695086386	0.852155860017	2.41288057976	3.09301556854	4.57012641083	6.38073924651	
0.0981263707836	0.15104078448	0.311433027216	0.699498449097	0.946255619513	1.80885884221	4.14174807662	3.43196847315	6.02676993406	
0.103187823422	0.139199149136	0.341330986608	0.5343468339	0.875314605716	2.19860731611	3.25915674097	4.1768316962	6.18519963517	
