4	48
1	0	0	1	0	0	1	1	0	0	
0.0905562844246	0.653307393361	2.23501544711	3.35081517128	
0.100664466586	0.535470091047	2.088277671	2.91928765108	
0.105530113304	0.575627997007	1.98413592344	3.13275862876	
0.0843925124742	0.528648086203	2.04644366215	2.98229249429	
0.0903651932137	0.668831878964	2.3911577374	3.17116603941	
0.0958084523933	0.561383227657	1.98131658559	3.50023185039	
0.104027236811	0.576331107872	1.79428982802	2.89105189698	
0.095262177179	0.72746029061	1.93901096803	3.3279604179	
0.0774327025052	0.590992996777	2.22458772447	3.37887244235	
0.0962341194301	0.742190480278	1.99488409648	2.8259863459	
0.107433993191	0.556997492787	2.11124785136	3.67528405719	
0.0956776705819	0.493056264712	2.28764437775	3.18113784219	
0.0926863142158	0.635268044623	2.05146869706	3.25758073143	
0.0962430745556	0.546138785535	2.06852142031	3.11349013371	
0.0925340498093	0.681956959699	2.00647194872	3.80180791721	
0.106134342728	0.580432861779	2.03424431558	3.14239632812	
0.101749032238	0.654770344837	2.56261417756	2.94002441928	
0.0928522859959	0.519650211474	1.91156654048	3.3581142431	
0.0980471138368	0.604196068169	2.43056153239	3.50879420526	
0.110253028122	0.598224041419	2.00031251853	2.83919828628	
0.0948134525323	0.599720722669	1.97593144272	3.09085743691	
0.0862891697231	0.561078892196	2.25045977415	3.08308131516	
0.111979809241	0.619109418748	2.24813944489	3.5966516385	
0.0908985246595	0.615718214015	2.31264507703	3.05373645355	
0.0796783758702	0.501640043678	1.95588574244	3.13406421742	
0.109284058958	0.662026789047	2.18115189714	3.29623373449	
0.0932289875854	0.634897693754	2.14156116238	2.8030881669	
0.104720057636	0.660461186905	2.43300089251	3.81199492394	
0.0910747617847	0.658775895532	2.02474456033	2.71038007882	
0.0766879161431	0.618282669232	2.38433112038	3.06056062	
0.104049901441	0.534767838129	2.44745686081	3.08495144813	
0.0899328065599	0.63385855645	2.19029188384	3.26454628934	
0.0982380751982	0.651509924743	2.07649869077	3.39415075652	
0.0911721763491	0.594626644848	1.77142231113	3.25202323321	
0.100391561649	0.569922361584	2.00714413361	3.55977173577	
0.0903374935127	0.58148715788	2.22059076619	3.05357882593	
0.0963161254256	0.620081136992	1.94924189337	3.44705741792	
0.105560133456	0.645695295047	2.09931630401	3.50876973756	
0.100677944604	0.562810902469	2.19125973957	2.96308573549	
0.105091919929	0.621197732909	2.048991183	3.28457844247	
0.0979737974156	0.649660466137	2.19332217383	3.49498428051	
0.0984587948115	0.75094871406	2.45146402502	2.92605053315	
0.107738527463	0.582103871661	2.15403896163	3.14430321716	
0.103665218896	0.51469265219	2.02833816443	3.05543759548	
0.0960945490132	0.489852297834	2.01920389429	3.20422166438	
0.0935033620399	0.573106264589	2.18302287625	3.64071821949	
0.107078030498	0.634344172886	2.58625264767	3.24909796029	
0.108997103095	0.608428874133	1.85477929867	3.32783626657	
