9	89
1	1	1	1	0	1	1	1	1	1	
0.0968699936786	0.148051410609	0.322177068869	0.635950994308	1.60427704208	2.36021930759	3.06561555675	4.56577097488	5.32509540182	
0.101302060398	0.165126253943	0.340953227406	0.553399187667	1.485352261	2.05770484814	3.14124245979	5.5100246147	7.10753991046	
0.0938783802632	0.175888155187	0.417608336063	0.426689978418	1.31807409558	2.13174400797	3.03597472913	5.00436767494	6.9514004698	
0.0961090633525	0.153614596381	0.323591487332	0.61601646822	1.59811765045	2.38868015791	2.70579150576	5.62898339057	5.28394872111	
0.103287070329	0.143881427388	0.340755635917	0.532588361475	1.40946891623	2.04270471669	3.77884656111	4.55139694054	6.38437080264	
0.104463195594	0.152223952973	0.377993766179	0.483656315243	1.29818139951	2.15456031629	3.19121718279	4.98962999571	5.77202596263	
0.0996657021543	0.144980258828	0.362916769288	0.587372949548	1.12181003422	2.09222035767	3.58623898138	4.43845864884	6.05746659799	
0.0797928907308	0.157187007571	0.358171267976	0.627895965502	1.04631135355	1.6119215388	3.03686779251	4.16878497258	5.80796766171	
0.0940064305193	0.147146189036	0.39384592001	0.544639668331	1.33575648265	2.27221076281	3.72263781183	4.07030312523	5.85887194003	
0.0927903038384	0.127188892281	0.394199580341	0.676043489467	1.45812187407	2.05794510697	3.9047785603	4.49586858282	5.91086474549	
0.0971566468425	0.156884847197	0.39803399131	0.550852994646	1.57164587976	2.19488213154	3.8645608345	5.28461618508	6.74286445363	
0.100638466687	0.166455265209	0.318319463591	0.602327787928	1.24048239251	2.05641899284	3.47842930382	4.97615468984	5.70470556804	
0.0920737847594	0.114054873105	0.349198406839	0.557331884149	1.74553359738	2.20045238572	3.41517107169	4.86265684273	6.79437222541	
0.10600282875	0.169547316912	0.447797263096	0.579707422624	1.3272654224	2.72840074837	3.46244917206	4.8000975183	6.3031478461	
0.108575100165	0.139168586745	0.40638391566	0.46712947739	1.49668279182	2.18079189416	3.28894570531	5.02176704719	5.81209058087	
0.100143875055	0.150324291588	0.360688131546	0.599422019637	1.2249331669	1.92214727953	3.35294285627	4.72638292674	4.95331899352	
0.101478288886	0.164784330472	0.330654349506	0.637548995854	1.32093315783	2.10608081174	3.44766450371	4.07416909468	5.76660246293	
0.101533801567	0.17675390069	0.406277910806	0.60193662808	1.5935969253	2.11430037101	3.62011849487	4.36931182485	6.34690336452	
0.0817741399373	0.141491238955	0.392087511753	0.570695486354	1.16634792326	1.99738182371	2.8808871808	4.43062925293	5.70247159901	
0.100702930704	0.156047383302	0.380113835278	0.568239667814	1.18946307025	2.49933183895	3.20108489013	3.79401495763	5.5423601088	
0.101521890073	0.141355063107	0.419401796001	0.622289964491	1.41421580396	2.32889982651	3.51038726884	4.97144659664	6.56625533999	
0.0951095895381	0.161943521086	0.417809845404	0.55280444092	1.51463856417	1.96096482518	3.64732378632	4.88542018702	6.92232183048	
0.102402341785	0.144851103448	0.354291575002	0.633160185439	1.42953675737	2.09397820211	3.47933834573	4.7819143346	5.86577848778	
0.12197498458	0.138711713652	0.306671735621	0.61810723359	1.60657091188	2.45786595176	3.56454717042	4.54919877555	7.2120888235	
0.111030650593	0.174641209444	0.375440422277	0.634027430416	1.38263301722	1.92703934091	3.52782598266	4.65819128664	5.98687468798	
0.103832867453	0.143133644722	0.426277928763	0.483237589961	1.40606320379	1.89339366761	3.54383093775	5.07798867353	5.61544353306	
0.0993268501013	0.163793843223	0.391071129071	0.648041875094	1.47551349907	2.25138337301	2.51986377916	4.52694191095	6.79732312112	
0.105137276498	0.15222664303	0.450072355461	0.572265620726	1.61629571829	2.21895006113	3.57507726324	4.14786438517	6.1337163291	
0.123702720798	0.170654259467	0.372523058839	0.580464217551	1.54718166253	1.85022226264	3.11672862304	4.48232155214	5.57550056839	
0.10727374983	0.15515639158	0.466552924104	0.546581748585	1.69678466655	1.96791433272	3.42456007512	4.58649651703	5.76552064643	
0.111496849758	0.15472513629	0.395585310113	0.636297435782	1.29525321993	1.84001932238	3.27577028228	4.06547365826	6.26301281354	
0.117596005766	0.171385798485	0.406648181943	0.559709913227	1.29419280024	2.28815341025	3.37293671554	4.72492787067	6.61563994087	
0.0915558280268	0.12128178463	0.387280791014	0.56496455038	1.19987812562	2.24489852445	3.26591561582	3.7357529232	5.5042717269	
0.12123393773	0.152483947453	0.450757842907	0.612575158923	1.30877254014	2.21320911692	3.23819988382	4.54865381735	6.25629753185	
0.114520987701	0.149485015178	0.352561984391	0.548655892853	1.39672953995	2.30805256482	3.17193543788	4.24976655522	4.6528585336	
0.101054984003	0.156516202552	0.424175781504	0.642919807034	1.23611233417	2.4698911428	3.41049326302	3.30540886872	6.13247163067	
0.101038357632	0.167548634884	0.422387407201	0.58577161618	1.47840352106	2.096163758	3.14064191877	4.66909436205	5.74757024752	
0.0840845288623	0.161432729573	0.382600249959	0.585611528666	1.30200574008	1.92686761029	3.20453382602	3.50293102596	6.25816817097	
0.114010448525	0.162930438123	0.351438641225	0.612006629292	1.49286119051	2.2984370204	3.56307595666	4.0177032749	6.12144238559	
0.123748242839	0.145536593001	0.406012810715	0.71301631541	1.54217727403	2.50799721719	3.23525345252	5.03209976508	5.44093626761	
0.0958622129825	0.172852100037	0.324348726805	0.604901996919	1.22987856702	2.19783366921	3.58613736211	4.00927759578	6.04950710365	
0.0935339436194	0.139622866642	0.392664641731	0.603666185815	1.37672385207	2.12036521841	3.7725635283	3.72102714006	6.51965601759	
0.0928055067315	0.14665325976	0.422142734993	0.632570898553	1.46797789622	2.6259797503	3.35419587748	4.55999246167	6.29038711181	
0.110090370999	0.141987434175	0.368998810716	0.51016666548	1.30952863543	2.39092051971	3.9365386406	4.10415702422	5.80199739457	
0.0956491809452	0.134500645756	0.462850338435	0.493914800929	1.55377529209	2.07536713632	2.89852186626	4.39324239707	6.43945854186	
0.0987968681038	0.161867913487	0.339521483508	0.577036812581	1.52111684923	1.95266700814	3.0063788539	4.59779581818	6.1348881206	
0.0962881013976	0.129022558838	0.375145955233	0.51365627724	1.55138962434	2.25880194368	3.3764265005	5.12055325235	7.13862159224	
0.11855610583	0.168318312286	0.37391817686	0.697425792412	1.26239904205	2.26911466708	2.84217765706	4.60538795197	6.65626206419	
0.105210395604	0.130463068411	0.3526776932	0.615955843912	1.55141054946	1.98283790469	3.34099347861	4.14006221347	5.97903944685	
0.103253043295	0.141174571891	0.284912772705	0.671857455395	1.6392787497	2.23978828532	2.60102985026	3.68174065913	6.39900302475	
0.0822513871886	0.155170389862	0.3644831939	0.634308537307	1.69646592082	2.01831340636	3.16734077806	4.43051040219	6.37416696263	
0.105629943737	0.145586171232	0.431227079907	0.595301685752	1.41253586887	1.59199549571	2.61444761262	4.21377822637	5.95086598963	
0.0961268407482	0.161162015298	0.419212791983	0.6625628925	1.41196276359	2.01208396467	3.53338875214	3.9791227237	5.19944221547	
0.124301450888	0.143509207211	0.382910164824	0.626886904462	1.4744610066	2.2841538325	3.29792888721	3.22058756317	6.62347664482	
0.0902861635159	0.125221708406	0.373049364265	0.520356920818	1.69831930114	2.01724234267	3.27954489392	4.28472345687	5.50850633796	
0.106396712557	0.147522518206	0.408670573892	0.572616178067	1.16504610156	2.14937212047	3.73231168633	4.7593752093	5.55835605454	
0.113771326519	0.154866079931	0.365894391076	0.611733029509	1.42892519343	2.19362003466	3.69668023598	4.45649693731	6.39270265432	
0.0953038038747	0.140293355403	0.389120885258	0.652690758859	1.5640969637	2.0930774928	3.30467698977	4.76700175452	7.12135081421	
0.107165773503	0.133847569341	0.392411853946	0.629044333782	1.35897844322	1.92347270271	2.87224395056	4.84394601008	5.69870850351	
0.112849618256	0.14279024309	0.340303645382	0.56451099527	1.28678144875	2.39493483608	3.3220284113	4.45632153003	6.54982530842	
0.0788207950805	0.129463579147	0.391517041091	0.567300165347	1.51899757054	2.49984486923	3.26849339723	4.70235424753	5.54799201962	
0.086960015648	0.150247095931	0.360583994024	0.55728035555	1.48435305823	1.76888701387	3.4462239732	4.85208279867	6.00665509038	
0.10817140125	0.15285480822	0.308740750768	0.72607867865	1.3328104093	1.94514708622	3.4753541444	4.8411239998	5.86415733098	
0.100862779701	0.147927725743	0.403359680837	0.590135729377	1.51899596652	2.06204190479	3.13547463805	4.33831625397	6.29684671571	
0.0980481137472	0.13554791323	0.419096381869	0.561109104817	1.56842257555	2.00413040977	3.45823622808	4.14706234503	5.78417522426	
0.099079855806	0.165180821473	0.392474113684	0.501375617112	1.55831208475	2.18747782594	2.79230676826	4.37634870609	5.77123956715	
0.0994202681955	0.139670720475	0.424758737299	0.66702923364	1.60545932422	1.91492567788	3.58585138515	3.69357748847	5.98502900594	
0.105614336476	0.155869955941	0.382288954145	0.588349105085	1.62168607904	1.96013606866	3.23704658712	4.94347627066	5.68496275263	
0.091569772274	0.145038716754	0.415209063318	0.695594917853	1.35018927464	2.32971342301	3.76935610841	4.1117258531	7.16248513392	
0.104208319586	0.135025182734	0.351875641946	0.585187462301	1.47658847281	1.9101742778	3.40166193947	4.03251172153	6.31732182582	
0.0986765888708	0.150002218797	0.356055040788	0.593643409009	1.52579484681	2.26289707719	3.37730150852	4.5356788367	6.71254771344	
0.0989649321007	0.159395004812	0.430543658343	0.687081095299	1.34634435563	1.90048863142	2.72768043479	4.4972504585	5.94831037932	
0.112030551898	0.145847733158	0.434412211788	0.55849792548	1.15196263615	2.24042933983	3.38320433311	4.70359440235	5.35154045108	
0.0958011570787	0.139151945101	0.39223910431	0.620257041003	1.47216197271	2.16900887298	2.90968643004	4.10589849142	6.00460738024	
0.0909047778861	0.166188466516	0.353690071482	0.586828672472	1.62711134454	2.35469629888	3.65519209634	4.95174087744	6.41596909357	
0.0876022864825	0.135951640898	0.442987510444	0.534409342704	1.55816558316	2.68886582558	3.37400959154	4.36015698713	6.58885689714	
0.091069246994	0.156683744229	0.409539909743	0.465885944701	1.34994386568	2.03479859922	3.52553706844	4.75329662297	6.36199509991	
0.105234009189	0.153698884289	0.357819570846	0.677871543631	1.26389544006	2.38265636126	3.76107505132	5.03626362028	5.29854902364	
0.0937484044651	0.145752805925	0.397892904791	0.456940707653	1.37923602051	2.08004910175	2.69484280883	5.29872926531	6.45454883388	
0.0886206735727	0.165065245332	0.411439423652	0.616491697797	1.49087759135	2.24868307507	3.11611387793	3.98680212969	5.73714071516	
0.0741840924498	0.146377809736	0.32604735717	0.546753981762	1.37420034614	2.17709672901	3.47824619526	4.20497184708	4.9872282787	
0.0955375202837	0.162254884472	0.429620355379	0.620892607377	1.40618798918	2.14453283129	2.99088283368	5.22803418994	6.4725720071	
0.0872758312747	0.165724461036	0.391781015937	0.584774952857	1.49418049675	2.10319274722	3.28009738136	4.52188842078	6.23121840479	
0.108284993213	0.189841496699	0.37465695574	0.544202439135	1.38837588885	1.70990479962	2.90568143486	4.62558572582	6.29754804194	
0.0899818608908	0.160206281221	0.307123907571	0.4815041649	1.29911377211	2.35711658341	3.54886569735	3.94374789393	4.76005315485	
0.105878800539	0.17225477355	0.407183313711	0.57947140151	1.49976266665	2.5709213258	3.33278276771	4.00025632755	6.08291962732	
0.0920531061718	0.111811346274	0.367190162121	0.582592797489	1.41002798303	2.13758969597	3.56870994775	4.21031567151	6.05791819605	
0.116387643235	0.160453991432	0.297940894174	0.683901391925	1.36760130034	2.01452143332	3.58510422809	4.69639060878	6.72761427171	
0.118702008963	0.153384635103	0.392586709976	0.672195494609	1.31997444428	1.88560364563	3.08846306905	4.44346692914	6.12609624972	
