10	20
1	1	1	1	1	1	1	1	1	1	
0.0915149272014	0.145402634302	0.348844098996	0.57281054098	1.0487163803	1.2510443936	1.7946235412	3.53646705323	4.81697525053	7.08220615705	
0.0996959529341	0.172836227294	0.395084357465	0.656089992243	1.03109116055	1.54747791816	2.26789937468	3.37688876157	3.51139691331	5.98406439966	
0.110783553009	0.177507436717	0.372052490602	0.518040524244	0.787937697691	1.39649027082	1.96192657415	3.26475055649	4.28111978372	5.79581582278	
0.0972546777449	0.157269202123	0.40628780994	0.651462881032	0.821691827826	1.84538931589	1.80112527404	3.20727456692	4.31045013829	5.97086055692	
0.113284539561	0.14602332014	0.366425879263	0.610636534089	0.793047556468	1.08600676244	2.34001270755	3.73204627695	3.80183304289	7.4325841968	
0.100408494885	0.141668078808	0.367923040706	0.464700781511	0.935451532867	1.24259594167	1.97301973057	3.18223843231	4.60854658243	6.6029379097	
0.107913067608	0.158549315638	0.365186449948	0.583690731049	0.861513253721	1.27609142289	1.72784225834	3.58105899471	4.97265150541	5.81476667929	
0.0966955462576	0.168743294285	0.347375699784	0.670755186597	1.09610479335	1.69141226989	1.77038383852	2.98062394374	4.99504178797	6.21153544104	
0.102564654887	0.128676311417	0.431448754455	0.570140105746	0.908623057012	1.41475787818	2.09697142116	3.02643332212	3.9962588382	6.49646102361	
0.0982582322653	0.178076886661	0.385011339472	0.641907138988	1.01510451506	1.61998655652	2.10186346613	3.41373646039	4.49381097543	5.84338478466	
0.104762309148	0.153724831634	0.354664403208	0.634659838954	0.833596139927	1.43854650635	2.0455700177	3.54374572909	4.06827794405	5.74413443322	
0.0886293845667	0.131844579806	0.425994201887	0.555617419536	0.756598626169	1.42710486882	2.14171911889	3.59680058222	4.68422754047	5.9555473052	
0.121100715347	0.133102064653	0.393671110546	0.613738062852	0.823289373366	1.26486089497	2.05676107899	2.50644600259	4.89799594952	5.71871301879	
0.111048388639	0.161233246525	0.429314995894	0.563449993071	1.01949149442	1.52189425612	2.24544405049	3.40603294348	4.57434496121	5.97184036944	
0.0934631597416	0.152892250987	0.357953062025	0.500391647316	0.822381519485	1.47677950704	2.26942103911	3.15423737729	4.71035936984	6.29226063106	
0.099624037522	0.148924523277	0.386890859233	0.545788345545	0.780313224849	1.58042578746	2.34224484526	2.90263476007	3.9129298035	4.61161162217	
0.0982276777269	0.164437381787	0.371786058863	0.516243360527	0.848008990559	1.45094922853	2.12372645792	3.4663835928	4.06357817871	6.14098016857	
0.102677284755	0.146038500752	0.348506688994	0.530607728825	0.903591570393	1.25610631732	1.94119172399	3.47644255763	4.62996726401	5.57897981675	
0.121707449792	0.165458997318	0.431449335714	0.566502942194	1.04178285922	1.41997910241	2.37397653947	2.40493445434	3.75896110934	6.66725004669	
0.107814381743	0.148145157379	0.401214200037	0.555017051869	0.892768337166	1.29950367091	2.49538176257	3.02323168742	4.33658369398	4.88395791842	
