9	95
1	1	1	1	1	1	0	1	1	1	
0.0906193149337	0.139845345823	0.36599261077	0.751663991281	1.05668848609	1.46706892112	2.78240249764	4.16295168572	6.49414677487	
0.109516240725	0.129102025465	0.385926099204	0.673543705882	0.950027812485	1.51879815004	2.79230015509	4.66930078355	6.00580913738	
0.0796721846321	0.163732995663	0.401624303326	0.554270933492	1.05397871101	1.56707467736	3.37331074425	4.93189998555	5.68267817386	
0.103607445874	0.151027482451	0.414983272405	0.56017010255	0.845083470234	1.34851145841	3.70489497261	4.48366157523	5.79191225499	
0.0970378727541	0.1398647252	0.388941296326	0.594868404084	0.907499837376	1.39193218819	3.41764327681	4.45910628724	6.76490606441	
0.110787886989	0.151390887338	0.367415482882	0.543044294281	0.93262534608	1.3307698026	3.50262085274	5.26302806073	6.1733244679	
0.0955639590244	0.140996503534	0.344407899233	0.615943225762	0.880501312759	1.49035274877	3.25088170832	4.76269641465	5.44779722479	
0.119234850643	0.134836791191	0.375252030404	0.652885164718	0.991856847288	1.42706660883	2.96143783758	4.79663111662	6.13954832358	
0.117052324753	0.138159396888	0.400842022106	0.675657509269	0.947920221369	1.23195345541	3.15957337412	4.3219762204	5.31461103254	
0.105021741482	0.148754063868	0.400825499624	0.659433145866	0.899324573392	1.51412615685	3.38785986321	4.28911239932	5.93926742316	
0.0986438503154	0.150548527429	0.321906091058	0.618724920359	0.808357019241	1.48065434577	3.61830484097	4.82990869945	4.88635182325	
0.121589182351	0.147624818541	0.43700649233	0.588782907533	0.948062837249	1.51821353488	3.19079511375	4.5948571307	6.93565604476	
0.104572928125	0.157842578858	0.329636940331	0.691627327978	1.06727408089	1.28829052413	3.16088347115	4.69336501105	6.45934910854	
0.0954610428729	0.167275722343	0.403780272699	0.686947826656	1.01922723452	1.51686957057	3.33980878327	5.23547811332	5.97229474378	
0.102856421001	0.172508895617	0.380133371617	0.602497251429	1.04455895159	1.18178113189	3.23815108668	4.52863155494	6.24031079948	
0.0993672883981	0.139560506838	0.350961220714	0.589245422283	0.873309141333	1.72854388704	2.85621914302	3.73166616672	7.79422465938	
0.105658835059	0.136567097557	0.401016575876	0.5984980413	0.840889211823	1.31221545686	3.36116162105	4.7451688995	5.57547923197	
0.112039949809	0.146606570229	0.428437844966	0.577800592982	0.898635337422	1.36494376047	3.21359378605	5.08672060337	6.61825378866	
0.0883890188365	0.151085492035	0.31792989072	0.620669115715	1.00096636041	1.17498639968	3.06883394362	4.73629402845	5.76045438206	
0.0991242788031	0.141132351316	0.456259273969	0.683325850185	0.934430592174	1.1967208075	3.74886256147	4.41476759126	5.0106830104	
0.100397202828	0.155991511961	0.359474134257	0.66634273928	1.04456680806	1.25962684832	3.21894535028	4.05698986546	6.73243909617	
0.109997492006	0.149680441547	0.351447567394	0.645878156582	0.919000259593	1.46864039936	2.83568856323	4.69431723423	4.59824738217	
0.0856724730685	0.177941715292	0.357066912945	0.500452657514	0.976082031416	1.48257539901	3.19222645094	4.22976942791	6.54066461288	
0.0901460745431	0.157023220272	0.432664528805	0.471821412898	0.949516667382	1.29682781891	3.25022818021	3.86376939881	6.68594406487	
0.110612388691	0.153574071332	0.346925396058	0.588115524687	0.924279915815	1.56106866417	3.89329758712	5.00856883166	4.32911124537	
0.109656306537	0.127544485444	0.420575575085	0.645267382588	0.749910608271	1.42035692013	3.40960329543	4.30032842987	6.87751294538	
0.102193077362	0.157899910428	0.428724068933	0.534384663756	1.03795176997	1.38766206285	2.91186551929	4.92661580416	5.81138644105	
0.0960009388393	0.146431487336	0.272569214508	0.578177001539	0.882323229199	1.21981449191	3.43143305401	4.35264041256	5.19619730886	
0.0885424543341	0.145077927349	0.38279279962	0.629013115328	1.07206443272	1.53619270691	3.32477119494	3.60334998342	4.67390613958	
0.0914346421987	0.152735103723	0.379980761284	0.636417102957	0.898166030571	1.40480979879	3.28707115883	3.66661105383	5.04929948245	
0.102233103757	0.155661420922	0.394487648603	0.582986230015	0.879780283706	1.63787787503	3.22148527765	4.0339317173	6.21152214125	
0.10785485239	0.155086954255	0.417015962631	0.668658616992	1.00631433352	1.45074693188	3.20140274783	4.31164253636	6.10130214842	
0.0754118422377	0.166655770317	0.397536011926	0.576681291699	0.69951689195	1.25118203461	2.8834897367	3.94809036155	7.10681584759	
0.0900766645981	0.140628168521	0.401140437259	0.616182705798	0.926190822483	1.36982332735	3.64935978722	4.53525531259	6.0001203411	
0.0818202730533	0.146880631865	0.389307465743	0.544163934138	1.09399869778	1.4599815233	3.3257738088	3.85411018435	6.78691836649	
0.0929413676642	0.158719411312	0.331174471438	0.509349429924	0.984811089626	1.34572918317	3.17978798469	4.49478490449	6.99753347868	
0.0980414204054	0.153553997401	0.39338829946	0.607754002783	0.819756740488	1.25231961605	3.51479292013	4.24727017104	5.1326064163	
0.100163076578	0.13869839597	0.407601286156	0.660617432376	1.07779369101	1.74139318712	3.47713130439	4.16274182135	5.73459559732	
0.0999899035651	0.173749012222	0.413905920794	0.618639602518	0.964277335766	1.39432548497	3.07549396235	4.04870891806	4.78348639926	
0.0904937567335	0.131815585718	0.384926772087	0.609644320151	0.810624694624	1.57021427837	3.32335298838	4.84473464056	5.92285791008	
0.110177769754	0.165644211946	0.39648998842	0.602580829353	0.8714778954	1.15157940518	3.19880176131	4.18940296437	6.53388547885	
0.116267363563	0.146323380462	0.345660641074	0.675962739222	0.984166856085	1.58655716828	3.59202196276	5.18782009282	6.67004906189	
0.0981959291976	0.142350126361	0.37574082758	0.667371746424	0.856411842232	1.41932407948	3.1376888339	3.85858136699	6.71717205135	
0.0944810092227	0.169122556611	0.335904601589	0.552508000958	1.11644998712	1.41284513174	3.02107695579	4.89100318838	5.10390990773	
0.0983404757711	0.144535009832	0.379672328038	0.599343750698	0.897992261513	1.33703727114	3.36464887187	4.99457886143	5.59358983385	
0.0951411703312	0.150069340695	0.356955869728	0.534969683317	0.874205702588	1.53085862014	2.73496497063	4.16649079701	7.01964998717	
0.0934437088996	0.15029546635	0.406695797275	0.615571005552	0.956519920866	1.45142583162	3.19124260053	4.38571739443	6.17031436514	
0.107255333712	0.176835144356	0.382800697589	0.59567361728	1.20849660487	1.60739957618	3.44241614767	4.62332237925	6.39565393206	
0.114063833723	0.145877542554	0.426181471463	0.575979837883	1.10303948435	1.49709504139	2.71246169425	3.92035707271	6.98905916307	
0.0799248175701	0.153079384323	0.335680128164	0.715668557656	0.9090985132	1.36296325612	3.04189825281	4.85132192792	6.87125727575	
0.106843885631	0.159086468851	0.349917457364	0.675764816128	0.929354533674	1.23433984663	3.98775798004	4.41734534233	5.53314365193	
0.0966220072642	0.132993527327	0.369562211818	0.545643645336	0.95708496553	1.36663573202	2.84314250305	4.68250724724	5.67609085994	
0.108662451065	0.118187541752	0.297075162057	0.699932632908	0.969868419823	1.35197913172	3.06111386595	4.7654907915	5.57284569082	
0.110389674054	0.130461220034	0.4171652544	0.656921388908	0.973559678819	1.26309909227	3.36254152641	4.40583063058	5.4923756759	
0.102424320012	0.156858327139	0.386550368021	0.604206592445	1.0387992747	1.42243278252	3.17292088166	3.70995846119	5.71043729759	
0.0897683525271	0.167877612217	0.474777927533	0.567775806665	0.938001408111	1.37891471379	3.31736477228	4.86512962957	5.57443805373	
0.0952952660408	0.124901070678	0.394596391128	0.509617518922	1.17921822036	1.42480500763	3.13140853244	4.14895251712	4.70057292724	
0.101978012061	0.156355008367	0.412601326597	0.563541179351	0.889738428937	1.38909698217	3.4484944176	4.62809260707	5.3532372564	
0.122041562602	0.156533346035	0.397632775567	0.666106829078	0.846859552593	1.24313069886	3.73850399153	4.93794181737	5.92947558233	
0.105450876467	0.166424925101	0.359733377633	0.622541304657	0.763485895545	1.58388068108	2.8072149561	4.61491409419	6.30597690598	
0.104017269391	0.153106121827	0.373195170553	0.601291440847	0.810425459513	1.25385963181	3.23172673687	4.92488390772	5.25874922246	
0.115750121839	0.113186183505	0.386418379138	0.615184587119	0.711555756373	1.48370486261	3.7022456306	4.59751985853	5.46012114244	
0.0985972287436	0.132600130721	0.336658446659	0.559644193824	1.03929919032	1.59598673081	3.06125860525	4.49047652008	6.08773583837	
0.0954713993684	0.14034520721	0.43877910241	0.567046099682	0.727503647448	1.41518928144	2.9700918935	4.7567314106	5.53333633707	
0.104949492154	0.147859113959	0.489444118548	0.592425790266	0.900673761349	1.48964636872	3.33946645225	3.52141911668	5.05670671542	
0.111487309857	0.144189979775	0.401048320498	0.547011223458	0.831159741208	1.43997304553	3.25330006203	4.65140498185	5.48508165629	
0.112324998095	0.153983590126	0.399881402365	0.581581952632	0.933162374936	1.29375871649	3.25397771443	4.24279152129	6.43591757461	
0.122964184236	0.15476599199	0.382735216447	0.564549360699	0.819311034571	1.41171831763	3.61662133594	4.03890061456	4.94040599992	
0.0938839851582	0.141340111336	0.404342390215	0.619959741109	0.773869015316	1.31457735098	4.00862993655	4.48606871376	6.73223772744	
0.109543275438	0.130098256336	0.429545495811	0.575577098925	1.00818073557	1.27678573182	2.96946900575	4.82223673481	6.27279430499	
0.107295139401	0.147814718822	0.374435427784	0.606929481369	0.797793540692	1.25311285547	3.69521430329	4.52919920118	4.76804437568	
0.0836568221947	0.139528589824	0.362364788708	0.505194235846	0.905658288932	1.4849497135	3.13484423741	4.8381242609	6.53602939791	
0.106274608025	0.164634208449	0.423815816187	0.498602134462	0.82584801028	1.58317842	3.27979250493	4.5490911904	5.14963208478	
0.110826375887	0.173605609546	0.389350902503	0.506861580796	0.961254683383	1.27364925483	3.25965069269	3.92432291368	5.98102558084	
0.110454450105	0.139803510772	0.339226353851	0.715232760875	0.967919154019	1.83678898062	3.2070375453	5.10407674613	5.82377520762	
0.111798594726	0.154759413822	0.385321515342	0.489899876031	0.903304267575	1.33838755399	3.57062462226	4.36002118771	5.45743566837	
0.0676985849706	0.161990941629	0.322958395971	0.579338505221	0.837332268007	1.31701771832	3.2043129524	3.42308556304	6.04482949815	
0.0976024556307	0.168011010892	0.408024095437	0.50387686498	0.979033796198	1.31434325337	3.5431273433	4.3840955818	5.09755521867	
0.0941860804896	0.157891823766	0.381542455087	0.573383870949	0.962044615539	1.20652011903	3.02211884166	4.06558160498	4.74150387006	
0.0957904518049	0.133284523301	0.375083756831	0.611848026592	1.02985581501	1.20132000881	3.34686426962	4.07917585547	6.38658457992	
0.102501972214	0.15964121875	0.38522114522	0.510772131287	0.873402164124	1.43351422964	3.15808178084	4.67051295511	5.97922559778	
0.110038162953	0.112250996364	0.404927827743	0.609877224135	0.984042888262	1.35514662169	3.60188292737	4.031888582	6.11741845439	
0.0875559057255	0.141724729835	0.359818508162	0.551051753925	0.868074153297	1.42463845268	3.05781851967	4.27945093433	5.9518221494	
0.104354963821	0.167059436902	0.377275027306	0.531232968854	0.81747217455	1.37626326103	3.21737475537	4.94777421791	6.05589892699	
0.100751815167	0.14198638176	0.35591598748	0.636577506797	0.779106747429	1.29069514224	3.34918578294	4.25547338465	5.53230651371	
0.0986017477971	0.155576350091	0.428009339578	0.581120028923	0.968627504656	1.3672629331	3.27859035927	3.97397046688	6.11868988665	
0.122625376926	0.155332921227	0.34666676236	0.605100792013	0.87073606421	1.36050862341	2.93809211334	4.56339118092	5.99451888823	
0.105332475937	0.135576410942	0.407347795124	0.587220914726	0.962257901618	1.49489019071	3.77080977917	4.62303463027	5.29241256165	
0.0995547319464	0.162645444363	0.348805276508	0.583832085375	0.990084357681	1.40371895941	2.84423486646	3.82837070291	6.79728323627	
0.102974911122	0.149112723933	0.407202181075	0.597737962371	0.852053512604	1.21222134624	3.43615097358	4.79663527332	6.9190257666	
0.0959184893898	0.132472708273	0.341710204207	0.607430598485	0.989810570633	1.53313734506	3.48711980351	4.95257684886	6.57000592577	
0.11159032448	0.141966147818	0.39192456498	0.569005966148	0.937290871445	1.64005209376	3.88192216496	4.05627863859	5.81370101948	
0.0965892978094	0.132081656401	0.361957987462	0.596938190912	0.846298045289	1.56454469836	3.33263384678	4.10092681712	7.12395673245	
0.108866290326	0.139294442055	0.324751603579	0.567019906457	0.956858280634	1.51269813837	3.45579287643	3.58033846487	7.19607285084	
0.090825071073	0.139665977538	0.394943015217	0.631983688113	0.885078056039	1.63117129562	3.03025134916	4.07288625188	5.4034637786	
