8	75
1	0	1	1	1	1	1	1	1	0	
0.0893265205152	0.372005020976	0.590552080358	1.00920909446	1.51165223426	2.24868417196	2.84693459667	4.53976157106	
0.0972135712253	0.424437536482	0.531048765358	0.918880134035	1.49166874195	2.13218356981	3.76088440797	4.74045028031	
0.0790181776816	0.372355629657	0.62397761167	0.985122550359	1.30550922755	2.13114789082	3.08102575085	3.90030911363	
0.0908594847532	0.356310714269	0.748570848579	1.03378252442	1.50747932916	2.2010740916	3.37720257057	4.25882866794	
0.0950134232647	0.430663281873	0.614706703952	0.715558821233	1.50028507996	2.29196762542	3.841522379	5.02916192914	
0.0854273620408	0.343812104241	0.632084011363	0.91692278307	1.24234799634	2.08064587031	2.99325733296	5.41982550568	
0.105649460172	0.456248517478	0.66104702177	0.860499856038	1.59291290374	2.33995752753	3.21823585783	4.69136393382	
0.109195028501	0.323990447708	0.537442375347	0.825319714167	1.42461465923	2.38749027552	3.34863949429	4.55950422434	
0.11472010085	0.32270108493	0.647966676922	0.878599707128	1.51544208361	2.11558520277	3.75058164894	5.16986119193	
0.100933965332	0.365661511679	0.683023108884	0.942954730477	1.56518526438	1.99124334584	2.93533771091	4.32505167621	
0.0992317031791	0.317277165509	0.534855508902	0.960986553747	1.28451203426	2.01195578411	3.0581153829	4.11591951432	
0.0995815049009	0.279306752384	0.608904111607	0.875925742816	1.49897639174	2.08873935883	3.10036821562	4.62716173999	
0.0972207638359	0.416806451611	0.529419618259	1.03648153319	1.40908327675	2.22839433738	2.67912439036	4.45003426004	
0.123024834355	0.411672835839	0.556640262662	0.90856211599	1.36115279475	2.23273600784	3.47149181962	5.0236397804	
0.099252746441	0.362954414744	0.488271458775	1.06223446441	1.48197039536	2.08816847769	3.20967300686	4.37325194627	
0.108493398916	0.339601843912	0.763143943164	0.854966276019	1.35407673301	2.16032213605	3.56718243307	4.07208225627	
0.103642405669	0.288059687307	0.675424915181	0.793566208461	1.55299676139	2.48599759061	2.90983750362	4.66507895903	
0.0889808087063	0.387488009438	0.649485134697	1.0086245953	1.4803608386	2.00468665453	3.24787133174	4.45753831464	
0.105780757148	0.360108456429	0.636114134821	0.984709515069	1.64779880729	2.26598218595	2.52974387261	4.68431167341	
0.101130181537	0.368407975926	0.70641359397	0.840740305148	1.34102616371	2.20526113286	3.32370717307	4.44243331791	
0.101313246895	0.446939950738	0.625586692192	0.813910741568	1.54273357585	2.08958636945	3.67068029479	4.26542386308	
0.100477732114	0.380997473404	0.604887784767	0.892833696236	1.55432209731	2.19696731123	3.47439765815	4.77911472118	
0.0868335317829	0.4106431667	0.638626507286	1.05773207337	1.567753614	2.31949018626	3.29090885883	3.68939653528	
0.103313925307	0.380555715786	0.600885896323	0.910482996513	1.58527566988	1.89987175456	2.80801555384	4.34500485987	
0.103159021167	0.390638172969	0.633350787514	0.947708290637	1.56818578164	2.21673353741	3.52120703309	5.16286154078	
0.110300362606	0.343467689757	0.522007708953	0.96480089988	1.55355402669	2.36056636189	2.79847188025	4.58704269373	
0.106767142862	0.354583914547	0.634702310175	1.01597265301	1.68180804453	2.21370534732	3.67573142353	4.18874668393	
0.0914161178522	0.403446644767	0.571296522728	0.910737643858	1.57286998763	2.10790902427	3.0552523888	5.49642789086	
0.0921563263709	0.399364739375	0.548494342697	0.926392868016	1.27085471282	2.44082947138	3.12878838362	4.97002978842	
0.0952321470597	0.408251415387	0.674536792856	0.85003586717	1.41378406222	1.85501499962	3.31419831171	3.9587740473	
0.0982850528325	0.393845638897	0.646634733714	1.08563531635	1.45324285276	2.10144908709	3.33615937977	5.08424799882	
0.0918210308125	0.336106731068	0.573285899448	0.858303053711	1.56668735463	2.09625902158	3.55913997146	4.39736769006	
0.105054259719	0.40803707659	0.547075422506	0.940485335934	1.38094421451	2.19667822126	3.30636879426	4.80409890536	
0.0997113930573	0.362034273607	0.675610102917	0.847990213718	1.39011388023	2.05814525466	3.49518091847	4.57991521353	
0.122681968517	0.365098567913	0.687546744739	0.954596323866	1.47365088408	1.85254595566	3.68741964709	4.81567832082	
0.0995819168877	0.369063613797	0.624221421873	0.929083744346	1.44638987361	1.76949465768	3.0050099267	4.42305182743	
0.0876963021934	0.37475199224	0.644612603873	1.02792367542	1.34443993074	2.24361912007	3.49525842079	4.19629041548	
0.0963092059755	0.404941436451	0.570991635551	0.763560577583	1.66798034931	1.78997923637	3.54261492783	4.54824765985	
0.0952191837382	0.394294431249	0.61414767321	0.961168474441	1.79196767622	2.59172645644	3.45487762366	5.58445374641	
0.117533837453	0.427797464137	0.670097827294	0.906851707097	1.27900041389	2.10768664306	2.53494945324	4.11804483709	
0.0969865934947	0.378806354774	0.568960070452	0.815405720939	1.57267973622	2.1187212445	3.71020668082	4.60512201684	
0.10043227963	0.381712227089	0.464038919395	0.81739663374	1.4753398217	1.98446227816	3.33746795148	4.72030995067	
0.0930783366708	0.402641243263	0.66440971701	1.03841199124	1.33139726457	2.45164337232	2.89940086017	3.85589669862	
0.100609236651	0.316117921222	0.610366654568	0.858101459237	1.46913134467	2.08147046572	3.11185804069	3.95751462781	
0.105815095476	0.367708377873	0.66767774105	0.977238869977	1.47881340036	2.23650663755	2.97962761507	4.1726765223	
0.111579843365	0.40088758413	0.596599181186	1.03318276603	1.53961964486	2.16903170635	3.38492824203	4.35722783759	
0.104406647518	0.340269663524	0.69167005104	0.960196382212	1.75987601883	1.93371702128	2.92987524808	4.45587773806	
0.0795417077771	0.407523188865	0.621876192223	0.988308030679	1.33476061859	2.09291157615	3.2302854891	5.10420857912	
0.1093600083	0.400465694384	0.600995143748	0.834822530594	1.58795564476	1.88688813856	3.25171339845	3.79657993016	
0.100887338419	0.370498584262	0.565036764226	0.858045468488	1.56912813019	1.74902472964	3.03875686531	3.9642081517	
0.0758230464001	0.373327367794	0.587341301174	0.891234059067	1.24216029661	2.21922066638	3.48635418387	5.17596704036	
0.103758313767	0.401245296535	0.574833535096	0.979986480538	1.47924307962	2.06900950379	2.98184180865	4.47441086823	
0.109994847762	0.379865177777	0.628460385374	0.98795362973	1.33929616032	2.22727027276	3.07605479427	4.04753235799	
0.0990533165765	0.310417222043	0.675723225339	0.860311403922	1.37213836161	2.02889871506	3.12859450544	4.02922707232	
0.0945508134796	0.445167824485	0.57739195853	0.894944610519	1.26068267617	2.0634974595	3.22795268242	4.33480666353	
0.126932159081	0.339595235736	0.542939235774	0.955835772242	1.49184210045	1.91999043547	2.68818526823	4.70497121403	
0.0961380590804	0.362796090676	0.629587514265	0.986125255901	1.46898738848	1.96537850478	3.3038068319	3.92029581631	
0.109460711554	0.393618613507	0.716349161211	0.971722565176	1.28008743261	2.33385400169	3.77291857101	4.49878162354	
0.103942270907	0.361102726912	0.664320736331	0.936084435412	1.75067674072	2.25333329234	3.80289566705	4.74823045242	
0.0941809707498	0.36263027736	0.597753162736	0.941899090883	1.59182206578	2.32725455166	2.96124280912	5.2960916578	
0.111804483325	0.361405782594	0.673816015902	0.936122735646	1.2588732854	2.37118520865	2.74358266952	4.0784499375	
0.0902277743025	0.401678965774	0.5977698299	0.901123010357	1.53514626034	1.80810543965	2.9016062739	4.54185974374	
0.09777713267	0.393499171147	0.581175003463	0.853633073955	1.15813787859	2.00585698411	3.22863388095	4.05671459522	
0.0957010930367	0.354219308226	0.562699675157	0.880778527424	1.16467490973	2.2930319213	2.65725867914	4.55125858334	
0.0946427390192	0.384389506444	0.568932172517	0.907986895562	1.41204256801	2.13539444278	3.19561697771	4.83697720185	
0.108783391199	0.408213715428	0.524258645212	0.982522956108	1.64194039142	2.32603277536	3.21256017459	4.56959078378	
0.0915899270053	0.414458069346	0.662416797045	0.842194589311	1.41987774104	2.02787849075	2.77940833226	4.64892224441	
0.113141757771	0.403357202647	0.536730120501	1.02930124861	1.24000879384	1.87753963859	3.35632925308	3.91282243799	
0.0982132752155	0.39039991355	0.558150851712	1.10702803997	1.57492452129	2.21949285547	3.15289177055	4.21087221014	
0.0948256225116	0.38692771692	0.573315605359	0.832319956201	1.69473040588	1.66619808774	3.06162379126	4.23561092039	
0.0993012448421	0.389144458861	0.565805175386	1.01185600156	1.40504136734	2.08574577639	3.28334408172	4.58307303651	
0.0925746171981	0.360572723551	0.604506411029	0.882080729357	1.60442705362	2.04878884278	3.52595154492	4.56589811823	
0.102629916664	0.428794154622	0.633174425424	0.734985609807	1.55354810445	2.17514927394	3.054317524	3.78363089753	
0.0931186158333	0.387387030984	0.621511652751	0.99211416185	1.38697286116	2.04334202854	2.99776760506	4.71739784737	
0.104712454896	0.362704691142	0.581312791672	0.862015488119	1.49684940164	2.05449941809	3.14345772953	3.56729474875	
