8	59
1	1	1	1	1	1	1	0	0	1	
0.103382491853	0.17924493626	0.412782969947	0.609742535057	1.02648473929	1.42601431347	1.94916993494	5.83157568963	
0.0998794435264	0.145090501138	0.425004500113	0.62531769469	1.00460623474	1.34845397808	2.18260336575	6.66729378185	
0.109525732431	0.135854991231	0.381894813167	0.595548293327	1.00314866709	1.42077107837	2.23137001306	5.18107513417	
0.0906725910905	0.150054605415	0.326856542064	0.549105639634	0.681707713556	1.41161703004	2.15092122684	5.49095669711	
0.119410859419	0.161171294262	0.362952556072	0.492734983732	0.868134017245	1.38715994202	1.88607807894	5.95368427448	
0.106337397117	0.147109864746	0.418152909367	0.492490048923	0.934689919236	1.41776922861	2.18447605757	6.13488368469	
0.115605723265	0.157720925077	0.409183901821	0.606384211054	0.942407711332	1.41144260832	2.20888505313	6.36363525161	
0.104585143615	0.15459387786	0.362009614092	0.485076772364	0.864607735056	1.48874850979	2.34156377977	6.01365856663	
0.108760882759	0.146365618259	0.352383557784	0.578938456211	0.783441330842	1.31071507333	2.46499218325	4.98707889993	
0.0836417733466	0.187285819479	0.354519301938	0.592770855664	0.843235829947	1.4839599603	1.89021886819	5.63094597983	
0.103838717571	0.134538853132	0.379568111063	0.676254541175	1.02219587284	1.37483058327	2.17325055603	5.97408396769	
0.113875903553	0.153881922397	0.388354160557	0.615964413821	0.917069369912	1.3547865223	1.96791176971	5.88814757894	
0.105651002403	0.141907614484	0.329633441714	0.633837927177	0.817807896224	1.48647657259	2.11646935071	6.01076938633	
0.0910810442425	0.136875341302	0.307335010551	0.65624337248	0.819888573913	1.51359456402	2.28098694784	5.72733347098	
0.0941865077638	0.146869184645	0.462689622236	0.645759999972	0.897190945527	1.36556165476	2.03299069206	5.89705617474	
0.0914957076592	0.153217763507	0.363550450322	0.559652494611	0.881891736909	1.45042861978	2.16047158766	6.13526706551	
0.116044876059	0.159303304504	0.375791214345	0.571517718804	0.803931253204	1.58456775158	2.34467656267	6.4826490618	
0.100886188208	0.151246408322	0.406614863603	0.631039772239	0.783087374644	1.43515104706	2.31473618562	6.7166635803	
0.0960521071606	0.157052894152	0.387819215153	0.653970322815	0.950489021088	1.30058504013	2.18663256168	5.81194646791	
0.0913864283887	0.136332030922	0.329474726539	0.601792084896	1.05383294286	1.52481599321	2.14269976029	5.6890601498	
0.0932971843623	0.151696330511	0.388144252891	0.493839985731	0.988416972325	1.51428331396	1.97658837933	6.0225125539	
0.0852308870695	0.165568546009	0.378445891003	0.600341403969	0.832907658307	1.28073503354	2.08517911298	6.33630896764	
0.0976122253608	0.158898969374	0.365895604506	0.522354537439	0.870838557952	1.25585644103	2.00405509232	5.50777316714	
0.102976592042	0.124823076384	0.361546652881	0.52597873967	1.08616498156	1.3847807279	2.1212167208	6.48150025879	
0.108915122004	0.121613756563	0.389131842352	0.671489198141	0.936255714345	1.58315752345	2.50203104738	6.46309977118	
0.121524234583	0.155877549142	0.384258862124	0.67067466778	0.896575941245	1.57956898549	2.46691157051	5.83882652154	
0.101983483797	0.142115039577	0.421303528366	0.628351520792	0.975083595291	1.31069165749	2.27909229647	5.80475359842	
0.0992958484648	0.187949366956	0.421342223451	0.601159568657	0.911670307081	1.6524054061	1.9203251711	5.65551216864	
0.107974024635	0.123751274113	0.417759511092	0.619962416503	1.02329467376	1.27847717901	1.76809173272	6.15826854378	
0.101386266248	0.130952367628	0.344510092111	0.5903779297	0.851737307489	1.58707876093	2.34657821974	5.9901774745	
0.0972143105755	0.115662799829	0.397691047532	0.542117891653	0.946300786087	1.55157534869	1.96690008526	5.55724055882	
0.0862906096542	0.160615802965	0.397824870077	0.688155847415	0.967513203449	1.4953690764	2.01928951445	6.15629544064	
0.105844452771	0.138037865391	0.347622869042	0.617801002558	1.14149696526	1.47425625434	2.08668369694	7.26825911425	
0.0960304068243	0.136576915561	0.435699942087	0.519300833791	0.884745405652	1.70524135739	2.2306137683	5.19186392379	
0.102342271341	0.14565841116	0.404310400811	0.661370017154	0.989605441248	1.48077158595	2.46693504326	5.21203532441	
0.099560990338	0.148194631117	0.38138546976	0.679448328244	0.950018831583	1.40986045071	2.37382089419	5.89124393227	
0.0978340691792	0.144653806969	0.391970616657	0.56391751953	0.952484256741	1.53514062313	2.09463084122	4.51259043517	
0.102090349938	0.159174010621	0.365751907604	0.623684039643	1.05533569484	1.30308976106	2.19206628506	6.50700652876	
0.0880363492382	0.136531978686	0.389995064136	0.578211302807	0.889646523262	1.3575597393	2.09140572709	5.38885453503	
0.0907339267847	0.148371440766	0.443440717754	0.594845972479	0.998136168881	1.47329823537	1.76945112703	5.89414725454	
0.086030789218	0.152717022056	0.368301622881	0.604645701898	1.11099941822	1.53326966982	2.42649031871	6.56887620582	
0.10256086733	0.146312163479	0.41501839306	0.625087589798	1.12606706054	1.37534877885	1.7337366716	5.87601594051	
0.0962320453852	0.129557535979	0.439919197239	0.611471260452	0.922696494672	1.49360195155	1.9382697994	6.67704893011	
0.105583987266	0.186817725522	0.384280539783	0.549003385996	1.01086367401	1.34513777187	2.20746648039	5.75855464246	
0.0911809439908	0.147583922561	0.413943718013	0.5707103278	0.980591517608	1.49562832958	2.10420480149	6.19119484554	
0.0982429708739	0.131964762726	0.42175723176	0.529469692428	0.89859518763	1.22237386045	2.10153108865	5.4781267807	
0.102246347358	0.182201119653	0.348852489248	0.559522574778	0.931253686782	1.48215559159	2.59263106694	5.97454397948	
0.0988598701853	0.173193772699	0.351219424405	0.590219307022	0.901247155167	1.35088295301	1.84877755503	6.12532695401	
0.104831463377	0.15607177729	0.412718124082	0.589170703826	0.926266001075	1.26010527354	1.9167043581	6.23995699893	
0.102912524319	0.13601014027	0.416814071052	0.604127129795	1.02007960389	1.41664337914	2.08722261389	5.79091194571	
0.0891694888939	0.14926984146	0.340160127312	0.469984647281	0.949967220495	1.73655095806	2.00926255317	5.47480058761	
0.101334279826	0.15375255745	0.338651113286	0.622728150218	1.09725217634	1.43545555737	2.23217934486	6.67694329461	
0.0994242785542	0.176777730323	0.39840614883	0.579439751523	0.929830893493	1.62981851921	2.12007315942	6.37171506488	
0.099037969863	0.176460829516	0.419536183075	0.695006743863	0.791728650603	0.966843411474	1.92890224387	5.72104513311	
0.10527160285	0.146412919297	0.307480721289	0.628889266964	1.00238109223	1.20596090405	2.16631526638	6.21362729297	
0.112294907175	0.155404095504	0.383104267234	0.694237231582	0.994121687937	1.43426734328	2.19323524454	5.32292069603	
0.0935529064412	0.163787706096	0.356192217272	0.518272999914	0.99953263869	1.44542860392	1.55453417568	7.05079396981	
0.112201324716	0.160953270479	0.380447229108	0.621006198517	1.11845674765	1.49443691507	2.03088614665	5.98608462326	
0.103991676852	0.153896537931	0.369397733306	0.586131382025	0.82368627656	1.40332477662	2.28997916378	6.42363627834	
