10	69
1	1	1	1	1	1	1	1	1	1	
0.0997862892976	0.154942920948	0.387238172721	0.579582976259	0.899949055704	1.3479283618	1.92876637713	2.68077397328	4.76620693005	5.82666330001	
0.0980434952285	0.145143238962	0.368477964565	0.702441421407	1.13933624503	1.57913807585	2.14161278718	3.66349936569	4.4915111919	6.651541638	
0.11425809097	0.157189252771	0.446090788317	0.612827091462	1.06314773645	1.37561048293	2.00999640384	3.30993016903	4.71835049638	6.07407764426	
0.0937951689332	0.131079276446	0.37811891269	0.586410802565	0.989992014305	1.26920654192	2.25609348662	3.29375087364	4.61729371258	5.19481505702	
0.117000083138	0.135750086859	0.369958253767	0.540269261423	1.01784408193	1.3248653033	2.01128104095	3.34567522325	4.07914740604	5.51096501662	
0.108987363946	0.157539880597	0.393652366102	0.534732406535	0.980673162015	1.36620128026	2.02324936049	2.4873168067	4.17499944834	6.67774694161	
0.121219431424	0.143080928632	0.303246976577	0.688368648148	0.990606429224	1.45258622332	2.03438272487	2.87414862305	4.33840320097	6.84437389597	
0.112605305162	0.142428149741	0.434906683559	0.586303232009	0.797055733925	1.40937628222	2.0391454961	3.44309479648	3.89270440844	5.42719659066	
0.119804414762	0.155445881718	0.365581029263	0.470298691427	0.808618965519	1.32993914034	2.02593210589	3.17035030394	4.31242307473	5.57055704403	
0.0977383520006	0.157354743368	0.43367520855	0.671467853888	0.708708256545	1.44987811788	2.2156986955	3.71183358937	4.75910262271	6.01457618207	
0.0960661054162	0.154828203565	0.330584866682	0.563101571795	1.07076681055	1.34918690829	1.98843320249	3.75817998514	4.76371138427	5.31311222628	
0.111922204156	0.164179704319	0.366629461651	0.697346392715	0.828807187482	1.48711861149	2.12578454337	4.07843794041	4.40341746394	6.68360653963	
0.1027411861	0.138778646174	0.34300395192	0.540954518818	0.948037200606	1.59253376724	2.48480600694	4.00956121291	4.26635676983	6.70341599078	
0.109257300902	0.143665759136	0.343159739039	0.69544992032	0.804662477857	1.47374525227	2.02764008329	2.84105234938	4.30864568622	5.81527530007	
0.0997423123545	0.151326595926	0.350954107082	0.596642013448	0.808850831824	1.62053272655	2.00502293794	3.2928278075	4.67327628541	6.37932801384	
0.0884797016876	0.129640049232	0.403677890033	0.616407054551	0.785331437666	1.5629282285	2.156081915	3.21900673017	4.83602714771	5.28005910325	
0.133137710039	0.130994926557	0.301051038247	0.630450799595	1.00126791053	1.48924620855	2.46456964903	2.60522442101	5.41232384719	5.46173248764	
0.0908619390268	0.160259170113	0.414885964	0.621938522746	0.9879116015	1.28663761169	1.99128177146	2.98454849094	4.26338369334	4.97113042773	
0.112185147587	0.162615242946	0.376575295194	0.530609926663	0.871077632775	1.22799576608	2.16805585869	3.39765199687	4.58941957765	5.74969052188	
0.101310550206	0.135467508295	0.367398568505	0.592762408124	0.931820076576	1.12434790137	2.09465706477	3.5756317296	3.68376174586	6.41620807786	
0.0942946835424	0.131837138879	0.287305150111	0.559875019221	0.996545297343	1.33109184108	1.81680791014	3.34616606294	4.60614925728	6.18828779644	
0.0987798239848	0.166277902545	0.379298355202	0.579952428532	1.03546338471	1.60408279113	2.34225463389	3.03106428021	4.30741158571	6.1765155955	
0.100468064694	0.143380827337	0.363370454361	0.582608653033	0.795492161738	1.70523210837	2.60392826735	2.86584504086	4.75210253599	5.44043110194	
0.0938531686197	0.147720333504	0.380880722968	0.783001224903	0.945329276712	1.30306185973	2.08693849506	2.85840672007	3.86266647258	6.77981407666	
0.0975631409899	0.137057436357	0.36820373655	0.587055643625	0.972164347599	1.20577728389	2.05112658994	3.82378571066	4.09401561952	5.7433445035	
0.11027737886	0.130144267729	0.366164814466	0.645605119535	0.812861877105	1.60015993232	2.05352046437	3.89850087158	4.98176959761	6.18699176131	
0.0924683463076	0.148792926852	0.412289302868	0.626044850545	0.906603893658	1.49238617103	2.10371923803	3.58747031859	4.62805290574	4.7214918771	
0.0974249243584	0.183266025969	0.422555583687	0.690596437912	0.993113224153	1.475944274	1.82481373918	3.73360498016	4.27038860367	5.2009387921	
0.117534607101	0.163553436344	0.393572517626	0.516012600851	0.821228961955	1.57132570191	2.70584938572	2.93141038431	3.88509367289	6.4355765462	
0.114860679566	0.137577090515	0.425370335706	0.606179095388	0.797494285272	1.45437870404	2.32868309498	3.27951997836	4.66859938486	6.33277143975	
0.093843748825	0.158823403491	0.394006772364	0.593862273244	0.868414839509	1.45921748422	2.39226991949	3.19360639699	4.36106661831	7.1075602008	
0.105082224256	0.144013801892	0.338642410082	0.622989845673	0.869691843045	1.59682484214	2.54330738255	3.18320652516	4.92952899734	7.07075299391	
0.0987010889941	0.144387494652	0.405367474256	0.615289103836	0.843337909937	1.50512895033	2.19766963441	3.35030987258	4.54113197515	5.188921825	
0.105497549984	0.169526136789	0.422345731221	0.571632908817	1.00881025717	1.52315862828	2.32641585605	3.56014689544	5.0800904962	5.47904449954	
0.111234340837	0.131435430232	0.39512446389	0.65102457794	0.917899562529	1.62405773627	2.38195976686	3.59622682815	4.72557675778	5.43958778132	
0.0999134296381	0.150020108841	0.421500169818	0.614542303674	0.798650654317	1.35987308438	2.46587146889	3.1891029291	3.72157916311	5.20018080869	
0.113404539617	0.148688246656	0.379089154982	0.678891582014	0.9091553893	1.49916592983	2.26292780416	3.83628013608	4.44565991959	5.54147770284	
0.092747429264	0.128227252344	0.369571911582	0.629068730491	1.01648336393	1.52724240265	2.60606631012	2.98313982155	4.93275060066	6.70370869363	
0.10488320543	0.146874142132	0.432844206884	0.558021162741	0.821338827191	1.37996757648	2.50343193496	3.58199448227	4.52311793793	5.59389704681	
0.106610983452	0.151424970729	0.353398538753	0.57268365923	0.822103630364	1.42878849318	2.30515340631	2.23487734902	5.44235241225	6.67470461694	
0.0961419359246	0.164204931063	0.406161970659	0.612504383854	0.897309257293	1.278251639	2.23306896467	3.49022075438	3.77402100066	6.95777863379	
0.111445368819	0.1588847468	0.338622842641	0.628545581132	0.864066271402	1.47708140691	2.14438054455	3.77248664414	4.13503395732	6.52154902101	
0.0829198960329	0.127128700148	0.396535790139	0.59680241953	0.866292611489	1.41320953332	2.41835893639	3.00228745917	4.26921636381	5.42507880257	
0.105329497234	0.124366111374	0.357236568791	0.66497005013	0.99045397801	1.48764312327	2.18458293614	2.88243841081	4.18521073236	7.23949021952	
0.105634564319	0.135359680724	0.46233986534	0.561385713438	0.795705607294	1.40409192071	2.02630550101	2.99491280009	5.56514530122	6.50062393591	
0.10925612283	0.138865259404	0.41985247135	0.558317616584	0.944644646794	1.53864117042	1.97440706855	3.52971478022	4.05078333399	4.55746424995	
0.111518400893	0.145533556112	0.352397410925	0.569412861498	0.856301577681	1.24588388494	1.89641955002	2.98964334929	3.93628071596	7.38690223399	
0.10174372943	0.186296287882	0.348162260198	0.631547928793	1.00281035365	1.58618108529	1.80323957989	3.09284135982	4.84539108868	6.51955945928	
0.0977854502024	0.152292166502	0.343604409756	0.635382287312	0.870525181911	1.50665705758	2.32319800114	3.12518483693	4.45180535041	5.08815261281	
0.0945846346298	0.140375606155	0.341411172639	0.562474127785	1.07914688956	1.40027815283	2.09415421686	3.52351170515	4.49315336457	6.00212931433	
0.104855598055	0.165971129444	0.422206734301	0.668225482341	0.737385346562	1.5625543055	2.29512771122	3.05512269197	4.38062813331	6.38039403506	
0.103065378966	0.130433825382	0.377783171874	0.691691001079	1.00591172845	1.543601137	2.23542746563	3.13298722676	4.28896659546	5.19074847828	
0.109807490538	0.139942277455	0.432102966851	0.45730610705	0.810890331839	1.49098563425	1.75098493795	3.05060710099	4.99210958312	5.76783220567	
0.105484205428	0.123704375318	0.375199595241	0.670063512339	1.10549540468	1.43501846843	2.08750015981	3.67851215782	5.63540185877	4.15909474416	
0.108412565686	0.148772385244	0.412009770266	0.688795058772	0.999686846896	1.49231514919	2.15011564617	3.14383208899	4.77345144617	6.150015868	
0.101375399298	0.183848929605	0.370355292868	0.75008193236	0.900501471541	1.42937088416	2.28409979965	3.18669784711	4.75198485052	5.84861423641	
0.109015702322	0.138614642604	0.378149741328	0.652256311672	0.933285241791	1.36281976315	2.2078357092	2.98583375604	4.62712524996	6.68944197384	
0.12678640938	0.128499755004	0.392185476856	0.539887250001	0.868722241688	1.54895343106	1.96341917168	3.01670597184	4.66173898124	5.87620911102	
0.0966873614665	0.145966808279	0.387553511375	0.53772392448	0.919968047945	1.4433573488	2.29520940505	3.46893437627	4.93086670751	5.35523444966	
0.113096777479	0.15501143524	0.345660428702	0.58442198453	0.861953118267	1.47459064826	2.16028651036	3.34685485318	4.67688766319	5.7806555739	
0.102455114014	0.158994718569	0.323240833332	0.539125369443	1.06588690305	1.47602078755	2.13222192353	3.45083535636	4.33415680145	6.08847938742	
0.116653272926	0.138357676577	0.368135345596	0.498554006523	0.847739514223	1.52068029856	2.16600705284	3.1892694442	3.85506940719	6.33156149332	
0.105516324653	0.138861253463	0.419626690334	0.599204826375	0.878074757053	1.42694116814	2.14951477826	2.9438264545	5.39269597841	5.6492058406	
0.0915938065757	0.167823568774	0.373529575486	0.58272289487	0.856671118364	1.61743360673	2.38985138477	3.28045739679	5.42677309684	5.50177147688	
0.0935481563097	0.139081661704	0.402549408695	0.591628142467	0.810924114531	1.27536892957	1.89126656088	3.49050599004	4.97004111085	6.39691053215	
0.0959352108287	0.140094365869	0.408465633998	0.579767874512	0.840560446319	1.67479989124	2.39645991748	3.15855985884	5.00606215844	5.1370905753	
0.101408936513	0.175979580046	0.342435891336	0.581418168654	0.967579771552	1.50887420497	2.00655728012	3.5894956032	4.63574143742	4.72620421177	
0.122827008473	0.153578621834	0.386837065552	0.535294902195	0.937826723755	1.81715980426	2.01222375902	3.73559006063	5.05173197726	6.29634329727	
0.103716057078	0.138766677635	0.33130582214	0.696277696904	0.886125629706	1.41594832765	2.05631492299	3.35457616621	4.83610402036	6.63021128146	
