7	28
0	1	1	1	1	1	1	1	0	0	
0.0985867614338	0.411196254694	0.653482924111	0.946219331151	1.49981337435	2.36296265354	3.51598876045	
0.157290485973	0.360885011829	0.585760515814	1.03393710189	1.34929337022	2.01037466045	3.08466894533	
0.157871706788	0.334358419115	0.491285829836	0.801872112168	1.43190933547	2.64630681277	3.11977164959	
0.142657951602	0.452496948816	0.518905087771	0.947735277287	1.67694615429	1.98856437243	3.35946448747	
0.119064878793	0.347419600976	0.559953652356	0.85850448842	1.4243750961	2.12262297259	3.77859115549	
0.146319978662	0.338303891823	0.573599508285	0.966280482952	1.41543483934	2.2690509047	3.49326711677	
0.154085558122	0.373110256092	0.617703610394	0.940498630236	1.35032881583	1.67978275034	2.989351937	
0.134301796479	0.364398351829	0.595841792166	0.867467863813	1.32415111599	2.1147098509	3.28687767478	
0.148976429911	0.36622759879	0.664921929106	0.831540751714	1.40308945387	1.76333180025	2.99384533191	
0.147480147952	0.403358111042	0.614104205447	1.03894237696	1.36754559349	1.94995236157	3.63283169916	
0.155892053039	0.380975664491	0.520671297973	0.839475005598	1.63783292789	2.27786376302	3.60451766056	
0.14990642442	0.401298011464	0.601828243367	1.04591557259	1.60694357861	2.15163005685	3.60526230909	
0.166966676757	0.398911789723	0.641941552646	1.01237546735	1.29504359778	2.11532846361	3.18950525892	
0.142475998239	0.389316328621	0.595804700881	1.03064420851	1.32600418852	2.09286827937	2.94242972349	
0.169267494371	0.366028168924	0.54822189659	0.955715961052	1.43550685957	2.03267615562	2.74310952726	
0.161801945711	0.324273537054	0.520896963809	0.995450955097	1.36207786658	2.28054238017	4.0016831723	
0.144714197928	0.420665202224	0.63763155313	0.931526270923	1.51764073699	2.60067587078	3.52185959765	
0.156335820444	0.413139144152	0.566105183166	1.00753872964	1.56030929001	2.33789762712	3.72851655562	
0.109586675461	0.483389634829	0.652512791502	0.885081247295	1.44465067804	2.48841542909	3.10602223129	
0.15775984716	0.3924641209	0.556134879099	0.948681363357	1.47137979519	2.30092857635	3.37426698771	
0.15881532261	0.420405805042	0.592522551105	0.823358070072	1.36804602632	2.04752473437	3.05500726782	
0.162244823317	0.380321316043	0.634706144374	0.96845705963	1.45436869838	2.20674455215	2.94198580657	
0.140072306455	0.360410899598	0.674231913504	0.949233618795	1.5981503433	2.08193571232	3.47344491678	
0.119893651032	0.384361395561	0.636604920822	0.979732021052	1.26962341997	1.75155680027	3.43322214402	
0.13989062301	0.336753114567	0.605991693856	1.00019798723	1.45858179353	2.3473748125	3.61864762672	
0.139329101323	0.392129194312	0.624725949108	1.03867379651	1.63264505704	2.04391492955	3.89962792077	
0.142451267771	0.381129978644	0.667645503571	0.990627630278	1.43992521503	2.24727089326	3.16354916493	
0.123624787119	0.362146209665	0.724065047981	0.885589032726	1.67435971363	2.42370529632	2.98681144187	
