3	62
0	0	1	0	0	0	0	1	1	0	
0.35683512117	3.14162065156	3.98350154073	
0.424680899358	3.74754799766	4.70583683775	
0.407672834582	3.51315057412	5.04312022986	
0.334610374536	3.48721831344	4.56604795213	
0.40362154531	3.67001763311	3.92229758935	
0.433191891228	2.90781620855	4.58243090107	
0.327542195194	3.46871530591	4.76259337938	
0.359074224543	2.78062666557	4.4836805525	
0.372826366987	2.8899569799	4.38355089661	
0.435559793055	2.76832435807	4.17499487711	
0.449655181091	3.16037694602	4.25512849713	
0.369960261522	3.24160513273	4.13381801821	
0.319815609699	3.3110777135	4.94519411475	
0.366276712328	3.84813056331	5.50358904764	
0.445095455797	3.29826274492	4.40995291026	
0.338468387897	2.80002526152	4.32188053217	
0.400573895215	3.02352366381	4.93193203362	
0.353512042843	3.34339687288	4.1727978213	
0.389245573822	3.54059813175	4.41381332219	
0.354992529173	3.42451435326	4.72371925514	
0.388836354239	4.09854377235	4.62361205945	
0.399405277641	3.35526441936	3.91965340481	
0.428666672731	3.21818867445	4.3127615712	
0.344365483251	3.62175079257	5.51784146063	
0.315488783832	2.89727411958	4.98228758777	
0.403013154096	3.29001423337	4.59420447271	
0.328313475607	3.43456442866	4.54058505375	
0.37677424291	3.55253180415	4.56793512061	
0.298885071151	3.39116595955	3.22489732326	
0.413474084151	2.84242601106	4.75887138699	
0.426212031507	2.76886972869	5.402313254	
0.335734321423	3.67965713202	4.60838014281	
0.415445491564	2.94764475764	4.16681716081	
0.356839970867	4.21424211434	4.5143318647	
0.436637115361	2.95801519192	4.30728960386	
0.336172388555	3.76505907239	3.64343232278	
0.357627563478	3.13904147667	4.40526258857	
0.363629215013	4.11003340514	4.51043988246	
0.372372094405	3.49944813231	4.91517882274	
0.445270782507	2.39856695473	3.80340461437	
0.383594442601	2.86805649751	3.83706446514	
0.419612616845	2.82783417423	5.05578664771	
0.332512473148	3.2601971622	4.78852764027	
0.389577174794	3.02983603783	4.81790384345	
0.320498946769	3.42462997764	4.3870491517	
0.370678339612	3.70019618146	5.28902887829	
0.369099045875	3.21247054578	4.97410758846	
0.406709745259	2.76512502413	4.57325290696	
0.336173316497	3.60721715217	4.33474060023	
0.314637297499	3.56043594531	4.65170700703	
0.356280092196	3.16812177659	5.22744580022	
0.41839759664	3.3412016699	4.46678102665	
0.378121687221	2.73830480049	4.34381430513	
0.340918693981	3.52897341976	4.26125579948	
0.389361151962	3.43542507628	4.79230936273	
0.365357669136	3.24136119315	3.8472287752	
0.43015865367	3.47869625765	4.63468929987	
0.410850547261	3.1237142734	4.74251403286	
0.430369914028	3.24674190328	3.8116198206	
0.368962261056	3.63458332386	5.57985696813	
0.381888104444	3.57173806127	4.31789828716	
0.406370152694	3.08412047323	4.00945896196	
