8	98
0	1	1	1	1	1	1	1	1	0	
0.148001729203	0.387629740337	0.705349750568	0.99299170268	1.65466517572	1.98442767951	3.35470267213	4.67338212009	
0.125794406058	0.37010276486	0.452032537474	1.0119267519	1.44409883793	2.20034191928	3.21443427213	4.24722311129	
0.152131826392	0.417003166862	0.673714673767	0.761605919272	1.42773723724	2.28168347304	3.48666277339	4.46333948102	
0.154555604587	0.315653277718	0.538718763957	0.832245908216	1.37390474692	1.82378040414	3.36814982351	4.63361520635	
0.133039597221	0.425393628594	0.619034699942	0.904358729431	1.56458761051	2.452048932	3.75813243294	5.21981074609	
0.122549660199	0.367273788602	0.470384905893	0.824955058679	1.48793352664	2.58234174511	3.45282663754	5.13940587546	
0.133784037739	0.403527711501	0.624218397813	0.952161148222	1.23985296777	1.9858926409	2.86314531246	3.79632407786	
0.120506556799	0.383006591184	0.589956589014	0.791555986693	1.54342324957	2.50187176537	3.44690847742	4.38848351	
0.137215211063	0.369843828511	0.607854528955	0.909530296118	1.66549723166	2.70111697642	3.00368630794	4.91678469708	
0.152505166192	0.366640007269	0.590727414892	0.83660187289	1.52450159008	1.95856007775	3.47657540823	4.4891826078	
0.105401257784	0.333039382429	0.530836699812	0.901881918342	1.27341315193	2.37530622349	3.1385640464	4.288773729	
0.157437884681	0.350547850448	0.593841613076	0.91714283654	1.41901918547	2.28064957017	3.27141712751	4.06258806614	
0.140157251142	0.440506967802	0.458274411208	0.806422110228	1.67073676018	2.60252012794	3.45423529866	4.97762553429	
0.158915146868	0.402351650487	0.55934789949	0.796900075639	1.34374372595	2.22892391905	3.55765215507	3.66124653745	
0.168760038372	0.364362195699	0.604486820726	0.971698932077	1.3460302101	2.25309587478	3.12564836929	4.63271424538	
0.116029860869	0.368805799169	0.597217422649	0.95860953662	1.46094393321	1.95851837496	2.99183237283	4.82612455782	
0.150289438576	0.362830707203	0.587390255009	0.928902069423	1.46900152186	1.91031171389	2.89005725327	4.36869553548	
0.155333320566	0.382073545307	0.635849454633	0.877005598642	1.66001593847	2.22965701708	3.84254137709	3.77780747704	
0.131759390692	0.35288949253	0.571269160269	0.902745719871	1.45514011788	2.1116894001	3.20718502026	4.18826757043	
0.153614590098	0.351517597549	0.655670225784	0.898124939889	1.33404573918	2.08871527959	3.73251454814	4.17320904182	
0.126796724657	0.333724020518	0.677163885591	0.940525145762	1.28516787258	2.04952180194	3.58665062627	4.13862877953	
0.149040298424	0.391595742578	0.612909378535	0.942948741086	1.85036570128	2.00128040661	3.20512520539	4.3761734365	
0.156579702802	0.379357941708	0.615703282242	0.93327762126	1.33117785053	2.70267183484	3.25409337361	4.87931148699	
0.145160563457	0.35617138543	0.681294033377	0.888588303735	1.54384275333	2.48135363479	3.08032346607	3.85679572033	
0.157910017446	0.350688353526	0.71431283734	0.899982429827	1.18008644707	2.26455170246	3.4466291737	4.64596908926	
0.131556541474	0.418948742525	0.554344301724	0.889509368405	1.61752240472	2.20481243064	3.19842329193	4.67415204805	
0.151958924102	0.38512038153	0.550012184938	0.875220471239	1.26766754163	2.07639116943	3.12834215673	4.34713787462	
0.130077673209	0.387048291626	0.581222016728	0.890220769376	1.31148871148	2.1025758114	3.34374997677	4.53187785446	
0.102994561234	0.323204596138	0.592701759351	0.897750994288	1.51516775594	1.60308390596	2.9330490757	3.94281399494	
0.149432977266	0.436061517384	0.644222092847	1.01691540768	1.68011437446	2.16158315022	3.04012279361	4.83140720291	
0.129567247954	0.447301417573	0.541432561461	1.06518083961	1.39939554103	2.92407951962	2.81700510654	4.24518975008	
0.163088284278	0.334754339258	0.588607507272	0.924208438507	1.81599069643	2.53025881553	3.3535790851	4.52915211435	
0.163407821185	0.357803869112	0.508921713838	1.02035762818	1.34647237424	2.00057160852	2.86605094942	4.08698965171	
0.143631948634	0.38321498952	0.643035756016	0.887747112804	1.47663050441	2.02355835731	3.13209848333	3.49595638542	
0.146912907698	0.354751703938	0.536214256243	0.762610436958	1.53948858375	2.18860771315	3.32134597196	4.45934558605	
0.131067011491	0.389038443798	0.571735370818	0.867350262864	1.46572060557	2.13778988044	2.91682132688	3.6734014151	
0.175670341408	0.410770919586	0.504778215165	0.906461449919	1.23602597654	1.93634191507	3.22463243329	4.36373987713	
0.15660108692	0.443332049931	0.556000664063	0.897375312838	1.30082129593	2.31019184813	3.8176374176	5.83666516257	
0.144997620311	0.41580877585	0.651422106978	0.808397024934	1.50894357121	2.39206935301	3.06559922099	5.1247744576	
0.138091835867	0.342176448118	0.56568307634	0.778638254765	1.31066334287	2.36475346515	3.62718859	4.31675725585	
0.148637804786	0.380913011385	0.716080863191	0.845549893169	1.38395892408	2.33803357372	3.26936372147	4.75021535059	
0.15152644145	0.395437731494	0.668571874933	0.901023071692	1.38223561189	1.82201986975	3.28265199387	5.40491812487	
0.143136071997	0.380189489305	0.497478867415	1.14933210832	1.35688372376	2.02963109171	2.92066163272	4.95781692338	
0.145825396031	0.405585991374	0.564720076865	0.945395839821	1.31118103386	2.62864212486	3.78801021905	4.73670082857	
0.128751531038	0.391173729778	0.676847787357	1.21142835001	1.35054046261	2.27420704341	3.78888349319	4.62894905154	
0.138354138317	0.412868361619	0.598868448799	0.719128794125	1.50989492476	2.41667002189	3.57735772754	4.11751751068	
0.141778601704	0.377300008929	0.583066159764	0.921935759688	1.42981424323	1.86119063497	2.9717287303	4.12727154811	
0.137211218389	0.452824862469	0.552080975922	0.83653040679	1.28228713674	1.98437414173	2.83208340106	4.92058109303	
0.147415998457	0.410021638235	0.490819721838	1.02204554007	1.53537616668	2.22388437623	3.2032629904	4.23792182765	
0.174528553769	0.3825069324	0.634050749317	0.977809423528	1.48930732968	2.18271092695	3.48310509925	4.30009851147	
0.14387008796	0.388049762924	0.55225664164	0.737836309238	1.63242055433	2.33717786995	3.10743192044	4.87018970893	
0.131696117965	0.392369750122	0.501607204159	1.00051040564	1.39547583328	2.07322136652	2.68642138392	4.34866441293	
0.137668807476	0.327101752847	0.565812857744	0.920674040312	1.64117402475	1.71362287967	2.79429794381	4.51211416903	
0.182220955131	0.34942546095	0.596949853501	0.983376060724	1.36610869659	2.46731550976	3.15763145685	4.70341938399	
0.15298349023	0.387800838016	0.599731412327	1.00897551546	1.68565693073	2.12592538274	3.76150176242	4.11297125017	
0.139099809081	0.379456921478	0.604582925198	0.76451611107	1.5073807251	1.99732720494	3.73352261115	4.74596242171	
0.170898742263	0.438926581418	0.641200363894	1.07168791306	1.4240515766	2.30213320711	3.32793010679	4.959272957	
0.163814846267	0.340436121994	0.617363806267	0.929279334395	1.55371182082	2.25207890541	3.36425649251	5.91652108378	
0.136006840201	0.375314523553	0.631485759915	0.954512747641	1.32754710483	2.02470633629	3.41451431	5.38464037985	
0.141444012992	0.388160486064	0.631230697663	0.845465398361	1.38488151263	2.22185474429	2.92598422895	5.03691707103	
0.167811532533	0.400585607071	0.557089034979	0.85540498016	1.26131998313	1.86305132006	3.40486414887	4.32378483645	
0.150275555827	0.364046720218	0.546855254965	1.01412172094	1.39671952579	2.10276569489	3.20638962104	5.21641697119	
0.150724720422	0.339603029146	0.660416671399	0.976637950509	1.61712565771	2.2352146971	3.08337222403	4.53156926493	
0.134718205782	0.384334966146	0.615352055156	0.680467051884	1.4424212123	2.01685906859	3.25931563555	5.13147505769	
0.132924951131	0.426003357891	0.542793232747	0.821840420297	1.56280326847	1.96808804805	2.7460467597	4.43003575625	
0.157964984202	0.461001221647	0.749500719153	0.969466511181	1.56943590646	2.38498028698	3.51273902797	4.33013839713	
0.158054099978	0.433978882335	0.555012733957	1.01651080519	1.12726958029	2.1268357924	3.15679373048	3.91366930263	
0.147514851651	0.387632123356	0.654455444991	0.949710325698	1.58880638328	2.23347534294	3.30706693776	4.18390529891	
0.136904814479	0.434211228057	0.641592475198	0.864555124199	1.46651472162	1.82856486033	3.05196994318	4.08849060671	
0.159113293809	0.374626392092	0.533763705811	0.910540297148	1.41663520994	1.91023816104	3.10092882477	4.71820319997	
0.165017804476	0.427496629142	0.650339465151	0.925467064643	1.26821346561	2.07995354166	2.75437498533	4.8970043972	
0.152397167993	0.442323564699	0.569962718991	0.930934561016	1.56820039035	2.19854957025	2.80879152532	4.62975760144	
0.133026530558	0.396552099575	0.508826187849	0.914574236386	1.34570462389	1.87202454621	2.94800659728	4.06612099939	
0.117923272551	0.357141893804	0.626802509327	0.881252357556	1.4888528175	2.03734476519	3.28390040572	4.10221470039	
0.177750635413	0.32550420663	0.542292589039	1.04746506629	1.44461674658	1.81651500881	3.66232810613	3.68549638419	
0.151741797352	0.367520954612	0.581740053835	0.97590150038	1.1809800803	2.17976740858	2.92428402669	4.22175430357	
0.172462449201	0.363385942625	0.626643326536	0.968608921155	1.39048437892	1.91927174388	2.68490829707	3.72224103442	
0.116278328216	0.26076069917	0.604192092882	0.945581171263	1.58432765671	2.05367701608	2.91895528322	4.84423449296	
0.16020789763	0.355201277653	0.566925100801	0.913247956873	1.36115613621	2.50449442529	2.98035470867	4.30463157205	
0.132091045631	0.321215042273	0.545201030654	0.910662862519	1.29862510297	1.83093025414	2.84166647097	4.1628118749	
0.14461383227	0.38869760752	0.602836925614	0.897127753085	1.65263227585	2.15602851005	3.47684764478	4.8074841332	
0.126973837202	0.423156048631	0.652400885825	0.897924287029	1.47797570683	2.0610690682	3.17990745764	4.60371672299	
0.148636248693	0.406519225808	0.596096718024	0.987512085961	1.31108507048	2.2411374438	3.43262641751	4.22424427778	
0.150880468961	0.289250680738	0.628886019172	1.04717590592	1.32805872685	2.21001255179	3.42970366576	4.72099683456	
0.122048011007	0.375269497767	0.598501990665	0.893075581661	1.36967262761	2.00303248355	3.35689907399	4.03173740986	
0.148830648288	0.436340638283	0.732496222426	0.916313978051	1.37591942932	1.99954643672	3.3004634586	4.02796917455	
0.152694003593	0.366798827837	0.585389306019	0.797017130156	1.61790800082	2.38463137455	3.13540558629	4.85562796141	
0.133034952157	0.39321790472	0.605329538145	0.861804105776	1.3861785824	2.15550554895	3.44498642015	4.47911415077	
0.153123972463	0.354284271953	0.677464582047	0.880541156179	1.37438287286	1.82319750969	2.83121073459	3.95634294194	
0.140676180664	0.28937683799	0.558915713698	0.921962804765	1.31129811402	2.16059097965	2.98384190015	4.14665602081	
0.147222037655	0.370238114165	0.696310562977	0.947178377304	1.3164579177	2.15815562322	3.21263202605	4.27141609358	
0.160091665748	0.435738995019	0.643084397122	0.915639228922	1.55543958832	2.38184661954	2.82939168209	4.75908267566	
0.15352345707	0.386187329089	0.620627104767	0.810538752566	1.2472158364	2.23176599452	3.76149044072	4.45368250067	
0.126833540603	0.344267718984	0.567411481281	1.06658426137	1.33730578378	2.02352030568	3.76701638074	4.56140748771	
0.137068081015	0.36835994036	0.661036679636	0.906150210898	1.54714463222	2.3878303486	3.36710786163	4.86415559086	
0.140567187574	0.329556227743	0.679003398867	0.868326196182	1.30230230534	2.04996769971	3.19907414588	4.55561804872	
0.131185706124	0.490027108092	0.620072492075	1.01755885591	1.58036378687	2.33871866036	3.63477934591	4.80181793956	
0.147507343458	0.396922217613	0.666663485172	1.09428679723	1.81335113565	2.2561425187	3.46927206199	4.17431575666	
