8	72
1	1	1	1	1	1	1	0	1	0	
0.096766241541	0.141664423128	0.397120745936	0.577937574958	0.874158229978	1.42206512958	2.09208892942	4.83997191319	
0.0867324379946	0.157897013469	0.3782467421	0.62605668964	0.800813515868	1.55627562411	2.266753717	5.25294337979	
0.0916726309642	0.141225358456	0.312201059406	0.55058409929	1.06339028619	1.47219398951	1.99383326334	4.55989111234	
0.0993844958033	0.121363033445	0.314330037166	0.666406477516	0.998504801071	1.21771222052	2.12272364229	4.17793282528	
0.110888377654	0.156713537671	0.338025011742	0.607214450059	0.926176701909	1.4245128134	2.04032433222	4.51117140937	
0.0914923019166	0.132182881394	0.332631195602	0.537053721247	0.969272331044	1.49427447278	2.4640129381	4.3971889242	
0.107014091947	0.150705939198	0.391384732845	0.648502045803	0.984130378494	1.44550691853	2.01808117733	4.62410928409	
0.113643011695	0.152629985959	0.364977045303	0.649284018171	0.801183524666	1.37852664901	1.93913339217	4.44533124126	
0.112464800013	0.159613194559	0.309017629656	0.562877148321	0.79058698004	1.58133535247	2.02476955956	4.53415176935	
0.101240424236	0.153087827548	0.270075897539	0.621667646198	0.878992935056	1.55094957003	2.19359367285	4.78426425604	
0.0927183509986	0.13306622081	0.413833275198	0.633804270294	0.950665939945	1.46157109672	2.2404349353	3.91848340861	
0.11075567938	0.147689163918	0.375229568164	0.574913059524	0.70033149398	1.51225318039	1.93534650591	4.54862621286	
0.0917978828004	0.144847113362	0.36483218389	0.549399490236	0.90899168746	1.36122986939	1.92630005964	5.02779183474	
0.0919855959585	0.158431110094	0.405393067113	0.655435934641	0.879269938166	1.40158024357	2.11391404815	4.73724651781	
0.0975762667188	0.156877197907	0.370279904865	0.667031769861	0.928907886862	1.4111104183	2.2229941702	5.23597513375	
0.0939481472247	0.165591374929	0.348931723957	0.602629748861	0.856085862767	1.3769023819	2.00411259671	4.81419789786	
0.0950275586045	0.157953105212	0.35998049904	0.599667698747	1.0655566585	1.32339474849	1.9937964223	4.38920618542	
0.0998241855136	0.1593120627	0.381633425938	0.614711825411	0.822647542559	1.47312429959	2.22058468971	4.80222009685	
0.0967164807809	0.149898987814	0.406841556971	0.536481481753	0.76306686914	1.27142029976	2.01254623659	4.98258273892	
0.120292520612	0.1363583558	0.376800689141	0.56838853154	0.97475114422	1.47002508066	1.96153444249	4.22048525445	
0.0985697944851	0.168453794727	0.35515595407	0.506918446746	1.0511811046	1.50111292505	1.89997935732	4.63785427772	
0.10811667363	0.151406182805	0.431777920696	0.633319688832	0.958411080205	1.45915542226	2.1792172883	4.89513060404	
0.0985041790534	0.164242999018	0.391853629771	0.606333743804	0.901352474589	1.38728764483	2.21858919638	4.95589654225	
0.105043991966	0.139282919904	0.319240760094	0.644385491039	1.17951604962	1.39055184806	2.05032313237	4.86923679377	
0.0913911690292	0.172442975322	0.395667787373	0.598403285882	0.858007283655	1.55613586662	2.05449757982	4.81914660775	
0.103990893449	0.169371361789	0.386041151879	0.786980881981	0.981612352206	1.45091661148	2.06635530994	4.89450174087	
0.0963339190525	0.138386945833	0.362189980957	0.58847076387	1.13922991412	1.47182364504	2.00788383988	4.98995713491	
0.101885092844	0.169421451471	0.45264679645	0.510494354247	0.709116139662	1.7147800584	2.00222567857	3.73567053645	
0.0947513706187	0.135485837097	0.350644341834	0.651344606613	0.896576075662	1.19864418306	2.15699612178	4.11698173794	
0.0975065229951	0.147118431652	0.412128326798	0.569676725002	0.994893855274	1.2018984517	2.34323440378	5.08451864658	
0.0976976487507	0.137721146501	0.339051166276	0.598470777777	1.04309468848	1.36911372279	2.38896008297	3.9818773192	
0.0964845708355	0.149346059483	0.388223005221	0.580034389997	1.04593782748	1.61051516293	2.11241360467	4.26577648101	
0.0939958491548	0.165515874334	0.354729406702	0.512316596164	0.807969279606	1.52537753181	1.85644776182	4.32048546489	
0.101021586309	0.12476842358	0.386926359151	0.580525880124	0.752620596679	1.45791726797	2.23509721612	4.58310452816	
0.105043114915	0.15387176424	0.407745780334	0.543248267638	0.800095106772	1.26393100977	1.97538595112	5.40988026912	
0.0919668762168	0.142173436116	0.371096207426	0.578595120526	1.09881453521	1.18323850182	2.61985492266	4.56511239594	
0.109614856507	0.150305535824	0.410980225857	0.543338424567	0.803987532324	1.80081630553	2.56139638512	4.02579974042	
0.107165471527	0.167368153717	0.405087153115	0.587500346052	1.11827843669	1.5283357552	1.95050071186	4.32590116449	
0.0893002304538	0.148389047228	0.37468967425	0.645321756952	0.998880278769	1.48553251793	2.22770077882	4.96947003994	
0.0977416225629	0.114104073549	0.460216782193	0.545355607705	0.994678397626	1.38129116116	2.45057665748	4.06723877324	
0.092892145014	0.142533497635	0.401063244103	0.613382223069	0.982564365676	1.44812625725	2.35038621222	4.92695973241	
0.115144802978	0.155156948698	0.39288279767	0.706020517598	1.04135844286	1.50417902433	1.8501882284	3.7423433707	
0.106127063296	0.159808872303	0.352534112253	0.6212338336	0.845077461704	1.51182165187	2.27861747481	4.76628419447	
0.103355356541	0.145588165948	0.371955643596	0.669545914912	0.968587081582	1.49979672695	2.16859531074	4.79315242621	
0.109589306886	0.140580494128	0.402524396811	0.586434968203	0.959188359823	1.54943882622	1.83788422187	4.01228107343	
0.0934060694998	0.139044832804	0.373830741766	0.701542852708	1.03959556034	1.34697565848	2.33680992242	4.48054979684	
0.10343749285	0.135287110076	0.32981402506	0.643940912028	0.933054660449	1.50473139289	2.49265573272	4.39253998404	
0.09770364604	0.176529918594	0.380645592655	0.551801565074	0.998418440814	1.39601231137	1.97313278319	4.54035896998	
0.108266860211	0.13261226841	0.335067440369	0.595196456407	0.827696960948	1.24752160648	2.15131495441	4.99773171312	
0.107880173576	0.148395884579	0.428737735591	0.704097574606	0.975683598697	1.37763459567	2.4859624023	5.1833468504	
0.102533961535	0.168342682351	0.350311183151	0.47596558316	0.839679413086	1.45953946426	2.13405137743	4.93283827379	
0.0851434450051	0.128008326302	0.408967569692	0.513844400575	0.904819925285	1.43351249943	2.01014482316	4.76003754634	
0.0793813260604	0.177478921349	0.367454830659	0.589783688229	1.18050267983	1.2355342349	1.92530393993	5.13202377514	
0.0844353650817	0.157427706613	0.356961312544	0.503031566289	0.978996990081	1.50954480694	2.15029795879	5.43109002526	
0.0922850267548	0.162998604357	0.392438977518	0.658291305906	0.883119924891	1.2319922768	2.00336753751	4.47129964637	
0.10680895539	0.150259301456	0.38817292681	0.703533731167	0.927747349517	1.35387057282	2.2446698031	3.72788295794	
0.0828204281077	0.147989214805	0.344549777497	0.563505694006	1.01693393028	1.50525302751	2.13345036455	4.53733473088	
0.0957548525549	0.162740113561	0.410116587878	0.659455970946	1.01787821063	1.43772888399	1.99988474761	4.42471301017	
0.1011662454	0.139889601791	0.441935027881	0.698091669997	0.918833688995	1.57741583967	2.2704046258	4.27652061045	
0.104120104826	0.138386158424	0.346559890028	0.628614205535	0.97545915092	1.81525451755	2.11657397042	4.26196620578	
0.109227542184	0.149624154001	0.355390427308	0.564851201685	0.913303547415	1.58078650368	2.242799587	4.12497342993	
0.118347182245	0.136389302166	0.351981534061	0.670021601438	1.0692731551	1.48055861978	1.87251836888	4.54360415334	
0.08632936405	0.187271175685	0.390912381877	0.648089651258	0.895564371768	1.68821040597	2.041967103	4.11352978644	
0.103048849074	0.163200965787	0.460890402136	0.696857871491	1.04114289474	1.33201636707	1.99813681878	4.10496912989	
0.0984934610141	0.121300882236	0.431887399991	0.538524798411	0.823226836331	1.37196605584	1.86138764824	4.7899307669	
0.0903397770291	0.157522039113	0.415145473929	0.567038554099	0.863276864263	1.31529013974	1.91732275597	4.31083913471	
0.100673806024	0.129254759919	0.355604279074	0.609466596201	0.933224861007	1.04859188893	2.28623084305	5.05730232341	
0.0942735856426	0.12397638785	0.350953267481	0.552367107288	1.0415865462	1.27360833123	2.07302257331	5.25520645217	
0.101609805604	0.152933961431	0.376154515078	0.658661199217	0.967576756127	1.69505665071	2.57197278105	4.64117258431	
0.0996277409949	0.152454311967	0.358475654365	0.608024696019	0.795885322387	1.32817345145	2.31909469492	4.7421244694	
0.0987270979026	0.156283398137	0.437233951338	0.576863143387	0.796526225518	1.51969044329	2.26529485662	4.841863256	
0.0880278026927	0.127496379125	0.390067697006	0.611696773522	0.896782489334	1.63688406839	2.14787360072	5.05395992281	
