8	99
1	1	0	1	0	1	1	1	1	1	
0.110898675117	0.136169721746	0.60671290032	1.46577752007	1.95193498258	3.11035591225	3.7336574248	4.19759585639	
0.101320707379	0.156404673099	0.610531267483	1.42185451526	2.05711553418	3.11361322983	3.71128440672	5.51998332205	
0.0997587661045	0.163531893983	0.557501761554	1.53343902496	2.31893005827	3.29719310155	5.51073203284	6.43865356155	
0.0919156410116	0.136214212627	0.63411143681	1.37822649547	2.25179553143	2.71961280882	4.13276862953	6.07808650559	
0.10528438895	0.150672841943	0.551016097315	1.64788029142	2.09757939356	3.06959365373	4.66951673061	6.01273576333	
0.0982090660004	0.137410713554	0.605611355207	1.28597021235	1.86816321105	3.27467194693	4.24293393137	5.33238159078	
0.108558511201	0.168677245761	0.561127088896	1.5347975303	2.31842007236	2.81867914496	4.60606055056	6.25617422015	
0.0816315675608	0.148410804844	0.626533207825	1.49292539535	2.16618677341	3.55141050478	4.39539297611	5.57611216443	
0.0951587535525	0.157715267523	0.678797467746	1.3758733671	2.06693192231	3.42860437497	5.09828944707	5.76228118398	
0.090121351698	0.146250400214	0.517074243887	1.40526167829	1.97254393548	3.03540422008	4.54477905441	4.87313780891	
0.104782414508	0.170834170565	0.574068257414	1.64122720803	2.10938748981	3.11305315402	4.04082603054	6.59838524755	
0.0915127486662	0.150708131254	0.599870574007	1.64982983086	1.82781573924	3.59628350535	4.73461708199	5.7908880491	
0.110604695593	0.151110704261	0.683296143796	1.57733762948	2.12177220673	3.33099274261	4.73351860503	5.93710390633	
0.107740736133	0.153636777861	0.566242786597	1.36501722431	2.27416372788	3.59811308512	4.53972950878	5.79090726303	
0.0998368115834	0.14687908014	0.645631215021	1.34286903208	2.50176746401	3.06509749627	3.80383271818	5.33169243433	
0.0989157037152	0.13729896267	0.559437748661	1.42641128895	2.04975556358	3.24996863355	4.59719819957	5.90256668458	
0.102020472782	0.161059722447	0.654062956881	1.27583273797	2.32011421483	2.93436354458	4.31831852516	5.8390898501	
0.0953284677582	0.158980462257	0.66433061726	1.4440551544	2.37912101092	3.661280289	4.68262167887	6.11377145819	
0.0895854282742	0.147819210994	0.676102079718	1.48561345376	1.84039695134	2.98323690587	4.87118163562	7.15550566823	
0.0845677726883	0.144699445723	0.568113245975	1.4904379025	2.17423314998	2.94491833729	4.9606091063	5.66610116493	
0.117385909599	0.143952155579	0.568562064467	1.56157397819	1.92466944857	4.25384184676	4.85825666824	6.79828710874	
0.0953305020008	0.126874470013	0.624947500367	1.51977883919	2.4427301214	3.68816431223	4.18876078223	6.19887782505	
0.111446216824	0.145976849011	0.612297449251	1.52227248474	1.97121695838	3.57678124894	4.93946178929	6.5413967169	
0.0991718518422	0.157029541257	0.742998741634	1.20350315292	1.95166033975	3.4402799437	4.16923728053	6.00475841361	
0.114725100153	0.159970556401	0.601312703442	1.3752472401	1.91492011623	3.64462786851	4.26493873594	5.75204696409	
0.103360324141	0.148381505418	0.644159306795	1.18228616766	1.86663219938	2.92557287179	4.6863784107	6.26167879139	
0.107724373453	0.149475164214	0.644441394019	1.10135555658	2.13511557109	3.35941883118	4.65095572669	5.86197235339	
0.11801749895	0.164601833536	0.591377623827	1.5799943804	2.3083053311	3.28769887556	4.47414705595	5.27577408085	
0.10306620525	0.165762765774	0.678237801285	1.42815567666	2.13713968147	3.1468510024	5.57491300154	6.32495415947	
0.115356324685	0.142534254127	0.598536552544	1.30474505716	2.2549719381	3.24109211908	5.19819810433	5.66132996409	
0.0991229555271	0.148222541078	0.610271663537	1.57792607867	1.90349575006	3.1277592841	4.71221663694	6.21930126974	
0.097743018395	0.136362002394	0.644032574091	1.62775009519	1.99238590926	3.29422364075	5.60265933892	5.65212631184	
0.0949911762437	0.145464024228	0.716670293985	1.3993864677	2.51454779161	2.94988008007	4.12479067905	4.85239888775	
0.0984220780085	0.135964685349	0.659718261253	1.34738236249	2.15266510558	3.39371261874	5.02463542841	7.22379686068	
0.0917510367028	0.12863257041	0.530556555614	1.42079047445	2.20395083862	3.37695042297	4.67555942866	5.81499303103	
0.0925104294604	0.146294030631	0.58696123471	1.56388002111	2.48598620333	3.70753792585	4.34950487638	6.34955750369	
0.103939192102	0.133987568136	0.623113050201	1.31395714966	2.29121188704	3.89385151124	4.1179192719	7.27149626643	
0.0869866125471	0.169038749677	0.559678157205	1.28146129649	2.26155524317	2.85412853529	4.38684226985	6.11725485208	
0.123069099147	0.146344373227	0.585486526699	1.57547628425	1.61046730312	3.206552268	4.17262586855	5.26753184131	
0.0855765327732	0.181567220218	0.596444797478	1.31237900121	2.08661845169	3.76115363081	4.42584203091	7.01316337592	
0.0890512294279	0.172427221629	0.52345611845	1.54072950122	2.2108591008	2.55055613357	4.46048841128	6.17385010688	
0.108793748657	0.132393409508	0.515213723524	1.58736830933	2.46214447052	2.55376009486	4.26127293467	5.55677678887	
0.118208451862	0.159652985736	0.661567432258	1.43403926659	1.77768830591	3.5187427161	4.68038645577	5.84219048428	
0.0896973394973	0.13325813999	0.657400208856	1.44244431212	2.16917451469	2.92189575037	3.63358564731	7.02405760428	
0.0981730890415	0.141321364726	0.674717105329	1.59896094827	2.4685224918	2.54771633531	4.61822396473	6.68213955981	
0.106277191085	0.155464170427	0.543871891206	1.33378988575	1.96938824539	3.59980644556	4.60328292346	5.96532463051	
0.113011742607	0.153204311689	0.531433479283	1.36547103694	2.2960199661	2.72392875742	5.38633689003	5.96255987763	
0.107350324529	0.167704404188	0.588172883155	1.13396653657	2.50054611693	3.08080422734	3.81068537098	6.2789644279	
0.10403193108	0.139784574721	0.552030108406	1.18050513685	1.8962396726	3.30081905271	4.91468818827	6.25587113801	
0.113663206959	0.151370762473	0.736167159902	1.34393158167	1.8964639274	3.43901517459	4.94191091875	5.74845921323	
0.100310390016	0.148358138062	0.557663722638	1.57884937078	2.05941247142	3.7466814371	4.80575064356	6.00039169305	
0.106124615998	0.152529369798	0.484208659285	1.39164609802	2.08727066017	2.91941600559	3.73044913436	5.98800422761	
0.101560672895	0.168045231423	0.552309661632	1.39456190481	2.12986336739	3.47643231395	5.26693890998	5.97979219951	
0.0936019044371	0.163021001618	0.556675952113	1.5562659688	2.24181132741	3.2017054473	4.45518278749	6.8274921617	
0.103289591125	0.134797638711	0.504586401229	1.48175159232	2.12311713286	3.21183835386	5.32657891774	6.3774686906	
0.0903764281977	0.143326481185	0.53038029282	1.42951286853	2.17940524907	3.11771699515	5.09407253276	5.9604618686	
0.0951815064822	0.151163903832	0.611921903652	1.29416443006	2.08880063892	3.36579286676	4.70614106421	5.58233570619	
0.0976202878954	0.143641612255	0.616366096796	1.30646820308	1.84135929175	2.05772817547	4.83216567016	4.83431293957	
0.105207553429	0.12498875506	0.62435178292	1.37162948493	2.04931564238	3.68912731964	4.61052304608	5.440758926	
0.112527552228	0.166531905226	0.58459822372	1.56356909965	2.10004889628	3.19463335961	4.29896789903	6.62990546721	
0.10745068087	0.135522302394	0.644352117308	1.66465143137	1.94178941911	3.05411050754	4.56991946434	5.81358461509	
0.0913403969227	0.138778905369	0.630748168422	1.26348991242	2.23262118921	3.5056932942	4.99077674678	6.33643585444	
0.108470072824	0.141079383901	0.624726957271	1.22050546822	1.64121159663	3.5829190733	4.53390580322	6.56049586023	
0.110645137693	0.16132820984	0.653685265852	1.57827892674	2.09932492069	3.50289753772	4.62274951185	5.4488615492	
0.109044669139	0.158198935922	0.59315748651	1.31279465013	2.29104829794	2.63472827826	4.44918864682	6.33959313016	
0.0967052018126	0.122461085243	0.472577657031	1.48643101391	1.82284636846	3.34631858419	4.54178274671	6.28781868232	
0.106721117349	0.149599056829	0.661426990339	1.55519021157	2.25415363864	2.65730980789	4.21512635633	6.75410752817	
0.0968928198506	0.13378664136	0.714824411704	1.39507821247	2.3786305641	3.69744829411	4.25431664853	6.70960628962	
0.101388249751	0.131321468405	0.633706084469	1.55577627626	1.97585713235	3.79585981993	4.75870375349	5.64427027661	
0.11747037415	0.141822711683	0.619649425791	1.5693756425	2.18827927053	3.89500010649	5.27235292453	5.74682748292	
0.0957599128949	0.163554936973	0.540628925584	1.47177464296	2.24590914126	3.34685620858	4.7543671478	6.33153133226	
0.092931922757	0.137824628515	0.458554076344	1.41223658039	2.24527956657	2.89387793276	3.84029634863	6.26283559076	
0.0976240929092	0.152057908784	0.643641031069	1.39295658706	2.37495632388	3.27879508681	4.55255269456	4.19786102173	
0.0933842388762	0.160978127372	0.534183216102	1.41537407168	2.16672214611	3.10047223411	4.17739492307	5.87460094371	
0.0826743534193	0.15533575854	0.713043556414	1.59312602348	1.85249053285	3.42170756167	3.90498690623	6.96075566002	
0.117557034191	0.158410892874	0.589828425644	1.44651238196	2.56418179939	3.4336738011	4.40588030478	5.40488145717	
0.110007350076	0.152542123875	0.604946746802	1.4614444416	1.88760559047	3.44673024268	4.49911741271	7.15153320204	
0.0925175655425	0.114068232551	0.705352726058	1.24662721559	2.14857740909	2.79002090059	4.25673546922	6.957399401	
0.114179471334	0.16003124275	0.550245497656	1.47468059723	2.34848214086	2.8795615153	4.84439129741	5.84375020006	
0.0938517459374	0.170107469351	0.712847796785	1.58714362421	1.81405395088	3.27686309588	4.50821715668	6.0406561274	
0.0884265354025	0.149099984659	0.544826406167	1.59777004031	2.1884734637	3.37133447724	4.37513753828	5.91259730885	
0.0907033030908	0.136768526264	0.557035377146	1.50385774743	1.76102941975	2.94163660711	4.98594061717	5.98901906369	
0.0943350125928	0.12926403287	0.611538585781	1.21626108842	2.19401303379	3.70254227198	3.9917514809	5.91796234022	
0.104139018924	0.170155443497	0.588676038036	1.46445850876	2.12397018219	3.00662830629	4.63773701742	6.08591569003	
0.0867248889415	0.171735878325	0.569668508782	1.44142219348	2.31554749111	3.29946873815	3.03445758241	5.27871203447	
0.0962065131474	0.124305328881	0.624616090892	1.48572430718	2.45563933934	3.68684216028	4.64962432511	6.35929290112	
0.0791273174112	0.153508116186	0.522306559918	1.2757784043	1.8737435451	3.60633225573	4.4335028762	5.74706179725	
0.0871097337979	0.148467898497	0.699665243486	1.36735257501	2.0723171445	3.05325124916	4.30696391505	6.40965482397	
0.099718336829	0.149074501273	0.56165435897	1.5028504279	2.05379362534	3.05758897683	4.87342460744	7.15111238536	
0.0899403419121	0.11176170353	0.599826783018	1.48759277398	2.12367115814	2.46532455504	4.40398627218	7.00701515526	
0.0903208343621	0.130961478313	0.601019814586	1.76903406161	2.24299065542	3.34833213854	4.64551670749	5.80669474053	
0.102921640681	0.141681262521	0.577918141199	1.14076931	1.90089754369	2.95356486402	4.79712541996	6.90538395925	
0.100632315099	0.1472141449	0.530742545643	1.45292632058	1.81123337734	3.60995521153	4.76517539171	6.22707364842	
0.0872998056691	0.145708776369	0.566890882951	1.6320453507	1.82442761554	3.05376082543	4.24296697301	6.24962009362	
0.110680666212	0.130833913604	0.600789464791	1.30771810251	2.31556069009	3.80894633298	4.61978661644	6.572281231	
0.10446420999	0.149532544508	0.618057719558	1.62640122552	2.2091378521	3.34431269652	4.31581978671	7.05350345277	
0.0932894884582	0.167901828482	0.538401688424	1.41835271974	2.58911550238	3.38955197074	4.72966595693	5.54152128339	
0.0840997264164	0.138087334685	0.657839309662	1.49545177653	1.77634770168	3.08906965875	5.16869690913	6.51073847315	
0.0909205410496	0.144842992696	0.606062178946	1.33879154604	2.13368539908	2.79739157717	4.25075006279	6.01724422787	
