5	99
0	1	0	0	1	1	1	1	0	0	
0.157092512576	0.941195365484	1.47233791105	2.56326472218	3.40930073754	
0.16967929851	1.02452200188	1.37612337216	2.33345866946	3.40387300976	
0.146610887668	0.841052523686	1.357536821	2.0446190068	3.04089431688	
0.155122900396	0.938791147026	1.34008340106	2.35312739206	3.39465879053	
0.149166084454	0.94905034913	1.41809693021	2.25469299294	4.25323989309	
0.129824604169	0.916246738961	1.39061749641	2.18304991786	2.89827810536	
0.145528012412	1.06488846387	1.47721631179	2.30174846643	3.85858963851	
0.140702409938	0.903378091117	1.48152154432	1.98110146044	3.70842196411	
0.146997996227	0.964964441574	1.25295166219	1.97842687602	3.29928617061	
0.152951491937	0.914023721896	1.58698682533	1.96938873614	2.60130861292	
0.14721058492	0.749047824399	1.6232235895	2.08902504245	3.40874164427	
0.154279505213	0.734420457308	1.36708137101	1.94520098017	3.2324101798	
0.15314788989	1.05556668993	1.2982018077	2.60707769438	3.11843720252	
0.162624211831	0.917491198318	1.49716648284	1.81814627657	2.84931470542	
0.143506579984	0.924313886484	1.39038401439	1.72011194854	3.37053357047	
0.146154624751	1.01511774456	1.67414245516	1.65306636485	3.08586087145	
0.161225971785	1.01572250325	1.43668419123	1.95995065271	3.40065404294	
0.130394851384	0.962988109106	1.4448756497	2.29800903924	3.08631618355	
0.166404553436	1.03611674796	1.6092534318	1.89698967129	3.35793442563	
0.152860505647	0.841871539039	1.38220465932	1.82404753699	2.71324333863	
0.164610220474	1.00497164206	1.52126667216	2.28590310361	3.48350967594	
0.155922710589	0.918702261114	1.3409139625	1.70367581907	2.75973403759	
0.143118024433	0.870845379653	1.46095436878	2.77831238176	3.00483662317	
0.161600064848	0.910959900845	1.50438787972	2.16215147015	3.8157105007	
0.149216815015	0.831627329103	1.3042358673	1.64061802295	3.23398627509	
0.147072436993	0.882234233177	1.56865793754	2.25214961543	2.99832003233	
0.140788621272	0.950403773467	1.5440259706	1.84819000275	3.52694798989	
0.137593870793	1.01054742154	1.47337636002	1.85082677605	3.10740292611	
0.15616488783	0.82124280262	1.25733025272	2.07044516121	3.30844895873	
0.175173130788	1.01086107521	1.41088099837	2.26256108169	3.77051356962	
0.153101465762	0.768313409233	1.58184645927	2.51310361654	3.41956382912	
0.164156363096	0.915211767952	1.47705061371	2.02637391372	3.24867760267	
0.130759161179	1.06802520219	1.05240215201	2.24265014884	3.09831539055	
0.138347607576	0.92904809051	1.3032097089	1.71437518517	3.28367041653	
0.157116822505	0.927068987386	1.59403076288	1.88073275317	2.89022613609	
0.15539141121	0.886670359827	1.57828602771	2.30781358309	2.86354049273	
0.153205248599	1.00926317159	1.23711484546	2.39922228005	3.21740051293	
0.123495084898	0.953969213795	1.46386558146	2.70876449971	3.46745312749	
0.162184008337	0.911827494744	1.50797915	1.83415988696	3.33426240629	
0.149363922871	0.98614569638	1.47032420262	1.89066660141	3.28154537145	
0.17471519774	1.00563049462	1.31695954364	1.63434505338	3.57485541565	
0.150330902732	0.763683257889	1.46230161624	2.16632729895	3.16662966656	
0.136317703504	0.948832093298	1.33479108719	2.40243557362	3.22317855935	
0.123236972456	1.01467260064	1.42253316198	2.27114316651	3.54575013397	
0.148082616206	1.00024504869	1.34797570758	2.04163763814	2.87234036731	
0.163483357474	0.85267819409	1.38603633136	2.17583166126	3.58502098952	
0.147233791506	0.909748633829	1.18574613044	2.51364601161	3.43024774189	
0.150446799644	0.869174137835	1.5549034351	2.40749615022	3.11662284911	
0.14820649662	0.997576128195	1.34031962203	1.82731667475	3.06819525842	
0.165789904057	0.854765352752	1.35757111095	1.99537377915	2.87336336261	
0.145225472459	0.812657945437	1.60035526652	2.10205020448	2.89969849867	
0.138168004662	0.835175052463	1.23351250882	2.64402776916	2.64120339644	
0.146828761931	1.01043966226	1.537859265	2.430435025	3.12791013312	
0.135202345461	0.870071024048	1.29992571134	1.97275456227	3.70652459047	
0.135291758522	0.837001258735	1.37368508434	2.38541048154	3.49699435732	
0.15668040467	0.868735296506	1.1938174941	1.92623532476	3.27725381808	
0.136441406846	1.02090068422	1.42471748785	2.30703147221	3.20062144214	
0.133291031018	0.84907528029	1.25466629419	1.76382490193	3.0245876441	
0.133099763303	0.857098947588	1.23035103376	2.35302214037	3.30804733744	
0.156917207857	0.83344184785	1.32904998232	2.03682088923	3.21756630727	
0.164361287197	0.831331523944	1.59373130963	2.11020446999	3.02595979094	
0.156763414314	1.03601690734	1.17761706492	2.12821289545	2.88854239752	
0.131177665279	0.982035947825	1.52812759676	2.07509793173	3.30558690106	
0.134859140492	0.958281832748	1.54561382646	1.95625119871	3.10986457003	
0.137116393457	1.1299845746	1.24938062478	2.13116948712	3.06724490083	
0.144956956042	1.12099228223	1.34064653693	1.99056117115	3.01271108729	
0.178240858509	0.981175955593	1.26393620407	2.18522600066	3.05538148708	
0.159072887689	0.890390626647	1.40797994677	1.99735678855	3.71699444498	
0.142162343894	0.84178355945	1.65618047403	2.1818926493	2.59584287728	
0.155836919453	0.928269357196	1.48124069377	2.05471822457	2.97721657839	
0.139213178784	0.820559226384	1.50208808659	1.87816171288	3.31042675816	
0.149490857105	0.782445815811	1.47523797561	2.05073285312	3.27426402295	
0.136269624194	0.926370015551	1.60545077048	2.04379343289	3.38267868827	
0.168333020809	0.929573072457	1.39816755899	2.58901414693	3.51086182401	
0.153764805172	0.811722108816	1.42413383414	2.07105239334	3.53598651891	
0.157899011259	0.847430041804	1.23682033029	2.13052782745	3.22116712286	
0.156703429173	0.899203327853	1.39271182442	1.94347676254	3.13351342643	
0.153849807062	0.910567187614	1.48693922794	2.28880326174	3.12746744718	
0.161895685815	1.06440247964	1.35728041824	2.14679981663	3.34926848169	
0.171353365343	0.86417832735	1.45775768974	2.25375993403	2.94800655509	
0.134531289652	0.855484531713	1.58126400181	2.18841466223	2.92596247756	
0.148580715337	0.83907174032	1.27232841398	2.34627666651	3.16389507494	
0.152099730839	1.03776016235	1.18931885735	2.29810454536	3.39469106654	
0.130102486624	0.85032300144	1.20035107976	2.16093514931	3.69419656576	
0.152246427468	0.939250873687	1.40910379351	2.61222425386	2.84828744051	
0.161131217503	1.02202905866	1.45943242877	1.78294925958	2.74035720779	
0.1556844812	0.936221817069	1.55589910386	2.06722660083	3.47491126083	
0.160437300681	0.89909539066	1.25538466666	2.29321703172	3.15003170959	
0.147999019465	0.714935472287	1.45947623231	1.88068545585	3.19499783566	
0.160089010411	0.872610284034	1.48805801554	2.32416096595	3.03640105785	
0.114668219191	0.900454294006	1.4368553682	2.36278822846	3.07263542842	
0.171938155863	0.909003668036	1.38764603287	1.94908264308	3.5832369749	
0.14300877564	0.947802061772	1.52760740212	2.34816454229	3.05976057824	
0.134444693536	0.836529241345	1.41115105888	2.31314719495	3.47294226659	
0.182232601878	0.956645199981	1.46183956739	2.36803371384	3.20992643238	
0.165154109825	0.98890525586	1.54733472958	1.85056049111	3.44812514706	
0.139706494899	1.0157589924	1.28496758979	2.12999027507	3.03600380563	
0.15356882663	0.986056001078	1.61278960622	1.9907220194	3.15795958102	
0.170389916452	1.01616821646	1.66963434116	2.41071489596	2.88315709059	
