4	76
0	0	1	1	0	1	0	0	1	0	
0.355369276052	0.588672567697	1.69546405684	3.69351066976	
0.343321048692	0.676337014257	1.4613956788	4.37081768721	
0.391848946869	0.557317597268	1.51591755484	4.53767095398	
0.404757757932	0.570141627026	1.49494026065	4.61841998957	
0.371829491371	0.664593975701	1.48201461508	4.31458089401	
0.381018546938	0.587356294638	1.48121683876	5.52552177688	
0.379722042224	0.713746419676	1.662497733	4.46983896786	
0.381328518377	0.656733728604	1.41633843147	3.62530071166	
0.384160756906	0.605879936099	1.47419385596	4.7526599332	
0.347421326093	0.590305461994	1.32754196031	4.36318917969	
0.344971366911	0.650667356524	1.19082209061	4.72220634989	
0.391741359917	0.538040439625	1.48610593477	4.80578465866	
0.401894267273	0.547391505861	1.18368522776	4.77963438816	
0.329331345327	0.556090155226	1.24763277029	4.35539631216	
0.371998344507	0.461322144403	1.53025868913	4.53075570858	
0.387225285625	0.594844939447	1.47925153269	4.65502365984	
0.367857476671	0.68066180192	1.39841838931	4.13865052842	
0.40100516636	0.722300099663	1.37046146361	4.18723620179	
0.326245896618	0.587499884236	1.26894913818	4.63937318013	
0.366852716863	0.491010016498	1.38777974706	4.14032415522	
0.40226832476	0.583242659412	1.33274296586	4.91319949495	
0.346469122446	0.579528070144	1.3425695003	5.18160627368	
0.343759944035	0.618316496313	1.28455807547	3.69069608329	
0.29788588985	0.495023823326	1.38851842243	4.52859934486	
0.402309756491	0.585759988119	1.37939432996	5.37200117316	
0.329882769411	0.585559812312	1.47325255645	5.24655416327	
0.355529872545	0.557812567704	1.35777796238	4.5491827576	
0.438860331442	0.598048130215	1.35623851435	4.25238204937	
0.384896574951	0.656605159141	1.33478209335	4.62578020214	
0.391871894628	0.626420180635	1.3078495751	5.29761341443	
0.420626443268	0.6157175639	1.46345032345	4.54781766922	
0.422907793684	0.712810882099	1.56145669	4.70748671234	
0.36752712766	0.631751375452	1.12451161872	3.76874461169	
0.389429158169	0.589177794108	1.40065054699	4.75472860325	
0.345981674812	0.51378872972	1.47069508518	4.2705055094	
0.391061530151	0.580677185779	1.27398751783	4.29599622556	
0.357880139348	0.651694269735	1.41726371248	4.79151619894	
0.413514837616	0.530042423146	1.46018330231	4.85065641047	
0.368632555495	0.602928770323	1.23768704054	4.57783588625	
0.334936338792	0.57679157581	1.39770682037	4.86798649835	
0.382000901336	0.645157314967	1.53232231744	4.26300821509	
0.433960996875	0.571283620313	1.36809795577	4.2361720535	
0.296168398384	0.650570701901	1.3156762295	3.9546330721	
0.317012595854	0.525692499047	1.51478361314	4.15878854845	
0.406843586251	0.585026312192	1.5562459919	4.86681086631	
0.360965137571	0.651116958123	1.39619644384	3.80368989626	
0.392946634341	0.548528915237	1.1561211413	4.89260997818	
0.366182043448	0.545085117896	1.24624211636	4.49502151391	
0.41004759392	0.603713765791	1.52862476348	3.84361195644	
0.362734902118	0.544924320067	1.21766270374	4.08366340133	
0.378274207568	0.552982896705	1.30794553165	4.65387907075	
0.452750847584	0.542314205968	1.51293368531	4.19682496894	
0.468094191471	0.629892943776	1.2571843013	5.11200068571	
0.417807541478	0.635164324421	1.47553553476	4.86077338211	
0.353042618733	0.561500103054	1.32357817689	4.83780559071	
0.366612282647	0.517041651396	1.54188396661	4.62930248511	
0.35936100341	0.617750245494	1.68813222739	4.93603949384	
0.363956592909	0.488617657529	1.42617072779	4.5490723915	
0.312634259443	0.542857116244	1.28999655285	4.1370560863	
0.431536549082	0.467078852337	1.51393315117	4.70129819766	
0.446623644946	0.728499456887	1.36874900203	4.47614527169	
0.41508067178	0.595319251931	1.29108327247	5.43153754891	
0.357394232157	0.590312829831	1.64681989419	4.14423314613	
0.385391262194	0.62671281197	1.58657649065	4.64017521218	
0.32074380936	0.619959683856	1.2553907097	4.46639067965	
0.351131214265	0.576314651815	1.56827479342	3.97376660471	
0.450286577182	0.635479902991	1.54204526921	3.9961084021	
0.340302623269	0.585491192304	1.511667872	3.87127424619	
0.340555107947	0.666464093217	1.60416346714	4.30545845581	
0.386069400499	0.500092356097	1.36381830129	3.70717563602	
0.366188285535	0.667905341576	1.56503476376	4.14284750275	
0.357698982349	0.662582184626	1.28542476287	3.86988169266	
0.339860923471	0.679273040077	1.3326448426	4.67398335261	
0.385472061921	0.71536193989	1.47999973459	4.77232891363	
0.375682788789	0.521232480792	1.34972683262	3.91574287837	
0.418008533961	0.599787484561	1.26134926598	3.94850081181	
