5	88
1	1	0	1	1	0	0	0	0	1	
0.108607962062	0.15634509131	0.688501882944	0.927434255336	6.97140439009	
0.10619496607	0.160421192207	0.612331559497	0.97344598385	6.13072919656	
0.099714863763	0.136575415808	0.651381284831	0.91567877208	5.23334009912	
0.0910814993549	0.147787344093	0.675542421234	0.909426574455	5.79694036556	
0.094808451568	0.182171183048	0.597870183389	0.773660046738	6.95929101078	
0.11033940795	0.149442601725	0.571530574959	1.02063253027	5.47207619213	
0.102360961165	0.129790010477	0.684785406408	0.856504801766	5.97551153077	
0.102638395161	0.155633371518	0.709757576696	0.994893815278	5.13808147589	
0.0896407198168	0.143681678391	0.526027967064	0.970430514991	6.84257682504	
0.123565889207	0.174185125081	0.676011471032	0.893178039746	7.17042677892	
0.105709581654	0.153122510674	0.555164450733	1.05403577374	7.00645467744	
0.112125583805	0.127273805631	0.533043720289	0.79606745991	6.05098131975	
0.10511135427	0.163021546539	0.620385477721	0.900350163922	5.75275881514	
0.0994406176417	0.135185426057	0.609072140238	0.93779384287	6.10452209847	
0.105980811205	0.15310031247	0.65261648412	0.839289211074	6.10977763327	
0.104731151553	0.176972140365	0.665396560963	0.691692927302	6.03816177928	
0.110610515281	0.142565184911	0.463864339827	0.878840633275	5.34869135144	
0.102181621812	0.165746272057	0.557432222726	0.897020913167	4.95472910176	
0.107434193855	0.142743862387	0.574026923227	1.09298016328	6.76332303081	
0.0883417027187	0.141962195232	0.623648400405	0.937209808933	4.47752548668	
0.0921745180985	0.146672124279	0.631375143178	0.814835057665	6.25383915549	
0.118299867852	0.163735511318	0.460190142051	0.919006746982	6.96114825009	
0.112135824927	0.159476854647	0.586510857715	0.953365416651	6.39234109175	
0.098774105695	0.156587937754	0.508342544406	0.900370459585	5.50444376812	
0.0999419813823	0.14682100368	0.58265891832	1.0124259675	5.20476226393	
0.104209260113	0.164640841473	0.634576136601	0.979521084851	6.85171824399	
0.121575417776	0.138861704635	0.666469499177	0.915017461629	6.29058693971	
0.10569118651	0.151644600918	0.554082839163	0.931337520251	6.3189245004	
0.102396360665	0.157587500578	0.680136624168	0.971214717785	5.94082028484	
0.101072829931	0.134620584876	0.516874981542	0.996081436125	5.72425368219	
0.120328887198	0.142567848016	0.599205080723	1.01827376537	5.8463898426	
0.0924150743557	0.146974672287	0.671486087215	0.975009991618	5.34645686344	
0.0859541034128	0.174729689165	0.674003147754	0.887812588835	5.09121870443	
0.0901826973152	0.173095674478	0.607621461414	0.90299114678	5.89581632738	
0.10997352326	0.150635768162	0.402443749058	0.918401924984	6.37434592252	
0.103448655524	0.150823927542	0.565357999211	1.0356100898	6.38327846853	
0.0972465697943	0.145838038988	0.531773326845	0.850701336391	6.65798881617	
0.0978865923616	0.18380741501	0.623137188528	0.900857365367	5.516536411	
0.10966232918	0.168260583761	0.539078124574	1.03307807049	5.96661529042	
0.0947721969462	0.157360698648	0.63477698195	0.952408835375	5.16233917407	
0.112378795396	0.145374070434	0.61567307863	0.963844753499	6.24472322133	
0.0905242230891	0.148331682781	0.550289197013	0.972868512556	5.95058382457	
0.0814515414361	0.149236195109	0.674630867363	0.921176710758	5.49329507682	
0.116346770937	0.152881651627	0.572325779987	0.889988805217	5.34532672897	
0.112852588092	0.145674863241	0.622856116403	1.04270818094	7.38337679507	
0.122024657979	0.158675618792	0.522316839637	0.834068424334	4.93584798645	
0.0983578944495	0.137990081199	0.581175409866	0.894272627064	6.33865484325	
0.103827330627	0.136845074887	0.640054628923	1.09307152909	5.42086690599	
0.0948169846572	0.157914661846	0.542542062976	0.945330656392	7.07738871052	
0.0977368928357	0.141708996888	0.644824679165	0.793741709579	6.24403211132	
0.101227880967	0.168435851787	0.459806748319	0.980326872266	7.61553999165	
0.10422145864	0.164514827889	0.555593996164	0.933093219831	5.34694765843	
0.0992613498055	0.146658238995	0.51323445773	0.904519797002	6.67890378485	
0.124435430179	0.154881353123	0.527338160237	0.831530943505	5.06219141525	
0.0883316789017	0.160123554375	0.649030637682	0.849542513466	5.59183219149	
0.112425678959	0.149856686217	0.558357722552	0.893769222623	5.84915294686	
0.110660884342	0.162650434553	0.609687405546	0.782398121312	5.9446548177	
0.107327415371	0.13912573126	0.676124600657	0.838043210274	5.62169462827	
0.0973283978405	0.159892252548	0.562988287084	0.776805981553	5.84922320851	
0.103794131974	0.173931087973	0.691397228284	0.88810264417	5.52010155578	
0.0920704609999	0.141004873413	0.579268534925	0.941800172154	5.87882265739	
0.091482813006	0.134318395703	0.680584507021	0.741545834806	6.19338537424	
0.111973022982	0.141676479956	0.5775605209	1.06846948618	6.09713180901	
0.106385260268	0.158341643371	0.564489221994	0.996509718849	5.87623723547	
0.0971697898385	0.136848112526	0.532504240627	0.719026288467	5.90116372322	
0.110806748624	0.151670840491	0.71756797376	1.07190564571	5.12622175532	
0.129127511326	0.138783003491	0.552521184042	1.15714067168	6.30161573452	
0.0933713189748	0.145278141749	0.641832511402	0.996990341474	6.55794997496	
0.0947618606415	0.144856149973	0.628928364905	0.785384834262	6.4095797171	
0.10234533522	0.140622393025	0.622911989461	0.888795044029	6.12063099274	
0.10087025897	0.146281887159	0.633826912882	0.968415534196	6.85117783364	
0.108684840094	0.157451730115	0.678865906924	0.934616623578	6.58977582673	
0.10188014471	0.138632201651	0.57685189352	1.06456824246	6.09375391038	
0.094619964995	0.15554521304	0.646960134014	0.882584175075	6.33550336439	
0.092297695305	0.155288335144	0.660660974377	0.911969563462	6.18865332887	
0.102860355435	0.14847268769	0.565454096597	0.96852821907	5.21541633242	
0.102722382377	0.157004749608	0.578395844208	0.942614261707	6.38579315305	
0.0919277834594	0.118958488426	0.617437862883	0.92525893223	6.64763182757	
0.112682502335	0.161403156828	0.560537754248	1.04317627241	5.85265306379	
0.0924040512269	0.159277152116	0.588353625071	0.850702748963	5.99668252846	
0.108842091659	0.132489261	0.53919766863	0.926499472762	5.52896159099	
0.0877573332011	0.186694434649	0.730411309884	0.925343357115	5.18897821736	
0.102110837125	0.155370837923	0.692947274669	0.91604792439	6.72137093708	
0.0978372375611	0.14141703299	0.555509720737	1.01587058795	5.28166273396	
0.0973485863573	0.144625349665	0.526666507536	1.11012329616	6.27679258912	
0.0886133273437	0.168769957093	0.560733638405	0.964243163625	5.79817703117	
0.118622612075	0.168217703977	0.516430048044	0.706266622103	5.99598414006	
0.0741343255067	0.169780338622	0.60503721524	0.830534171486	5.35333176207	
