5	86
1	0	0	0	1	1	1	0	1	0	
0.100668515684	0.897344791195	1.52526812702	2.17878394942	4.67856352338	
0.115656935179	0.997768230976	1.19457739412	2.18870865416	4.42362332384	
0.0995274821396	0.763344771775	1.46226188073	2.68393951183	4.82029471785	
0.102522472601	1.05775627526	1.2932214812	1.84038392751	4.75193229122	
0.092077543457	0.959236089719	1.27615997667	2.02380624782	4.13602852035	
0.0895110017543	1.10317125331	1.5913160261	2.05556416773	4.31317388152	
0.0862689576317	0.60318702731	1.33907220926	2.04025813255	3.98623461007	
0.0929017351161	0.943960139997	1.63794733436	2.07533835511	4.62072500237	
0.11071790614	0.951038304267	1.29345365317	2.25684881422	4.03188761722	
0.0911024134739	0.987936791711	1.44540076026	2.17466259116	4.21772880571	
0.0690135598999	0.911841508393	1.69855003825	2.24990102043	4.33146358257	
0.109208826724	0.944907401172	1.36079302087	2.20822565094	4.6754984629	
0.100436421903	0.906970589054	1.62285186676	2.09151700579	4.12731536202	
0.110481019561	1.11498975075	1.50315718463	2.37508131451	4.23073907823	
0.0836375010077	1.01410017221	1.52389773695	2.15731113743	5.05754904346	
0.103574919879	0.921586814505	1.37351396439	2.49629763843	4.20694512892	
0.111942912967	0.971438061881	1.43652841924	2.06145281023	4.55780131553	
0.107275482978	1.08884314397	1.37836623437	1.90683890115	4.59587764688	
0.106830102538	0.870492512697	1.4521025721	2.18732361591	5.50313790024	
0.0808054223164	0.997816454358	1.51975044414	1.78717130031	4.18309363705	
0.101143056371	1.06780441098	1.43311241998	2.31621608686	4.21135658313	
0.0966237049305	0.952342098223	1.51522937169	2.01407141231	4.72630005056	
0.0981737344375	0.907896345845	1.35780933882	2.03215961734	4.35990717055	
0.10073576583	1.10208122983	1.48275177771	2.09126507216	4.08769395717	
0.0973543348812	0.894084729866	1.39062578444	2.67757461388	4.71447818169	
0.100226021726	0.675199600604	1.46330231954	2.18160793156	3.49807929202	
0.0991250557857	0.767870251083	1.66999970089	1.66954919074	5.28372101861	
0.110496420913	0.888180344408	1.43497996138	2.17894970379	4.65032557812	
0.1019953832	0.948670376596	1.44987736733	2.28299904288	3.88292791789	
0.103760652271	1.01552649486	1.36746268392	2.04593857956	4.23965193837	
0.110855014391	0.944277958603	1.43574970409	2.55252857173	4.37138312763	
0.109820180484	1.16369923771	1.39322882352	2.18651988519	3.94346510011	
0.0990224573887	0.832023263029	1.39680463038	1.82902401833	4.73666364928	
0.117215188364	0.978806972005	1.51210870099	2.10512640268	4.09458273133	
0.1070052433	0.904817553973	1.35214774452	2.19355176542	4.76101119658	
0.0937140280301	0.864246933586	1.42232423495	2.21485913579	4.95631196631	
0.103347795534	0.996888170788	1.47342749696	2.06982128486	4.0418776879	
0.0967421473272	0.880098474826	1.46923262767	2.25799958571	4.59572226027	
0.11260545746	0.889791131684	1.55924068038	2.52301340973	4.72655585916	
0.108671887237	0.883976815859	1.30260174273	2.15859226594	4.66088122419	
0.11229977176	0.9493808523	1.37609287789	2.3944261333	4.60645136138	
0.0798343443481	1.02377916101	1.41876883973	2.49247123662	4.04845874626	
0.106223292538	0.885837780545	1.11185247229	2.18509365813	5.20740850461	
0.113309450722	0.945765751077	1.44539959274	2.19508563992	3.41943673654	
0.117054913509	0.906488014834	1.29686198714	2.17218731082	4.24388855925	
0.10902363048	0.821716206902	1.36578412669	1.92067995379	5.40235692008	
0.0903370979295	0.921877624581	1.33463210437	2.40890392476	4.21498829637	
0.0999651113419	0.918525403725	1.31561363175	2.10793857561	4.93210875214	
0.113542159515	0.837147857784	1.61873707907	1.47984306219	4.30935856399	
0.084349055291	1.00032470033	1.68973876805	2.03155778214	4.20753718021	
0.112576943754	0.877579972423	1.48686311965	2.24659127315	4.87476733189	
0.0941157077494	0.948192126098	1.5595354139	2.47230697599	4.28427212453	
0.097540735426	0.698730777606	1.21939763948	2.11486570343	3.96202900405	
0.0915954818811	1.07072675903	1.42527405452	2.45182744082	4.61580552891	
0.110703940739	1.00470976596	1.51330641995	1.93520491688	3.88156654745	
0.104302874592	0.917474139779	1.69894839932	2.16458255825	4.97856523661	
0.121423510664	0.7968859609	1.41846040744	2.62183115878	4.87879547125	
0.0972628191868	1.00483710921	1.56858990188	2.07538154958	4.12068184198	
0.10810491235	1.00416354364	1.52735062998	1.64326934756	4.10602951327	
0.108278640929	1.02418373366	1.60445329661	2.67664875617	5.15352443048	
0.0967173816152	0.826346236511	1.44326415555	2.2750986851	4.62879446519	
0.0904905072006	0.855724455964	1.48859004549	1.92484876551	4.40748396514	
0.0934276378336	1.04684546184	1.67079791297	1.95570343265	4.55038459706	
0.089148490509	1.00427190376	1.38565611943	2.17162651037	4.47644585208	
0.096296303516	0.911882173611	1.5297340546	2.06149475518	4.25596512387	
0.111760164526	0.827908544345	1.33490211188	2.01565287282	4.7704001869	
0.112033229151	0.998577296115	1.44458486587	2.20750603882	4.25674788842	
0.10732837393	0.796770722529	1.45991773508	2.73522075079	3.97725894681	
0.0996267833046	0.860380428646	1.47408678011	1.88345850561	4.38127886218	
0.109465739063	0.957223974654	1.23570567233	2.55662120559	4.50403295987	
0.110746521666	0.863404689243	1.51930295025	1.95784687542	4.13742896008	
0.102096531349	0.922659131859	1.44505199297	2.38532917812	4.50493169204	
0.11868302186	1.04901496487	1.41729524976	2.0167633564	4.34727772065	
0.111978718123	0.785917333754	1.10431329552	2.27276457198	4.56238447292	
0.0927922955124	0.94323414283	1.40084411422	2.04477096871	4.76553437367	
0.0897513860023	1.03365166651	1.43361821127	2.27245417971	3.82010311452	
0.105905024702	1.02664630451	1.3248867765	2.22950543775	4.94383438969	
0.087279609699	0.967384018747	1.4788032479	1.99666714078	5.25276472057	
0.0949181225527	1.01474481649	1.57898212515	2.09099016533	4.56473513367	
0.0959022662938	1.0741062305	1.49186655311	2.30032373213	4.56322710841	
0.102145814918	0.922340461289	1.43885225003	2.0579961358	4.28189785691	
0.109022540647	0.844548007985	1.46222856909	1.9056454571	4.47989248592	
0.0997753518082	0.891453915201	1.53923949324	2.15899464115	5.28521766358	
0.10030902452	0.922631136022	1.20294880099	2.20774190923	4.00300622854	
0.0990327490881	0.805133055588	1.25778520032	2.04362232223	4.91873008249	
0.0982132679069	0.874037131583	1.37232774198	1.9255646047	4.27916485256	
