7	36
1	1	0	1	1	0	1	0	1	1	
0.103462786619	0.144264995331	0.614531105048	0.981030169963	2.30225719174	4.01528106845	6.18462409641	
0.0979062531382	0.13121412005	0.636046267777	0.858641007472	2.04017452369	3.80633250126	7.04613724922	
0.10130440515	0.156575235267	0.613800013285	0.765548293723	2.26316877246	4.20737263761	6.06200698472	
0.099879480221	0.157410760644	0.656256836311	1.07605750637	2.10176478657	4.61066737187	5.98584438534	
0.105947770564	0.150345340062	0.697158232614	0.823986597721	2.11579008204	4.16013095794	5.91497921719	
0.100002206675	0.140743065921	0.579004445203	0.811970009798	1.94390582075	4.66682428108	6.18207646127	
0.107751275048	0.138732936127	0.543467177674	0.797431989789	2.0918157031	4.29840030242	5.87628989835	
0.110493797787	0.158809737463	0.58182080749	1.01398268512	2.29545155887	4.52149892596	6.53902423943	
0.0903451964917	0.130458272042	0.543981755918	1.01913850111	2.35276516051	4.56129702515	4.94759292848	
0.100260906476	0.150932272271	0.632448341841	0.938905631353	2.21720892768	4.56732406283	7.14579536003	
0.101916847139	0.149589841996	0.605445070158	0.811908218454	1.83964878978	4.3009352092	6.58861314574	
0.0769341552342	0.160449524739	0.561829449883	0.848727340428	2.16926475918	3.67070496477	5.61136624717	
0.096910195965	0.180255433468	0.515788878914	0.954380965607	2.05520883774	4.99220725479	5.52394600103	
0.0963127358685	0.136925406476	0.520547593459	0.918434745299	2.20551933063	4.58499025671	5.69704027192	
0.104323360542	0.166803464342	0.592435063229	1.00470162867	2.58650238436	4.81140243581	5.04212474499	
0.0937040822	0.121676695885	0.646124159239	0.999416154725	2.1001908059	4.66790888581	5.94974548895	
0.091853572503	0.172288476895	0.646402071698	0.718559661768	2.09513361797	3.85260576814	4.97834740976	
0.0932661260453	0.164215272988	0.612922426544	0.965710853482	2.04169639611	4.76939893896	6.48349089003	
0.102291562844	0.173080709974	0.6303262262	0.882942574732	1.87380403547	4.13212068362	6.23721295172	
0.106449557685	0.17398493916	0.623456938211	0.918318186152	1.9900949979	4.56724238937	6.00492893733	
0.0797290092087	0.142499664582	0.614492475114	0.966660129777	2.12934912641	5.03444034579	5.33424127094	
0.0892178900877	0.15949308598	0.598837038133	0.848094937318	2.0126018142	5.01835379953	4.53702797192	
0.0919256622983	0.150235790044	0.551232746171	0.853280696865	2.13080828812	5.07978132113	6.8060252005	
0.106800816218	0.161430008038	0.48678926585	1.04756210112	2.15122073685	4.60690303578	6.64721440344	
0.120035020382	0.138116966856	0.687288163435	0.956586615022	2.13932308424	4.84929660451	6.26916878057	
0.0960706303084	0.136303781892	0.66087260221	0.917281366799	2.12152545466	4.41484238098	6.33392719702	
0.0905419517655	0.114786758464	0.660994151677	0.982931628763	2.15202434833	4.0159091818	5.35096786014	
0.0844103254784	0.137863840345	0.58401411017	0.83583977889	1.95393110419	4.60988305262	6.11207339648	
0.102805021359	0.150637814179	0.607922440367	1.13095579575	1.9996860612	5.22205113776	6.03476866109	
0.106796591495	0.147510563957	0.637106690093	0.921865170453	2.47701270157	4.51880937268	6.65902532258	
0.0894716735039	0.150631384061	0.621738341704	0.881470329887	2.17221226152	4.25139880713	6.06411487359	
0.101935793342	0.136424980981	0.502959441833	0.897661716373	2.30055078629	4.38123585841	5.30924808627	
0.0899395159822	0.140069916838	0.734385155132	0.760469172706	2.33261709747	4.32017589395	6.57452729178	
0.0962387296041	0.151601827314	0.561016107202	1.05082864816	2.39205448646	4.49233008968	4.84232971426	
0.0969629950875	0.134524307183	0.614452946897	0.940425539488	2.40198654889	4.06948051553	5.50950091964	
0.116995081945	0.152907022835	0.522939764511	0.908032565858	2.54513366478	4.66205476021	5.34923474978	
