3	51
0	0	1	0	0	0	0	0	1	1	
0.368620802317	4.63729785885	5.36760175482	
0.408730076075	4.20565207099	5.76184596128	
0.317387178507	4.50551439075	6.60600342152	
0.435780780913	5.15239085238	5.57353984357	
0.447387745266	3.262856258	6.43318537346	
0.437998277904	4.44203077634	6.98629907627	
0.354242395835	4.32057201262	6.39279246749	
0.344844432405	4.17332536635	6.62754738233	
0.406833594178	4.60576588653	6.22485558594	
0.388991561367	4.82240312868	6.98234380804	
0.374278532601	5.24914638541	5.23176906079	
0.361074445403	4.41710693362	5.1378990667	
0.386270405634	4.21195248947	6.48509687556	
0.375192823531	4.47055962044	6.085857321	
0.41215528479	4.7963493972	5.54099168295	
0.454989239262	4.68360387569	6.06563933366	
0.335274209163	4.24827082241	6.25614539971	
0.402921868261	5.44266236369	6.97439594555	
0.349049823625	4.74263228738	5.82584235431	
0.436334641757	4.6733401745	6.17754681785	
0.320586028411	4.46432347128	5.31331900183	
0.442172319237	4.09486510588	6.19103650259	
0.386091501252	3.57974507389	5.69628785191	
0.346521368704	4.18559341651	6.66159613152	
0.412364251831	5.42602230839	6.15362273651	
0.400750003848	5.19977488983	6.49439594296	
0.434290064401	4.33569996023	4.87129732191	
0.368756432664	3.81191075889	6.69303981467	
0.379670386192	4.41783211717	6.4640638534	
0.36228658493	4.29884156956	7.04720830283	
0.360714545664	4.31198391188	5.14349372008	
0.404114155659	4.97029607406	5.59067044966	
0.410610888359	5.29333966779	5.50916372823	
0.424415565148	5.21726934532	5.33085574817	
0.31308958676	4.52558552295	5.74880348574	
0.399868278277	3.79538914409	6.30159862818	
0.338633840249	4.3667350495	5.59079435667	
0.378820222236	4.8470545254	4.99489949844	
0.378707830924	4.41769474011	6.35733808451	
0.414529682363	4.80930029426	5.51785103871	
0.456244223831	4.06765994005	5.39183859916	
0.386164816873	4.22131290847	5.79403569765	
0.342441362273	5.29979906779	5.49247861425	
0.36556577029	4.13503778883	6.43771645175	
0.392511173268	4.64625980062	7.61928094761	
0.376857767079	4.27854104412	6.37422925032	
0.419516658879	4.91856956508	6.13038075719	
0.370548809359	3.7297612044	6.35932878683	
0.358129270784	4.71093281457	6.73940099817	
0.364913516683	4.34796438259	5.47273957201	
0.339633723002	5.51156646796	6.63846388133	
