3	23
0	0	0	1	1	0	1	0	0	0	
0.591451831619	0.800208895838	2.29507225518	
0.593273025804	0.902663191221	2.11459558813	
0.510734727847	0.878053696577	1.94248691693	
0.626328543297	1.05502804075	2.17079881737	
0.55511576492	0.837432869349	2.15663340565	
0.574180383934	0.858110077233	1.95308144803	
0.578992423299	0.803684229208	2.34059114208	
0.499584919812	1.00554091566	2.30130572503	
0.574113190987	1.07608280818	1.97366659311	
0.701117598237	0.811114606408	2.12032417888	
0.632665423388	1.00453776695	2.07578096878	
0.459254523487	0.722679978656	2.07767247556	
0.718993289908	0.986151087469	2.2274705051	
0.573894795206	0.971950751088	2.35981311644	
0.640225891396	0.909834677267	2.05091439938	
0.509340704056	0.952908123579	2.02413503967	
0.722846092816	1.01708018536	2.20191970836	
0.631724309393	0.961314352092	2.07828586568	
0.61293442124	0.967244471686	1.85452279082	
0.694514767549	1.02156524967	1.97766049569	
0.610316997721	0.779454443931	2.24535298656	
0.63224669636	0.937513406081	2.15949981945	
0.583014397702	0.838616440519	2.48141228869	
