10	64
1	1	1	1	1	1	1	1	1	1	
0.0912497855107	0.135718322934	0.417908125231	0.678325063581	0.872465959783	1.3755430551	2.21932344921	3.54974468574	4.36478188194	6.36240270145	
0.0891872001336	0.16430723397	0.366218416145	0.638376783899	1.0179590548	1.56042414453	1.92926694549	2.86220889765	4.32380282334	5.41962293837	
0.102963373886	0.142564930379	0.419420245733	0.622797977361	0.818787935587	1.24084188971	2.48155990839	3.49388758643	4.06560521267	5.75236180791	
0.110324310004	0.171205794096	0.359703156518	0.596379898798	1.12666997014	1.5799504895	2.47919287018	3.61952674848	5.4362804588	6.44773454214	
0.112382477548	0.154515466465	0.421476562314	0.575580892969	0.996139602824	1.48997399937	2.19589868992	3.24673799383	4.45603342007	5.19978976776	
0.105005701603	0.160277441679	0.40959729231	0.731086068189	0.763286596743	1.37629819108	2.20219320187	3.26551959846	4.28597684218	5.85889539034	
0.107776336255	0.123664340335	0.451678612403	0.579483739801	0.958592994031	1.4579419695	2.26753399413	3.3178014702	4.89875873814	6.77145372431	
0.10270534976	0.135884905417	0.333636764015	0.595710613304	0.838196232316	1.44231437787	2.60441495862	3.72892716118	4.93149185512	6.08202014194	
0.0874697778418	0.162895404971	0.413333056434	0.632522451894	0.833987181213	1.60172813034	2.27751692881	3.24110425373	4.71748689032	6.18768563435	
0.0952204110727	0.149930548413	0.364413551793	0.499540145587	0.993316076219	1.64501145381	2.12209409707	3.63017733291	4.43326993965	5.97833574857	
0.0971684230686	0.150629109371	0.37646453308	0.592988129323	0.908044918576	1.38079729429	2.37805438132	2.70098990222	5.21859118675	6.64251804284	
0.10684927269	0.125812430676	0.358781901596	0.795895858651	1.00144050702	1.1521380809	2.04110780917	3.0609858142	5.0638121758	6.35715319313	
0.0963283647211	0.173374321527	0.342981486554	0.622303475028	1.06833734227	1.35638402385	2.11409645131	3.49302560639	5.23317321856	4.81104728007	
0.0903272662991	0.129603659262	0.376964922719	0.586089134949	0.912017539081	1.43811884605	2.39989961468	3.28929198914	4.17890376007	6.38582247765	
0.134138530629	0.147933881756	0.356267146862	0.726405889004	0.927355582568	1.05653600551	2.03232459444	3.27554379255	5.03716019254	5.83457740791	
0.107333072837	0.15635570369	0.306523016011	0.575276389899	0.941354200574	1.22254259585	1.9015436803	2.76835757663	3.91110301839	4.42061543479	
0.106927759274	0.131998398919	0.404544700461	0.622332776597	0.839095028702	1.68583416298	1.80167757652	3.41865454906	5.05201878838	5.7062750773	
0.0941625386544	0.149759542356	0.380898103272	0.584641536767	0.808917744529	1.41348060238	2.04741516743	3.53118776106	4.85064648613	5.88945870972	
0.0993149119513	0.0987500832199	0.416964065122	0.630161180163	0.954452364877	1.7455290098	1.88342777624	2.6273764696	4.30638585662	5.78846660446	
0.0778891539519	0.125052402003	0.286833358722	0.660490877385	0.839498467624	1.38621698183	1.79657214017	2.94345410346	3.93997535998	7.15838022841	
0.112646191908	0.149168631153	0.386572480017	0.547882286875	0.820566829322	1.32478586237	2.23828669781	2.91485826251	4.49888526778	5.48350788649	
0.0951406437191	0.143862654849	0.350099547692	0.602131003282	0.961733575406	1.41453193387	2.12571274701	3.13001161449	4.96593968456	5.42802054659	
0.106258451809	0.138559441086	0.38840154509	0.647902768503	1.00933918961	1.33363852325	2.54838895901	2.70897064768	4.90347623704	6.9005828238	
0.095257644036	0.131352754814	0.4498110018	0.702207834215	0.804109145128	1.26469203434	2.22440491349	3.10943593238	5.18781692409	4.89731133448	
0.0913126511035	0.130287846331	0.336706688636	0.480626370504	0.910760274014	1.45612395466	2.18461545958	3.65021773854	4.92223408934	5.11694714545	
0.0978900883631	0.152739612899	0.352378848065	0.597065147945	0.859449297899	1.29438171378	2.19052916207	3.10358174616	4.95803771739	6.27559492896	
0.100347425061	0.160879740802	0.296039519632	0.527973131419	0.8804496554	1.75204436442	2.35491773441	3.30127684673	4.22286903001	5.5821017201	
0.106078040905	0.140101051656	0.401758424907	0.635848325335	0.832102134064	1.42955888735	2.19020059047	3.02835312209	4.11303153838	6.27314717599	
0.0755244421425	0.165434991996	0.368750536547	0.505907971006	0.915985730477	1.49615935354	2.08754992651	3.07109508043	4.87371121054	5.58077465463	
0.119203228207	0.128309102915	0.397789202693	0.631919722423	0.993655027296	1.48311365471	1.69879207409	2.82375770607	4.79355062621	6.29078780675	
0.100726786165	0.143814050373	0.428261985037	0.633710397166	0.997908186074	1.58000519519	1.83791944509	3.45970981682	5.20685768912	5.88957076023	
0.0975756098949	0.156127953624	0.356258151455	0.602904679215	0.838536286059	1.27499098773	2.29631463986	3.58877708105	4.90787090107	5.57499456058	
0.100050733399	0.155905289383	0.394177909715	0.537154117656	0.90276211465	1.42451906736	1.90937975257	3.24275402817	4.13685970868	6.3366666565	
0.108051412388	0.160798657718	0.40015744289	0.445636727453	0.922659999828	1.37618691708	2.08102429067	3.38104182939	4.33620531417	6.40493472909	
0.104208182517	0.15509297658	0.36509490927	0.662144760354	0.991412572035	1.58935450914	1.79491812653	3.16282461057	4.5193074563	6.96137036369	
0.113777442693	0.15601158629	0.446110880612	0.505526910433	0.937174456358	1.294246261	1.90410532519	3.55321225678	5.39336943846	5.30604613317	
0.0983948787208	0.155509859275	0.430223431818	0.583704870171	0.850187382594	1.42984782963	1.84980769505	3.78253686252	4.76927223182	5.65864303866	
0.098978230029	0.148561333709	0.428079338173	0.603203397135	1.04141294538	1.34824771724	2.11051233526	3.58451223473	4.920772324	5.94218037405	
0.088080765169	0.148207335835	0.322439778433	0.641914641857	1.00226076988	1.45386280718	2.07667109083	2.90215146631	3.93973159528	5.92441409751	
0.0896930055211	0.171504365677	0.43389643082	0.644513452868	0.791456870615	1.40679311369	1.90536528551	3.57423636755	4.6694711558	6.30777689388	
0.091955452686	0.154453402913	0.361009730354	0.586075744258	1.01795005352	1.57834667689	2.40583841393	3.36299487192	4.07920804993	5.81449438037	
0.10838567545	0.153876450779	0.38344013864	0.600541227271	0.946705846046	1.41419740419	2.38049456213	2.98282452353	4.5729402546	6.38171076632	
0.0981911258675	0.161874857956	0.340651319326	0.673079773771	1.08399654477	1.08615717562	1.99093573261	3.35483247366	4.44290802651	6.34252605977	
0.0931259487775	0.155127510492	0.335575877853	0.650374466529	0.923360587911	1.70968194857	2.36712345865	3.87875934604	3.95076544708	5.74142789638	
0.0934512445551	0.170406020177	0.389838495525	0.690120425986	0.807826539522	1.33823463453	2.45275003818	3.49174665344	5.23656322953	6.21785011417	
0.105437252763	0.161016588714	0.404159266488	0.567273110888	0.846617714379	1.31785703996	2.05777895378	2.93175811213	4.63257902787	5.0211190044	
0.0843001510129	0.148920326987	0.408970921918	0.575287951335	0.827766479866	1.57926617918	2.47327395954	3.26042677553	4.62252292513	7.10663907073	
0.1008221286	0.124653537642	0.38183485621	0.521209310833	1.21477536875	1.79763407285	2.18621178506	3.72192972583	4.37192755394	5.7840587372	
0.0890628522315	0.166409997608	0.393847143948	0.613642805464	0.969028068354	1.52023026665	2.21456550545	2.79676774454	4.67212415191	6.38405144995	
0.0954518228021	0.162021879411	0.394763203833	0.561114774689	0.993414059359	1.56478309808	2.37107325598	3.64453583241	3.87520593527	5.52333114618	
0.109183658635	0.172935429117	0.409561346066	0.680221233337	0.97722009075	1.50968248564	1.91492607923	3.69361371282	4.26806946676	5.65656628228	
0.10787451383	0.135821122535	0.334899859489	0.684063603535	0.898727664614	1.41503608295	2.33776698404	3.7949898146	4.26315664	6.14728143479	
0.100396982301	0.172471726286	0.327359659181	0.539544600067	0.875948380429	1.43760466444	2.08888759596	3.07583351286	4.60568249294	6.79998678235	
0.0864185612416	0.167291100152	0.34033756505	0.571350136667	0.880241646787	1.55167146203	1.99661724539	3.26300872359	4.00493272183	6.93094212123	
0.115076355662	0.152416067931	0.351667061111	0.634950537477	0.767683228436	1.2686026415	2.04600076867	3.53473545647	4.6860493969	4.78853824546	
0.0941939191842	0.158303925329	0.302887752779	0.66786234106	0.844470988838	1.40058316675	2.37623010651	3.22318701698	4.03397771429	5.43087392049	
0.109977553526	0.130863538662	0.431186796123	0.701425918858	0.874317883764	1.42026492689	2.24134721314	3.04686475358	4.24908105915	5.81332389607	
0.111440426878	0.176389862896	0.393931404141	0.671866487203	0.957823062235	1.57139188912	2.27289647641	2.41324963468	4.74464202682	6.06813941696	
0.107853942972	0.157387506821	0.378722833114	0.579356460969	1.01873962396	1.2015843188	2.18139326082	2.61796065555	4.05181162334	5.91541130336	
0.113880417592	0.161061409051	0.315611746931	0.548431960095	0.952015307752	1.60433991502	2.31131490519	3.3383144133	4.73509925243	6.25000752455	
0.102494583901	0.149107326411	0.412462175089	0.504163754311	0.966283781225	1.53616557654	2.10112615807	3.32523796578	4.48984706464	6.80045800603	
0.1126310789	0.123338508043	0.430670318319	0.61889171003	0.95485661414	1.33259003853	2.3567393315	2.80462331742	4.07293736574	6.54569852141	
0.103471082751	0.115306547956	0.413530319853	0.655728661084	0.88291658157	1.14707254685	2.24086202146	3.14174371564	5.45521753183	5.90824504215	
0.0970882261853	0.125176291565	0.391028527406	0.668643109515	0.744942924937	1.51875708706	2.23518726209	3.72428108687	5.27469142645	6.99630372997	
