6	85
0	1	1	1	1	0	0	1	0	1	
0.15181521343	0.370200499136	0.552852148018	0.905864092158	3.13110497275	6.06690282764	
0.148296149681	0.340250474568	0.615691102442	0.901132874052	3.32732066592	5.42737220075	
0.166154900857	0.417834155323	0.639481380164	0.935667484809	3.10956177522	5.57930972133	
0.166902709181	0.425883809783	0.58200441392	0.958028809086	3.13534681152	5.80356666775	
0.141745795519	0.384744355275	0.588274233501	0.898504694399	3.08586153037	5.57470005893	
0.149049282756	0.32932974006	0.614792724109	1.09565972611	2.71598398702	6.23527738363	
0.162725680965	0.32112534054	0.601204021028	1.00473068963	2.54190568032	6.53313189962	
0.121685832702	0.388314102023	0.612127339975	0.952061243741	3.46429935592	5.25704780582	
0.152544033718	0.388928587762	0.570930935808	0.889989286749	3.10105936502	6.21052111243	
0.156650256155	0.35085199782	0.659789733842	0.914838413299	3.44378070021	5.03001851754	
0.155406388134	0.339153009137	0.584984494167	0.760745747744	3.51413762023	5.83684723757	
0.140601135381	0.370977304446	0.568568525438	0.899177860285	2.46278474128	6.15607931097	
0.155781528549	0.391051279855	0.612158657904	1.02084443537	3.20994156675	6.81414954443	
0.147696293654	0.400950935233	0.540235033288	0.747990032993	3.49044508911	5.05212932266	
0.12495130523	0.361942804011	0.617479602958	0.99292185525	3.06765120021	6.6735935505	
0.158002370389	0.322522167725	0.396727426692	0.868940992453	3.43822650294	7.00558458844	
0.147672259745	0.322991549732	0.517104157603	0.965896400302	3.17011987311	7.33089559803	
0.170457409978	0.406504984559	0.585405435866	1.01427177818	3.65953078402	6.14018683846	
0.132766113502	0.376250505325	0.539874422744	0.884587719318	3.34290994902	6.33141373461	
0.13186457584	0.40652064556	0.514187090003	0.743298735499	2.78218385447	6.07566198838	
0.136814779807	0.417389972037	0.604276582353	0.875722186647	2.9669169768	7.25872309376	
0.131018855216	0.329846923736	0.57787319021	0.816515586783	3.04489358765	4.78612109825	
0.165882778328	0.367117883142	0.447695176605	0.910552217384	3.34320814258	6.61008826032	
0.163979606606	0.459834183707	0.594857762472	1.06679311046	3.02294218617	4.99386827381	
0.132193633024	0.359187726742	0.494343550581	0.797818981688	3.0845138874	5.34738305842	
0.168075755477	0.377419084609	0.50485579613	0.89787228346	2.8550709067	5.45882402027	
0.152802733219	0.347066959328	0.613066881628	0.90840757131	3.50143246127	5.8626292664	
0.136584137919	0.409219386629	0.538854536541	0.924976298128	2.78323150176	5.96405305082	
0.132714025263	0.381285937758	0.557957449637	0.844763458418	3.05754690062	6.32284069564	
0.137007121983	0.30164320918	0.620249257848	0.960651738779	3.44081520077	5.76087967543	
0.139852266597	0.439522940541	0.725266255091	0.864676306243	2.5883868241	6.22892368515	
0.121762927621	0.369121379425	0.555233005617	0.96084500589	3.42950373825	6.39802421383	
0.15195461122	0.426533932185	0.543216504481	0.7909589566	3.69838872608	5.37920346147	
0.146669439813	0.356792177707	0.679663305717	1.03282991781	2.88243381697	6.13225097734	
0.151596543962	0.354425984704	0.518288026286	0.831188533066	2.83446866041	6.73446255915	
0.151168806738	0.374085034798	0.541323785016	0.989335874769	2.7912152761	6.13669432966	
0.141441510074	0.411091645547	0.745830609999	0.91270702959	3.16339947045	5.84501562331	
0.150748675281	0.394561321577	0.59203570344	0.890508927407	3.26893514183	6.83388630972	
0.154702075058	0.358656108956	0.572515032767	0.806548138998	2.80629412842	6.73424310162	
0.159876140097	0.443955214713	0.640024038547	0.890790802639	3.2841802295	5.87827307819	
0.137440760962	0.346969092851	0.707540710855	1.01351207492	3.65363507197	5.45241833565	
0.162223056618	0.37601184805	0.614142745374	0.904303203283	3.75161009697	5.05786132279	
0.161456576506	0.299365844546	0.643606964871	0.886789701316	3.53537160234	6.62641034073	
0.159028533819	0.496604782025	0.598087081836	0.918641466178	3.01599417009	5.60109358524	
0.177505188359	0.405664553048	0.625940324838	0.853897700206	3.51896684318	6.36848939089	
0.162363176282	0.345264629517	0.659255073024	0.784633334382	3.6414975478	5.98163569589	
0.131659901641	0.386088880783	0.665898552682	0.909636453142	3.50302250267	6.12045250879	
0.135818531476	0.319277400636	0.655935802189	0.9489328158	3.07497267905	5.90374876327	
0.174954643855	0.38596397312	0.5356561277	0.962296860761	4.06170528826	5.53584659828	
0.123724299654	0.369493965031	0.608850082429	0.949433012858	3.28933283461	6.01362022403	
0.155182112499	0.395537202188	0.597907937561	0.774804597547	3.31242837688	6.62858490373	
0.154549387394	0.394069429678	0.50299906657	0.644662306834	2.87149879066	5.92281473339	
0.141549150872	0.349423025984	0.559808553775	0.910058815026	3.53328742763	6.88231450899	
0.14797930832	0.380553282081	0.653950573162	1.03785066679	3.37798199823	6.28974952383	
0.161174700138	0.37449212116	0.630779276105	0.970598972506	3.5682338882	5.59152832152	
0.134872413675	0.383171509949	0.665767304965	1.00208739021	2.78987073863	5.8693042702	
0.167618025058	0.413126815414	0.558110246171	1.03602062755	2.94985686032	4.66761613436	
0.129132641975	0.34558175773	0.531852331642	0.948470667856	3.23940634194	6.46087141816	
0.159221267644	0.450804963034	0.66175222465	0.875133925967	3.87391164597	6.51699634933	
0.165302743184	0.3577919379	0.588495288647	0.890018618915	3.02567194995	5.3495630774	
0.150505559157	0.420532532682	0.597674838712	0.767943931942	2.59446102632	6.6224547355	
0.153997411533	0.409987388974	0.579664040314	0.908867819471	3.44501156237	6.54182879747	
0.142498481906	0.394104901359	0.541842271492	0.965937528667	2.78559866127	6.82062049846	
0.166541596691	0.364903151104	0.660797110781	0.948806169856	3.3846123924	5.49870094634	
0.143654191913	0.338923902259	0.616264890911	0.994343385582	2.957675602	5.89556355489	
0.142015036344	0.330490792855	0.600937836765	1.03631608968	3.01844621004	6.86950504975	
0.151593402844	0.360455182818	0.608050756866	0.875227260045	3.4304649768	5.7172008753	
0.154088535278	0.417569066031	0.628510821364	0.791755539624	3.59310640405	6.00862513579	
0.141578209745	0.362475804085	0.567677340405	0.754448375826	3.01638155878	5.7162359108	
0.142403733051	0.408312615577	0.636921515375	0.886748201956	2.61356514536	6.40638901445	
0.134798314204	0.361138932928	0.680863291773	0.867455341468	3.5685650697	7.09457434967	
0.152575978121	0.414552359948	0.647063631869	0.768710287685	4.01298865004	5.33871281042	
0.128155289369	0.405931923492	0.564268837709	1.12186443514	3.16994334868	6.35076842506	
0.136236312198	0.38686859891	0.562408744308	1.04706694464	3.05631204592	6.13999794539	
0.170134464497	0.29479861231	0.505015932313	0.947319888282	2.71324210394	6.79204118605	
0.160121880445	0.410106023587	0.589122212145	1.00610074368	2.92728285547	6.02751674981	
0.155842033722	0.37560256386	0.597258522813	1.01280329069	3.06463210685	6.19021176701	
0.12329811991	0.451456930208	0.639690075256	0.878863628398	3.14419687412	5.2940182862	
0.133970816048	0.380692417408	0.645619298215	1.04523941332	3.34951457574	5.53144299523	
0.144450298112	0.413125847546	0.653766278084	0.80269223055	3.39508494759	7.08032884838	
0.185984328333	0.355811232235	0.510319859615	1.03378191826	3.23725462472	7.56649820779	
0.125732323471	0.397263537119	0.603094820368	1.09668606664	2.99687938694	5.64366911607	
0.1766686291	0.373251180819	0.671671149555	0.800879499336	3.56094137084	6.69993525335	
0.14395968793	0.317517908784	0.594065774418	0.91982424218	3.39875934459	6.05933379543	
0.123181538148	0.371486434176	0.611059164063	0.84902395579	3.07662462081	5.44162852376	
