6	39
0	1	1	1	1	0	1	0	0	1	
0.164198982361	0.375804408547	0.617640035857	0.827146776243	2.18112792878	5.93212625075	
0.135012446559	0.384568076795	0.64319193058	0.911220708596	2.0416769904	5.71928198341	
0.143239834742	0.346271195705	0.560191471131	0.886014031058	2.2197713713	6.42742873133	
0.168429699848	0.320646350823	0.589343992726	0.943277966514	2.21206694724	5.64570930502	
0.165065426705	0.393746276061	0.596817675711	0.803414254392	1.79584149303	6.88380643962	
0.124633665625	0.388400836892	0.527081897175	0.936103499054	1.90874811925	5.20172051071	
0.137072271855	0.418656068169	0.617453844627	0.932265047143	1.95870085417	6.14850887008	
0.13107965088	0.379907437527	0.633958509217	0.79038325276	2.12698487414	6.06537770154	
0.148540316442	0.366905434295	0.566186502756	0.912619677748	2.08293631671	6.33604582395	
0.154475814369	0.37028374943	0.561430247934	0.965611133361	2.60228429063	6.27500473485	
0.137227810046	0.399816422576	0.598616504315	1.0444637156	2.2042165466	5.86789207675	
0.189768625814	0.367026423108	0.57355003273	0.915121120021	2.31364082786	6.03488905095	
0.147361585566	0.37082914104	0.616615864353	0.789007572946	2.39496425391	5.1910441799	
0.112422594991	0.325047339479	0.584815554491	0.78612779789	1.94131503736	5.81641439651	
0.151223760983	0.368015042619	0.496099701025	0.932621674467	2.28274223964	5.8119577071	
0.157123754339	0.364547290625	0.589651540425	0.897471492708	2.95163519304	5.64310359531	
0.159901510619	0.402645616597	0.650657772151	0.971143311792	2.04581154526	6.19485291239	
0.133778925205	0.313305305944	0.532114462086	1.04578726065	2.18361712421	4.91749227175	
0.13643437254	0.376747431941	0.615204959312	0.906681525356	2.04864347869	6.01155262528	
0.166132214723	0.398951396561	0.53254651463	0.865033414851	1.79801515097	5.83119484569	
0.18031284297	0.387636707758	0.584434974839	0.819198803134	1.93805809433	5.84593793284	
0.153928623011	0.401236159534	0.663712117667	0.978887369184	2.07780073961	5.40581457615	
0.138709670258	0.334671533434	0.638499640167	0.829271252867	2.00082363953	5.5124743597	
0.141090974316	0.393844597044	0.570674156649	0.841501593757	1.9327549705	6.06515029789	
0.153405283479	0.363402137457	0.614358429765	1.06892898925	2.16737723138	7.07475934341	
0.136507736645	0.334862512112	0.62997068113	1.00026503148	2.16570761455	6.65795291393	
0.137891777788	0.37122047553	0.569981718115	0.800513748583	2.17843750403	6.4631550653	
0.145388301143	0.439206844541	0.553682302013	0.993902245154	2.32801702199	7.13400004221	
0.139397242244	0.454378870691	0.624388055549	0.923931325606	2.15055650603	5.56700025448	
0.148535349163	0.417337231531	0.669626159828	1.04278615343	2.14088165299	6.23797130383	
0.146673783243	0.299817154712	0.645540885982	0.74437300766	2.10257969424	5.5415132234	
0.131761030878	0.421429229658	0.556800321564	0.825185941173	1.87881716741	6.4007776937	
0.14711121016	0.342444566006	0.520436653839	1.04940659771	2.19695927395	5.35749012384	
0.151866290758	0.417388333235	0.578586776377	0.876640886549	2.42896837106	6.60110833565	
0.119070968298	0.336297275596	0.658664947446	0.984854205698	2.01097415332	6.49302698014	
0.185174633326	0.433611662365	0.54451810608	0.907715573582	2.2010869629	6.24661597962	
0.157815036156	0.375591616286	0.501910522494	1.13923528666	1.91053912795	5.1021254675	
0.175696034732	0.353121069289	0.717959750887	0.812683868457	2.08134679101	6.95635193191	
0.169443591985	0.371508569722	0.611930358677	0.915576035224	2.21206157348	5.80403171746	
