5	69
0	1	1	0	1	0	0	1	1	0	
0.147009693251	0.426882317948	0.91375346661	3.85996031574	4.97168917739	
0.131683009864	0.394930375298	0.807789615614	3.75936637928	4.90111162685	
0.157744351921	0.374660998066	0.986389727282	2.84685985369	4.79544913721	
0.152094004296	0.381358600649	0.962668330514	3.58560060522	5.25918766053	
0.127668124756	0.426695626922	1.04745778817	3.04253064047	4.19223310725	
0.157824690677	0.337737979503	1.06470236069	2.59707657273	4.67067124828	
0.166504993681	0.384315347858	1.01387699217	3.40814755461	4.49111005461	
0.14634593779	0.380896366573	0.795286993523	3.04875095259	3.01972049326	
0.151681478973	0.357172560024	0.898255081963	3.12265467243	3.30557795361	
0.163410016046	0.42806134565	0.986345612674	2.78912940555	4.48951965566	
0.132935954518	0.416126385582	1.09973271735	2.86873697148	4.54775863237	
0.168250678563	0.331895074387	1.0060040737	2.67472575477	4.59621233741	
0.150668362152	0.355745361925	0.937763770109	3.20985246666	3.87833749332	
0.146966147361	0.388578491592	1.04260456295	3.29963590049	4.28610799182	
0.172375244567	0.33781289015	0.841746369588	3.17741050621	4.79546413602	
0.140683463799	0.37504878282	0.986079367476	3.52859607019	3.93789303842	
0.158722669881	0.431863129961	0.765210940737	2.97533853716	4.40717388413	
0.149971045917	0.356641747399	0.812894812762	3.15041996338	4.78722194852	
0.134149449492	0.360892215121	0.892989640555	2.85105771818	3.97844401515	
0.147070609362	0.401819317482	0.828041612047	3.12331915107	3.50838617559	
0.152317985525	0.398507789366	0.946459437993	2.9482356056	3.95063093789	
0.111709350309	0.387096452678	0.960471234267	2.92131155437	4.6904080443	
0.142511640298	0.336211073353	0.976975715467	3.49279384614	4.56354884464	
0.131960883599	0.384645891596	1.02069504047	3.481642273	4.78846835133	
0.179752402828	0.407388337543	1.05026966472	3.90773486878	4.47068379521	
0.147197247903	0.336509710965	0.758300950381	3.5300305494	3.78159315738	
0.146061439102	0.314932980377	0.935474305954	2.58847989981	5.00110923211	
0.145438801884	0.364104578038	0.95008449632	2.95279837546	4.23403938025	
0.145999079922	0.397072497875	0.774797303407	2.95853461355	4.667911122	
0.154885904459	0.404740765452	0.888355107892	3.3886954676	4.13629420582	
0.13559693818	0.396597084816	1.01726801431	3.63409036408	4.11537735186	
0.15660612893	0.384913734109	0.977844949313	2.80213536209	4.51352901104	
0.136727063733	0.374829774485	0.936111023175	3.1101151816	5.16123966503	
0.172606177538	0.364572206833	0.973580938401	3.03631296023	4.30901515337	
0.153430694105	0.3638530069	0.934848829038	3.3407509941	4.31090380192	
0.162604549691	0.404456019101	0.880410228453	2.87964082893	4.69182760807	
0.169426623661	0.404763295316	0.962672776994	3.43934448941	4.99411205967	
0.147064312796	0.356749561684	0.972673755323	3.18642406641	4.66055357416	
0.189593521944	0.330917906659	1.01278375698	3.23638963837	4.33946650395	
0.150512265485	0.400537308596	1.02475244024	3.33255871845	4.1321879576	
0.142784110738	0.35094507777	0.829370436082	3.83625805075	4.31874522737	
0.135699304468	0.382623428727	1.08221782559	3.24243418605	4.13988999476	
0.127765303733	0.302130757479	0.987302833522	3.58994396724	4.83863396719	
0.123508037822	0.382863110126	0.912880467248	2.94033333441	3.88694292787	
0.163047809258	0.436137012659	1.0482269518	3.10429534842	5.03641494094	
0.152690999393	0.429026344447	0.916987261122	2.98083460981	3.60307473571	
0.126018216768	0.419841147456	0.992446135891	3.37228472722	4.37761466095	
0.152933934042	0.378270156149	0.875740107105	2.83353220036	4.03840660221	
0.14803229711	0.35099925575	0.731961543373	3.55831931187	4.2176442647	
0.139266554232	0.323390313908	0.957771105098	3.76408553571	4.66159093386	
0.144203161864	0.419356142384	0.750488293648	3.64713197305	4.72763914035	
0.152478857937	0.369487074551	0.910242092729	3.52941220202	4.35430298235	
0.151248129435	0.347821381018	0.990377939569	3.37105549024	5.50194925405	
0.169466182243	0.379754888198	0.86834122711	3.63311669157	4.93377724106	
0.148622089525	0.381808357522	0.978516163771	3.66742535104	4.87828703413	
0.143220189001	0.35625637182	0.890127472393	2.80404452936	5.11468610249	
0.135412409711	0.339411195871	0.772525784227	3.18708871905	4.16103082218	
0.142632621738	0.340250914297	0.957072020397	3.23922671073	5.79621981653	
0.140814351093	0.340540958307	0.91479660998	2.60248540057	4.99965241153	
0.179466851367	0.413621558741	0.969706920404	3.77895843399	3.83117374437	
0.150770858648	0.388099478382	0.912058810921	3.418347815	5.13576693219	
0.160399639873	0.392750223595	0.776072954207	3.64411686647	4.42204833107	
0.129836799874	0.366671499099	0.975013991617	3.46584289553	4.45203760891	
0.156146534985	0.364882830905	0.971949648482	3.95309837412	4.87724033509	
0.169933698179	0.405955974333	0.959237702564	3.66961533333	4.04248774547	
0.153613402208	0.331496112847	0.856990798313	2.71793197401	4.39665676256	
0.156942222036	0.393330220739	0.933802944617	3.50860429995	4.96289185092	
0.140836824128	0.302779037414	0.881790031915	3.13695073128	3.45240900044	
0.156444753605	0.383055179691	0.894692845509	3.71096483318	4.47935630517	
