4	99
0	1	0	1	0	1	0	1	0	0	
0.168999398205	0.568602940582	1.44019462329	3.25729213748	
0.159724237143	0.578025819341	1.3189778761	2.99738275523	
0.139485590352	0.526795152985	1.45772620241	2.58319027773	
0.115744074591	0.620522426623	1.28992287625	3.51018054133	
0.171464760998	0.498948692007	1.54899397284	3.43772017921	
0.157847965303	0.580123969388	1.43281114122	3.32464457421	
0.147320305142	0.606135540152	1.29832778939	3.6298523097	
0.147331564267	0.631164875225	1.35938762082	2.94604537658	
0.163422202238	0.616478694811	1.29763820722	2.64253687936	
0.147752443738	0.52163118852	1.46801551285	3.09589141145	
0.152113072533	0.456886918906	1.35367746377	2.9710964859	
0.142346300469	0.564513700771	1.36064846904	3.19731272203	
0.150637622947	0.603322135309	1.35791142011	3.35373356609	
0.177518183515	0.467296049482	1.37580858566	3.2872900739	
0.131663808499	0.606642523125	1.4297483875	3.27332532079	
0.141331717381	0.598446597989	1.55606789887	3.1173000029	
0.163074411751	0.572468694612	1.37308868008	3.17058464498	
0.150772150767	0.620169640385	1.44210734668	3.23176537517	
0.147104946566	0.562011978342	1.35530588867	3.12440356819	
0.117548109256	0.578382298569	1.47828017109	2.96861096179	
0.14315131028	0.660606612921	1.3731101003	3.28004444104	
0.127685049719	0.585776461461	1.21599915569	3.4579446951	
0.165989164596	0.596378730484	1.31608666886	3.45692875416	
0.131462504196	0.577569653498	1.19215521464	2.83843664255	
0.155038733485	0.58023597577	1.50918543843	3.62237066184	
0.155095754749	0.485403579427	1.66046375023	3.19912667827	
0.14551311147	0.575627193553	1.43887309858	2.42306371675	
0.161694982244	0.700071427391	1.51414031663	3.47385269275	
0.148224189662	0.643551774826	1.35313750921	3.22851513119	
0.160127339497	0.651372155288	1.32960487546	3.08229240074	
0.157198851589	0.459851477284	1.48503889904	3.30094994591	
0.147166465282	0.684465661804	1.30472069507	3.66540297881	
0.121545019345	0.530315139543	1.68101426232	3.04703851908	
0.14550564833	0.618386101118	1.35544759092	3.07926754011	
0.148257220109	0.564073168725	1.24022732373	3.61096763329	
0.159116675607	0.625097920771	1.48661754577	2.42909773553	
0.145357611198	0.500678264964	1.22339435975	3.75978367323	
0.150691800117	0.615813604833	1.38327851569	3.24455240958	
0.134972390539	0.495042085409	1.00241707773	3.56811539089	
0.126506945002	0.59764657387	1.48575600745	3.13251279674	
0.149105919941	0.677749378094	1.45031262383	3.57839504894	
0.147234889346	0.782877776996	1.39333369071	2.93049041289	
0.159137430563	0.528975262062	1.54677917477	3.1664671751	
0.149674679391	0.6387012223	1.71764909082	3.49532697198	
0.157800625679	0.621599702732	1.44937585237	2.76908150396	
0.15584525726	0.522041453722	1.36262883438	2.88253576293	
0.115820179131	0.621307772785	1.6629963974	3.51124285395	
0.137875724201	0.629210593148	1.34433082107	3.05113140566	
0.150098361116	0.660830503363	1.5158913503	3.39453214718	
0.134825065332	0.516882506123	1.35800805585	2.70321354421	
0.131631568491	0.621527777294	1.67130870645	3.29361562713	
0.145284083266	0.667865746526	1.42625739292	2.56391637276	
0.147174372483	0.636314758975	1.44130754581	3.61795458054	
0.163228304229	0.651691619289	1.27614566913	3.01589719073	
0.150108526359	0.516080587887	1.66218287615	3.54370987567	
0.132812703067	0.525363992286	1.37394789187	3.1470065271	
0.141074275281	0.697639018487	1.43098716254	3.38661239632	
0.144719159047	0.694235574472	1.35208845858	2.97793533944	
0.138547095195	0.580680594522	1.4266846705	3.22498236683	
0.137588072859	0.657235641797	1.51870495864	3.47234159733	
0.182289609258	0.67125455995	1.33641242289	3.46973841799	
0.162321782264	0.635259905209	1.43397103619	3.62221262672	
0.178231312119	0.597981480918	1.30647055642	3.14238773942	
0.1475963884	0.619928036717	1.49300111159	3.61648135981	
0.162718015143	0.60769862064	1.19080471697	2.80263535795	
0.127307502066	0.661110140923	1.2371782135	3.31899491841	
0.151001841123	0.580293201169	1.43808972391	2.94396510475	
0.136662640501	0.597555685498	1.21340618074	3.07189906434	
0.155456134961	0.632820193878	1.40580262684	3.2786823789	
0.149421358312	0.580497252002	1.48352638128	3.6313366023	
0.126432970362	0.574076841372	1.43266582838	3.25061361008	
0.158647658717	0.63819043588	1.55473623111	3.27693646075	
0.143052731803	0.522892449501	1.29259146621	3.21833815051	
0.146290685303	0.539020502821	1.51535731018	3.34822697137	
0.152721018398	0.582526992703	1.44656930506	3.38693818721	
0.146482028793	0.571306583534	1.28742195736	3.27474294742	
0.142401503091	0.674571346571	1.46708198607	3.63540241538	
0.147358519048	0.505056681883	1.45693922332	3.58813765484	
0.164259148688	0.586509016799	1.30860064347	2.73083865947	
0.123842854186	0.575422801847	1.18955520143	2.97948270771	
0.147113534922	0.537153490395	1.54907121321	3.3936556762	
0.172140940477	0.767157693054	1.35237037374	3.18072642246	
0.150384220906	0.633515781512	1.39687324688	3.70955692412	
0.168741542306	0.506757247064	1.45671440338	3.32398133974	
0.137189083679	0.54002976082	1.73855287592	2.99773076106	
0.142216766625	0.510994889487	1.52854066212	3.17633016676	
0.145245455278	0.547619707535	1.54056240561	3.64530904807	
0.146982638746	0.510850115511	1.35422210647	3.3985207207	
0.141053939537	0.5992639702	1.41619596547	3.51672514364	
0.172940216534	0.597634321538	1.50947767394	2.97673753431	
0.158556302347	0.594149115114	1.48669216114	2.68609486375	
0.141000943225	0.523306651419	1.57919548279	2.82584637873	
0.171399775615	0.636892695274	1.57132576813	2.96379873054	
0.160487622002	0.645948141046	1.3210378978	3.20983783353	
0.160804611185	0.576773365802	1.50290405873	3.45769848355	
0.117861532176	0.58212911762	1.48189189744	3.47842286855	
0.133841393206	0.60109261635	1.50663458936	3.59149044938	
0.153877099417	0.623426474796	1.582887486	3.39964748993	
0.151117553534	0.568394037067	1.34882785564	3.49128299882	
