3	71
0	1	0	0	1	1	0	0	0	0	
0.141934818683	1.01151406173	1.47399672128	
0.141223633796	0.977154377895	1.42220544457	
0.158488662535	0.887025491031	1.47677655275	
0.162300040643	1.0133143035	1.55942067036	
0.15334851802	0.971834213384	1.19504441926	
0.13250157151	0.976412381795	1.6214770105	
0.163595756219	0.995071036934	1.34252044043	
0.155543264145	0.886042040494	1.5274975527	
0.154272776085	1.12669363997	1.67329705002	
0.189205422043	1.03352573796	1.36590802019	
0.138504041726	1.10922631511	1.32980911537	
0.153426136202	1.01471198945	1.5244987695	
0.136092674072	1.07452938845	1.29662643853	
0.158998940253	0.830080403088	1.53063223651	
0.118051685339	1.09726775462	1.51914720419	
0.149182533837	0.863204608685	1.54989531228	
0.14006097634	0.881192029481	1.74322405759	
0.118896229398	0.969401944832	1.41892481864	
0.156735513573	0.903697109327	1.28266056519	
0.157620775974	0.893129294426	1.46682255554	
0.146839629004	0.847978374514	1.30928156472	
0.14623581203	0.781543540325	1.44356575364	
0.142557942413	0.777304294491	1.5576637491	
0.156920633901	0.770696720083	1.54944856493	
0.116166789323	0.841683083685	1.63481527381	
0.161437447175	0.763746047394	1.37993821818	
0.145183754451	0.993080189226	1.63947781951	
0.149208047779	0.890611871143	1.53968460364	
0.14205578329	0.869642599545	1.32035929984	
0.14809193945	0.865446366688	1.3712923668	
0.165435496479	0.837109130269	1.48905831783	
0.127341201778	0.885309137365	1.60293545826	
0.153589622636	1.05174463575	1.34944283321	
0.140058669618	0.850593499138	1.40345854582	
0.141669469715	0.951703196354	1.40366027103	
0.148564667102	1.06739473131	1.38910715507	
0.135411951477	0.747502645734	1.30278635904	
0.142510789898	1.09829460121	1.28175352244	
0.151535699875	0.879866712072	1.41865669689	
0.156995693393	1.00869894242	1.31141675369	
0.161692845368	0.866315195093	1.22214024821	
0.188307878227	0.790481760098	1.55426273837	
0.137037035966	0.892384136473	1.54441945142	
0.124904314497	0.828512081139	1.45127544362	
0.16770499837	0.899183715917	1.47548353668	
0.14852690991	0.787494230937	1.38946305897	
0.13538186564	0.929646167804	1.39095629639	
0.14966332458	0.937996765291	1.27801249057	
0.148884834741	0.835408830946	1.29148691645	
0.175371052056	0.894545622351	1.49265068361	
0.152918005746	0.959766675374	1.24605023898	
0.168479966942	0.821274821582	1.20820377069	
0.126672305119	0.864303770186	1.54598594936	
0.172595558609	1.04395726415	1.40904299507	
0.151456476295	0.976990043662	1.22570414378	
0.142051468428	0.793795078424	1.64339586309	
0.128195764706	0.985754092231	1.40439881016	
0.150107145716	0.964921322442	1.43127009419	
0.16176135795	0.975415489843	1.41969745151	
0.157612920813	0.89417773225	1.41445144364	
0.170605272458	0.911728225218	1.30467015847	
0.187934971064	0.897881354976	1.2525292901	
0.134395261736	0.958986193955	1.46283105348	
0.13432865128	0.943421788357	1.46101223427	
0.130737710854	0.974282385511	1.34337146401	
0.158735017398	0.92472009949	1.4787450217	
0.185007389554	0.981857397989	1.32768788291	
0.142335836767	0.768557489915	1.60636129862	
0.151234387244	0.766017811269	1.73875706337	
0.138309933611	0.876985702856	1.58880430284	
0.147717562433	1.03123259139	1.40124873394	
