3	98
1	0	0	0	1	0	1	0	0	0	
0.110754456491	0.855019711839	1.81938923223	
0.0933100544554	0.969577759919	1.97616415121	
0.104858141786	0.802956929018	1.75258493315	
0.102526332723	0.681391119623	2.2614310852	
0.0936606985803	0.84225651334	1.9926417422	
0.106881986657	0.857896609845	2.09633749562	
0.126041201942	1.01714082546	1.92659009508	
0.106881358267	0.794468687933	1.98064451783	
0.107771416506	0.804953038807	2.05288425172	
0.0846269256881	0.962525029234	1.81687660013	
0.0822300081245	0.727662292418	2.22487340914	
0.0992109082368	1.07640521016	2.18320626977	
0.0981923757983	0.966692247885	2.27515209803	
0.093037912476	0.825220844261	2.38146767148	
0.106994243002	1.0643179849	2.39560403281	
0.103804403447	0.985546030825	1.93766910993	
0.0854475880137	0.878612501344	2.48734834462	
0.108335136537	0.830404914727	2.28851391213	
0.0756112290497	0.79672719207	2.09983639039	
0.0848493948294	1.01774081919	2.04333690985	
0.10933795452	0.848721147216	2.21917872491	
0.0996167043728	0.925294866769	2.3631535863	
0.110952096855	0.922334764656	2.15624133287	
0.109674817307	0.985938567349	1.77058614545	
0.107536567611	0.94396813961	1.87720532519	
0.10460343411	1.00731814088	2.16801633632	
0.0932430782013	0.923008074433	2.04737652415	
0.0988211925716	0.97633402938	1.95168504708	
0.115832683257	1.01134141553	2.0080294651	
0.0903812669432	0.822236147957	1.95220634646	
0.110666500486	0.831503214922	1.69598450246	
0.0845041983483	0.894204787655	2.11277613363	
0.120102625101	0.951579005867	2.02055689642	
0.0939543384555	0.942779883369	2.5316255028	
0.0867910956757	1.01402885049	2.25298582239	
0.117253566598	1.10895561877	2.04671240803	
0.0988301503122	0.99800559481	2.17555229866	
0.0979832195123	1.04013047289	2.07355708109	
0.0979345856654	0.887406108594	2.0877304617	
0.0954225967687	0.879457271182	1.90951353108	
0.107132965278	0.867716164128	2.02700437287	
0.0891741334308	0.868601494166	2.15601890592	
0.0933696808488	0.9187985171	1.97629448215	
0.0948938309099	0.840196942743	2.48800590554	
0.0911976480707	0.872658347245	2.63902058611	
0.102502817611	1.08284651889	2.23798692317	
0.0901617795153	0.99380029516	1.96392637586	
0.100209294322	0.892152970489	1.91231016159	
0.0924153146166	0.930530245736	2.53286778346	
0.104810036738	0.968904639508	2.18686553761	
0.0871253318066	0.978736744883	2.02777185331	
0.117037172223	0.819034737243	1.9579035245	
0.0965038411082	0.774536829732	2.11809720957	
0.100895695497	0.948749840922	2.25006580442	
0.0900426401959	0.919096809698	2.28721662687	
0.0854789592494	1.02828176585	2.38954217771	
0.107850708968	1.18450771455	2.40544063592	
0.0983493266256	0.931501887671	2.20686237738	
0.10746337013	0.969107120269	1.79870803675	
0.0973260630985	1.01534958213	1.85949390326	
0.0824716497215	0.910022624166	1.94861405228	
0.10556483427	1.06166312294	2.51836203743	
0.100442141031	0.983154405229	2.38668593143	
0.111801455274	0.821331717531	2.03192338909	
0.121781985475	0.98748423429	2.0804334517	
0.120953422761	0.99236573002	2.12272615541	
0.0835903943188	0.910342194861	2.31923793287	
0.0809906335527	0.989411821092	2.08859410702	
0.0979934916315	0.903554815072	2.16381613199	
0.112875033851	0.917242501886	1.86009353543	
0.0972943412072	0.873194399723	2.19232949928	
0.0954671598537	0.934364640049	2.03086932653	
0.0973862356561	0.936282169301	1.80336000137	
0.0927636170492	0.81758131407	1.83065366421	
0.123595282339	1.11594869555	1.96973740265	
0.120433123072	1.06211382644	2.06656067145	
0.0999414046814	0.983078061919	2.03429650025	
0.113549301407	0.920081234137	2.44437581137	
0.0991117092818	0.906472717609	2.01705774504	
0.0807099517943	0.91027623819	1.93148607901	
0.102237967005	1.04383102355	2.08632327164	
0.0918207424313	0.863996314011	2.25858749483	
0.106445556701	0.977720276405	2.07154019043	
0.100311413061	0.772298264451	2.23436848958	
0.112266987914	1.02199454889	2.41491087323	
0.0927889262773	0.720506043516	2.19056335279	
0.0845338973769	0.977052169637	2.01506418335	
0.0987769813425	1.03137195467	2.531999535	
0.126548854666	0.888690305672	2.52542722308	
0.0905724088191	0.872059397624	1.79763325358	
0.0991398866737	1.00484625673	2.31588712922	
0.100580488581	1.02889282178	2.08081398487	
0.100566768322	0.909066382226	2.45296934906	
0.118430991749	0.863215695581	2.2232330502	
0.0933142919251	0.886784641701	2.32998992597	
0.10449110488	0.826683036061	2.06936409098	
0.0920738723715	0.99228019749	2.19706374106	
0.103542170604	1.03209707521	1.9962231875	
