6	41
0	1	0	0	0	1	1	1	1	1	
0.150764855317	1.26088445779	2.22272346269	3.36506770817	4.61105176756	6.06824376528	
0.155031447852	1.26424359738	2.26786580025	3.0712059296	3.99431480049	5.25387041218	
0.155793503701	1.26882184883	1.87250910089	3.3524683214	4.46157231685	6.64969373278	
0.148271844565	1.1851314333	2.13645901101	3.54300364481	5.74120207944	5.84447751908	
0.157600461704	1.32545678908	2.33910166177	3.20074868774	4.49552597758	5.93511534917	
0.173081776484	1.55652905111	2.07071909341	3.33121345345	4.47518411214	6.13245315344	
0.177484812806	1.30712237037	2.09070831779	3.17741864569	4.71270426392	4.98453138274	
0.160239391583	1.25401742831	1.95574553642	3.13088022881	4.2557868611	6.61508756323	
0.141290326458	1.23229409359	2.10647184789	3.77337824695	4.4020858312	5.70287588928	
0.166807571707	1.63858252874	2.14972753117	3.23715970965	4.4247043865	5.30050341195	
0.136822228545	1.73490023856	1.98498622957	3.80754697638	4.23666011215	6.25773886017	
0.168113241704	1.5684960625	2.00608279897	3.40242472456	4.61140397942	5.79861680146	
0.144690639472	1.51858495433	2.09837824535	3.42453210886	5.05979180526	6.05821478353	
0.147347478649	1.37790167062	1.87686492392	2.97287817607	4.82267388109	5.33588006596	
0.128613434106	1.3120058339	1.99848555798	3.20657770824	4.8028985465	4.86718261106	
0.189141664722	1.44532101247	2.20542603299	3.27853723672	4.88766930278	5.57668871763	
0.163993013959	1.48551424061	2.18518180562	3.10642549314	4.20592785345	5.80777771598	
0.163937410131	1.55801998131	2.40499658202	3.43820467232	4.94961585191	5.37643312832	
0.170613910481	1.46071653641	2.15392778518	3.39413381896	4.89643772263	5.36579177179	
0.166732448496	1.43232056463	2.58010292126	3.89589899059	3.98106121427	6.34041572088	
0.136152922979	1.64513004057	2.11999616084	3.39663013055	4.57682220563	6.39837774083	
0.162065704512	1.15695906726	2.33306338628	3.40554142003	4.82590483376	5.76718573371	
0.136002811147	1.5290648413	2.25623819758	3.13717081411	4.48752506444	5.80183925708	
0.135356228475	1.20469837052	1.77780215587	3.50411938931	3.78697059857	6.00863735738	
0.135361272214	1.457275565	2.13078271449	3.04707092	4.89452317799	5.9237639761	
0.159381611216	1.61972830584	2.24494314335	3.08914311671	4.78462376739	6.43718591459	
0.154888865381	1.54003724626	2.01893386572	3.11645482761	4.84970359594	6.25832929725	
0.147787276348	1.26463085099	2.00942288758	3.36302119286	4.33386759273	6.73114908659	
0.148837966001	1.17129567194	1.90173637799	2.77266028215	4.13117389701	6.11142395774	
0.158877434309	1.50692218192	2.46720926897	3.53324161541	4.3130074031	6.06567136722	
0.149430340526	1.4622088602	2.2288845919	3.13360061509	4.08050279258	6.4844205764	
0.146480298547	1.21307707682	2.11266524978	3.33223661366	4.40310243845	5.88214540532	
0.132987099862	1.48922827093	2.09251821258	3.32468728408	3.76674618858	6.28189693909	
0.139737958376	1.61985921221	1.95047427626	3.28127562515	4.94315543705	7.16558476296	
0.165753193732	1.34136401008	2.21514214178	2.90968545554	4.87784355509	6.24090286212	
0.145947866217	1.29546696021	2.13680484812	2.85498107909	3.86092924454	7.08747345652	
0.159224983739	1.59640722727	2.04751287244	3.58659400354	3.84019462788	5.83157166516	
0.136443462301	1.67695777298	2.32782163396	3.19550669023	4.65938907887	7.07961987615	
0.137922449811	1.14886931052	1.88645808691	3.00339381039	4.70484178248	6.42441793989	
0.142718512622	1.38769226303	2.14394628615	3.47754637501	3.95745682318	5.4198134756	
0.171517283929	1.60522657545	2.31980655816	2.43430649852	4.74236738419	5.82740974055	
