8	37
1	1	1	1	1	1	1	0	0	1	
0.102881089881	0.152890169784	0.395157190636	0.548363587948	0.950316833106	1.36251426492	1.89114248546	6.7467920314	
0.105356914371	0.161532906815	0.321479224634	0.43146638902	0.785443342761	1.24267023881	1.81255436788	6.68049570131	
0.0841035647863	0.148595338358	0.406575642045	0.576267726993	1.09272024257	1.32332007027	2.18612033217	6.80439379274	
0.0971012518989	0.120600732031	0.353023073793	0.618163511591	0.913420997664	1.46802365996	2.25507748039	5.29012462141	
0.0952076732567	0.138355516538	0.395454869249	0.630128035429	0.914170562511	1.31785066474	2.22818640266	5.44325691361	
0.106507789135	0.132559386412	0.316796354216	0.7858702532	0.929831490126	1.38417792769	1.93907250222	5.63953513301	
0.108846338668	0.147275368986	0.391053313446	0.526752685732	0.886333667662	1.59836639666	2.03375572186	5.20569424802	
0.105414753879	0.148913075357	0.345823114065	0.638239757505	0.884976461439	1.37871942574	1.79344090969	6.79950541016	
0.100381049349	0.153107707862	0.336469600876	0.676530573343	0.890896572135	1.6571985981	2.20001240507	6.43040816146	
0.0968430255934	0.141511875954	0.325895893009	0.662924801356	1.15892350248	1.5888546367	2.34197925518	5.62180108821	
0.0940661940329	0.150678225933	0.346211145053	0.566830314112	0.961106879331	1.44330352788	2.28942722859	5.45128530165	
0.117388579244	0.178206785394	0.388474560274	0.667853150147	1.14691529126	1.37300038059	2.16206168604	6.91119003503	
0.119580475711	0.147485955676	0.337938542322	0.541364592438	1.08647764148	1.45743054973	2.28733132889	6.37586363227	
0.0889550686062	0.147732649978	0.357867660893	0.581902850564	0.90122473953	1.31850126365	2.32138449027	6.69770372963	
0.096996510029	0.139731100008	0.347030035327	0.579613619806	0.840228336415	1.44745931152	2.0844676269	4.56191383982	
0.0995175660731	0.146130560442	0.298524672577	0.552058300075	1.0118310441	1.37696545593	2.0274924615	5.77473201864	
0.100693539669	0.117086899328	0.352682108521	0.557146656428	1.01160556058	1.36247567053	2.26246564551	4.96704912514	
0.114205199487	0.168169981768	0.356152916604	0.578491565746	0.856413672254	1.57476381562	2.15917524469	5.37439447555	
0.118614239765	0.142790392781	0.422810593061	0.610539517965	0.836261402291	1.67422844234	2.4467117764	5.33930354628	
0.113724470684	0.163737320164	0.367080169779	0.526411996398	0.89155039488	1.35902876706	2.20959967265	7.50249629202	
0.111297646538	0.135802304836	0.395827031931	0.564883956188	0.947400515382	1.49186671703	2.34348522122	5.06846538441	
0.109160356363	0.129860551072	0.355279696045	0.496899764352	0.963094952102	1.49290428512	1.85762800407	6.2122575226	
0.111180530161	0.127982477307	0.374023372001	0.694464767939	0.993314440291	1.35193655325	2.69757938341	5.74198115469	
0.0814698876349	0.158876143676	0.336099290129	0.671102381857	0.815023605618	1.77941628705	1.90353715969	5.58080456283	
0.0938102333242	0.153125110254	0.397546010306	0.698597355635	0.988714087213	1.33544670804	2.25695848648	6.28335946075	
0.0852733694936	0.155773977089	0.42551977417	0.63244179219	0.707072050813	1.19958990543	1.99939117209	5.75981011781	
0.084717155939	0.137223272494	0.424931282986	0.71746288313	0.844627027986	1.19536781962	1.91922845013	5.90148556526	
0.11488963744	0.165006659159	0.469421061641	0.669888881225	1.02155452516	1.20563400123	2.18988885921	6.1834466129	
0.0951480733665	0.155660960274	0.418866788518	0.617487244777	0.882833079487	1.59331386379	1.93430919782	5.69440450368	
0.114523297283	0.111524261816	0.450696732807	0.573564166709	1.02444629403	1.49402547722	2.09609845128	6.60921124279	
0.0987336476964	0.142101568483	0.351190903087	0.574942295151	1.10741793932	1.54500648989	2.07082583252	5.8172887573	
0.104378839453	0.160690562874	0.416684807812	0.514653656152	0.836370285921	1.42128708879	1.78355781428	6.66992696433	
0.0943002094653	0.132299174722	0.381764142913	0.654871910721	0.751559489875	1.20457654797	2.62506017948	5.12549663747	
0.113988211567	0.153513933978	0.451153608105	0.499571672458	0.766902283662	1.69721038429	2.10504521259	5.55962820981	
0.0946382091212	0.156905155345	0.357018739382	0.632556586751	0.932071196629	1.40912401911	2.13381308339	5.81308007029	
0.0950661070901	0.136545246886	0.406331375338	0.548266986794	0.784086449669	1.47327546084	2.06182759543	7.00490209499	
0.0987750563063	0.180933144303	0.459628458877	0.663039032113	1.01666536653	1.42205718022	2.33595321629	5.61501776341	
