10	65
1	1	1	1	1	1	1	1	1	1	
0.101953550007	0.166668319288	0.265721205186	0.717312197517	0.894624980218	1.37688866971	1.87965943323	3.31746523583	4.5950787671	6.85951832697	
0.0970994968995	0.133985789409	0.365378544102	0.493927364534	0.861242672464	1.37705760054	1.90287749618	3.29006364752	4.69059116861	5.67993033368	
0.118420146351	0.156960288621	0.37219494233	0.681211875842	1.02929935961	1.49533326687	2.49176505801	3.12143713941	4.24232425047	6.72855768685	
0.117525967941	0.139597000364	0.439441268844	0.575678341478	1.00534596422	1.34761378919	2.10715466855	3.32278258773	5.53653990682	6.61098347145	
0.0890615529374	0.146845636844	0.276124952517	0.65838747757	0.902897142032	1.25747936956	2.32530345895	3.52966731105	5.23757244708	5.67827456975	
0.124408460506	0.163545264519	0.380187795128	0.676347517093	1.02850555732	1.3972203328	2.15849812846	3.33358713343	4.31254559151	6.24475231436	
0.0937784558305	0.148052116509	0.285899380965	0.612954896511	1.00405179203	1.24773999777	2.3554116005	3.08471352131	4.55878390089	5.1073587506	
0.094351209616	0.177982871469	0.30915857637	0.609490636435	0.887097993018	1.4619438814	2.2816685137	3.40392711739	4.20828663975	5.94217037139	
0.112061307307	0.153621356193	0.386025967096	0.621414629006	1.00263925947	1.17361148298	2.47628553118	2.90472828476	5.02088551903	5.73536467784	
0.0848901927635	0.15101889974	0.368449002762	0.582211768057	0.8877512851	1.16132194414	2.04189630943	3.17247646402	4.95489007496	6.14689690564	
0.106332673517	0.167189113008	0.372814617732	0.454587730241	0.825664828719	1.54505075553	1.88406746574	3.1695197306	3.9408563876	5.54928416225	
0.0978621700632	0.154403591906	0.400377876339	0.560501223111	0.983512924107	1.72464592992	2.35643762104	3.69876892709	4.05614487813	6.90774612037	
0.111035725868	0.145044909648	0.371038613118	0.629017451764	1.03420327661	1.31851402897	2.29698655794	3.39788216688	4.83936504302	6.57132137398	
0.110567539568	0.138841718224	0.337369983505	0.54698506596	0.835816787741	1.38276184625	2.42639075625	3.07369150064	4.63590885217	6.18466027797	
0.0857105329416	0.149840665183	0.42009264754	0.66551468717	0.918763352453	1.39342655571	2.21202344526	2.7937471663	4.12981430211	5.10362862383	
0.114819421084	0.157749814487	0.402269705765	0.617302933043	1.02313582157	1.45241820065	2.17996763394	3.27988065826	4.6511062924	5.29202616353	
0.0867518318185	0.152490989596	0.405380019241	0.651189945181	0.756431992102	1.62391894636	2.43898479917	3.31756946743	4.27617365897	7.00414902975	
0.107645776347	0.137083517966	0.386853889456	0.616843035641	0.867908234483	1.16265516279	1.64355667701	3.71594020593	4.86761600623	6.25445302116	
0.0750023415326	0.153751389976	0.375946780246	0.607928811403	0.923195782043	1.19426827019	2.27615960869	3.2702941136	4.55857216029	6.50050775473	
0.0972034276246	0.144816967074	0.358233988837	0.646650291916	1.12708073679	1.84332293109	2.32493298143	3.72905244286	3.84357865292	6.34211383153	
0.103091654505	0.135179860853	0.388176494761	0.573605837279	0.942499385509	1.39974303454	2.28801362882	3.23368008563	4.9091794905	5.08177610485	
0.105014225781	0.142157242863	0.28772129905	0.6893633629	1.00198485341	1.27202748888	1.95293895351	3.25687825163	4.70736391237	6.8277517606	
0.0968956431168	0.144630358102	0.307423523724	0.538651350123	0.841561704491	1.31163127383	2.3054456124	3.69279272591	4.00468811701	5.87632667901	
0.0905069408407	0.127882503134	0.375472202283	0.597601540584	1.00833942485	1.69324255071	1.85148842062	2.64319289649	4.53766636426	4.75619299196	
0.0779768035458	0.122240607938	0.36271493023	0.58862793057	0.870414746098	1.3278288444	1.93332440697	3.2296190604	3.82364362473	6.97596219617	
0.102824814911	0.161356492594	0.370346013503	0.546303631085	1.02248976422	1.51082616738	2.53015002247	3.34838552141	5.12601939593	6.34149084165	
0.109958001917	0.14055737919	0.446872353464	0.641382565153	0.799985908662	1.39810095366	1.9102889314	3.06577850213	4.12733178366	5.05334241328	
0.0990106810742	0.149432728875	0.422363382996	0.604166279083	0.856605341282	1.36029335355	2.4811822692	2.98520461585	5.56045708915	6.15384572861	
0.0803431018797	0.133855852081	0.319523004017	0.582339290483	0.951213329232	1.34222847653	2.2074564306	3.40041342092	3.82629109039	4.44670459005	
0.100293216355	0.156349797707	0.44191113126	0.672771599921	0.923883812779	1.31290821839	1.90192947747	3.57725060049	4.44743278238	5.6939330865	
0.109034197416	0.171141396085	0.301386433005	0.625278500344	0.993488578259	1.40003933867	1.91007021596	3.18496230892	4.15616703004	5.35722877933	
0.107294936807	0.132360892501	0.336321031245	0.668040780214	0.929038732119	1.2608982569	1.68157225773	2.79528399162	5.17026933154	5.58658423354	
0.101796999009	0.179212133915	0.430592578105	0.50024332821	0.947028222098	1.10982944831	2.35352504002	3.6845012244	4.19887335044	6.3233449469	
0.0968970294968	0.146476295008	0.387658141494	0.684882437462	1.00819068904	1.35948746101	2.26427212394	2.70451218525	5.15690279298	5.34672898214	
0.107526454711	0.144593785674	0.367400768592	0.5074347891	0.92901124638	1.50293612508	1.93171004044	3.50610902114	4.09871734636	5.50664938652	
0.101663197096	0.166368386271	0.454672568422	0.587436847474	0.753593831675	1.30441947363	1.90933550742	3.77513845156	4.48122507495	6.74028559785	
0.102450863338	0.140511215424	0.418047253275	0.604894084403	1.00307963558	1.51008188828	2.46235991332	3.74267107009	4.53608785482	6.64719195889	
0.116282780945	0.173768231522	0.379636708935	0.642134138336	0.833418860168	1.54574347337	2.02968244742	3.84539668283	4.73485588774	5.72769572584	
0.116586966976	0.141203777031	0.401419406146	0.616073641033	0.885511734582	1.4642425512	2.44813544522	3.55181218859	5.7860635666	6.5592637718	
0.0933650628396	0.13467555183	0.339305440082	0.555788011446	0.963609407723	1.59091555212	2.06906279612	3.2082844497	4.33354665065	5.14346995372	
0.117975452997	0.165394513487	0.455442774283	0.536079156222	0.880805797247	1.37543545689	2.39116143003	3.66268890347	4.3483668957	5.00645386547	
0.0968237846302	0.131071149072	0.442393109811	0.67603852604	0.863757798937	1.39392064078	1.66270643373	3.17829850672	4.2878312596	6.05983933075	
0.103672770259	0.116222144538	0.422299355153	0.654012129946	0.934490517706	1.60472933987	2.28001087611	3.08850696567	3.72101905625	5.74679015581	
0.108032280695	0.160530657827	0.484483395953	0.591378956627	0.905761276544	1.51006247484	2.04918136558	3.00140066017	5.26501521631	6.24285490784	
0.108580380075	0.143036344642	0.414346093233	0.610856325017	0.919376322245	1.45647701763	1.84598080593	3.45220734589	4.90032317677	6.80219937415	
0.122195465559	0.166716500701	0.4357567872	0.595285589202	0.954813818231	1.35304354133	2.24733900096	3.09349765828	3.85277983763	6.49912704725	
0.0983317982965	0.176680512217	0.365514992184	0.581888687576	0.816585108692	1.46828834074	1.73482907618	2.93651115458	4.44044368295	5.42497749184	
0.0881354546382	0.126091847702	0.323946394158	0.652228278501	0.942481969744	1.34039989578	2.47294683793	3.35787702423	4.91234659526	6.30725538392	
0.0837450128686	0.154979862771	0.402916283865	0.470257533854	0.796412252767	1.51242683085	1.96313647793	2.50231599571	3.80014051959	5.66632638816	
0.0939384912426	0.134529068117	0.343582645168	0.587212024636	1.10417902519	1.20173901904	2.32453284182	2.84106331797	4.81196820602	6.6907011465	
0.0940842715601	0.176480292053	0.41440091474	0.773752230026	0.684702916233	1.56216299605	1.8801252176	3.26367219081	4.3230194671	5.14802738746	
0.0951634805026	0.15287214195	0.428950748037	0.525852253148	0.859412836731	1.44837453595	1.96931721861	3.42216376677	5.45694740989	5.94787704634	
0.101705435095	0.152775211993	0.374496770721	0.609515552538	0.925765891247	1.46748688717	1.79706107908	3.09798623483	4.63219263628	5.42068151345	
0.0925119097233	0.161210079906	0.395494447669	0.666366069367	1.06250021156	1.35962837074	1.97551252393	3.44749743272	4.46746236964	6.72530534933	
0.102186313521	0.15828328833	0.370485214246	0.534808392283	0.908774082617	1.09584393282	2.23088005119	3.51994480641	5.33119260193	5.83080622988	
0.0994155779631	0.134961763258	0.362262225019	0.585726294135	1.00086850315	1.57648440247	1.92429223512	2.56496772962	3.70033688	5.92545781118	
0.103155716179	0.161874541147	0.412054861493	0.702873105157	0.991313380872	1.46322485507	2.45965743639	3.04110060778	4.73743505083	6.59000877163	
0.124483663388	0.151724548003	0.352029529051	0.576307067652	0.980363682947	1.3760411636	2.29740890704	3.00635468165	4.58564165106	6.12673904818	
0.108970159942	0.146746019509	0.33930175551	0.611335958724	0.93556081947	1.56520341687	2.33374685633	2.89686313024	4.41546005001	6.61596526945	
0.0956985068272	0.18406960297	0.432888268648	0.51635859399	1.02393430477	1.31251706089	2.38053842502	3.26289664169	3.98941995128	6.10146838632	
0.0934882145552	0.155006500323	0.395864925369	0.583794453345	0.97968220695	1.46165206312	2.24616368639	3.12575818783	3.28787792195	6.26581082998	
0.109630882128	0.142481849387	0.393677404561	0.657125572357	0.967707997077	1.55955569314	2.37010015008	3.44378809155	3.83490681668	6.41815972093	
0.10714920786	0.158910444211	0.354628413036	0.532339937926	0.963293374144	1.62451417403	1.83229049356	3.07274002473	4.95173102433	5.71763268431	
0.0842600673933	0.156358072468	0.368463401477	0.625720481759	1.05818126182	1.43520899564	2.05373475305	3.5556783138	5.00189281461	5.95228888784	
0.114117735448	0.155187943649	0.416775365961	0.601166424828	0.935683805834	1.37302483303	2.299545636	3.1199461534	4.88313596879	6.48962081792	
