10	55
1	1	1	1	1	1	1	1	1	1	
0.103479688486	0.152459668633	0.38873683204	0.583253013374	0.864619507534	1.68569306471	2.06137130917	3.04526075348	4.25302245847	6.06395254297	
0.0983601784275	0.149215425482	0.359087955819	0.585534040428	0.940644379806	1.49782823308	2.07388257373	3.71178797452	4.16802162051	5.39867180509	
0.109211246693	0.166026101335	0.422969120741	0.583578234208	0.706456221309	1.41262904638	2.04378964069	3.09100867933	4.23905949072	6.2755991241	
0.0985120067408	0.153169869508	0.378419913092	0.625754178729	1.0406117752	1.64998887911	1.99275858134	3.63354070016	4.43722264177	7.57466768559	
0.0875828696247	0.1833572083	0.369173431413	0.561980026895	0.915263478132	1.43684519561	2.3374100077	3.23353532121	4.41253581828	6.86160261635	
0.101681993202	0.159485798989	0.389393087616	0.676218635122	0.925815100241	1.53148901466	2.2188134251	3.69692123841	4.62238308971	5.79123372983	
0.0940702067693	0.129899419102	0.459854647584	0.597196583497	1.09953301798	1.28977694516	2.00745103813	3.16954087738	4.61679943662	6.63132755879	
0.104652333911	0.138907318089	0.404461114105	0.50635693953	0.900625426237	1.42412698053	2.40360593382	2.71722698205	4.21578303693	6.78299612342	
0.116640518725	0.156947060747	0.361595485356	0.556937778691	0.967610926373	1.72220043576	2.11623914571	3.74045127174	4.23182997093	6.30070474024	
0.101037120222	0.162601094101	0.373718027852	0.632398503505	0.814052819275	1.72469648237	2.52974247771	3.3951862048	4.50708642946	5.47463855243	
0.0995540993333	0.14532404373	0.358160933496	0.663977120287	0.852007084615	1.42107879989	1.47876599723	3.90144114695	4.61335072906	6.2380116415	
0.115809668294	0.139825299685	0.28893427763	0.52859792594	0.874023407901	1.44143899492	2.16845705365	3.37906763712	4.52349886594	5.7793375948	
0.106775647057	0.158610731194	0.346130692002	0.6198685675	0.822709496121	1.1642753841	2.51398833891	3.61306681359	4.054671309	6.2070513193	
0.108688700175	0.120780373884	0.339796338738	0.600727555104	1.00245000549	1.16102946814	2.58225850621	3.27589286002	4.91108628685	5.2418295846	
0.107633097195	0.109557721864	0.317969795705	0.614579660441	0.930975301884	1.37928364542	1.95574224938	3.14593702211	4.84126759543	5.61924858652	
0.0785997183422	0.143619352722	0.28972883934	0.54623850843	0.85681774256	1.46228657678	2.33619377135	3.09585128172	4.01157181533	5.52678132249	
0.100841126091	0.165041320126	0.435775966536	0.673562976473	0.98772747036	1.33758763923	2.2663231866	3.50275800152	4.5496040535	5.56211932577	
0.0972887366164	0.156080728201	0.260711287679	0.570370997177	0.862202015368	1.58850405146	2.4574122897	3.26553987345	4.76648936092	4.9979182734	
0.0876559275921	0.158504180658	0.303336353915	0.63921898316	0.943911549203	1.32997766724	2.26515861012	3.45049402787	4.29760085711	6.38162835909	
0.098503325993	0.148225820239	0.377559741318	0.521363634307	1.06558291385	1.41907582156	2.1621273347	3.41789146954	4.1165821845	6.38700983098	
0.0946926529226	0.131629609071	0.376187318746	0.635207644357	0.809440246526	1.36106815958	1.99173251667	3.53705487454	4.73570789436	5.70579262692	
0.103834016387	0.151096824228	0.351553581145	0.593144984264	0.794946686023	1.34053361477	2.3331220919	3.05877949279	3.85207450146	5.86956599931	
0.0974522188022	0.16267654964	0.393502995219	0.658117943545	1.0323144806	1.38126184904	2.37050005583	2.99620658134	4.78840454323	5.90706769103	
0.0984228241957	0.16699422769	0.382014461802	0.517931377976	0.953710195879	1.51017085899	2.08810245325	3.95742233698	5.46617447365	6.43322806879	
0.10762935781	0.142160192113	0.341144715065	0.599995658676	1.00823049118	1.59440081888	2.21265427283	3.34079797586	4.64149390513	5.97009701867	
0.0983997257789	0.134678351258	0.358157127139	0.567993494277	0.96692310499	1.40611623787	2.28068705195	3.98237497331	4.96290549543	5.95370255105	
0.100200727544	0.156296210903	0.411269744047	0.519847689781	0.891912239561	1.30705788906	2.20713763519	2.74087773597	4.50021565339	5.254216697	
0.0794478806639	0.141917187354	0.385884330752	0.537876271492	0.980298467335	1.48324998431	2.04553406934	3.7079954705	3.22500744426	5.94424466779	
0.111982536852	0.14185504038	0.339048438719	0.680737860258	0.903945264797	1.3777172147	2.46080498625	3.61625182756	4.2474301717	4.83514277511	
0.0885822641326	0.137451202363	0.417106931655	0.618950600165	1.02990357587	1.70968879268	1.91627797131	3.39540957829	4.36073408956	5.76747149603	
0.0942027163621	0.177213114767	0.393087986563	0.713160373593	0.905670844076	1.13601751971	2.0353998061	3.39072934268	4.47368553759	6.30272431954	
0.0962902980537	0.173425593908	0.438898499877	0.706361272584	0.893661967508	1.41534748144	1.95487536565	3.70622278086	4.55891082611	6.13142683531	
0.110928161642	0.1527592727	0.367638059879	0.563445547312	1.11155551057	1.26698848523	2.39766570631	3.02138342656	4.74596072907	4.67941230087	
0.107476308433	0.12064510918	0.380712403952	0.61653317797	0.876266910839	1.47583450202	2.13527271119	2.94630462673	5.32208367113	4.97918141402	
0.115560205768	0.12565452603	0.411542230995	0.535760940875	0.8823591405	1.20759989259	1.97097050673	2.72934247677	4.79187028007	5.22147083326	
0.101339912574	0.155925647872	0.393323827881	0.705609489286	1.00684547102	1.3369713755	1.92080913704	2.85235709217	4.75867448703	7.0175222349	
0.109058830819	0.175340090067	0.385602973001	0.542392609606	1.0288193262	1.26208230377	1.89744557746	3.08248262751	5.34871074361	4.85057731256	
0.114836551408	0.152368532479	0.437751565917	0.585201736939	0.77992938633	1.40631068368	1.92616624316	3.49062692003	4.51591607966	4.94212006773	
0.0845315413364	0.145069193174	0.350487050775	0.660337485038	0.944818874131	1.30108165156	2.46608371786	3.09737801153	3.54518377109	6.41189083226	
0.0886777430913	0.138330809544	0.457558070023	0.643373232916	0.86934615304	1.2777267346	2.30209577363	3.63655258334	4.32219053487	6.70846475474	
0.110350254493	0.151222486542	0.375697051247	0.679730069797	0.900152171678	1.44672675461	2.24831273308	2.86272782164	4.38506473126	5.46758240969	
0.0836542660084	0.148762675573	0.418726749232	0.569861478057	0.898009902924	1.25902299336	1.90636627874	3.74306315888	4.74810681039	5.70147292968	
0.100368024543	0.172487175993	0.473245823661	0.583607157697	1.06292421185	1.17943122507	2.42853480634	3.39615019204	4.26608957843	4.9708175717	
0.111590056437	0.12751283465	0.368108773877	0.628130722368	0.82660374836	1.36358589578	1.8449936349	3.40076511627	4.78686122284	5.10072633869	
0.0934018557256	0.136425092988	0.407004824876	0.53731443358	0.91734723513	1.2022469701	2.51418070934	2.99880205949	3.76796708421	5.7299072577	
0.0914438047355	0.154358647699	0.294378946443	0.652827863774	0.862420042129	1.16863711705	1.96381769244	3.15358746315	4.73812338004	5.7456721888	
0.0993652522971	0.160614042361	0.370760217131	0.659376739354	0.918256466358	1.35374028525	2.41040443049	3.7222316049	3.61686680409	6.60876280635	
0.106586632663	0.148406729777	0.307454516741	0.570490475066	1.03524559699	1.39911861907	2.25834651455	3.50917801861	4.27068510476	5.84022498011	
0.104869941701	0.150358038744	0.424582575285	0.625681881843	0.764802663287	1.34600276732	2.27631950336	3.33578535596	4.09396760439	6.17170088149	
0.0923283010929	0.144422327905	0.406400768603	0.567329660971	0.973325146255	1.34834397106	2.3447273677	3.47028206428	4.23332589876	6.09277134513	
0.100882809661	0.179435258486	0.35254721047	0.643345466364	0.99505988138	1.44656391314	2.5477437434	3.41392239313	4.37773502567	6.69024374216	
0.116776592363	0.162445743738	0.391003996618	0.639744763924	0.862056413754	1.5485722819	2.28252439136	3.59970034943	5.39858338775	5.95651917491	
0.0916938801357	0.151605952746	0.413105351141	0.672680413742	0.918671622136	1.45170736989	2.37143848883	3.10627001551	4.83569473857	6.02910302076	
0.0903687826968	0.166652677338	0.268005724267	0.592645166373	0.843918899858	1.37145666505	2.21946727403	2.71805340078	4.12295067173	7.2481373998	
0.112495367636	0.140490841402	0.358547462611	0.631467687297	0.90889442789	1.36443879411	2.25419381774	3.37247889865	4.13721235469	6.82609339109	
