8	34
1	1	1	1	0	1	1	0	1	1	
0.111040086285	0.132106595758	0.357388795424	0.671438567927	1.68761070154	2.21174158085	4.25918922023	5.77514684357	
0.105586756791	0.144765230351	0.36702979388	0.522674977432	1.36999737136	2.45164702753	4.33561501147	5.83834665155	
0.111260566879	0.176676552629	0.356251117108	0.589864147007	1.369534515	2.24548744158	5.1654400068	6.77092740024	
0.0921982634806	0.175839942939	0.399302827683	0.680026985776	1.37907869441	2.0599511789	5.31741073407	6.56378558257	
0.10859115037	0.136407532677	0.330287078691	0.433617175933	1.51408709912	2.13671103864	5.16123052168	5.11470847766	
0.0969896995501	0.135028999731	0.353350311112	0.555025629599	1.30803849342	1.77434448248	5.07772948033	5.62753175787	
0.0962668037566	0.15008076302	0.367689218468	0.695893501574	1.10529976148	2.09892127093	4.58713729227	5.58910127579	
0.106142439343	0.140843188433	0.357977697127	0.664869280341	1.13348317358	2.21186657775	3.84560517979	5.7893566664	
0.10717029942	0.123294817112	0.344793386366	0.586361557193	1.60135889081	2.30560287574	3.68252072556	5.60996791	
0.101674446495	0.13864741194	0.407847571637	0.599872728218	1.1124449505	2.21584271883	3.7872564354	6.93718420836	
0.102855153765	0.151972010668	0.362786337076	0.612208109007	1.57182035039	2.2223677535	4.50889224863	6.20631491638	
0.101740447152	0.156732816863	0.383122915682	0.63744170821	1.61310800287	2.11915621464	4.40777378238	5.59087617328	
0.10498669778	0.137331774911	0.35785407161	0.566768051703	1.25803187699	2.43239250878	4.08557678431	6.66600773192	
0.0780448582681	0.130184201628	0.378864542238	0.696614459674	1.28613664718	2.13014737134	3.94298032531	5.6124386683	
0.0912306262711	0.160997716732	0.385918751691	0.7045190247	1.18139819076	2.08425415388	4.2953430713	5.45801980726	
0.072654394854	0.127048376659	0.353752376127	0.514854915865	1.20839324077	2.34953096656	4.78429628626	5.69550651273	
0.0821015832528	0.153654174109	0.366099311289	0.608423292188	1.1035230624	2.12874347907	4.60646110584	5.79386576892	
0.0816011839163	0.129481514755	0.308701890564	0.558432475945	1.23083044347	2.33133713331	5.27745055485	6.05278378961	
0.0926400622972	0.129569871508	0.390404875694	0.605304195481	1.40108182654	2.08557264317	4.53415952942	5.34773800448	
0.0904985756122	0.165657714672	0.281827868646	0.625538030907	1.2140101928	1.84154928246	3.90180311363	5.51882304719	
0.103584281168	0.154471703503	0.376815453853	0.556218744644	1.40945910862	1.86761645615	4.74514004982	6.05900187654	
0.0951756361903	0.111747108106	0.428471315197	0.676400107415	1.56279340439	2.15458257036	4.2886024274	6.97993296897	
0.0869339859071	0.162953598811	0.393044267012	0.469384612496	1.46460063337	2.05972927897	4.44407756417	5.94255036464	
0.0994528708655	0.150784268867	0.372698342905	0.699975302608	1.20902948766	2.2417780099	4.57433753167	5.5283078981	
0.107141314496	0.155114078854	0.388117331202	0.666604574093	1.38645160178	1.72844645451	4.91275537844	6.53314119439	
0.106746841759	0.119139028845	0.372237538764	0.634083887479	1.60740356808	2.19439471502	4.3928161936	5.68168183767	
0.0909087392967	0.183495701111	0.372985239345	0.5861740376	1.50106114651	2.68852732187	3.94708293069	6.41326569398	
0.103009186054	0.148372113417	0.340910020967	0.628057257476	1.34439657091	2.27875073836	4.29867281568	5.61630946992	
0.111467330448	0.155347203251	0.36212171779	0.575171315007	1.44123588936	2.49138009768	4.07189211393	4.84875233912	
0.103861560003	0.155928027808	0.306872418017	0.578287579635	1.38409215668	2.28781745428	4.05764556688	5.59819766677	
0.0962264638504	0.174499704479	0.387811114078	0.602811495572	1.55883741522	2.06483098161	4.53872163497	5.70696925327	
0.079177824963	0.145938911357	0.356611230649	0.602483216588	1.50385459093	2.29022979195	4.15413863431	5.6417542938	
0.0863962092852	0.151478962255	0.40602755261	0.577901942869	1.14435971124	1.85974115873	4.47584142617	6.25669525909	
0.102352192994	0.163624241269	0.39389059326	0.69608352172	1.37981205948	1.96057182037	4.75155068576	5.67456000741	
