7	35
0	0	0	1	1	1	1	1	1	1	
0.548512458291	0.950675326364	1.68442871418	1.93706758927	3.19888416669	5.86342551163	5.25347393394	
0.551304526493	0.889860729301	1.27961436825	1.91929525371	3.33095798777	5.01001232387	4.56142586572	
0.635892358377	0.967138296506	1.4931677227	2.018671714	3.09388053343	4.66834006433	5.69978173623	
0.5463081807	0.829456516404	1.50506710245	1.72716402741	3.1605015376	4.42568975091	5.81660933474	
0.594541138247	0.863768783289	1.61975678068	1.82601319036	3.23472001033	3.96535226898	5.4977831666	
0.613368351255	1.01471359347	1.46874702387	2.12912781782	3.36562279725	5.02736020283	6.25531443609	
0.502020764328	1.07115200441	1.50636676473	2.04886199632	2.52437726187	4.6812824571	5.87972222347	
0.675972268407	0.9191475114	1.49635777552	2.15158850353	2.83358704055	3.71020973158	5.66307332468	
0.540023274061	0.857264899227	1.37604102285	2.38091969781	3.30757299549	4.97080340562	5.49310917778	
0.534886695297	0.968320099602	1.44483892246	2.39183533417	3.30787490474	3.90805567899	5.58392481135	
0.565789383216	0.963005945382	1.53604786225	2.04442456836	3.12664160811	4.30945087205	6.33244338762	
0.499332697654	1.07089797147	1.61902395204	2.17285219096	3.15492049566	4.83176350928	6.52923612638	
0.645270387398	0.875768739316	1.46791049935	2.29982923037	3.04506187558	4.62977091651	6.83760946579	
0.660571009711	0.970299068423	1.49628494788	2.03602279074	3.4627052697	5.0293352903	5.82853456965	
0.672595778613	1.04036004405	1.5345231928	2.67308094666	3.077154731	5.09260068982	5.84954570119	
0.677495712144	0.861123464565	1.47705592518	2.19647288057	3.14460850645	4.59084466324	5.10314459293	
0.58309615086	0.8643930213	1.32875748122	2.04927179347	3.31007250166	4.7956982397	5.24596601957	
0.624299180201	0.871117738885	1.25568293122	2.33672279337	3.1270995402	4.93676681451	5.31821579425	
0.612888185242	0.892982536349	1.53431176798	1.93125597166	3.04620057435	3.91933986476	5.65808391713	
0.631620356606	0.84421184326	1.2675237344	2.59526431796	3.3065341131	3.35231206848	5.25804093761	
0.55585332849	0.98504311774	1.42538449175	1.90130802972	3.25179468179	4.46908460277	6.77126989402	
0.665513265075	1.03570574702	1.55405354421	2.15605911411	3.29989555046	4.55865413191	6.06262793915	
0.609776383169	0.915839838272	1.42379543044	1.80002220881	3.19462717683	5.00676104101	6.30490435826	
0.527297553059	0.827449756	1.40313404439	1.77173704694	2.66937091915	5.18283141079	6.51445838712	
0.659262860376	0.965531965624	1.38848377595	2.09172579678	3.09062636436	4.88305669541	5.38958106019	
0.595145028768	0.895134789823	1.30526534173	2.29629346498	2.76604958181	4.44775980499	6.89386266121	
0.664198736769	0.88589340413	1.46894444723	2.11721862271	3.0114000059	4.79671400011	6.44537944918	
0.669792914455	0.908686820654	1.22106023135	2.31365167787	2.95699129841	4.12401413106	5.83757694261	
0.647951376268	0.969964902458	1.57753443622	2.2365385059	3.24303978236	3.87620868109	6.23276533291	
0.625004352133	1.09608614097	1.37745033254	2.18092280183	3.43194582859	4.75411604332	7.24489495402	
0.486792409334	1.00460917839	1.34799739986	2.20410344697	3.73249972427	4.28748731761	5.27711119578	
0.599163199518	0.864887626178	1.57104584433	1.75973045807	3.34511065298	5.26282928781	5.57320354012	
0.596651470014	0.943975628213	1.66890869814	2.13618456483	3.05360977985	4.32739473448	6.13878684854	
0.599185719195	1.04187006446	1.43036577329	2.32214519311	3.29776344174	4.1249836861	7.0278466704	
0.663517116534	0.882651249464	1.49171152571	1.98130825036	2.82904782881	4.8822268251	6.45219600522	
