7	100
1	0	0	1	1	1	0	1	1	1	
0.0744785599957	0.658397083564	0.824560160463	1.25487669237	3.55183924684	5.01016479959	4.77115885853	
0.0949194566918	0.563004065621	0.98974337211	1.43190878792	3.57456994728	4.43262346873	5.42739874616	
0.114064171817	0.498083256587	1.00071262559	1.17409756075	3.03877025975	3.98793317502	5.50852380548	
0.10538513324	0.647839617356	0.912149728859	1.33650163941	3.08695955765	4.68485356911	5.84694356549	
0.0928136302257	0.636516925818	0.877142930304	1.30251768674	3.31437904358	4.7775802496	5.53858861727	
0.0920782652867	0.622098450159	0.940890469591	1.35895666976	2.73168841489	4.49346155024	5.98863525282	
0.0907351200137	0.678228008992	0.912273749496	1.54364659124	3.50243418717	5.87367946551	6.99464788602	
0.0993020812731	0.723769770258	0.892382405514	1.32562350303	3.33299029171	4.3637176104	6.00342876543	
0.105974771706	0.632522467223	0.957078122947	1.41503175662	3.07353410878	4.44456502026	5.73292399782	
0.0937790342592	0.588082380324	0.759399021723	1.52762829773	3.46285553302	4.44009815756	5.70774131101	
0.104682586987	0.685753437558	1.00888419362	1.55656335748	3.03665175011	4.50812535426	6.13678448009	
0.0869175175473	0.623014735389	0.884543329829	1.56515465106	2.82686611529	4.4651528687	6.03622677063	
0.109077855873	0.513617153137	0.821578530139	1.27197381605	3.28724365044	4.77354912757	6.01569444901	
0.0891169102987	0.560739187663	0.754842309472	1.65727092523	2.97082771904	4.66388261894	6.23640907083	
0.105772694531	0.566587434108	1.04359055046	1.64385638806	2.88364103151	4.62880060197	4.9306688113	
0.0995594875689	0.678295887966	0.857594472044	1.43330836089	2.81285308103	4.33984098307	5.99479413786	
0.110026066326	0.537271468889	0.804386309411	1.22842807267	2.77302713158	5.11021584603	6.66296572884	
0.0968013963888	0.667863690004	0.959058768634	1.66240538809	3.80642132359	4.86651887196	6.12350503251	
0.116599696975	0.629296589638	0.858938541413	1.31006716302	3.18094714793	4.42164401193	5.34373477955	
0.0936959525454	0.542396396525	0.987515510787	1.69692117375	3.06904665943	4.32417990672	4.69529778934	
0.100367343987	0.533836957452	0.839022705918	1.27328897624	4.0270248617	3.68108415597	7.0563327184	
0.103632152113	0.680552224433	0.925211104896	1.34163105999	3.61073030906	3.92232813348	6.62076191393	
0.100919621904	0.634948797266	1.12136813844	1.57557117476	3.58499029028	4.71933222653	6.80865911739	
0.108151828472	0.541577879389	0.928107003597	1.28930825902	3.351169281	4.6675927071	6.01487867577	
0.106932316039	0.582348041096	0.956696632694	1.45392012496	3.18589146569	4.25677768762	6.20280720443	
0.0899925427627	0.503014832472	0.737138078908	1.3013831962	3.59184202023	4.15313739973	7.08611686551	
0.0927309701166	0.509500658432	0.781528924042	1.55743211464	3.33750996335	4.9127513947	4.96114472486	
0.0878677308148	0.680534583459	1.02109696946	1.32939107049	3.1189682909	4.98210802805	6.33380635771	
0.0970252900837	0.584832580457	0.917136143971	1.37858168688	3.89262219307	4.07013026307	6.1966449644	
0.0957373267872	0.675689580054	0.882544789437	1.38958702347	2.96575658141	4.20286930497	6.30569643195	
0.102617133453	0.669314552966	0.850207202559	1.62535551849	3.45031756091	4.38313907813	5.97413804792	
0.0690823167256	0.57832225078	1.03269564979	1.50363940747	3.16172258596	4.61492658751	6.06545878595	
0.101429983913	0.640012782838	0.989489348455	1.37820665453	3.19300371446	4.43007453041	6.35428866049	
0.0924734154152	0.587052529842	0.950722157735	1.40317048462	3.22222988887	4.77795635708	7.07421717646	
0.0905893609107	0.562185551696	0.772738688816	1.45353438502	3.82256231028	3.74970131608	6.50235325497	
0.0951248613229	0.518890713722	1.02068113462	1.51299402975	3.5699313183	4.26379708381	4.80381071139	
0.0885405134951	0.596580894734	0.871948280361	1.49434597956	3.84101485126	3.94908133662	6.21354184286	
0.102383395321	0.47025597897	0.88834264253	1.47770347406	2.95553632263	3.90295843829	5.39199819402	
0.0994387646076	0.622398567543	0.97568043838	1.52291834171	3.2871011117	3.86028499216	5.75006692623	
0.0959218476231	0.641665401712	0.946825814673	1.33714085061	3.29280909533	4.81584252085	6.36325595848	
0.0932580316025	0.543047797424	0.868366883647	1.54447464362	2.81422563528	4.71032517088	5.66778639511	
0.100230955455	0.597684986579	0.908012878174	1.26404166087	3.25047100537	4.58116870159	5.20465901735	
0.0913892640057	0.462452000678	0.896395833932	1.32169512987	3.71447304632	4.739944382	5.28890128135	
0.10892004566	0.593115943722	0.758956289698	1.27297547619	3.07102096275	4.36537039669	6.69448075344	
0.104035304971	0.531882467213	0.890086513034	1.28863674661	3.03415952312	4.78458056124	6.8684776534	
0.1033527974	0.647399669229	0.935376358863	1.59493391443	3.27440942792	3.78133959219	5.08426173961	
0.101348086276	0.597188080538	0.860957754325	1.61499725646	3.36059090492	4.80954028931	6.27174354627	
0.0843984126556	0.652893049319	1.02060568169	1.39452698109	3.50530451898	3.52709196974	5.98817608017	
0.0860890623056	0.708541817105	0.872482135719	1.36219766906	3.3974677884	4.54521530338	5.60988102563	
0.102372291548	0.51002258673	0.979403177077	1.51573917829	3.72706194939	3.89222282795	5.44988182261	
0.107944310072	0.563849771386	1.14107297322	1.33742350874	3.27008319346	4.1865138823	6.66546462355	
0.0971954725817	0.512882714949	1.09177904828	1.44090111229	3.13016724798	3.75043628094	5.90521048094	
0.089511053111	0.636652745829	0.955709332123	1.27507491411	3.43859745561	4.0149791237	6.11443192649	
0.0947506978594	0.593306979357	0.836081691947	1.70604422641	3.36428531254	3.79859143331	5.26834598907	
0.106890132777	0.574865212731	1.16290982899	1.37737994347	3.10578594559	4.19916015879	5.67503356971	
0.0927328817969	0.548572260367	0.857129269733	1.42455408737	2.84994787248	4.52429556899	6.23810969206	
0.0889747565839	0.594134183348	0.991554988833	1.53706787653	3.48846455747	5.18075137658	5.71160909309	
0.0947334124492	0.587612718264	0.879324176232	1.34197325857	2.91150791637	4.45325446067	5.55947520982	
0.109691189173	0.398073721216	0.907194952909	1.30195513954	2.74787821039	4.97975186886	5.72242642183	
0.0951603196517	0.567373227697	1.1026296744	1.40031444999	3.59327168945	3.66879545229	5.80489252577	
0.111862363444	0.571693023677	0.930114367773	1.05331560742	2.59273523552	4.56334650112	5.57076865456	
0.102671267872	0.568317892703	0.868088784421	1.3726275585	3.38637569754	4.62949994965	5.4614968237	
0.0937778801836	0.668417420486	0.990272455464	1.5037518535	3.17088134589	5.01206625304	6.01206332019	
0.112215475149	0.601407377473	0.960929898	1.48180624833	3.61842625029	4.69567670907	5.77072328572	
0.103903632248	0.637301976232	0.988357260165	1.32142588011	3.84501851306	3.89007672095	5.79067559391	
0.117959713914	0.609602885699	0.895873402226	1.38487262948	2.61686037978	5.04517817681	5.8132915833	
0.124453812107	0.656332708458	0.861723559842	1.45460790146	3.54794587289	5.08392415781	6.51950852566	
0.101178618832	0.645671453619	1.00916939131	1.71659355317	3.24670637646	4.44023541376	5.52235011717	
0.0908717366152	0.58299539719	0.873136144315	1.34768576749	3.43169204525	4.76641584801	5.8251382352	
0.112945178632	0.650469757068	0.866392480322	1.440218422	3.32640733356	5.1393776302	6.91237771897	
0.102886289993	0.593119331489	0.910992804089	1.24781660769	3.01033244059	4.86214826822	5.81241485593	
0.112158838619	0.673489371991	1.00378452494	1.47442186699	3.46716538475	4.90272002926	5.61646494584	
0.0982872504384	0.676489963943	0.738634406346	1.46223043908	3.00337173736	4.60986572936	6.12272872099	
0.0847640810049	0.599304609626	0.761989907806	1.32715999767	3.49707268704	4.09898865824	5.65840670516	
0.0892870938546	0.564294279039	0.922837893466	1.33206009712	2.91335430502	4.25217854106	6.00044567799	
0.102779119384	0.744813748515	0.86831275331	1.62814514722	3.93071126336	4.17762635399	6.68343047057	
0.104454960358	0.6821418254	0.934550282903	1.01443936465	3.06928475146	4.62710164123	6.39039925764	
0.105415632994	0.572533674497	0.904770637499	1.60750983053	3.02222470472	4.77366885298	6.27356560114	
0.109162711329	0.56318774082	0.992889969957	1.49952940558	3.05023281789	5.47588158707	5.77611280185	
0.100074543567	0.610561893848	0.867506032252	1.54434254249	3.11716178186	5.08904318806	5.70377685133	
0.107550995485	0.712887636976	0.734633280207	1.41620352055	3.09127927636	5.27848953444	5.3508117996	
0.0929672233696	0.660797394646	0.897168407531	1.326864519	3.70391012848	4.61306759296	5.96807528037	
0.0924704306253	0.557491848597	1.06180397503	1.53061373182	3.45275532928	4.10963002832	6.29504988514	
0.100265300133	0.611167034056	0.89589511809	1.62907964963	3.39091278781	5.29024826533	5.72781294943	
0.0970505759379	0.597180546029	1.03766479848	1.42990982889	2.42596732819	4.81306959182	6.23348084597	
0.108054268135	0.638149232295	0.883529637799	1.45927681003	3.72153527538	4.46523202761	6.77256522441	
0.084177842636	0.643745011292	0.886966142276	1.39071857156	3.23931951999	3.93467176995	6.40645027795	
0.0999119853182	0.608022384621	0.929872256948	1.38403600757	3.19784766954	4.68211853156	5.37147617964	
0.087077666111	0.650462207039	1.00870775303	1.5763350813	3.44812462507	4.85833216013	6.04141201761	
0.106838713072	0.62027379416	0.949356910583	1.30693275225	3.17770184894	4.56402234492	6.84010765517	
0.118772158404	0.595383239508	1.06307076834	1.63743933341	4.05996814674	5.10249637509	5.81858561198	
0.0930108530154	0.566649741246	0.93408213697	1.34563236571	2.84804954489	4.40785571046	5.02647305806	
0.0929372056555	0.600119726662	1.06014681562	1.38202998744	3.73743083037	4.51941532513	6.34478253163	
0.0929582807623	0.612381616598	0.924525108637	1.37661847948	2.9075402501	3.9842919769	5.06971660614	
0.0834084908448	0.776642472767	0.96530388497	1.76229285957	3.3171892816	4.81933273524	6.78993408641	
0.100907499657	0.612877208246	0.878774983393	1.21567076028	3.348697868	4.76024011898	5.33563961253	
0.0885155386588	0.495953237121	0.899055555686	1.54794841408	2.95168641152	4.55564313795	5.3238432112	
0.0860814263432	0.446089806809	1.00908678885	1.47262607107	3.63402469996	4.27071724237	6.68626383698	
0.108100385482	0.571585683716	0.784304105226	1.56955375476	2.92050641643	5.3584188957	6.31141558137	
0.11483590816	0.64347705341	0.899568677386	1.44287709755	3.25570267879	4.78846179519	5.54572572335	
