7	37
0	1	0	1	1	1	1	1	0	1	
0.147747454131	0.669735182816	0.779315092907	1.45848051575	2.02328690848	2.87541898726	6.08040341109	
0.125545181653	0.634089891565	0.934154003476	1.54083877828	1.95665837647	3.18262247668	6.7184788771	
0.135714443193	0.568800349793	0.9081271445	1.12936254812	2.18776632236	3.54278280701	6.25903349967	
0.134899177063	0.543938326004	1.0872605338	1.39219862491	2.14751433148	3.96755057053	5.82223822674	
0.150494607924	0.596470744912	0.915709956905	1.16541353031	2.13867532323	3.05733483632	5.44552289574	
0.178665023896	0.606983176132	1.07701960806	1.43117555911	2.14770366584	3.01282256987	6.66262742128	
0.126757636339	0.586913594238	0.972097834497	1.37509127424	2.08643641538	3.04877435919	6.4073982229	
0.15153712447	0.649770061915	0.94530088736	1.28870841133	2.59294971336	3.61392582228	6.18326164467	
0.155656268484	0.602485437302	1.00627178281	1.30891671695	1.82062649066	2.80759418122	5.41869783543	
0.133163877932	0.584621300088	0.8334006727	1.42119492368	1.85797892861	3.13414342181	6.54679815423	
0.144180522311	0.609853616114	0.933426828961	1.42630805919	1.95312098164	3.42140302354	6.18742049111	
0.17284755176	0.607072316784	1.03678159952	1.48071794922	2.08095500931	3.80138057389	5.40045051429	
0.121276424753	0.571863173513	1.05625108449	1.30553183979	2.40033428719	3.39814123638	5.70037702345	
0.152421688605	0.571928735591	0.997754788781	1.41156751886	1.75171651225	3.50767046316	6.07665930346	
0.133717717627	0.564305623352	0.898997123022	1.20023105752	2.33733281376	3.26584924703	6.0732187692	
0.149574173924	0.616500876491	1.04508870002	1.49836728601	2.30548974591	3.30953769533	4.78878779094	
0.150119468527	0.647961367002	1.02516024002	1.2467156118	2.68201256524	3.34218187415	6.02766666645	
0.146506414929	0.590057730428	1.14907293884	1.37725027723	2.54901019825	3.20677865028	5.51882638883	
0.146082899648	0.577590040323	1.02222002413	1.70518646879	2.58588917783	2.35439460921	6.19764743413	
0.156117821386	0.620568547676	0.971916399466	1.56768739436	2.14690206136	3.14783338513	6.30294968674	
0.158411344469	0.700579912636	1.08502432557	1.16169337543	2.30608727296	3.39004905326	6.17617789641	
0.130059080608	0.639049406199	0.992029205184	1.32213952712	1.92213722802	3.00820433504	6.26076238213	
0.123925248339	0.637762594905	0.901119889692	1.43227039615	1.77032413945	3.05425082789	6.25396917962	
0.150547462407	0.618246513509	0.945998333495	1.62675991922	2.28571754293	3.16434397235	6.14449313783	
0.160433413257	0.554976643576	0.84149501941	1.23705819869	2.0905403083	3.83840763883	5.35824221352	
0.159124917446	0.56812969165	1.0574222134	1.48151001349	2.13166642329	3.11248749451	5.47150809491	
0.161910629641	0.559758838024	0.988794869616	1.41530852332	2.06943919645	2.97894747636	6.06128403238	
0.153909274159	0.596298129513	1.02144208788	1.53912555442	2.34182400304	2.80215893374	7.4267253165	
0.156167427732	0.480595394082	0.985987874682	1.03850163251	2.26945702185	3.50511574745	7.08089987198	
0.132767561109	0.582302535281	0.972493385914	1.24776959389	2.12205457023	3.11715313527	5.97083357715	
0.127354640436	0.543029078896	0.986803917654	1.32211773566	2.26346958609	3.28019888092	5.86107239218	
0.143517495735	0.647936731978	1.1321084838	1.45389421521	2.28634155304	3.37452003539	6.57844799509	
0.145038448415	0.703229549695	0.899059580249	1.20787962512	2.00104374935	3.05182128215	6.50584990666	
0.163303772011	0.56842190248	0.767457011032	1.52440931862	1.84686358508	3.26727863069	6.03702989839	
0.15653521931	0.611069696785	1.0209235374	1.29491290483	1.84049486832	3.3690326973	6.31396424445	
0.162160060546	0.647687636342	0.969665381784	1.14975228532	1.94917285941	2.8394177012	6.64318114066	
0.146731181714	0.607285270624	0.857404508858	1.31564725759	2.11731147217	3.74640955557	4.71178035181	
