5	68
0	1	1	0	1	0	0	1	1	0	
0.132478095121	0.380029599632	1.1059573847	3.47585270294	4.26988285623	
0.131517206291	0.452498384518	0.905476223801	2.80801360419	3.80255117012	
0.167696744123	0.324727960769	0.860646674309	3.21150456563	4.72308643926	
0.128902360503	0.340459793432	0.788761821752	3.18411033564	4.53091041256	
0.142043697872	0.491954255066	0.990617265493	3.23974365123	4.85078209243	
0.169932141816	0.397842931417	0.982238005212	3.4145770309	4.82539254894	
0.143943161031	0.376843681905	0.941133439024	3.09966571147	4.98534102978	
0.160828061746	0.385219952098	0.978639240141	3.03324191919	4.68158813559	
0.121284812185	0.393445724562	1.05073552157	3.45965479994	4.00798571523	
0.1494434989	0.356851611401	1.03670319861	3.45955898954	4.69583556818	
0.132677645774	0.396218450478	0.778549986346	2.91026264222	4.21528766948	
0.158057205518	0.340927606333	0.89323528227	3.42852746335	4.30220779468	
0.134888168795	0.378206595487	0.846964004496	3.38402787569	4.45778944241	
0.134304118941	0.36707828873	0.890645017172	3.53592931604	5.09571425639	
0.122265394869	0.426030510703	1.03200328412	3.40322003452	5.2901556488	
0.151632890688	0.315498052574	0.9458073348	3.53555385795	4.81973810282	
0.125960560185	0.328909469024	0.882154332653	3.26992125236	3.94057292258	
0.160573148308	0.368302921321	0.981900642881	3.39160209713	3.81204030575	
0.157681599417	0.347844313213	0.78948577599	3.49044226303	5.45521561344	
0.166681951422	0.421997279685	0.959540386745	3.32705629889	4.83304736783	
0.156989171255	0.440548382159	1.00341316775	3.33656116453	4.49754632732	
0.166209031702	0.380132603451	0.770751618515	3.09394649176	4.27429132308	
0.161699440184	0.375082323915	0.877598423576	3.75961033928	4.4409592546	
0.146316796191	0.399092130609	1.00368932161	3.10622483382	4.54832541382	
0.131674050069	0.428646947824	0.814078527694	2.87679872732	4.53525329881	
0.13946102876	0.41697902851	0.988668804794	3.39229259695	4.49102260316	
0.170260340229	0.407687121588	0.990177217011	3.1501067113	4.98007747117	
0.168054461586	0.445600776603	0.964086836403	3.58181971217	4.67289612634	
0.158144697814	0.384829550974	1.01159022487	2.80743880751	4.09212669292	
0.143295344005	0.43511250005	0.925509065983	2.96319425256	4.97059768355	
0.158553670335	0.433686854751	1.0572903228	3.09786481736	4.43262602735	
0.153048934396	0.463313698552	0.772038784508	2.81738244588	4.79353780705	
0.161877451696	0.385739517543	0.810888007439	4.14840884325	4.67749449512	
0.146224904768	0.310124562938	0.910512096481	3.41088968761	4.38379836254	
0.141202730173	0.360398260898	0.933713185177	3.57903893723	4.23225658995	
0.128275798329	0.320987428482	0.925052433937	3.04810929291	4.18609753293	
0.164628567714	0.408737594787	0.981358036	3.57148589059	4.33537541454	
0.157798625948	0.362120875691	0.972881909087	3.74869847594	4.67727386473	
0.147109132985	0.37963696123	1.01266699913	3.6159595132	4.71731807083	
0.133673516536	0.383701187279	0.799079684421	3.06304431564	5.37287504171	
0.149663985894	0.38146477534	0.999981867865	3.73347289041	4.12002710758	
0.149244269049	0.343773857349	0.908250608078	3.17813274954	4.53996907248	
0.130135265065	0.3394803512	1.02257677761	3.51082117439	3.53282961306	
0.147069186761	0.310110082689	1.07942201627	2.93484231611	4.47261462339	
0.137642597893	0.455514084565	0.892156304634	3.12265922177	4.70501164702	
0.165086916207	0.310883015282	0.841951022063	3.43742443046	4.61841725732	
0.155543489745	0.416573217937	1.00030955428	2.45955242991	4.00004383779	
0.17612055471	0.389139116342	0.746950143279	2.98739223878	4.69343662622	
0.133031775078	0.369434600791	0.935514983397	3.46262935508	4.31015673341	
0.14974143689	0.302558377131	0.962864393618	2.81343911962	4.71379516834	
0.142283910862	0.375016124422	1.03861209399	3.56813989429	5.28259199152	
0.16569349169	0.315093869799	0.827806089758	3.30383889456	4.2967237213	
0.123013289476	0.38163710683	0.766944932425	3.13471865183	4.85989505657	
0.150931859917	0.348165551739	0.87483218264	3.91436788958	4.41504029207	
0.155485767226	0.370737059967	0.877346454532	3.50395621564	4.46609324169	
0.142268329614	0.409337380457	0.953703191177	2.65443195086	4.38469211754	
0.139689377238	0.385976502188	0.895925998024	4.18786604544	5.10305827765	
0.13344022651	0.408147331475	1.0726451143	3.36784321475	4.811098371	
0.166038168415	0.443634692685	1.09724533819	2.70734012577	4.12423537173	
0.14931720502	0.349892001713	1.09334186532	3.51588170913	4.56483003586	
0.156741488559	0.341727377924	1.05223927909	3.38389071097	4.46160694558	
0.169744303281	0.389463648501	1.00238747639	2.53210453238	4.1093400644	
0.13250032428	0.33597763077	0.930926752216	3.86807931829	4.07565608708	
0.160771669842	0.44416512412	1.12053415976	3.05301097876	5.14885089726	
0.168457667656	0.421989896457	0.774572479679	3.14553141076	4.67911557987	
0.166007505662	0.388417147857	0.973681850373	3.44199081001	4.22641061215	
0.137981972562	0.407662385796	0.848347980032	2.68869792128	4.54337959069	
0.149865126648	0.32887235105	1.03800191523	2.95428357397	4.09301351429	
