9	26
0	1	1	1	1	1	1	1	1	1	
0.15332791065	0.40789025941	0.546229216645	0.911866323254	1.39754853354	2.5652049285	3.20968981104	4.2733931523	4.84084824743	
0.14128487292	0.365486287419	0.574245477334	0.986839640577	1.53311739046	2.08389386917	4.0562999317	5.01431535636	6.56854678653	
0.16917860755	0.378349563467	0.656237571817	0.884755886514	1.4542628395	1.80792931383	2.86171571407	4.2955782158	6.83027700857	
0.150550287763	0.364829175176	0.508454673654	0.95267418437	1.52305944759	2.19741415885	3.22575757488	4.20404315052	6.59742527284	
0.127095491831	0.326110514791	0.596992031404	0.978274275148	1.40662693881	2.18277926761	3.04761257414	4.43949265724	6.20502178569	
0.137392029282	0.379239780576	0.59265241672	0.777832083906	1.60312501332	1.87351282488	3.16953595984	5.57739182965	7.03598014308	
0.150442221696	0.35792790926	0.620976081874	0.8740178187	1.79195770153	2.19813745684	2.94282137853	4.71950512434	5.00671400145	
0.151426779146	0.418938900737	0.558993521473	0.845393353497	1.29022666376	1.99882964262	2.60694950014	5.08805056539	5.55027066207	
0.129550575006	0.442815217045	0.5991963298	0.989170359782	1.43980976939	2.31748590143	3.53575207668	4.45033054024	6.3732773991	
0.160373270412	0.46435373215	0.462794097396	1.02768209753	1.33517303822	1.86987343481	2.81162035429	5.02290773006	7.28215248865	
0.145830231193	0.417888316293	0.740341700057	0.875777727564	1.31755466356	2.27756988207	3.35801815047	4.03684620271	6.71162298187	
0.127560797447	0.37077200803	0.532513460706	0.847281125538	1.17116750037	2.17892664947	3.05003028774	4.48349178398	6.01131379221	
0.145068265157	0.378160201461	0.465256462247	0.924302356286	1.62602751174	2.26031104621	2.53843600259	5.26839166308	4.2040913199	
0.171885390292	0.355477096078	0.489833489724	0.859271244359	1.51698421788	2.11070509555	3.14716171856	4.66932998603	5.78716370826	
0.136011062789	0.325174779656	0.519868264248	1.00023654659	1.38072888287	2.31828676224	3.13760611278	4.18931440684	7.53806344619	
0.132390196431	0.386416985562	0.686386185944	0.914066977598	1.43033418263	1.99001179724	3.47324201755	3.37707540942	5.76745217921	
0.14521440227	0.432066114629	0.485896862683	0.779656265781	1.35106946468	2.00369414035	3.72182029607	4.28122585053	6.51792515301	
0.135787788998	0.36003011652	0.611694285615	0.987850624428	1.35245351854	2.37176342941	2.79446642992	3.70049313353	6.0469221585	
0.168714472679	0.373646351956	0.513943086451	0.990742294474	1.34833631036	2.05761440127	2.83953759118	5.03711770315	6.55734364324	
0.136443197139	0.386305404875	0.617978841544	0.959667937355	1.53356804452	2.08888612391	2.74963483546	3.77244983771	6.54345704761	
0.12568311286	0.42714288532	0.58162973302	0.86553969562	1.31023898286	1.95646572371	3.53762626906	4.85524433952	5.62850028646	
0.138599779317	0.390895808761	0.591667168604	0.871234369881	1.30321704322	2.23088322398	3.54380429957	4.18065251077	6.42900522146	
0.146588349467	0.373130608174	0.566341547145	0.897046880554	1.23630295301	1.95540345634	3.35816168355	3.96179244818	5.78067334649	
0.161102275218	0.298485424502	0.539496010029	1.01549489297	1.40045538368	1.89792143758	2.73795726359	4.39701584136	5.8089899401	
0.147623155067	0.375087064489	0.619045254497	0.931280171272	1.44062371542	1.84027841595	3.14495171142	4.00211777229	7.29788647413	
0.150542225059	0.335506660664	0.535173962062	0.766957542055	1.32742291129	2.09950306932	3.07131886757	4.81931087018	5.81859268541	
