3	81
0	0	0	0	1	0	0	1	1	0	
0.986365418608	3.09526761569	4.26234865584	
0.986460009669	3.32399042314	4.31358223776	
0.891905518782	3.30747080321	4.4866691009	
0.863448815905	3.65501389368	4.27464651411	
0.780132216246	3.08410688774	4.19699752994	
0.864917775585	3.47961001548	5.16990073913	
0.831630482975	3.40040834541	4.39685676055	
0.983272655516	2.86649695637	4.49300735158	
1.0203906452	3.0748675314	4.89837463256	
0.967429023368	3.20193022265	3.9858382239	
0.982623740716	2.89946558032	4.32304349342	
0.899939402959	3.25867513348	4.23916596908	
0.982600018838	3.67014280176	4.72151559392	
0.934613466299	3.05098664961	4.86196685477	
0.96323724815	3.24960409289	4.85057886784	
0.962066151357	3.66778328652	4.26644101601	
0.930935926443	3.2216867474	4.19922359225	
0.98492635328	3.67160298728	4.08248200723	
1.15589740572	3.36968871615	4.48778142479	
1.02625058346	3.95912912517	4.46253998024	
0.914897414789	3.23519909466	5.08462580125	
0.860195346231	3.05810325632	5.14670376896	
0.886653589403	3.04334029207	3.67341804844	
0.878258303114	3.47044247221	4.30343504801	
0.844783289614	3.04991509944	4.73367323241	
0.803409802473	3.33887605971	5.05709704578	
0.979418395059	2.93720019551	5.10239646071	
1.01098928317	2.82587220489	5.02615148044	
0.789008138748	3.23512394275	3.96246896718	
0.957487932671	3.61972229868	4.78654952761	
1.06489750863	3.58172626714	4.69069276509	
0.96527293517	3.14620890082	3.91725065704	
0.958020194655	2.86175288952	4.09904459849	
1.03364871973	2.7191579402	4.89983619555	
0.841871598951	3.41358619398	5.39133430458	
0.932434560218	3.10693028545	5.15206384756	
1.04517655138	3.15257221294	4.33826982907	
1.04469402999	2.63987732622	3.79014671971	
0.986242773892	3.81911590501	4.32420178146	
0.653521304076	2.97515612456	4.67367192134	
0.889631100634	3.1189252766	5.11766102	
0.742414872174	2.91102215904	4.27923723218	
0.826958583668	3.2940157131	4.56401210045	
0.926382867984	3.46193555178	4.98746665957	
0.76376380316	3.41853732205	4.26114832173	
1.01332727498	3.25713132467	5.09539184366	
1.03807222587	3.27966233387	3.94288657155	
0.864222044395	3.43069162917	4.52291212109	
0.931679703611	3.48153916407	4.41476288957	
0.89113466038	3.30012814695	4.80184614906	
0.865420874744	2.84160727787	4.69744460711	
0.946255114894	2.96480719161	3.7971404009	
0.963443081999	3.28503185766	5.29484956113	
0.916812995404	3.18221790631	5.15125950026	
0.911999397572	3.28176178235	4.5607421346	
0.939982411839	2.85838593947	4.77369932097	
0.934780792542	3.08753992154	4.56107913893	
1.05491167634	3.70756199645	4.085459243	
0.946274287581	3.06549879321	4.82310672116	
0.959628229968	2.91408389521	4.7464800323	
1.03786532135	3.21138072726	4.94604944159	
1.02571350023	3.34081744743	3.77014169362	
0.844004010164	3.04660323696	4.22614995748	
0.861198502527	3.36144787515	4.5910062165	
0.966862930983	3.35616435674	4.17061061424	
0.918982789487	3.47937542135	4.5200344926	
1.02189500941	3.32887041404	4.61935049798	
0.789818100083	3.31194514223	3.49006759412	
0.873539658355	2.92848728321	4.28224114955	
1.05855022224	3.21556118347	4.92682540383	
1.11833822324	2.68154738508	4.41731715743	
1.02586130842	2.7976694742	4.36016007796	
0.956219996094	3.70521065422	4.30092861411	
0.938396046476	2.85405423626	3.62035009137	
0.953279468661	3.52640800211	4.88374637237	
0.979940389636	3.04591630281	4.78379364025	
1.03597668919	3.03946776407	4.49934381394	
1.03052267032	2.22398559771	4.37683463753	
1.1384399313	3.15619181981	4.79404944519	
0.899041404758	3.47232010088	3.59334407195	
0.901652865282	3.25900208267	4.67998377789	
