6	73
0	1	0	1	1	0	1	0	1	1	
0.158167698336	0.606839615364	0.867107679513	2.20161071313	4.89533965131	6.05210911143	
0.151459269977	0.547632994329	1.03641104621	2.3745775143	4.31524836509	5.92542692431	
0.17121331009	0.531985750737	0.986198820396	2.02989803878	5.30013504454	6.0380680372	
0.168905677772	0.554320359092	0.813886832544	2.0996342167	4.61820755608	5.69356099079	
0.161374611394	0.587402785931	0.736426343956	2.26885457553	4.10285832338	5.78304157099	
0.173296968053	0.706368703447	0.876479110536	2.27422412559	4.25147647931	5.82787621266	
0.140913368777	0.496539379176	0.938840135807	2.21195555819	4.19804921461	6.65267502686	
0.143458796744	0.561767290508	0.978964789984	1.81832337216	4.90800556427	5.75869850556	
0.164839291146	0.67728783155	0.989534270139	1.97542574206	3.93712573208	5.139556402	
0.166543660526	0.591911993268	0.874272373109	2.12160233742	4.98627954403	6.46724387122	
0.156577592336	0.638273163446	0.946756029061	2.21495430732	4.59946135402	5.99996325262	
0.161300608257	0.621676926372	0.848093502107	2.26370799289	4.61126117987	6.36684808135	
0.148436896296	0.648704418826	0.924289004769	2.30563413262	4.29458781782	5.76764756754	
0.159030787848	0.580093596375	1.13513779061	2.27178567216	4.51121556877	6.49194046606	
0.14278979385	0.655380889154	1.01325687515	2.41950982242	4.30163571089	5.26636004752	
0.140847680412	0.583102169042	1.08505067888	2.62192758626	4.65509803709	6.00563436481	
0.144751382543	0.649481421013	1.13353806946	2.53395794161	5.01208947567	6.67398151867	
0.162484648294	0.597162561257	0.861501015304	2.14552497079	4.69005282096	5.12781966077	
0.14770573906	0.550444058725	1.02428722798	2.03181269354	4.64769914939	5.57998782424	
0.173965489889	0.497954583808	0.974253155046	1.87538960129	4.27080030728	6.12371202221	
0.15383035547	0.613756010466	0.944112670111	2.0120034837	4.42617600461	6.01898040971	
0.152930405951	0.596059171632	0.997851909152	2.17007819858	4.59059668543	5.77040859101	
0.134213371101	0.609241735844	1.04229248209	2.24543016461	4.13212772645	6.48884401549	
0.144973243983	0.642879238829	0.895701984565	2.22596088456	4.26667619852	5.70416850212	
0.126506019494	0.63072448915	0.964425776038	2.241685184	4.62389875251	5.54264998001	
0.164488488967	0.659566758006	0.856693915739	2.26440665814	4.89374603342	5.71794103599	
0.145559464661	0.632046804493	0.789539331444	1.91596879737	4.05460124646	4.9222101811	
0.166274096613	0.480712091148	0.961909291699	2.32451192987	4.36788182051	5.59897942516	
0.153492636761	0.600109980036	1.0233259522	1.58486795481	4.08658163573	6.33694613035	
0.150756711642	0.645122049552	0.95436785779	2.1210315314	4.36397020061	7.39503300953	
0.17302419411	0.629730305886	0.937297142091	2.26569849811	4.87207562304	6.25129601142	
0.138729298149	0.707070646063	0.952897365181	2.58299495653	4.58421636909	5.85260798872	
0.170762101861	0.618071217485	0.942408305009	1.89192169579	4.79709801231	5.70401377023	
0.143283131864	0.570567069276	0.970830146627	1.81989410118	4.40511959577	6.58816739467	
0.13131496696	0.610372737656	0.871279853915	2.06320597931	5.24481851718	5.00970648987	
0.161484455073	0.571324303873	0.880927249381	1.91101409637	4.83925483677	5.88515723023	
0.145234958793	0.606590215752	0.914163297306	1.71985210585	4.27912911766	6.53726453457	
0.127400753038	0.534603726009	0.890308400228	1.99399096499	4.48745153304	5.34415394899	
0.144182182143	0.597120328104	0.990351458707	2.41762971801	4.38230378077	7.13283614475	
0.147241431292	0.649732508895	1.10963021933	2.17995130799	3.88191302029	6.05454231432	
0.140825356677	0.583534078382	1.11460285007	1.88710586401	4.63521007004	5.47336723181	
0.145385130882	0.644690540112	0.959589246743	2.10161806217	4.20758985363	6.18964691529	
0.175615300757	0.545918883443	1.10778474135	2.40789195191	5.11620901541	6.18505942856	
0.167566946633	0.539470123053	0.86787191657	2.31464996999	4.63313027485	5.9109724449	
0.112460866641	0.573871557118	0.820812998432	2.25610987693	4.41397416214	5.6230196735	
0.189643657239	0.662290468602	1.02819610915	2.62347625611	4.86098630221	5.53742759432	
0.136681554725	0.657894165525	0.738480051981	2.13327737933	3.5229940301	6.05930610503	
0.162811053761	0.616764932076	1.01724417038	2.57243779246	4.43540770323	7.68459046997	
0.153190049343	0.656949903761	0.873171167545	2.49815250562	4.96876958934	6.88287078154	
0.150817566327	0.524674946137	0.972816961885	1.78514074014	4.34871638837	6.11464826198	
0.185658364388	0.619112916717	0.942976984625	2.13644802883	3.89605909286	6.05149550401	
0.151543240142	0.541883490273	0.819632657858	2.0464623032	4.52921984036	5.72546749117	
0.134236868255	0.61735633512	0.980114614648	2.17607900748	4.24665777876	6.35690461274	
0.147141940654	0.528654977559	1.02637072502	2.22600422414	4.44631936244	5.0573686771	
0.138827095813	0.721113942743	0.789724188245	2.09595990488	4.49264890694	6.19228607365	
0.127542435963	0.610450575384	0.77319219199	2.17094719118	4.20642093645	5.48047843985	
0.16252225738	0.585863625398	0.974055104856	2.25896778595	5.07147907003	5.27504535503	
0.163785234938	0.600987697346	0.894834414026	1.90291113837	4.77296588769	5.4466652872	
0.157767098805	0.715669846378	1.02113786475	2.44915837991	4.17644785025	6.45763982768	
0.132836775673	0.585991025846	1.09193830123	2.01931392562	5.00011028288	6.6093880398	
0.166121118753	0.523979881433	0.978843689839	2.11633130833	4.98982358589	5.00699976016	
0.155516818336	0.61358251217	0.744919143436	1.95963462344	3.6764315041	5.56418681885	
0.15823825627	0.611721934539	0.945754207495	1.92645415658	5.00420272118	5.98870819298	
0.150505557184	0.656423974137	0.837804845465	2.19913777052	4.69055812122	5.67265910982	
0.159785600711	0.628627390238	0.920590565758	2.12158755862	4.73559644604	6.47308262401	
0.150943498761	0.667211367624	0.991242914506	1.76548025081	3.86779648611	6.70934113141	
0.146298403028	0.609850549368	1.03595401814	2.14862158827	4.51677042432	5.47876246032	
0.155549917608	0.635190733138	0.876256989159	1.95176540366	5.68183016484	5.94425491809	
0.139744614906	0.642395186718	0.925276154724	1.9165602405	4.71737410724	5.48812741855	
0.173646870032	0.629670277785	0.904250120519	2.17350960887	4.90647965449	6.11157675214	
0.181831641859	0.668152050984	0.975347485183	1.9485480372	4.43390035324	6.28732498203	
0.137657078764	0.677605612498	0.839403367215	2.01299647492	4.2469653668	6.44629467638	
0.137925954492	0.492001405775	1.03118761173	2.0544569487	4.01917156553	5.54708486808	
