8	91
0	1	1	1	1	0	1	1	1	1	
0.121014371337	0.426850303201	0.653596158263	0.792901220049	1.97045502798	3.70898232373	4.33535551097	6.20653049636	
0.161462830945	0.355094259947	0.626192865923	0.786215213748	2.00001686216	3.15677315554	4.17642781642	6.18287012949	
0.131202650562	0.458488439679	0.669272636345	0.660619626754	1.97656067148	3.27944400506	4.8899007912	4.6231433052	
0.153132220693	0.359645626667	0.603315922522	0.941934667484	1.85752398957	3.3040098625	4.73488188791	5.59314550409	
0.166405649918	0.471236365734	0.65075432487	1.0076803346	2.26997489005	3.09027663363	3.94067349549	6.23820375177	
0.172655026885	0.36120816367	0.667023635445	0.862061644742	1.7831713487	3.09478245089	4.69919447317	5.59242281358	
0.186160504422	0.379750066861	0.582991642731	1.03964540968	2.08237238749	3.95505732351	3.59759493192	7.32617409125	
0.147128844412	0.385102051079	0.552051528232	0.996875490222	2.47974915184	3.13208193506	3.93561126873	5.68118009297	
0.172506785905	0.373947521299	0.637992558074	1.00004295318	2.70497033625	3.58423524498	4.34466119138	5.65261920093	
0.136938898452	0.353310199954	0.667925260348	0.764013929911	2.05878252466	3.7463025418	5.05504774056	7.00520869197	
0.134603593896	0.387443492196	0.618762303678	0.965302977205	2.36870130867	3.20720358083	4.44642517294	5.55540060919	
0.155377403349	0.436407831926	0.682478058424	0.819683701922	2.47049832774	3.48885670737	3.86081810431	6.09555160113	
0.137821733829	0.345391566276	0.687985583597	1.03333383098	2.25610529706	3.23831176185	4.28949693178	5.22076019951	
0.171177414429	0.383506762772	0.594439589913	0.907496075184	1.93708831025	3.03400321958	4.00602165903	6.33582267868	
0.146873918874	0.425467760848	0.597486977502	1.10923227866	2.35023726189	3.11902594981	4.48223057537	5.40902994046	
0.141450946796	0.370142580158	0.608795444664	0.902840928618	2.33042300611	3.4223217131	4.64124226413	6.77801909956	
0.121018931097	0.366065477117	0.657461022315	1.04147375127	2.53280295701	2.9842848863	4.73161584201	5.2564516107	
0.121849409612	0.416979745094	0.601752557507	0.908249915631	2.08678238628	2.94038773094	5.13412648278	5.8007537046	
0.134546159257	0.394697685181	0.65522561193	0.869872051506	2.30932486649	3.0835622026	4.89329244308	5.51430464321	
0.141801136972	0.310169980109	0.582552144819	0.874071474771	1.78505639641	3.52178962674	4.92643985067	6.24044806054	
0.161658126475	0.343158921361	0.603645322551	0.912060756252	2.18109094086	2.89930897244	4.46017248299	5.02240848827	
0.162503767189	0.338882782438	0.638148245589	1.06563770444	2.00089170573	3.73297234335	5.35559333274	5.46099586621	
0.161403292359	0.413509749856	0.659172134599	0.984014223137	2.2051194996	3.6957895258	4.25791749407	6.39980024704	
0.141432255613	0.353312472671	0.628053697935	0.950785850258	2.12094633203	3.29937830109	4.38793029786	5.74325159663	
0.150254247733	0.39677028128	0.55916173969	0.917191854233	1.87109963519	3.53217809899	4.70870297032	5.95823236511	
0.160211320214	0.396509569267	0.615056116022	0.845541671044	2.4768572545	3.39256504586	3.56711879123	5.96806443432	
0.149724305724	0.396383546014	0.596237253942	0.909055044433	2.09906861353	3.28575592647	4.88592883606	5.24511439638	
0.154187267277	0.416784717059	0.679378074466	0.920374206473	2.18065962261	3.09575541407	4.30692555554	6.09599663655	
0.176362232415	0.383297082895	0.749301362743	1.03823534563	2.42052170494	3.35454395213	5.43010036585	5.22141564798	
0.146101074036	0.380705516843	0.518545720676	0.887831515411	2.59759561449	3.84287961019	4.41796037334	5.69010685133	
0.153728705139	0.421801301711	0.526665156876	1.05385074987	2.02023926209	2.85488738465	4.29475792551	6.08917578558	
0.160713243307	0.342807391123	0.568911866783	0.826732155492	2.11352259604	3.30677097567	4.04949092296	6.97283977237	
0.159309510293	0.393444153623	0.683205897105	0.977130191096	2.57739886077	3.04417160505	3.69140138238	6.63399431511	
0.149287909795	0.35136621887	0.715265836668	0.702218149208	2.301729494	3.88074922859	3.78341602315	5.67764798699	
0.148834508272	0.388398859632	0.583568427786	0.831716223201	2.25679262056	3.5943062496	4.59795014385	6.75192442436	
0.155396326743	0.355423748365	0.589210881908	0.838622856487	2.66004161354	3.08391434913	4.73562832725	6.40834289504	
0.154032156002	0.494643335774	0.596528985617	0.860582286426	2.26292749565	3.50374192644	4.55987391735	5.74802591824	
0.139610389731	0.394939378752	0.580702920541	0.888705054018	1.93454189112	2.57447582649	4.63107791469	6.2038051341	
0.134301036474	0.294899402971	0.69256665722	0.963172592135	2.3433824631	3.35379073335	4.13949407111	6.21854970789	
0.131827057956	0.43358216978	0.524190520133	0.883774371501	1.96921216113	3.19615624479	4.35937094581	7.10550686717	
0.13143232169	0.436395669121	0.596026874654	0.855552889558	1.97779043432	3.1346658215	4.68102905181	6.21605839713	
0.154884928839	0.377562181871	0.581578791337	0.728108217166	2.16873266045	3.4365582432	4.59108292423	5.61397549269	
0.127871560507	0.393896197867	0.598745802494	0.9393485507	1.89433137796	2.85944037151	3.97406782759	5.99698902114	
0.12741175555	0.366304448129	0.520710962591	0.852030860213	2.3252234936	3.11131213052	5.09923080837	5.64234761487	
0.188523693604	0.370664539142	0.577251452646	0.98450957307	2.05110482426	2.8478111598	4.0702032034	5.65754641284	
0.120857791067	0.388465911395	0.67488312968	0.825363256603	2.25130384989	3.61753949964	4.37851592137	6.78887821054	
0.133827121986	0.367844213619	0.594368413795	0.934208373569	2.24808156556	3.45472280353	4.26169268457	5.89344354543	
0.141554765984	0.38249524911	0.558012437359	0.88884300431	1.83902689675	3.11698740229	4.10898826113	6.5772690381	
0.1567935241	0.41749215356	0.723676697856	0.745627415422	2.22192176406	3.41016043187	4.40795718754	6.11112215776	
0.143046155713	0.31648373748	0.570930607895	0.831896838951	2.05806487731	3.6709480722	5.18794857435	5.58481837944	
0.121475247177	0.371348993393	0.542552111801	0.938796621311	2.18211338882	3.72498870869	3.68420237142	5.58662835354	
0.164682881557	0.388058741377	0.663495318329	0.967249086226	2.07611522638	3.70193792474	4.71102686989	5.86020168597	
0.146071447475	0.343350996285	0.581841909313	1.18117708543	2.14766174258	2.99602161867	3.98737009129	4.56656667001	
0.155324722096	0.427003254605	0.585366200816	0.972915709726	2.20810668076	3.50201168166	4.07532703746	6.20763722339	
0.154456142388	0.35826992944	0.56378845592	0.862841652797	1.93262804313	3.5421581149	3.87152275216	6.06800950989	
0.161373596545	0.397993683802	0.548228630686	1.02725698435	2.10994934818	3.37069333498	4.27278157415	5.72871438975	
0.144809268306	0.403267861829	0.506436387771	0.771683778388	2.18082884142	3.58691023873	3.77481097082	5.80318579729	
0.170923571711	0.400686998578	0.572079565258	1.02670920527	2.03196189375	3.2703906502	4.502620853	5.4351603799	
0.149461331313	0.369202167335	0.448347781686	0.934132213976	2.18475574119	2.84918333881	4.73572662867	6.5084669115	
0.161273411512	0.420695798303	0.605766259662	0.922059952683	2.17259623335	3.48151748238	5.44782261201	5.85056635101	
0.180029954193	0.35715505766	0.632712399842	0.986788516679	2.43844371665	3.14976746905	4.21196468822	6.02626339186	
0.142539075971	0.359848680718	0.579664485441	0.88923162549	2.12945275757	2.92097787651	3.91957312321	5.59867117003	
0.164559888823	0.401610315493	0.518853557966	1.07896797413	2.14826329192	3.27951747736	4.16170340428	6.15977153696	
0.148769044894	0.33391199536	0.553802958926	1.02264626291	2.03844650311	3.18192754206	4.37639042146	6.65650898197	
0.145876424467	0.361243474014	0.73392931943	1.14803859809	2.10691447646	2.9794320583	3.82259256442	5.27920756414	
0.149093467578	0.46194331667	0.473013307488	0.913157108184	2.1868206178	3.23007823585	4.53982943399	5.62449258851	
0.159309211298	0.37001085231	0.593229645929	1.02900980282	2.0937778775	3.451486118	4.83309861117	5.6248246722	
0.140299638952	0.372253461684	0.681982795387	0.878980956233	2.17809460256	3.06295976896	4.52780473375	5.93918831893	
0.140733398318	0.345548301165	0.605150348028	0.956594866874	2.42802130753	3.30823529336	5.42311032191	6.86220227086	
0.14672931205	0.341790589614	0.537970054697	0.978642516456	1.68076166877	2.97106492048	4.14455083145	6.76331742436	
0.146424755375	0.322073764072	0.696248811357	1.01855697901	1.83685740046	3.41523694894	4.95040127004	5.76696906957	
0.158266078484	0.329917211653	0.53756945506	1.02727741695	1.57435946052	2.90866860452	4.18561235166	7.07169198498	
0.170061833685	0.406980624946	0.576837298038	0.80868253329	1.86684934596	3.21782026635	4.4900209446	6.25050516864	
0.157192747205	0.458661177443	0.576938154564	1.11283533836	2.08470785531	3.18344731966	4.33820688027	5.85125603227	
0.163230380916	0.37191129025	0.613888016649	0.834037155122	1.99647636621	3.46313803674	4.37666836514	6.05593381014	
0.158968279669	0.327551312238	0.632074447515	1.06233539764	1.98663525898	3.68361975084	4.55208011604	5.92850964787	
0.158574814297	0.384515924315	0.599064980819	1.01665652763	2.33937843626	3.64030193727	4.94569715255	6.00729271794	
0.159697129203	0.340027896102	0.642463516314	0.907951014059	1.85591444556	3.19029820384	4.85877802921	5.51798414206	
0.159349118247	0.338219305232	0.606509255784	0.967379091842	2.01204931078	3.28566119316	5.12902351901	5.35633704813	
0.132621837556	0.395764596098	0.722054412313	0.92626023933	2.05789954604	3.19211252342	4.21833107375	5.34057213014	
0.175546425167	0.390060853918	0.604584801643	0.774954695677	2.26675300637	3.14466848944	5.05686661345	6.2803520074	
0.157071434869	0.406197113112	0.597879339268	0.957570294813	1.96278028316	3.13130425288	4.26654822921	6.27689879806	
0.120015000254	0.408071463216	0.469396085921	0.981574585993	1.87764390299	3.56567429152	4.31857535827	5.89835652466	
0.171203357591	0.382546545886	0.610203957452	0.872799723046	2.08643987289	2.81847465553	5.01743199895	6.49960805674	
0.144369674625	0.381526957532	0.589977293157	0.814823696413	2.02706627853	3.31331648647	4.38265472247	5.42914608844	
0.160992320741	0.395504302594	0.60728889033	0.853065595048	2.46471588208	2.93077134467	5.18216482539	5.31368761767	
0.130625279938	0.416098305641	0.515605857843	0.848291919776	1.94139238667	2.93124486966	3.76673095034	5.93085518188	
0.139838230781	0.377365762467	0.540116074322	0.967758194298	1.85108624208	3.06717635117	3.79188872449	5.74055861931	
0.158091896564	0.371296991018	0.616332928481	0.85438459368	1.97319892841	2.68119595485	4.53822968407	5.29437041887	
0.131352835541	0.393757287143	0.560689427605	0.861825519972	1.8576179417	3.77524866427	4.56548859564	5.94626343384	
0.165205005834	0.393082484936	0.570582283734	0.903827903564	2.08017304385	2.78138731546	3.96728971226	6.19007293292	
