4	57
0	1	0	0	1	0	1	0	1	0	
0.144053455576	0.820925087041	1.96492956567	4.1862205391	
0.156931170399	0.974949101476	2.11298928611	4.76526680716	
0.165795108074	0.778569884732	2.44084327341	4.68286328055	
0.1596579182	1.14720417477	2.05691824286	4.67622743103	
0.139233970123	0.970664330812	2.0177617878	4.53255671535	
0.166483542577	0.973246805237	1.98652708235	3.65424898038	
0.11311098124	0.84082723693	2.13299355182	4.70160886548	
0.170701560544	0.97054922932	2.41736939722	5.3656361642	
0.114647214337	0.942486917072	1.81481737831	4.64724252727	
0.146464857835	0.90635512118	2.18419339326	4.5237275986	
0.124652652541	1.01328214393	2.15442483039	4.54481537259	
0.149254247319	0.735075131768	2.13224747237	3.68222204218	
0.178234352829	0.825244599856	1.9463994037	4.7080402781	
0.184160623475	0.857110800435	2.48061476683	4.40686555146	
0.15034742707	1.09782097546	1.87946042282	4.23538454883	
0.131173804835	0.861333861338	1.90917692103	3.37298884575	
0.164440107432	0.951147779697	2.03921759962	4.83058601966	
0.139555471422	0.645979773292	1.9906508157	4.34491530222	
0.146318123725	0.864525611189	1.96113974559	4.51359200572	
0.152972294009	0.921268700605	2.26960209578	3.67922935169	
0.157156834687	0.93940157891	2.06073438637	4.27044806012	
0.145196098492	1.05084055375	2.46268305033	3.49484965715	
0.136438884225	0.990498912187	2.2756997176	5.00017548047	
0.147096575818	0.929429475982	2.19298796761	4.77801057374	
0.152082371758	0.932357531063	2.35275845	4.68524065249	
0.17078559258	0.953060646732	1.52568184707	3.52956182551	
0.141465600558	0.935294263958	2.15636785208	4.74447587999	
0.162629751871	0.871352619576	2.15670095481	4.94651985758	
0.161083574612	0.955652634426	1.87142935796	5.47453375129	
0.150102279309	0.890766034366	2.28993826059	4.48963382083	
0.178065771556	0.797699271962	1.99958299421	4.4603866022	
0.159098882045	0.927753125679	2.35078098616	3.93561537108	
0.119940218112	0.887518777434	2.01154741677	4.6186439839	
0.121299974025	1.0186255008	2.29943999264	4.78365686084	
0.146869487682	0.889639614477	2.30066006577	4.50304557664	
0.131263222035	1.09058735976	1.96921789018	4.71000551824	
0.162750620972	0.96220979983	2.170427806	4.45818448934	
0.146417811666	0.933093015884	2.11384891423	5.30197043474	
0.144808917144	0.823195170701	2.42215223621	4.37997086994	
0.154791044685	0.957879851453	2.31803014754	4.87546300879	
0.166200436728	1.03438937721	2.34654035658	3.90828278592	
0.142500196936	0.85088459447	2.326171054	4.8420570858	
0.158418184774	0.826828538569	1.94808604075	4.1281749061	
0.17708847203	0.899389673808	2.22693889263	4.09959564975	
0.146638842811	0.925013944288	2.01438067853	4.85036011947	
0.139979866638	0.855181238373	2.19147362597	4.68996027332	
0.13943993426	0.994284120629	2.22712186754	4.7094785756	
0.136496385085	0.91212031855	2.44795426683	5.08818399245	
0.155198795669	1.00014110858	1.78777278221	4.34874920312	
0.180273632295	0.928137160359	2.32615414424	4.51706048075	
0.159917192848	1.23738105266	2.49738212141	4.79768197693	
0.164303357017	0.905322377453	2.07214688431	5.05082058448	
0.148287836181	0.911329235102	2.30736395476	4.69145504422	
0.160398564471	0.869520942526	2.39223450278	4.48380067703	
0.169516632125	0.836579213744	2.02680794652	4.37363798258	
0.131643858869	1.01979196908	2.15914757244	4.32827279189	
0.159921035123	1.05059835076	2.23229247753	5.01538161092	
