10	98
1	1	1	1	1	1	1	1	1	1	
0.106348452064	0.172327541049	0.374201095854	0.559558518098	0.863225762412	1.51165720818	1.97262887267	3.44122249207	3.86320334308	5.16381050494	
0.089292648124	0.147708590019	0.36704734414	0.594885880393	0.919877801704	1.34770114895	1.79497110834	2.61004290091	5.07421005258	6.20323157066	
0.105234090964	0.149527687251	0.373958145592	0.646392591147	0.992308969057	1.5658218892	2.09750916048	3.52723523194	3.70971752823	5.78478311878	
0.102156813666	0.148810469435	0.337164064201	0.701027933398	0.857889665932	1.27642146172	2.25159709699	3.66887001504	4.3310016558	5.35314154937	
0.0924151988726	0.151733512681	0.388130620125	0.471955380983	1.09154537573	1.66880536791	2.24300007766	3.16722224872	4.38050247916	6.45255548796	
0.114732308704	0.128330580744	0.390596906	0.610823238618	1.00890527127	1.2663000356	2.13313861055	3.10605313746	4.67811908452	5.1973433147	
0.0891146433774	0.133295676574	0.404864124444	0.644814762536	0.951663405459	1.41851671767	2.43173721899	3.06482242136	4.33962376549	6.52303232542	
0.123970107892	0.171427790733	0.345735528485	0.619174762129	0.828989079597	1.40188331904	2.32024299407	3.75508526061	4.67637314997	6.22072706278	
0.0949708950828	0.156517810956	0.409077001125	0.687776278019	0.941162996575	1.29033987708	2.13237253246	3.3924845463	4.64632164509	5.74502536803	
0.0817283756307	0.164263051475	0.37962818333	0.53474554491	0.855931115607	1.44932348968	2.13527393555	2.9011983753	4.08939175396	6.05689076341	
0.104180884065	0.133475808176	0.37910947716	0.519675524622	0.972431952266	1.37599363879	2.26761222241	3.161207374	4.62195424866	5.51603656379	
0.0942940755214	0.141322226153	0.355437086576	0.563165307214	0.860150589667	1.3842183385	2.15381602921	2.82749211367	5.1046496519	7.13701803409	
0.1076938662	0.129747187353	0.323843891954	0.631136507325	0.934992790174	1.45885577188	1.89268440302	3.16912672281	4.45985908932	4.36986971311	
0.108553192469	0.14170692898	0.417903865103	0.653658153381	0.869560367434	1.22781026403	2.26422581128	3.18204642951	4.8683643069	7.06076826382	
0.0906821661472	0.145445102799	0.341351663809	0.685880951666	0.977318810406	1.33099590397	2.00210133734	3.06733427958	4.02297221133	5.92102365665	
0.102728373894	0.145647055907	0.36832368726	0.583799142698	0.966526517666	1.39192263916	1.94398757638	3.09706124154	5.14013204845	4.73854303779	
0.121533675577	0.147868796505	0.384258153321	0.589282046445	0.961578600098	1.36574551384	1.42928845459	3.24663285795	4.99305868495	5.9972929092	
0.112060960977	0.161781499915	0.342470652014	0.554808742479	1.06289489472	1.53988903991	2.43682653974	3.60229589458	3.69871879947	6.49262680998	
0.109742438322	0.161135302921	0.341769696651	0.525566833747	0.896873127229	1.19741432838	2.10163301228	3.16650839349	4.90133904843	5.23270308124	
0.0814924381412	0.139197902007	0.446980198386	0.55589481946	0.865972961962	1.37835799909	2.40476258783	3.43145066202	4.39712421871	6.45462405576	
0.102229426347	0.157166051485	0.393245827773	0.606311862736	0.971396923522	1.17604738164	2.3923268018	3.28377940035	5.10028639408	5.76452349398	
0.0900488189221	0.138658295377	0.361137961741	0.628389220377	1.01658780045	1.3996148299	1.99321015665	3.13923225244	4.12256337633	4.79943757902	
0.114481503244	0.163604248363	0.380829759929	0.648013397109	0.968590453281	1.32885503468	1.77633765322	3.57905281672	4.55768650924	5.74526132259	
0.113951720678	0.146358651802	0.364240182564	0.600833423237	0.93759728109	1.45541523173	1.99271365613	3.28038510498	4.35842799224	6.24888827675	
0.0869761445939	0.144901848591	0.366734076795	0.716653697305	0.665974560288	1.55064265022	2.43254461921	3.04529701014	4.11882999196	5.90138338426	
0.11038994379	0.143969057408	0.351365020758	0.604191532721	0.858472160825	1.60743691471	2.66599240488	3.44381852237	4.39993506554	7.04963838202	
0.108987705416	0.158773773161	0.333816442448	0.624282490332	1.17072308487	1.47603551764	2.52378557401	3.14741982876	4.26809889358	5.75183652673	
0.0845042660222	0.142479622849	0.33414027472	0.558213402156	0.919810650407	1.3506966468	1.5690747572	3.37912938926	4.29227468715	7.20426316879	
0.0850284311101	0.164361985086	0.375888140878	0.53965945591	0.968139972451	1.66193701921	2.19856248304	3.05369381688	4.84238357322	6.04723023009	
0.106748892202	0.139930942252	0.35675185443	0.541746483035	0.983476970891	1.37575003768	2.3439694901	3.07640134987	4.36762564058	6.11504248201	
0.109736121475	0.125928343617	0.377639773615	0.658716225827	0.908879090099	1.60814110133	2.55633147436	2.9141795849	4.60301224389	6.19005811398	
0.107627606248	0.151201358712	0.318583202357	0.504448790869	0.929809206425	1.44605790388	2.14001171521	3.13070765219	4.58278678531	4.68713239617	
0.0951976747485	0.116990979737	0.316402346365	0.522871785457	0.874911042228	1.39552365637	2.18127164299	3.19022385481	4.10529938782	6.38772086501	
0.108200857243	0.127193818078	0.42510506568	0.73568812551	0.979466093052	1.52360597314	1.97644420587	3.43041988025	4.72492456616	5.94909070427	
0.108208646643	0.16227437087	0.385474787842	0.6500562042	0.900179022037	1.12638528991	2.11410314558	3.15736047446	4.59794346846	6.25799342253	
0.0933053282143	0.125768061735	0.381205965326	0.556069920138	1.01032566603	1.56862833801	2.32068080821	3.07506943193	4.59850354096	5.37124820206	
0.100122779064	0.164942647179	0.46370899401	0.705531542581	1.06789461796	1.41168636833	2.22262652231	3.12091950836	4.80688715214	6.71342589921	
0.110679643032	0.162978320396	0.336356030337	0.604872088311	0.978721124187	1.37811326778	2.11170639888	2.84677700692	4.25122789577	7.17350518915	
0.0958323949766	0.125760317201	0.336654548111	0.64551710275	1.0145401119	1.62217718469	2.1176085213	2.49925099784	4.9822398163	5.88829486907	
0.0990620209717	0.143009135854	0.388633092483	0.604807996206	0.978622753257	1.27726524335	1.94652090184	3.3830816237	4.58911776929	6.24470504482	
0.0833850380054	0.150370366685	0.334543226237	0.598080307475	0.903619313999	1.51322459489	2.24418723777	3.55487683606	4.60563870134	6.23450305691	
0.111502460236	0.137421380364	0.405010873807	0.407775642034	0.877539041321	1.28169834429	2.61710085533	3.28975645718	3.65656687433	6.35365234492	
0.0750908627041	0.133324295553	0.352278460432	0.651640634583	1.00342302605	1.54330278781	2.50747460291	3.31725017664	4.74299382312	6.29925234406	
0.106580076586	0.163174480571	0.346332032067	0.577895602889	0.897100489307	1.40723673197	1.84739838123	3.5493124442	4.35887735229	6.18860469279	
0.0916253292347	0.152888366292	0.374579222691	0.654744781103	0.892936226497	1.33636441479	1.98467164163	3.02539615265	4.30303954037	5.26728421355	
0.0993065526581	0.128103413274	0.407752500852	0.543274398209	1.02973695191	1.63749569772	2.18665571251	3.01342333367	4.41941290666	4.6026533356	
0.102433506499	0.153580277379	0.400283775975	0.507638732907	0.826653759907	1.17611221108	2.28640252394	3.60958329328	4.78367765917	5.50944178326	
0.0957777921531	0.144752218489	0.4019142297	0.645116333689	0.887550231557	1.44857604351	2.25921180299	3.01290835501	4.04181016142	6.2848775307	
0.113481790899	0.157284679721	0.372509028619	0.54013069314	0.901140887392	1.67642672973	2.30241332258	2.67218780607	3.9989659329	5.93497998947	
0.103965172979	0.16662838419	0.401301776695	0.637276045747	0.910342832209	1.33322513295	2.46938280819	3.69644209381	5.01400485515	6.11620089893	
0.105704750904	0.137281025698	0.431828484534	0.654433202159	0.776007740663	1.34427025576	2.31857735877	3.43995247088	4.41941594943	5.66796317974	
0.0917565249223	0.147671202708	0.358084960144	0.598578270034	0.948358828693	1.43117263053	2.08457833599	3.62472858148	4.12263153627	5.76446390818	
0.0940232834107	0.15721479775	0.459307167538	0.668904154259	0.801153603904	1.23841489857	2.06902153187	3.69628779133	4.77303482366	6.05169995985	
0.102653653397	0.178230377655	0.397903920675	0.635262062304	1.01395937391	1.37151959623	1.99717651726	3.13244177781	4.38691358325	6.28815161628	
0.0953955991125	0.142483287794	0.405673387777	0.588278332847	0.790641312711	1.45297525062	2.05884595459	3.63872893115	4.58891792534	5.39263863828	
0.0771489363144	0.112890164106	0.367691367479	0.652069105849	0.931872345015	1.33451975718	2.08023266286	3.31976484801	4.21018250953	6.25358124914	
0.0882967654662	0.119815694573	0.462329973613	0.620893011951	0.803977113691	1.41428465727	2.6057513725	3.33591114689	4.12175267591	5.45185200307	
0.114347190164	0.14242232978	0.3110574203	0.62520182151	0.941404295032	1.33721103858	2.11237812797	3.3633943433	3.96183505388	6.28282652268	
0.0885399695189	0.127349699164	0.378526175817	0.545179194999	0.771226335754	1.39379443962	2.20312945277	3.58122788287	4.56905138589	5.14061257834	
0.108793988405	0.14505247767	0.367058417387	0.63804655083	0.898349760124	1.33928121833	2.62503201172	2.84356569291	4.15498141943	5.80653401723	
0.0947380033358	0.157591702979	0.351671810048	0.668592988896	0.942575174663	1.56215169146	2.42484201871	2.8964151279	4.69616384625	6.54951377134	
0.11879528053	0.164804238552	0.37041633341	0.573340820384	1.0821592036	1.40612519656	2.2170691991	3.11190332465	4.14486429539	6.84409511991	
0.0862982611411	0.154072385225	0.419657769593	0.571874163735	0.902691032353	1.45747335616	2.11547687502	3.00053213017	5.26992618742	6.33480041548	
0.095774501434	0.145574331621	0.359064627802	0.639769303098	0.880240306546	1.47757710097	2.24688213216	3.54584314812	4.74025440013	6.90341865053	
0.0773638132816	0.201609380559	0.369306276132	0.691359310926	0.762566544986	1.29054122346	2.17461619492	3.2083491122	3.82956757773	5.70769376238	
0.0831570684107	0.137476612827	0.340357775197	0.548390992359	0.90751935517	1.31241723494	1.85105588755	2.88074456599	4.5471064863	5.40202254699	
0.10676083657	0.147148987202	0.383694441671	0.481117605855	0.916907219992	1.29509709545	1.841368376	3.44424831641	4.81213413627	5.47502202472	
0.103434583359	0.149075115123	0.367613914736	0.596413478772	0.97464822749	1.17984989013	1.76276625279	3.13269237074	4.97185660062	5.86172303862	
0.105222034391	0.136882569067	0.35489621958	0.523559272565	1.0469937291	1.55212485885	1.73798332028	3.18200970708	4.17477013168	4.84099190662	
0.114523168985	0.124334074617	0.339214016763	0.658208484515	0.979671135448	1.72577075865	2.16621362026	2.75116210124	4.5012575331	5.05642702602	
0.110261020182	0.148666221461	0.369864977888	0.627163379166	0.96400534672	1.26952003634	2.0925574371	2.83025321096	5.45578255473	5.35544653123	
0.0995963509648	0.163326230618	0.397537844019	0.596890463816	0.984974332135	1.44118097586	1.7600266234	3.24089283105	5.35791674082	6.17635948971	
0.109477711188	0.158514321846	0.426972670158	0.615774376874	0.896502787217	1.35229384635	2.47118493858	3.69633272595	4.16303461149	5.50755322048	
0.0955730997985	0.158072695599	0.417027569064	0.633698337723	0.830370139786	1.36669702083	1.78566706262	3.2997759623	4.33468440386	5.95296436124	
0.0969352690854	0.173371421144	0.410525883117	0.610297548651	0.89958953567	1.37231869008	1.66018586639	3.39617238008	4.60864042014	5.85179681696	
0.113112540272	0.133915241853	0.393386503679	0.619551615149	0.936881794538	1.56309523365	1.96284427252	3.41794112428	4.87264344708	5.25580672985	
0.0994192401003	0.151680520694	0.421966420433	0.671054449615	0.818247333834	1.31080457412	1.7084663315	3.3339589612	4.75290147798	4.86075480255	
0.0958180217064	0.129158798741	0.4557195545	0.637585275584	1.01406869657	1.40971425627	2.16773969513	3.05967391033	4.40810112263	5.12185396631	
0.101846062224	0.146424677002	0.341519273356	0.641132679216	0.907837177759	1.22047679575	1.902321062	3.92068875742	3.54939771903	6.31790167041	
0.119339264542	0.157613699057	0.36818410143	0.467925029444	0.890650487591	1.40031121084	2.32294215296	3.10508541566	4.28676254743	6.75076353427	
0.0985354797785	0.15405923914	0.421425341318	0.647658583314	0.933426187357	1.37654524391	2.12148504037	3.28453958331	3.92527896223	5.80204881333	
0.0915141664954	0.130393921475	0.408882540466	0.660506685132	0.9991950287	1.57310059014	1.98522628667	3.31942334948	4.75401880771	5.90649272492	
0.102006051092	0.13676863545	0.376889188094	0.627447907059	0.907465868267	1.50932964487	1.97762680919	2.61454364599	5.15130771947	5.64337708157	
0.0986142208382	0.160396975911	0.287652119251	0.570883845203	0.981549094556	1.52734938982	2.18698138112	3.50651306516	3.50740572033	5.75550734987	
0.0943318621146	0.139302745359	0.36239161709	0.546466891964	0.814548355357	1.24924927817	2.04376123751	2.92570901138	5.25545166632	6.03959508273	
0.0960376153705	0.153405873777	0.390941011149	0.476316777288	0.91599683353	1.37536326833	2.30521058817	3.23806808727	4.04524555094	6.0381638286	
0.0948136738761	0.159077727676	0.404728839447	0.718213005343	0.896933777604	1.2802386416	1.93681621834	3.55632945142	4.82433128935	5.71067645064	
0.0957878972381	0.152782717072	0.337484514812	0.605121335278	1.09830003419	1.42248054219	1.91608754089	3.71364055588	5.57446501249	5.55984514536	
0.110009408783	0.146868422055	0.416442494745	0.439994107646	0.977878535391	1.37076966959	2.10145297084	3.1518147546	4.43521822171	5.35465085195	
0.098134476851	0.146029329402	0.338013868752	0.58649605533	1.06207009742	1.15590985497	2.36956828469	3.46622794517	4.2433122999	6.3257240597	
0.094301521719	0.134745638162	0.399776130673	0.452839212637	0.931280165074	1.47177797285	2.29341846443	3.80184055787	3.64394440568	5.85650567769	
0.121503202857	0.123272137003	0.373194998716	0.623524391295	1.06405665679	1.61598580647	2.57660933899	3.09195069426	4.20047759709	6.56204791712	
0.112605074579	0.162959370736	0.36928095606	0.651655379867	0.70032077528	1.78322201752	2.07947431108	3.51848819677	4.86015923523	6.00120988009	
0.0837745796349	0.126309635828	0.368509441543	0.552766061516	0.878340879698	1.50370333895	2.04871246105	3.54650113944	4.3898682489	6.0628889499	
0.0941143928565	0.155711180993	0.387912688483	0.650969516141	1.01429292878	1.39776944016	1.92121866018	4.15291532762	3.70039918319	6.09471778117	
0.101216776199	0.177140003255	0.414749017948	0.539067639561	1.00955037241	1.28651121459	2.00297492544	3.59384186826	4.27933578767	6.13516956981	
0.0928291157683	0.142370765161	0.414369340738	0.514214174644	0.775686362196	1.58862972029	2.07501554864	2.97230647614	4.39892682498	6.42740034741	
0.0871396198181	0.141058512632	0.38136897278	0.652537740483	0.948459319829	1.41453010615	2.16680524959	3.53593848938	4.60842871742	6.45279382609	
