8	70
0	1	0	1	1	1	1	1	1	1	
0.143508397723	0.519846742279	1.01113269972	1.59407421686	2.05565315686	3.70466321327	4.83613187667	7.03448427625	
0.160702964254	0.559490079418	0.926474204625	1.52080885013	2.10534535121	3.11275585826	4.48819664163	5.17811420607	
0.151305035411	0.599267983984	0.917346897466	1.46104745877	2.127892361	3.37273652683	3.66994612949	5.67231029393	
0.140414180293	0.743397010865	0.981338230224	1.28842097345	2.00247276763	3.86926440684	4.08742126616	5.77325656908	
0.163466111001	0.64566999681	0.839133223461	1.44277012365	2.15713592304	3.06221526054	3.69366076502	5.1820146976	
0.162399433677	0.516311160553	1.03575460833	1.1602532773	2.01477138987	3.74826645662	4.54926839082	6.31170947593	
0.160804506454	0.661540857548	0.730962523549	1.24311893418	2.0103859505	3.4677393476	4.94272271124	5.99141992416	
0.138209311698	0.647112486115	0.835444704128	1.26114073447	2.32266859282	3.21173867242	4.55656321275	5.98286137218	
0.167503019296	0.589958285047	0.84460824551	1.38053607892	2.39224294538	3.216578303	5.26395519697	5.43045497026	
0.122082530773	0.645511624731	0.822424272604	1.50501515019	2.28447693428	3.00036751973	4.35615831585	6.43682596265	
0.137281368412	0.535377959533	1.13957763049	1.2017250856	2.0021114052	3.19758718125	4.37227259498	4.8748669231	
0.150560587206	0.506585813085	0.942508654694	1.43902905317	1.97358193812	3.27726847109	5.34629300698	6.54792762692	
0.146013291502	0.633471872383	0.847445871265	1.50652491561	2.04240206095	3.5488503926	4.43793036378	6.21661297565	
0.134877440052	0.632965050075	0.864035297268	1.52085597545	2.15342466165	3.68947787431	4.10986578598	5.76106557553	
0.170101289324	0.444815584176	0.896029699693	1.04888279467	1.64907679789	3.07630152024	4.65053529511	6.42708357479	
0.151006362717	0.672247070777	0.918761596041	1.41694307492	1.95723586955	3.32175973326	3.64389550278	5.83857215177	
0.147840475942	0.698162571996	0.898144696044	1.22224498471	2.2938532928	2.93675228601	4.73549810322	6.12276800335	
0.144138679008	0.659129756535	0.914429381518	1.47432307958	2.06441156516	3.21861139952	4.15012180179	5.31259270095	
0.148821578655	0.582391975129	1.02132899504	1.35792256063	1.90173713102	3.18290955669	4.37225687889	6.68399750907	
0.136354231819	0.611933147782	0.910691956741	1.33593090039	2.20361993202	3.39753941262	4.12795882143	5.36061691899	
0.16057382573	0.618717588993	0.995179197655	1.4305306804	2.04433814949	3.84380695696	4.47380663565	5.10169618919	
0.134102464093	0.594026478773	0.906568072517	1.15964595683	1.96905484289	3.60905525837	4.66218141386	5.76880991083	
0.146359262224	0.475795418795	0.951272943793	1.57260587182	2.24871819249	3.59586120299	4.43438384877	7.13589979037	
0.156804014059	0.579855442087	0.831812858518	1.50666362253	2.39142638847	3.01695328755	5.38058028159	5.9268078321	
0.148887434767	0.608368489125	1.03147955807	1.49618309332	1.97188569045	3.08716943019	4.61673198476	5.81009935411	
0.165128456739	0.599238284671	1.00254085404	1.3312504514	1.88689583464	3.51204010164	5.45014682127	5.76780002497	
0.132632613683	0.550861463234	1.03284537217	1.4671018304	2.05164381092	3.54350374517	5.12402041308	6.09475858398	
0.160246310708	0.622773952886	0.840027897956	1.55360072715	2.47404302646	3.27826043812	4.81520655208	5.84728762955	
0.156504641311	0.469498949893	0.985222325203	1.20997214459	1.81208496292	2.86618955409	5.01004837198	5.42341902416	
0.141146094233	0.561824498554	1.05169868036	1.30175149067	2.02526739266	3.24345458433	4.34899055549	6.13143949859	
0.126890295286	0.597257667757	1.00376554021	1.60326166155	2.20369666324	3.30242834197	4.14710835523	5.05147562187	
0.164311005897	0.559235554968	1.03347995818	1.19922448728	2.27480689739	3.29973848016	5.17157412522	6.08671367715	
0.171553141932	0.630424455764	0.991567884317	1.56679595075	2.34706311776	3.24767182202	5.04929837753	5.39676161862	
0.162214909041	0.576138106474	0.645570704418	1.59857968371	1.97121843695	3.4142899219	3.92077882872	5.79229792013	
0.146998467921	0.591155419064	0.904149307833	1.51191829868	1.52686966199	3.13489608352	4.59945107344	6.24055255243	
0.121477227007	0.517687383319	0.945888964695	1.17039212606	2.44863902151	2.99884255966	4.32787609591	7.05595480849	
0.142244953228	0.522120513457	1.00587433079	1.36647727698	2.20186333218	3.33103320848	5.17521830406	5.71965044394	
0.143401906921	0.652046597302	0.987768118727	1.66693293027	2.33487475382	3.38135303385	3.52455681566	5.2365034637	
0.148904854603	0.629343959596	0.955355078424	1.36133861283	1.85050931147	3.79823013328	4.40851728028	6.45610579065	
0.129444165679	0.72613208745	1.16702124963	1.3757501023	1.96758698722	3.36712559486	5.16166249803	6.25668419767	
0.140728698812	0.52491221585	0.84648708527	1.37646699714	1.6334712663	2.90137865739	5.33392960854	6.54986163631	
0.156961149141	0.643778762985	1.07759915071	1.55568741715	2.39079429768	3.24730019482	3.80555570193	5.45015414026	
0.166427951483	0.607262126498	0.882932942949	1.19412562373	2.37391295693	3.62014677035	4.59111315804	5.69070040675	
0.137365922331	0.626037729343	0.834868031966	1.50232548183	2.30228413532	3.11511067611	4.19761139156	6.64415861666	
0.144455776693	0.583417527997	0.879550763067	1.42369709229	2.2444259116	3.47673546479	4.5403872031	5.62616945226	
0.137180659767	0.532392304749	0.957100344744	1.74836897478	2.21284639608	3.01774294911	3.98629100118	6.40628627426	
0.132691338696	0.634694733546	0.870573136022	1.25755461388	2.10216262054	2.82141903646	4.56084254541	6.41475417991	
0.154330680567	0.647380353666	0.877463743188	1.40168088591	2.19557173854	2.70669073387	4.66029021504	6.47062712079	
0.155547305546	0.664138721618	0.982356147299	1.49609058066	1.95485240884	2.45685545296	4.31595099651	7.41639364594	
0.140094066449	0.643236250746	0.980019267882	1.37353049973	2.27935539415	3.83796532077	4.37956137923	5.75768432316	
0.131972459346	0.682645768173	0.911479869099	1.50365145655	2.26640221705	3.13005804585	4.69214325929	5.44555489607	
0.134157043193	0.647918515522	0.991441628943	0.990709823876	2.0423284258	3.19807358766	5.02906702513	6.00504738071	
0.16891211323	0.558644704715	0.958962134039	1.64053086088	2.65532592186	2.67254079594	4.12840060074	6.04376919412	
0.163508415904	0.616156819358	0.818082683474	1.11002329371	2.00680009527	3.62834937546	4.86088299701	5.82603949998	
0.155793863402	0.599471956986	0.965827276371	1.4843430621	2.16367294395	2.8625598686	4.34331666112	5.77766728175	
0.138449328336	0.718441228026	0.896503979226	1.2809973522	1.80777350727	3.49815770906	4.38836570055	5.68502251757	
0.146533124567	0.583505074271	0.874098945689	1.48568130619	2.00988253397	3.44786298634	4.25826034788	6.064433208	
0.173174446084	0.670272886499	1.10351164642	1.43134150157	2.00766898103	3.44133095855	4.42210255926	5.77554259974	
0.133293130772	0.551837715334	0.960969871068	1.55809421215	2.03532036703	2.82393300376	4.28954920742	6.05964060944	
0.165625701502	0.562182634708	0.898500799918	1.33736561294	2.04790843081	3.2265581216	4.553051534	6.00763065423	
0.159897037275	0.623307884511	0.938370620805	1.60016835243	1.99280953899	2.94509716951	5.06810730676	5.87534273218	
0.139748805823	0.54227003608	0.937891879616	1.39188064396	2.40480737688	2.74006750196	4.15624998181	7.39331386753	
0.162031209399	0.656651009003	0.893232316921	1.54011123056	2.36923896569	3.5723745336	4.92024694938	5.83570639831	
0.125259017963	0.6918861261	0.87682790756	1.40089653241	1.99879625293	3.24407784026	3.73310078594	5.45089240663	
0.162491026107	0.602813653654	0.889226146978	1.26251291815	1.76773065633	3.08898411255	4.42130348014	5.89603479005	
0.156905450391	0.559262234328	0.784349690394	1.41038702884	1.91537234909	3.04955575469	4.58756512817	6.05111111757	
0.140807138051	0.625457062661	1.05266805486	1.5105257286	2.1104100108	3.75501347587	5.33350604984	5.7847305593	
0.136936040598	0.68332645611	1.08300566878	1.37385466306	1.86056695871	3.13276934425	5.27382475804	5.1462254262	
0.139468362392	0.564287489044	0.868329279803	1.32336511566	2.47044304673	3.88938950487	4.39882826786	6.23172549761	
0.150850589276	0.636088282926	0.95917811134	1.52652493702	2.20925630727	3.1226688464	5.05582259057	6.1357829803	
