4	37
0	1	1	0	1	0	0	0	1	0	
0.142326446508	0.386775449857	0.848456248569	4.83618728876	
0.154736801928	0.309880891191	0.872312688913	4.59251796423	
0.14558169564	0.361468051066	1.01130224428	4.4025438685	
0.151947199679	0.374571776698	0.771322087794	4.58903871431	
0.144363237201	0.399287543868	0.941737074471	4.17675381547	
0.154309464142	0.427326297077	0.914117698441	4.09720967256	
0.161068475392	0.349154183635	1.07493152582	4.14205521508	
0.171242789078	0.324753267108	0.885952154983	4.42000452443	
0.160089748989	0.375632655948	0.964352532324	4.19115315344	
0.149606082655	0.400210081534	0.797998971209	4.85146903633	
0.137473683711	0.357315350558	0.962680215168	4.22546599217	
0.156807322865	0.322046342687	0.912460433962	4.33598266323	
0.148651246128	0.410290421673	0.923985752014	3.98435045307	
0.159908830061	0.406543098568	1.02346164594	3.89050968233	
0.148156297223	0.38600298908	0.894759740012	4.38621548713	
0.147082612981	0.465322112548	1.04946950251	4.53043833227	
0.169764186165	0.430667603506	0.957691814126	4.27853368969	
0.14830812158	0.352083312769	0.884140527658	4.82367471276	
0.152244157521	0.437565264182	0.884776564115	3.80688380059	
0.130043891151	0.327791577108	0.936642075793	4.65692025636	
0.137862893247	0.379822122379	0.980325817509	3.74434769127	
0.140005439011	0.355795532091	0.9317101561	4.07749472332	
0.140953217568	0.366096691907	0.810092362106	4.52149911709	
0.176552763523	0.322412537539	0.782023229984	4.79242703705	
0.126564015958	0.355043227475	0.829410271526	3.66559254664	
0.122599948458	0.343430184634	1.0157668688	4.61268219371	
0.15817418429	0.390522315765	0.811391466464	4.94672509796	
0.143994088351	0.388216237875	1.08435111226	4.62624212588	
0.151650365121	0.39142629803	1.06285449098	4.99990213821	
0.149569851412	0.395153746181	0.844089611782	4.80453130996	
0.154590265536	0.458574736658	0.9054272854	4.6844077336	
0.145320637402	0.373217028337	0.858180245602	4.97306819482	
0.137680773566	0.385934449458	0.888070207649	4.78191791676	
0.152257617164	0.314489312108	0.666387135653	4.45652464164	
0.116472808505	0.391852087408	0.916794867187	4.67895848795	
0.142351491587	0.368198183221	1.01706378937	4.789892528	
0.165962134356	0.339065573469	0.935585349763	4.85806962425	
