8	87
1	1	1	1	1	1	0	0	1	1	
0.0902986514454	0.150210434854	0.297426637791	0.50277252019	0.942246533977	1.25787232076	4.13347792492	5.8700663941	
0.0911193318443	0.150916947797	0.422822143729	0.759257486452	0.872991293858	1.46594854001	4.98273020659	6.25309249653	
0.107045102439	0.16740347894	0.453216120256	0.531959311833	0.999991457284	1.51218009027	4.87674757388	5.37849511677	
0.12058006868	0.149093578212	0.335847751299	0.585149931695	0.942511726528	1.3963931561	4.51615812684	6.27123243155	
0.0986722440341	0.16151298812	0.363218602034	0.586522532726	0.90634682953	1.7473952134	4.68130132227	6.56635312381	
0.109292499389	0.121315798455	0.444628289409	0.650536279992	0.990095632973	1.555389941	4.45082613536	5.40556173695	
0.0852224427072	0.136820654378	0.402722821762	0.594310211535	0.775443493184	1.67491272618	3.92257079349	5.69204015712	
0.105594816767	0.137152953489	0.424549569132	0.587456429369	0.898589206736	1.46979646615	5.0289177873	5.15460192382	
0.101921821975	0.173329610311	0.45703491291	0.599845904914	1.0704914682	1.54493009977	4.74985716903	5.70552711352	
0.096694717868	0.143620356773	0.466691446367	0.697825320945	0.933825904004	1.39771454105	5.02028946271	5.33745441078	
0.0970277756804	0.138124711088	0.357240077037	0.522360202379	0.963204587867	1.75230884935	4.58491727679	8.19176221338	
0.0953546799505	0.158699812068	0.416920539741	0.624961083853	0.924743863852	1.23081136401	4.98627014616	5.17168156459	
0.0972115196821	0.15991462754	0.419262605165	0.646863821428	0.896532568286	1.41967034135	4.40541797104	5.79504961221	
0.114732722299	0.160601563765	0.38760679063	0.588949027263	0.932184930485	1.23651155689	4.80643885212	6.31273532578	
0.104684947433	0.130330509856	0.374170111387	0.612731942145	0.77197121699	1.33628259722	4.96376140527	6.03472937878	
0.0805616288837	0.159120983929	0.449880627072	0.634085656395	0.936770104729	1.61398061508	4.57431164012	5.79873680895	
0.111973936919	0.114810398125	0.428167250143	0.612539406108	1.02418986602	1.35011809177	4.28409293406	5.73654802786	
0.0927012979315	0.123832032173	0.327092890286	0.601768601164	0.930998894566	1.38623308093	4.27860877345	5.83208981114	
0.0757406703755	0.143236039611	0.417807933201	0.555214434035	0.89403920751	1.39969100468	3.70700537706	6.44119949448	
0.106855411734	0.151948141462	0.358711733947	0.776661798566	0.913320686487	1.43751552675	4.64583182075	7.09701339867	
0.0983703479241	0.151217271589	0.376655077064	0.547324561671	0.814088748506	1.44946503822	3.95530175013	5.81908600147	
0.103031339896	0.132488183304	0.369658603201	0.591024036304	0.994575092421	1.2999501946	4.20354798243	6.02623349982	
0.0933973331036	0.122652554697	0.379403015723	0.64377602337	1.07039347311	1.3019349256	3.63684150489	6.10494259349	
0.0912542574992	0.163161709961	0.446808458047	0.647245128981	0.917779992414	1.30015209842	4.25748596505	6.27392810833	
0.101273136901	0.114807439422	0.442162733948	0.674975813031	0.984455453003	1.60132086576	5.10723934796	5.42802330902	
0.0952750066555	0.157712525584	0.390489488091	0.688889356622	0.850895182216	1.4287849901	4.68466867125	6.04144315987	
0.0940987231287	0.159229830461	0.402132761813	0.480681797482	0.782361114734	1.31818292344	4.12680041066	6.20549208514	
0.103879759721	0.16826807463	0.38075601768	0.534203649376	1.03457686691	1.43607125025	3.3040676129	5.90204328437	
0.0943030585355	0.135820504402	0.398931972284	0.542423468114	0.755815601416	1.35753348663	3.95429147904	6.25070737568	
0.100330049246	0.175489982732	0.356501522551	0.551784380101	0.872724339133	1.40523153447	3.88881043255	6.47048986746	
0.080056109625	0.16756226132	0.35812021594	0.597102308193	0.854440313937	1.23988964634	4.45438546625	6.99580369905	
0.108948299613	0.132490267256	0.449471717229	0.745583211204	0.856356290944	1.54563016739	4.33165470293	6.40684453776	
0.103236349708	0.181396396225	0.332161750159	0.638299237943	0.765231578476	1.57650317154	4.12591641436	5.85961400958	
0.102286551479	0.156442223638	0.338263744752	0.666875031832	1.09592643535	1.3540584293	4.38363411712	6.9602635757	
0.106077973379	0.13235479477	0.384195276372	0.653309610294	0.837949635133	1.3964197148	4.61328042052	5.55130668343	
0.11469472784	0.172819904708	0.382813251148	0.549962670775	0.882823705773	1.36238509721	4.49116299293	6.80669746176	
0.0790832414868	0.118756342882	0.429589969031	0.564941881999	1.11068826217	1.35376666923	4.33486127605	5.34613634454	
0.100757506929	0.139986978289	0.34486809452	0.603409278969	0.854632180594	1.56436136117	5.02244725998	6.36176768163	
0.0907578446843	0.179971724187	0.416769445806	0.544765449878	0.866302181474	1.33618535226	3.73090073568	6.74350319484	
0.113286091477	0.136572349964	0.338985315723	0.537954654421	0.853975977706	1.42431863355	4.57177975323	6.39833194691	
0.103370990035	0.173820289751	0.368118895526	0.595432911521	0.852954429228	1.54921599214	4.16140834153	5.59538885848	
0.0955282374816	0.151373660625	0.341107941374	0.645122011033	1.06395564071	1.45691108345	3.97923691316	6.74996905313	
0.0934710561494	0.166041722298	0.357118628317	0.594951984604	1.03558400556	1.53560411628	4.80868036948	6.36852806294	
0.0937679581614	0.161012750465	0.383408974693	0.575525759013	0.883801173905	1.46039952322	4.68468014708	4.92397884536	
0.0928196590346	0.171626101198	0.39209341004	0.549060986867	0.977313768087	1.37547817069	4.31267522874	5.7189540987	
0.111771425432	0.170871564654	0.345125132001	0.590915425269	0.781865878466	1.45621992336	4.35028325654	6.24377114846	
0.0830494572086	0.150238618684	0.395187735104	0.539586550931	1.0546316063	1.49034716774	5.4412878919	5.22073598621	
0.0868512592636	0.173353274543	0.395669654911	0.567819135131	0.920961552048	1.33684956854	4.73469442065	6.02767277689	
0.0957672667287	0.146887809514	0.409594361931	0.676491177634	0.948467655963	1.58718214207	4.76020736334	5.5275644564	
0.109955452032	0.141415966577	0.489272997486	0.671758669839	0.849440378817	1.48757726591	4.76797691213	5.97431011289	
0.123405326602	0.178562757374	0.380330589036	0.590311867989	0.974759630011	1.47089401653	4.52699776788	5.24650387099	
0.105761393005	0.156503160507	0.40501919335	0.535525538186	0.711691584067	1.53195719944	4.41275586949	6.1613887278	
0.104609628502	0.130721880921	0.374383814837	0.553171651176	0.907999780832	1.58954176923	5.34021613776	5.93688027071	
0.101836088593	0.19156969283	0.391497276051	0.60729149888	0.882575455809	1.26612630104	4.66616969776	6.23899361899	
0.103477429324	0.134877480418	0.458265983365	0.625399956106	0.890043510776	1.25201657189	4.893368331	6.79088488793	
0.0954975885754	0.177982635199	0.407376088968	0.660291867442	0.890590625959	1.21121890084	4.40975835966	5.52742305035	
0.113847830443	0.152683814264	0.324394883736	0.602134981427	1.00168913795	1.46143023822	4.50212809232	5.64127079878	
0.0983498886965	0.16879552016	0.334963391652	0.649350064075	0.997508513402	1.4120062221	4.73883593494	5.6120214279	
0.109564628377	0.173215421833	0.404583230748	0.704882023402	0.86543194834	1.51713665052	4.30252665417	5.80904980029	
0.111798378431	0.164304542073	0.367344592059	0.619903957031	0.847517780034	1.19212826253	4.28087200293	6.12021801587	
0.0899264152995	0.141255158402	0.394513129957	0.58501699884	0.878240512795	1.65407440209	4.57338489436	6.81026623241	
0.0990976383783	0.13956282206	0.356568004475	0.578200807602	1.08593588474	1.49461323175	5.01613724249	5.26058571043	
0.106077565039	0.137023329891	0.339609112386	0.636623737863	1.02753974004	1.40593932829	4.61461142511	6.1965170969	
0.103449223489	0.146726119485	0.379628616432	0.629109109136	0.984256609083	1.44387356815	5.23992005463	6.01952424913	
0.103375547154	0.148643622915	0.366859666627	0.625658969392	0.855212357832	1.4651079752	3.81890373402	5.90070167697	
0.096578592503	0.144752625295	0.390862702098	0.628789740684	0.942666974358	1.57246474391	4.35445831971	6.08415291235	
0.0978425009402	0.140798293309	0.367850337388	0.442132605067	0.864269644163	1.1233297699	5.23576023423	7.24238693047	
0.0885066991977	0.168977215269	0.396343393938	0.529891576759	0.949928406843	1.41777499944	5.21664041904	5.52877572319	
0.100863895675	0.135413725864	0.369908551851	0.628255147397	1.09912633984	1.33781785439	4.47416828558	5.70354508257	
0.111945225072	0.146917636194	0.311254718448	0.60115971341	0.869358611053	1.22442470423	4.09112916362	6.09931790346	
0.0969795922335	0.16551127779	0.413492190043	0.596324580102	0.898426379582	1.50626401893	3.60504190427	5.74161344736	
0.102141501876	0.153154115921	0.425070702936	0.696404377869	0.818542668191	1.5449409662	4.78027306661	5.48573927447	
0.109207771293	0.136682266246	0.424233276008	0.629468036569	0.864815997739	1.53412315871	3.99421679212	5.52281779574	
0.097372660682	0.175352550964	0.309590052574	0.575593006356	0.884639299504	1.4585810831	4.45087268909	5.24511181119	
0.102310873338	0.170915172185	0.386196782726	0.646291826488	1.02092116431	1.46257451671	4.43718309901	6.09483432112	
0.0979449231842	0.135715215417	0.442060527656	0.588924122975	0.998025131479	1.3043022623	4.43134181611	5.57965165265	
0.110641811502	0.166561354454	0.420317337552	0.603387727517	1.07294117858	1.38423867758	4.92312494969	5.89930509065	
0.121915023474	0.160458149082	0.402000799664	0.583999281281	1.00887388896	1.31742822245	4.5712437092	5.96890536125	
0.106132290649	0.152270017837	0.412518327069	0.523847498491	0.885545586917	1.60316252456	4.28861770253	5.95412067726	
0.101839890229	0.152871329399	0.395134667423	0.588109927774	0.937671464029	1.54800870295	4.05238406139	6.82012021366	
0.10879988568	0.168258286325	0.433158362021	0.633591279159	0.765721246455	1.27440663816	4.60321779702	6.25185315448	
0.126311146703	0.164215309364	0.365776043218	0.593656360236	0.821230750968	1.37435892396	4.6500128808	6.28164862326	
0.0956369757814	0.140810329617	0.349333859897	0.518209635263	0.95501055471	1.22738574282	3.79263392319	7.04347103776	
0.0918495896341	0.149199843109	0.356624607992	0.61395409446	1.00668207783	1.32615072907	4.58590940728	6.32464292359	
0.107107945804	0.155582263256	0.411084667206	0.621366255796	1.03660387572	1.57868968424	4.53647234749	5.81386469892	
0.0881177156907	0.140988614108	0.347934147879	0.50982692171	0.876692477401	1.45989953656	4.63244663063	6.26245091903	
0.0961498490155	0.153093572967	0.432169611929	0.642364008899	1.03077994413	1.40169069181	4.52534083744	6.6037892111	
