4	69
1	0	0	1	1	0	1	0	0	0	
0.095564570773	0.623356684241	0.920102243913	2.04391808828	
0.104194053501	0.63634273639	0.840759922928	2.29780112082	
0.104414236262	0.538824087766	0.946754867838	1.95487481826	
0.100928759369	0.615028858044	0.876937713154	2.17542067427	
0.0965980952159	0.774955966122	0.85737325891	2.11759751848	
0.0987671900141	0.57787593751	0.862193592968	2.07867162983	
0.101849420681	0.649283824815	0.800515291878	2.33227956314	
0.0900368124272	0.736613343945	0.988589935858	1.88506955739	
0.097089228437	0.560912530713	0.962318865758	2.16608473231	
0.122191191075	0.581243521567	0.916232444076	1.80325954758	
0.101073179243	0.597329228799	0.880102193036	2.34834751612	
0.0850872015842	0.645876391887	1.07605970074	2.25698119665	
0.0946655521572	0.612389851731	0.991974289179	2.19035635773	
0.0861871557197	0.643437178503	0.980321661377	2.20805214702	
0.123224584261	0.52804260899	0.872459684089	2.18297545417	
0.0955596817398	0.693770877408	1.14954736191	2.25073828606	
0.107719396066	0.50988627109	0.837406703945	2.11968611189	
0.104822480945	0.642661808406	0.789184905599	2.41799463766	
0.107467838577	0.620591892696	0.868687214697	2.1013005667	
0.0876283099772	0.623294411017	0.892045704731	1.83971690311	
0.078471474651	0.643541227216	0.750633107528	2.48683730346	
0.0701019724233	0.613122465967	0.90786297257	2.16335613505	
0.0920315163905	0.548163052922	1.06340420014	2.06063958523	
0.0955954312687	0.559100863163	0.983804653005	2.39276388674	
0.114137238158	0.618598726761	0.916847726842	2.1157266603	
0.105734718953	0.612212617908	0.946447991235	2.52616449692	
0.10064833008	0.575842417194	0.93635733497	2.04051212488	
0.0956024102829	0.544187132177	1.01268654804	2.4660856035	
0.109983789181	0.625774926521	0.842282431882	1.64053911596	
0.111348567526	0.603891843315	0.8878685202	2.43735826955	
0.0858374922821	0.695316337625	0.697211188744	2.41711559662	
0.119650954528	0.602099712573	0.919679464063	2.39487578509	
0.102474188857	0.71596836319	0.846323718494	2.37851917447	
0.111165346882	0.630839579019	0.893441286128	2.09351616171	
0.109311562981	0.685649603005	0.915586051758	2.29873518698	
0.0796919256658	0.600458575417	0.986778721452	2.06386935777	
0.112454465819	0.62181324141	0.986329909862	2.73200636526	
0.0831080291732	0.626284440939	0.909870144419	2.10958127037	
0.0932395597398	0.514518908263	0.861345138222	2.14499155658	
0.100136634175	0.705438168154	0.768226588427	2.12087870242	
0.111452728017	0.58935326548	0.924296500887	2.13567706142	
0.0970718625826	0.717030278808	0.898726488796	2.31603604662	
0.107382407406	0.668931635669	0.685410652996	2.04571373479	
0.0813742288502	0.620257766832	1.07044652696	2.46091736439	
0.104028928804	0.664804730096	0.957802813387	1.98982624538	
0.0978808118588	0.521703014537	0.899080630065	2.54617046413	
0.110103681376	0.645588851389	0.925206746103	2.18515025272	
0.0891745155229	0.606639285925	1.04894959618	2.32960961261	
0.109059078316	0.590405473297	0.973830905604	2.28393794893	
0.0820998837399	0.578389501011	1.00327022578	2.18261789307	
0.087682840992	0.552558487986	1.0893639194	2.58474060339	
0.095675136077	0.572326684517	0.900255946605	2.12082666217	
0.0976890580735	0.569735566466	0.927264880345	2.20010286471	
0.086306470689	0.597387594136	0.839089094726	2.45806819605	
0.0911502919517	0.600351271894	1.09750942267	2.42145949296	
0.118536713882	0.564908184911	0.884557816039	2.19173318211	
0.109547731629	0.637713666439	0.770167550729	2.15658502844	
0.103128156331	0.579211460272	1.03971357691	2.00331471129	
0.0987691897049	0.679999315521	1.04973899429	2.22170847466	
0.0988552945987	0.575243472371	0.982883810808	1.73589938361	
0.119001597109	0.603135101699	0.823030011155	1.85139568162	
0.111160300823	0.580759409994	1.13479007958	2.01770084631	
0.103746751457	0.721171910865	0.922215898558	2.19060412615	
0.110695872257	0.627912056775	0.842615861442	2.12740904143	
0.0951471113772	0.606987628193	0.894073218814	2.52297784747	
0.10577617596	0.591873069862	0.919975221038	2.11573101969	
0.11138235421	0.67043809907	0.886124672974	1.81267063734	
0.0934056195108	0.568831648193	0.813547926163	2.34188860784	
0.0891456117631	0.571622407494	1.0270446779	2.05165520952	
