10	64
1	1	1	1	1	1	1	1	1	1	
0.0951550590621	0.146536166604	0.362660667178	0.623835611649	1.00740945408	1.48046311511	2.06088053554	3.27682745052	4.71300619557	6.25998399443	
0.0904996446198	0.160362837881	0.446185027158	0.593350465221	0.986672387216	1.49456327577	1.96167014125	3.53069302617	4.062505859	5.88793773076	
0.0957713339016	0.158609354268	0.381469715769	0.69166810973	0.901311920455	1.43520806982	2.11006496061	3.17869008022	4.61747847977	5.86908818123	
0.0963612306857	0.125483289846	0.350329914059	0.426525793495	0.70500130765	1.37392557436	2.24110117794	3.27353690564	4.04310403024	6.84432268107	
0.115877392683	0.144999179134	0.340790498518	0.715709241602	0.812122960654	1.44560317869	1.69409133258	3.60642003195	3.88351779826	6.28993165806	
0.123630188187	0.168375048892	0.359559206863	0.575527688308	0.866571011509	1.25695124744	1.99248924423	2.99598108559	3.85624119414	5.33279501401	
0.0982566367425	0.155888692735	0.40725399304	0.575214429813	0.8888087263	1.54640437962	2.18898268039	3.3414455591	4.61347793768	5.64632486909	
0.0977739057701	0.158850663888	0.383920460493	0.557761515858	0.93347833443	1.61209547733	2.04013921881	2.86185430083	4.26930053654	6.28991093273	
0.0875908077919	0.156563520354	0.398404351562	0.530454178351	0.825446031401	1.10876680069	2.06962771759	3.66715237888	4.94152850508	6.119199905	
0.115976140828	0.174768379286	0.403430267228	0.591462969667	0.727881828384	1.2484659964	2.25128778371	3.67499808628	4.14234887914	5.96044059375	
0.0985520593002	0.152214054515	0.383959022799	0.62909850573	0.869962203381	1.461546689	1.84538761776	3.19728557982	4.84779419426	6.46048660965	
0.0975787449608	0.150305642835	0.381650428154	0.572619343124	0.95658623421	1.69726763236	2.28364291794	2.885030168	4.99076989222	5.75866008701	
0.0986154897269	0.156547721097	0.458159427884	0.645539742524	0.800480622171	1.31333626704	1.78114070334	2.8652587532	4.76485077109	5.92786943634	
0.104673081237	0.113644513341	0.386066482508	0.668925155399	0.881567120477	1.30499283759	1.99821835612	3.34838139978	4.57816583045	5.99496925807	
0.0838029525139	0.152361569137	0.381869790421	0.498441060372	0.905303769555	1.35847600099	2.74042412988	3.248445664	4.25107624782	5.53878051522	
0.098863818513	0.154333186512	0.359328200287	0.568524833104	0.99917142145	1.52207505329	1.45279588915	3.85804686239	3.89373805427	5.65652398066	
0.103466398069	0.148125917434	0.38199621787	0.521981672387	1.05940304712	1.36291681707	2.09007059423	3.00287996443	4.82457018046	6.34706382907	
0.0908882997986	0.130165268986	0.425917004458	0.702328787303	1.09833247865	1.33440723132	2.21031506813	3.67895619294	4.36415560377	5.69966239928	
0.0965748682682	0.168169769847	0.372366148782	0.604989518282	0.953440497051	1.52563778939	1.94451385201	3.39179201949	4.35506514489	5.49967580948	
0.0966817527406	0.147801828819	0.390947996173	0.654772672078	0.830444928163	1.36249826431	2.17447002522	3.30762078149	4.44210176081	6.3292821301	
0.0984631649003	0.159965686249	0.415572671106	0.525322413489	0.991489110975	1.742849177	1.9598793745	3.54310559366	3.76597306703	5.91595443626	
0.107015033772	0.141788461813	0.380089952301	0.57716854478	0.889889910395	1.29350259899	2.08419133406	3.07427518706	4.796494054	5.91403584893	
0.097933937803	0.150476530063	0.406153312547	0.640597350429	0.859385763687	1.26868312749	2.12000179329	2.70854042906	4.1227278904	6.6633100942	
0.090645418379	0.172843435575	0.378420583111	0.612687542382	0.960450616508	1.48806193474	1.94994319697	3.00052728992	4.48338676816	5.1288622888	
0.103463804572	0.138541679501	0.369778764049	0.68520715563	0.911710426778	1.54663874566	2.1239578531	3.13902013831	4.28065212812	6.36667829564	
0.0827215232504	0.145123447896	0.335052773981	0.526309600445	0.93681094596	1.57834295446	2.16946793137	3.92630342268	4.32146330255	5.13249319985	
0.0895117597685	0.13906473702	0.338064646858	0.579521674044	0.892760916713	1.34809904045	2.45605139917	2.88246429289	4.26279388507	5.71783588861	
0.0899986431816	0.130242137058	0.36056230604	0.626111894354	1.04541779846	1.39630248827	2.17079379544	3.71164035206	4.63370967049	6.53828353544	
0.09052024811	0.140689583008	0.338699817437	0.598319606975	0.992430566797	1.35648090723	2.24268885705	3.05687835382	4.64601226827	5.42443269275	
0.0986208781839	0.14798460138	0.377375948899	0.518818486513	0.848489926874	1.22154878004	2.13672860029	2.7596557871	4.62668212689	5.69717892117	
0.112827631037	0.132820759726	0.346353165226	0.594316718905	1.06962801186	1.42074722254	2.16553380062	3.27928390122	5.36099347544	5.83508731962	
0.107935335952	0.148663528213	0.3720487993	0.494115419272	0.970804848629	1.32714342523	2.08836279331	3.0180917539	4.95813796535	5.72890169053	
0.107788260368	0.164805227383	0.360080549595	0.599375633027	0.804922690408	1.31199084998	1.89102253186	3.2712117665	4.37733810207	5.92691012614	
0.089714796289	0.139440624406	0.335725455757	0.530803783585	0.934477265991	1.49938865245	2.36135747989	3.45761691115	5.01558098463	5.77495653791	
0.102290377555	0.136602905901	0.407121355062	0.526569628551	0.986383216526	1.27001722208	2.10790269377	3.39280263155	4.19759091656	6.49043830992	
0.096607553625	0.135968036464	0.365711799551	0.697220546757	0.918397856753	1.41315188954	1.94778948941	3.60669103639	4.99471487964	6.8719439174	
0.110836125581	0.149762383276	0.385613698062	0.652800965286	0.921338106151	1.23021614283	2.03242377567	2.87015448163	4.63821709009	5.97726959345	
0.108701217973	0.170969433271	0.360947824712	0.676102504645	0.891631724041	1.13895044468	2.16180701202	3.2693376242	5.17978507276	5.56862982427	
0.107062038375	0.164185487062	0.314304173577	0.677650591742	0.992939196206	1.54340214514	2.33326832677	2.91469284448	4.391900177	6.49438183769	
0.0884510480622	0.141313885467	0.445152528661	0.610572827374	0.969367133173	1.68389836138	1.89564342234	3.85780196757	3.96412357408	6.48682501589	
0.105783287979	0.168358167502	0.334759450604	0.623612554643	0.852505769056	1.18055320093	2.42600116353	3.40199689912	4.30941503335	6.63397885477	
0.085516879532	0.15288744301	0.319653779905	0.639375274299	0.908364973796	1.49956419137	2.60719548916	3.4732109061	4.85553194442	5.67766357658	
0.101524584871	0.131291775366	0.359620907687	0.625227379706	0.998289152544	1.49610404	2.09750801117	3.53753191197	5.09663319443	5.23725187844	
0.113711257238	0.157450892507	0.461113309081	0.681627385836	0.864298697235	1.22955592494	2.15764572889	3.12416946072	4.15039714343	4.66787674846	
0.0990300863907	0.157659201356	0.380801756513	0.569799945015	1.05522474317	1.42775277068	2.5026328893	3.0209448936	4.28315289222	6.86590836215	
0.0970319368259	0.176432031078	0.38097996734	0.6388658382	1.06234653991	1.54381178126	2.4467841603	3.29748921574	4.28260354345	6.6532041337	
0.0952316547663	0.169186024183	0.413876162723	0.604554887225	1.05263270413	1.59440116135	2.13011837146	3.3398319691	4.78056284498	7.04872198266	
0.0999224159304	0.141026031482	0.373595865559	0.452356799417	0.99649348049	1.53014656993	2.09634205558	3.04750260553	5.3215162668	4.97550211656	
0.0972062063472	0.138969031883	0.356377684094	0.543480596996	0.801759934918	1.13539979846	1.99139210766	4.09346193753	4.09943452246	6.73831621282	
0.112437915266	0.173241938804	0.390174368565	0.673055792748	1.01325401965	1.34705740088	1.97869896285	3.50954703596	4.37635788694	6.03883550877	
0.0955303541706	0.154537149965	0.34697420703	0.63306636157	0.98279376211	1.37331162173	2.47612179891	2.90437896897	4.1080939737	6.7194112283	
0.0860147096076	0.141401679203	0.41946983656	0.622379307678	0.933292284539	1.52923440614	2.0237130342	3.23902643359	4.53575874991	6.41637059222	
0.0942786923144	0.167510978602	0.392980920033	0.571777008628	0.873636256859	1.37219965208	2.11263186488	2.96874486907	5.32856053246	5.24946299553	
0.0982382409859	0.151271337108	0.403781708148	0.555849696464	1.07600753634	1.43227342493	2.20544439959	2.7872930338	4.05310801117	4.98683856567	
0.108643099322	0.149483557831	0.343846966269	0.681982005331	0.87775872307	1.75547239406	2.07968665078	3.3690671584	4.7516995689	5.20849112627	
0.0802892458953	0.128202362977	0.373082886828	0.62305643949	0.904221413576	1.55781957088	1.96825746798	3.31213091423	4.47551540804	5.93311973044	
0.107168746912	0.130101933159	0.385319887102	0.586471610972	0.86205660166	1.51762053156	2.06199933799	3.30395286885	4.68072005375	5.31972316609	
0.090414701941	0.151017180315	0.355241307204	0.675410994512	1.04572569029	1.6129250815	2.28916964969	3.8044041954	5.33251910068	6.84953095587	
0.0764655249228	0.177426052044	0.443905823153	0.456606223097	1.02475723882	1.29244270012	2.12380449377	3.15898851676	4.1726132749	7.00388495644	
0.10359266548	0.136459663611	0.356050793681	0.609708634173	0.811765351058	1.50827836019	2.43791195417	3.52074186922	3.70879233778	7.38274139733	
0.109007064481	0.17110537906	0.456157360641	0.566979454154	1.11346245575	1.77335781247	2.09503241147	3.62521984718	4.55092547143	5.4240476339	
0.100515045554	0.158381684044	0.391480870096	0.587513587787	0.958587583839	1.47861481737	1.93663525584	2.88180313242	4.11335988858	6.03568232278	
0.0864922607456	0.164519370942	0.364472571157	0.63021286612	0.843047841714	1.7111725859	1.90210738741	3.05858298762	4.29820458705	5.54560483383	
0.112869254766	0.145556125393	0.375743816338	0.567352013459	0.726949422998	1.39809666733	2.01458802672	2.94213258764	4.66515251934	6.28223599523	
