8	75
1	1	0	1	0	1	1	1	1	1	
0.100033274196	0.121767467564	0.630813131812	1.46099331295	2.51640891132	3.55127936958	5.0007765346	5.32269545159	
0.111182243196	0.147076554112	0.558484968879	1.09460537836	2.432374604	3.15751369528	4.44500143693	6.19262212072	
0.118622998023	0.146612462104	0.599074036819	1.56851680792	2.08999037581	2.9798521823	3.51523246852	6.8017704381	
0.102387283284	0.158190866063	0.570829608776	1.5272033626	2.02448378134	3.30286794716	4.54851178089	6.67760260751	
0.106470066499	0.140601883284	0.636076510868	1.37750169793	1.97537087319	3.42906838765	4.58729609803	5.28244202472	
0.0948479637064	0.16118114638	0.623346897261	1.49163952628	2.54674807359	3.57369966343	4.44744614706	5.75763180389	
0.0931986998511	0.143103257824	0.504051473694	1.25609828559	2.29141865885	3.74880271925	4.52485462433	5.57842694495	
0.0659551351407	0.175557939255	0.519688648677	1.219488312	2.0860479882	3.23624407937	4.5046634009	5.48703506295	
0.104157133237	0.142173510812	0.570182671106	1.390143959	2.00446341257	2.84235588035	3.96494609389	5.33690926042	
0.104560776975	0.155986780231	0.583874617558	1.39866834476	2.40102085783	3.41711764961	5.20419842108	5.65361312358	
0.0883504433952	0.164953564971	0.598766036462	1.31519413258	2.2550917079	3.02086967788	4.81004817581	6.29157100257	
0.097740365423	0.124700016469	0.544610173216	1.64712466741	2.5252777149	4.09280792248	4.68017200503	5.34594558235	
0.113390059979	0.146037478406	0.559060633286	1.47786839584	2.55783974467	3.21577454272	4.50765071234	5.08071118077	
0.101077525033	0.159982215774	0.594741335392	1.42807009893	2.19840457165	2.90901740421	3.47502536733	5.93802708994	
0.0977438162847	0.158550029119	0.743826215932	1.61533139893	1.70774583004	4.06925459619	4.79880386968	5.84119270158	
0.114763887096	0.111703127929	0.5673281656	1.45818267123	2.16447435246	3.7420752833	5.03122066586	6.40927418123	
0.0972303614588	0.164419986536	0.564116126564	1.54044181459	1.99326981623	3.34561302503	3.84488177168	6.62131128208	
0.0955542601396	0.12946437991	0.542180638346	1.38617645926	1.95387487111	3.48405441742	4.37501907501	6.56098221482	
0.097170961384	0.160756185436	0.600539083477	1.39290915956	1.92626426412	3.27205197859	4.83092819671	5.58749257718	
0.0998752959303	0.141726338332	0.716173037052	1.4746149173	2.16933793275	3.09213021985	4.89776557555	5.999592842	
0.0993509231479	0.148900677625	0.533641369277	1.64390491978	2.34771558705	3.25289895835	4.45360380137	5.47104349788	
0.0852398211064	0.136785749815	0.668617724186	1.37470217337	2.38271364754	3.2402495056	4.10921393868	5.55959683996	
0.102465995819	0.125707614715	0.55397786186	1.36513375963	2.32641795618	3.34195643823	4.58432937675	6.27802818263	
0.110341167309	0.150758520198	0.537943091171	1.45686855927	1.96931544821	2.57755234626	4.58502003464	6.31003741148	
0.103468649664	0.157580056274	0.666880828872	1.29142296738	2.06657917813	2.83169482999	4.70220403948	6.73728786921	
0.0945552454519	0.160834592931	0.5538387503	1.5223044242	1.66972152681	3.74485796479	4.00937685108	6.10136590478	
0.114048045519	0.132479637123	0.70557283631	1.7307415452	2.29813146254	3.25546329666	4.41683799076	6.34454429903	
0.107461906408	0.119803917149	0.582910086285	1.34638626927	1.99317231277	3.01934372133	3.91764803638	6.9299230225	
0.0941268980215	0.147827401756	0.58124971509	1.35152787485	2.23964910104	3.1485293388	4.77241802743	6.94203053848	
0.088998270891	0.154842252572	0.617594642819	1.26191914946	2.28892544746	3.16475337687	5.21068345945	6.59940079828	
0.0999949579013	0.14675404242	0.703955336614	1.34715893582	2.20685842215	3.228834259	5.037688652	6.76302545563	
0.105423963846	0.142082924034	0.590610198205	1.25407893847	2.20351103248	2.98785965482	5.5074748027	5.67140723863	
0.110257894298	0.172927256948	0.649730213112	1.35755078851	2.02571044864	4.20683770292	5.38827565564	6.18208287402	
0.0966162781722	0.136949827203	0.562812765177	1.53157409118	2.6472757854	3.21139032257	5.03931444124	6.53909246322	
0.0970751966488	0.164986085293	0.661808391365	1.56110367211	2.06128915652	3.48306078083	5.0350698244	6.57345389176	
0.110778164404	0.14695466283	0.664352790717	1.61447930013	2.05176318183	2.80017848378	5.23601369954	5.72248152592	
0.0925741340278	0.153184369822	0.583801496054	1.1545488309	2.34174090829	3.53170602707	4.03588448944	5.98472333354	
0.0898278482588	0.137118512511	0.563885658399	1.50558629751	2.58240535189	3.11569287447	4.87753149202	6.47857793732	
0.0787023173747	0.12922483896	0.722776899377	1.35761215339	2.24741160375	3.35945884699	3.54237151529	5.59077181631	
0.107266615021	0.135933050635	0.577314188749	1.25781519923	1.96928803654	3.07880976296	3.66337663326	6.70293540628	
0.0861140876922	0.147413601572	0.555307365376	1.58399000745	1.88503786925	2.9958294336	3.89829062219	4.55514073101	
0.105090893311	0.150484521016	0.613144998922	1.54589953341	2.17324177157	3.10569558154	4.61683627439	5.69610709511	
0.111123510774	0.144568839862	0.592845874957	1.52102966411	2.65226454093	2.91779049853	3.95173928008	5.85299819691	
0.0925177065924	0.160499445995	0.611846518574	1.26991833274	2.31113401603	3.85049245819	4.14043662418	6.19515912251	
0.0780532832062	0.144478385024	0.618579783598	1.40978578067	2.17420626088	2.99713419443	5.06700798274	5.75360597836	
0.0877053921528	0.149417957426	0.655374312541	1.50929010515	2.03868757511	3.82627703237	4.46636814036	4.97259189604	
0.105943823708	0.147940085593	0.595557139549	1.55710066164	2.09387979405	3.1556929497	3.93591395305	5.68233453379	
0.102449769016	0.141181710249	0.499837503465	1.52316323435	2.29888303556	3.47750205071	4.08350594323	5.98761527196	
0.102396455749	0.158918892624	0.637015650641	1.22796814427	2.52026079356	2.85724578904	3.76597620491	4.23975930422	
0.106985311211	0.171732675468	0.562052315554	1.17717793942	2.33802567203	2.82818965432	4.77854564816	5.44530941082	
0.0956092293847	0.154788676695	0.619598705963	1.4452658171	2.46608799544	3.80715622127	5.30654501322	5.89435931292	
0.101060804962	0.170674212206	0.560897197626	1.36854497602	2.15448266405	3.24373056879	4.37111821109	5.43901202999	
0.10854261134	0.144189196879	0.609381331399	1.428995365	2.29521159596	3.39827990848	4.38512132715	5.75102244586	
0.0988925554159	0.133353008822	0.551743660996	1.5058618486	2.21436432662	2.93603863651	4.44607568857	5.0621362659	
0.101352514504	0.144957834579	0.725703036424	1.51396298866	1.94507171365	2.93575205638	4.78697960023	6.52759522981	
0.118585524116	0.167345386808	0.628628660303	1.63351295682	2.16603387269	3.25977157598	3.95430288837	6.90502181995	
0.101323909783	0.148520746038	0.552359720719	1.60522881443	2.36210327703	2.95677332004	4.72971724192	6.47759055511	
0.0875372357388	0.159618584665	0.626459561288	1.51911452356	2.57714273933	4.21253948329	5.05630351153	6.15629593011	
0.106382415994	0.156510412407	0.741104998192	1.44964874759	2.06093370124	3.42833914523	5.43947421675	5.41881306818	
0.0932810375476	0.139091241664	0.528175339006	1.29398264363	2.35218060919	3.32143914636	3.91776472707	6.41140696627	
0.103454545112	0.164274600935	0.563759821372	1.2545260222	2.29617444146	3.51815679352	4.00300082905	6.14285995584	
0.0938373718431	0.164567315698	0.639730466578	1.60427999575	1.96913575658	3.02583861428	4.33323390873	5.68196958333	
0.10368452	0.133843797047	0.691272216999	1.67936738172	2.38853018672	3.41252720529	4.4445766728	6.11334514219	
0.0924370856573	0.152361470148	0.620120751435	1.31197522083	2.49860279532	3.22262641037	4.03707409594	5.87681463619	
0.0939748339689	0.137395659569	0.694279462827	1.43142347191	2.37140343573	3.38372216819	4.71448201668	5.99178337806	
0.0956800417028	0.169499499246	0.639254791522	1.40413711312	2.36379318378	3.74079203091	4.66472147394	6.93084706195	
0.0952281812232	0.136505529643	0.579421646067	1.43589813304	2.48440564377	3.12619754426	4.67290674651	6.66058143749	
0.1046744443	0.142596527933	0.523283260517	1.60429775943	1.92371451649	3.12693467409	4.5152739822	6.75806018053	
0.1099770757	0.152225145908	0.672766759212	1.63487546131	2.04751515881	3.12221024538	4.83713747104	7.01819847918	
0.0930516358378	0.122368172768	0.63897583497	1.62509993185	2.17783836747	4.1060582008	4.12328135424	5.55468613139	
0.0924423179751	0.151306484193	0.606600675965	1.3199216699	2.39151676401	3.33703703498	4.03433182953	6.36823910819	
0.0957964037454	0.151523654516	0.653238942598	1.57287255059	2.3470615229	3.26615171773	4.06134024777	5.80883209732	
0.100231941152	0.173192735439	0.568435639602	1.4588511465	1.8849129768	3.36067305607	4.47955833835	5.92246450217	
0.108466284282	0.139713838894	0.684052755435	1.32137546884	2.44370152377	2.73124714816	4.63762966558	6.366178067	
0.0964025083073	0.154166737898	0.578184339904	1.49402957213	2.20382778019	3.97050269089	3.87963830236	6.12055591195	
