9	37
0	1	1	1	1	1	1	1	1	1	
0.1188773371	0.402281793472	0.586928743565	0.881417219189	1.5065641551	2.12700479804	2.92398546051	4.24650353398	5.54256593642	
0.147486423189	0.389436146001	0.604643798939	1.04410765214	1.46670613802	2.28567609798	3.14873151983	4.44600493991	6.08563541505	
0.147504143251	0.407130328525	0.53188741194	0.910672680918	1.57653040139	2.30808920486	3.46255356019	4.06512964009	6.39906455003	
0.15390717572	0.405361966983	0.610343941202	1.02480755353	1.34107537165	2.46098488577	2.68081932488	3.80711066209	5.41352641336	
0.139311503967	0.430821471783	0.51778638599	0.847868574225	1.52002038166	2.1539816671	3.3499249003	5.03805021531	6.94916432503	
0.159992189523	0.324451042559	0.622967374197	0.698969096302	1.53764569416	2.36468969209	3.08479335072	4.07180272184	5.74366328313	
0.139326375367	0.361688740428	0.669560842733	0.974662574475	1.4943370666	2.27597143678	2.76657209388	4.78694372052	7.09606611954	
0.145870304752	0.368901767855	0.5073621663	1.25060884038	1.71667925744	2.05636024856	3.32076747547	5.11079454009	5.54698674976	
0.157303315166	0.427920124633	0.550008423569	0.860482749323	1.44625850135	2.51412615746	3.02087050325	4.5189641286	7.06297344347	
0.118634523071	0.381369650147	0.598452066197	0.977081333152	1.54215824724	2.15060457928	3.79182306937	4.21931272429	5.59320018357	
0.151066740852	0.326956017184	0.568254198067	0.899041504517	1.33473445131	2.36257936489	3.45547758113	4.4499581129	6.10205907097	
0.142667637246	0.394194646373	0.65651860671	1.10064326517	1.69987493232	2.10032594439	3.19108675577	3.89587363175	5.93630055083	
0.131236160368	0.389348535527	0.630123990102	0.819207306059	1.28325739358	2.13432639261	3.05552868779	3.29252584275	5.83608053736	
0.146640796863	0.419904017661	0.596619272075	0.766764265399	1.32868386993	2.49111687171	3.31688964592	4.57604836955	5.79536761028	
0.126649538118	0.355109825191	0.597562154847	1.12360090127	1.59340979086	1.67184937593	3.40170885425	4.4324924099	5.37299935475	
0.165272609324	0.318833802875	0.689529961967	0.91686472404	1.60491442759	2.28533112065	3.04760955736	4.5305083084	5.66676948417	
0.123127834773	0.360981265639	0.578985412953	0.904533111459	1.46255822249	2.44990631463	3.48029295696	4.4510589411	5.25792821018	
0.160223292082	0.398394554403	0.600439925264	1.06392536704	1.59857807873	2.30345972885	3.08020178739	4.64784166223	5.83964771766	
0.160062573375	0.332527922552	0.660219385212	0.925556633843	1.34209039553	2.74523657674	3.52136153293	4.91234382849	6.51410952123	
0.136031940875	0.396397503628	0.60181656809	0.952532176397	1.3345628566	2.2698766848	3.1211494667	4.50839771252	6.42931034932	
0.140577612454	0.321194449155	0.521376229645	1.16463422353	1.4989148393	2.27247194141	3.02030482564	4.04598904364	5.40181568235	
0.14733167272	0.398752503325	0.566188652574	0.954807695898	1.34909555874	2.33152027809	2.92713497348	4.17643858556	6.46290179656	
0.139111730276	0.363968765711	0.63135784175	0.908711916656	1.47289935983	2.32374634118	3.16121582355	3.74261985114	5.51706274544	
0.134141339563	0.359904707359	0.630272846577	0.919418225283	1.50914788959	2.00791599643	3.01454600363	4.86029530244	6.17340745201	
0.157418099633	0.355732701649	0.549499072908	0.831155440593	1.43725115991	1.85315131746	3.87231646122	4.55612878259	5.70655471796	
0.15186343385	0.429533088864	0.677639202373	0.956491328757	1.37212599479	2.30777528324	3.39730303033	4.86256706064	5.2513887777	
0.1535829117	0.399869537595	0.573128312062	1.03547810345	1.47891371003	1.75532004915	3.13404988272	4.26483543524	5.91359029466	
0.159491736854	0.457391866021	0.644389707491	0.862940156841	1.51420791196	2.46837524639	3.07795166219	4.74748604677	5.59419897831	
0.125790711467	0.427398782895	0.610464412432	0.899920210301	1.56900073473	2.08594929652	3.2779154354	4.50216508169	7.16305851579	
0.153385884242	0.362337175133	0.509908888383	1.10724480231	1.64735487467	2.18653172783	3.06586511056	5.01119480993	6.87868458883	
0.143549071954	0.332952518915	0.629325787261	1.00983457471	1.53860671206	2.10721828976	3.39337044425	4.73455155223	6.18945056286	
0.152405445271	0.327569884748	0.648904293264	0.894485199515	1.34225755844	2.18970504569	3.43730276876	4.36272572526	5.83169836585	
0.150348764712	0.33817822652	0.610040749649	1.06184716404	1.73237872245	2.12354873891	3.18593305664	4.28367278809	5.38515780905	
0.153414324569	0.414982606045	0.617580957063	0.765698614188	1.51405154579	2.2896639164	3.31421928351	5.47204687027	7.15420528779	
0.134264652431	0.352987131889	0.608087720388	0.905043460845	1.47515832907	2.42537215339	3.56846314465	4.17733451565	6.09634509788	
0.142312558371	0.419840589648	0.61269043158	0.899170600679	1.331322461	2.07842711223	3.41711921084	4.77900758886	5.1058554048	
0.150176092085	0.400257490259	0.670513382397	0.805179756858	1.5395045007	2.15056775868	2.93764403811	5.2843559282	6.13642981249	
