6	64
1	0	1	1	0	1	0	1	1	0	
0.0834647750584	0.407356079675	0.599887220766	1.39639332583	3.21136583035	4.37114430694	
0.096387977295	0.340879316609	0.520216977897	1.43483244085	2.94413389914	4.3412437029	
0.110241632163	0.42041243189	0.635632470938	1.4154221819	3.33876435754	4.3503054893	
0.10698072296	0.339571048662	0.649993664322	1.41310050342	3.67896845993	4.20578688328	
0.0995612231003	0.381001516457	0.666522917496	1.45291284798	3.40764445393	5.3532167768	
0.0908959679837	0.324890399033	0.646092993507	1.3471917401	3.69798038104	4.51743819705	
0.0982762136107	0.419079751186	0.626628330068	1.53432674714	3.62808513763	4.30290545406	
0.0945432587458	0.348547747336	0.573328472507	1.42659430756	3.34074744141	4.37671507626	
0.102011006413	0.395769743561	0.607835027053	1.41879224961	3.62417666127	4.88884548512	
0.0966151792802	0.36479337792	0.533696693987	1.47679346864	3.23926455753	4.54609423337	
0.0959448303128	0.427891400845	0.607940534347	1.4339596958	3.12615139336	4.49759519186	
0.113292365977	0.325694091838	0.714862396903	1.48020771661	3.29206948248	4.68782351309	
0.103470590535	0.367061319231	0.5821598964	1.52261065743	3.07243963627	3.99798568843	
0.0990297925274	0.388779466044	0.607947058477	1.6013040975	2.90265816181	4.60270818673	
0.106592910545	0.407349669692	0.598797313565	1.6773586435	4.02459698419	4.80346433982	
0.0989615695004	0.353431663296	0.458102545792	1.37248742318	3.45698008817	3.79464879108	
0.107942520791	0.364991362665	0.618686662448	1.34589244617	3.71066487068	4.74473263331	
0.112330758986	0.306283553979	0.640724245848	1.63348905883	3.30732919245	3.87714602847	
0.103219986582	0.407993424837	0.594404945045	1.9557999394	2.95570002601	4.58491684684	
0.0930944405575	0.344172966977	0.649167524399	1.56963994713	2.88920896814	5.3968141807	
0.095131725125	0.350087646073	0.584552583018	1.47836238781	2.76160835946	4.3226677606	
0.107544375418	0.394947534543	0.526048310885	1.58779763938	3.26131275581	4.5305080073	
0.102708207043	0.375382920278	0.534725309694	1.27764520611	3.06518298722	4.52276075986	
0.109171755678	0.382304598287	0.56624098128	1.35897341429	2.93095340774	4.77808895007	
0.0971803318629	0.391476534425	0.590535177345	1.50633461431	2.98097143693	4.61603727798	
0.0931778050352	0.417984739151	0.560461129585	1.37593983117	3.2782789505	4.71855299274	
0.10309256051	0.449174659676	0.621274460513	1.54198687658	2.90533632518	4.87938003755	
0.0883802838149	0.397826688031	0.615855837456	1.79844320322	3.93661181716	4.47166579107	
0.101967064138	0.371623886337	0.59541866265	1.19849769204	3.04653157921	4.19339818472	
0.100294073296	0.348283434934	0.644485175509	1.41730230973	3.05901802996	4.31775735029	
0.0951478399197	0.328396700263	0.562650648089	1.31879143129	3.42435041506	4.1181141974	
0.0960861706214	0.40113405592	0.616011521858	1.52265351054	3.22469730668	4.46186190187	
0.113488567817	0.297361400781	0.652463963227	1.50591829404	3.97743579918	4.42400826889	
0.104362039118	0.360747787805	0.583190544911	1.32653403439	3.29096178603	3.93574182486	
0.090365032275	0.393105086502	0.541566202171	1.59969004714	3.28191080153	4.30172254532	
0.0963282169038	0.370972596404	0.551176524722	1.6311387669	3.55675291401	4.43213589597	
0.0951738521037	0.38413830169	0.611215202323	1.41510407979	3.3316196836	3.95751458455	
0.0938619765129	0.340607940821	0.510628610436	1.29079995799	3.8671544354	4.96291501072	
0.10580421146	0.406347130004	0.583089281035	1.46570643605	3.44413500873	4.10967656787	
0.105044359147	0.360151243228	0.608906768515	1.20837964862	3.34068628426	5.01267379016	
0.100021495813	0.381261604857	0.635423383348	1.38885814283	3.30808767268	4.5250713275	
0.094817767185	0.395348539905	0.535072942939	1.46156720393	3.7854803774	4.23156644393	
0.106706548483	0.400171925817	0.700626387687	1.3571464104	3.26496195747	3.61839560178	
0.116176337741	0.41510180673	0.58283176855	1.13714413832	2.84529851575	4.0911735735	
0.102743455834	0.372777688321	0.666976834658	1.23090765083	3.8562859537	5.73272705879	
0.0957672283463	0.434114715401	0.632373452222	1.30209752476	3.27670331738	4.082110207	
0.0815592012148	0.348170317428	0.504516437366	1.47847981506	3.75953685042	4.04350700887	
0.101290092624	0.44025054536	0.601764262743	1.50589813005	3.15542209748	4.54257286533	
0.101679127842	0.371985006727	0.638508221293	1.42053318787	3.2503015243	3.83199974494	
0.0912485608395	0.33360998929	0.568836467287	1.50335891664	3.20672345458	4.54688946504	
0.100747064081	0.351891187233	0.620508484028	1.48520092085	3.85555358934	4.71534904748	
0.111125561375	0.35707101918	0.580506526106	1.36639334466	2.96391459112	4.35738736225	
0.0937123654777	0.431106606468	0.562505159485	1.47576224671	3.03083332344	5.31190256035	
0.0925994963042	0.37137282931	0.705313074346	1.67152910338	3.05007206529	4.37491248609	
0.0951752308197	0.333141753893	0.621220549547	1.40960148352	3.27821355925	4.72338777197	
0.0937356896763	0.308580007864	0.567552900208	1.34079986751	3.69393277507	5.20784560762	
0.0964148826383	0.44952119544	0.585581523183	1.53000624839	3.30933962787	3.52370914409	
0.0845788796143	0.323379067148	0.597363528503	1.23482645862	3.40588383404	5.2353706694	
0.101231816348	0.363907254505	0.608293004935	1.42635178804	3.01317339441	5.03594651828	
0.117271292703	0.370750112182	0.759705600892	1.1497360682	2.94793936601	4.24276784581	
0.0882111078347	0.398599470514	0.567727850244	1.59235961177	3.57116768393	5.82902824775	
0.0953119189554	0.428027122332	0.412720223833	1.54371133733	3.28183131254	3.85947107391	
0.0872040476725	0.412050736586	0.578217353677	1.40098080355	3.16694430079	4.94261372156	
0.0988492351303	0.400173177096	0.534766278528	1.42494167637	3.27379071689	4.77370705993	
