4	93
1	1	1	0	0	0	0	0	1	0	
0.0911144878895	0.15692389861	0.351933497138	4.4753558787	
0.0959544552274	0.16162993701	0.397407551105	4.14782390292	
0.0881833867294	0.160786193159	0.372079348566	4.27649372181	
0.105483011398	0.124021044661	0.310531562731	4.31378277908	
0.1141405676	0.146267341166	0.33921300263	4.78243930316	
0.120257317506	0.12587762043	0.359326481325	3.84317352259	
0.115868608481	0.16002332664	0.383604044706	4.90242700753	
0.107254194238	0.137781737057	0.368831107805	3.95263965207	
0.0856962416252	0.133215067596	0.489196381632	4.45962640788	
0.0912130818966	0.143943136012	0.363949156072	4.72111928887	
0.101480043978	0.141738323665	0.416821771329	4.10893529763	
0.0798746898387	0.156678175636	0.340135261567	4.17479991191	
0.101232655482	0.146471435873	0.433854092604	3.35948265979	
0.104096762576	0.130826656954	0.387976283105	5.16699288643	
0.0997187407257	0.170501784632	0.364037334264	4.8582051635	
0.0920025358358	0.155052927017	0.353350275679	4.3818992386	
0.0826858218879	0.123583546814	0.375915486753	4.3499917349	
0.0962532020657	0.146541088175	0.355504044099	4.09722683788	
0.118576669716	0.155851555119	0.36073311388	3.82779426482	
0.0929320465534	0.137457942022	0.353071655069	5.63303504721	
0.0895613123422	0.139187508707	0.336053973106	3.66049415184	
0.102810189016	0.151283470654	0.337624393162	4.02424542305	
0.102202930508	0.144136741105	0.393412745452	5.05551211957	
0.105211969886	0.135120848832	0.40525949929	4.16866870747	
0.105853561186	0.16788700981	0.456638269256	4.92587079989	
0.0909311085273	0.126328257947	0.351059259451	4.04269155114	
0.0966612693268	0.157017291793	0.393185800593	4.98750291829	
0.0850878617439	0.164476918266	0.358720169523	3.87087611668	
0.104705703002	0.135358290342	0.360227527431	4.45524577655	
0.101698326652	0.14575184384	0.370521889604	4.72033282181	
0.10506195741	0.146216551059	0.309147554007	3.7581898552	
0.105086647261	0.142520009423	0.362155491021	4.08814868813	
0.0957252814024	0.174249595788	0.324818636724	5.25749406484	
0.105724243286	0.151777575103	0.385631453973	3.92125528592	
0.104830494183	0.135513907889	0.434351986617	4.28027103921	
0.103641313877	0.13902202009	0.307274806082	3.46113180728	
0.0994158183792	0.16900364426	0.395078194261	3.41932951734	
0.109422469001	0.123792161587	0.32852696783	4.43966057398	
0.0921281276587	0.132827419845	0.36865253269	4.42947134233	
0.112057170357	0.13340666701	0.411336121446	4.38925053751	
0.0925915427581	0.109951477323	0.342682580607	4.63542947135	
0.0973780501998	0.140804989752	0.427220072058	4.32892081596	
0.0950535605334	0.120723032514	0.380947371703	4.91202940047	
0.101047905761	0.162327018506	0.344825945483	4.66175984039	
0.103899637712	0.156207931498	0.362236154822	4.36758923384	
0.108790483302	0.156623347356	0.367330220616	4.37591556025	
0.0947472493273	0.150331549647	0.321250710815	4.49759400723	
0.0973459417059	0.141636093032	0.36087361757	3.95314775153	
0.102371460727	0.13911621952	0.346988666718	3.79084374682	
0.092369840366	0.14158880197	0.339898918345	4.52049378107	
0.102157887842	0.160022497092	0.407538566718	4.79787193007	
0.114232008994	0.165864851071	0.39418509999	4.26332297593	
0.103266152638	0.158942183753	0.350669850854	4.90132668945	
0.0933508480786	0.167463382421	0.409421669025	4.40296417914	
0.109199296684	0.148660237421	0.38606274288	4.55759582813	
0.0970512804266	0.16455222204	0.355417285494	3.98445430983	
0.0887117651758	0.173621478648	0.36861933881	4.53383243295	
0.11333142921	0.130773635264	0.336544500984	4.82691854734	
0.106376028455	0.158801080113	0.4100309431	4.20263497002	
0.109085019411	0.151070164567	0.369038761188	4.87813860177	
0.101974255276	0.152607358487	0.411455618544	5.48786257708	
0.0952994755088	0.142121950719	0.362569375233	4.60996591705	
0.0912416591949	0.160439531169	0.324766514474	4.12154427015	
0.10830077544	0.151584894617	0.359477901908	5.26391204778	
0.107500165901	0.135996480633	0.347363536728	5.0740608991	
0.111902959863	0.144815762852	0.414680472406	4.20516303028	
0.114284082401	0.13478375214	0.436336346664	3.57343689934	
0.0952578953662	0.100605483409	0.382392448294	4.28080876831	
0.0902910470595	0.143828530494	0.383667342977	4.48456850416	
0.113616978686	0.137047303098	0.360290908962	4.85357001491	
0.102622017809	0.135842103871	0.390475021533	4.7130891788	
0.118378764579	0.138452860249	0.434863531551	4.92371691207	
0.103311816957	0.155274789563	0.365519496035	4.36345549831	
0.099022480026	0.161012047799	0.398439464589	4.38332555087	
0.107649002182	0.170165877012	0.346703254108	4.74569778272	
0.103541313814	0.143416820821	0.351609473393	3.38071020273	
0.112250250783	0.13262047048	0.300259461315	4.27505608026	
0.0937067110963	0.159205859606	0.363674656724	4.18556056849	
0.0860992671386	0.168872616293	0.360655410396	4.01800422324	
0.0931086823452	0.168799930896	0.39977657612	4.30207211318	
0.0974981679962	0.1413511029	0.345868458616	4.73267514535	
0.116379876248	0.156241874674	0.381818314162	4.59773426098	
0.122965011464	0.157878776488	0.368797642571	4.96613411477	
0.100854205409	0.113701552507	0.370743093285	4.27439429785	
0.0901903134715	0.136564295843	0.315358417057	4.51109920222	
0.0839615367569	0.161524339685	0.342292879521	3.67117043685	
0.0983312902669	0.149793632119	0.377650412261	4.44102259154	
0.12235815373	0.171278874953	0.310331138514	3.86831568426	
0.0977564978989	0.139167970048	0.430870190755	4.61304226395	
0.0935135097878	0.153186371865	0.317569038291	4.51109089956	
0.0840801890128	0.157168504364	0.450090646323	4.04920238793	
0.0867737038188	0.142791967334	0.361007429601	3.77044346114	
0.0850610266599	0.123310924028	0.353231607113	4.38442662792	
