8	30
1	1	0	1	1	1	1	0	1	1	
0.0905091931699	0.15949791302	0.608614464423	1.13352164748	1.60000150766	2.02224443054	4.36068962507	6.01821491916	
0.103416783658	0.142938324806	0.571605647508	0.867040297239	1.46272218288	1.9754623771	5.07125375258	6.70115629775	
0.106897402035	0.139150431812	0.657495560699	0.999854301578	1.45311324773	2.43358572165	4.78435620986	6.03600042268	
0.0903664593334	0.150354293467	0.606737574916	0.846220414488	1.43928213124	2.2183819011	5.0365458953	6.16700564841	
0.0930527429988	0.155255071089	0.720230869586	0.628443931021	1.43970656197	2.25058012821	4.16901875144	7.16175902091	
0.0982002284758	0.155249231217	0.635847787749	1.01641848174	1.38466404906	1.95551425054	4.6067103359	5.38983030765	
0.10164179563	0.141059828349	0.630398027716	1.01859543885	1.22699218294	2.15848001518	4.09923526359	6.91595132446	
0.0899079891384	0.155212732407	0.52650286576	0.815007588051	1.41979019863	2.26118611934	5.01266128561	6.0499273816	
0.0911057247073	0.149647869094	0.571275640189	0.922761428132	1.57843461356	2.27450835217	3.52249031818	6.25319026854	
0.0992051251835	0.137868397536	0.683343776583	0.96128187411	1.44439831931	2.28629543831	4.45598692825	6.31620338636	
0.0992315159707	0.147700962256	0.67775929636	0.784594150674	1.68634018038	1.92006795484	4.51459106468	4.77611300565	
0.100818830342	0.157250312026	0.569892427948	1.05219172213	1.34701355683	2.28627053312	3.49094167082	6.03227020814	
0.0936461057243	0.150774954083	0.645987463624	0.906145076967	1.19495225563	1.93158121452	5.22024319968	5.71987095879	
0.095955019061	0.154798949909	0.534132607218	1.04330908333	1.29745530078	1.95647339067	4.56649122039	6.01673041751	
0.101544323752	0.17801160818	0.549876691797	0.894139357549	1.30211961068	1.80433797749	4.35422634592	7.02862250308	
0.0882043728591	0.152630582594	0.559191180981	1.02113161239	1.39939887712	1.88073343222	4.27398001312	5.22580753011	
0.10210067707	0.155368928609	0.585772139179	1.04128059193	1.30772558798	2.28574633858	4.31996833321	7.19220376548	
0.0918745203525	0.154739481906	0.628503765896	0.842082271012	1.42091046033	2.05855352758	4.90425426976	5.27148523473	
0.0889033822577	0.141880985738	0.577017453915	0.978640774963	1.27101779517	2.04224473369	5.10489440809	6.05058271116	
0.105143472415	0.146654508138	0.568015511952	0.86540182295	1.30030668213	2.26662929951	4.17518399704	6.92647049447	
0.0934742058002	0.143446302108	0.622884194497	0.855642667463	1.65516251173	1.85800960944	5.23747455225	5.19679556875	
0.113827035239	0.132068183019	0.637339788208	1.03811825099	1.31752156912	1.97712650701	4.78978548451	5.43409861535	
0.103417403922	0.150691178978	0.534729228548	0.823684660683	1.32756302296	2.32220892965	4.78845896957	5.83816713436	
0.101522348091	0.123714292152	0.662227252272	0.847218860405	1.6569309175	1.90357850324	4.32012793359	5.5330234686	
0.0996375663735	0.163368447694	0.628566422331	0.991654941927	1.40296256305	1.68410240224	4.79541024015	6.43855482525	
0.0949928072363	0.135364413362	0.609156515769	0.916823503983	1.46348115031	2.24837028639	4.65429961796	5.47640959351	
0.0978711349615	0.163202887251	0.570673891933	0.870723179706	1.46709178955	1.94574536489	4.44449164612	5.85337928005	
0.0855262873121	0.138520521813	0.507384484943	0.976362939098	1.42151078497	2.30795134977	4.59812269684	5.39728868066	
0.119844898753	0.161622511351	0.562356100644	0.870997385492	1.51162929026	2.28286846694	4.74262682081	6.38988368299	
0.099909688235	0.136258457105	0.553802055526	1.11919536152	1.32965698105	2.34225599676	5.06193215412	6.07402428034	
