7	86
1	1	0	1	1	0	1	0	1	1	
0.0878267789337	0.16683140641	0.724875167791	0.991524992508	1.98081578721	4.76735212585	5.52019803371	
0.0952335384754	0.113701701818	0.682193664501	0.959471866298	2.27318696317	4.85525698382	6.28647835448	
0.109768644121	0.170481697589	0.597854415927	0.775512487032	1.96863586985	4.77850060825	5.38367973708	
0.0993708548106	0.187512620948	0.662681096916	0.742926821671	2.65117641868	5.11520417508	6.39796546892	
0.101345090212	0.129309883761	0.577611560969	0.745557264988	2.35457428004	4.58346835109	5.55392853244	
0.110100733049	0.154987737595	0.698352585579	0.888722381668	2.44950806174	4.60119255175	5.53528416877	
0.105937912399	0.15111997818	0.62734875438	0.838267305042	1.65324899221	4.27736483681	6.34308774224	
0.105422095205	0.143191415668	0.614035845049	0.893527945984	2.12118627039	5.06795431883	5.19971806954	
0.118867123668	0.152608764921	0.721124125033	1.10310349442	1.66111256839	4.58269924242	5.41121718426	
0.0986470268049	0.156861126763	0.687426963296	0.829099165608	2.69377008842	4.23856653499	5.1940646375	
0.110949687352	0.151912696264	0.732675789374	0.838483465071	2.18962289871	5.07156539609	5.49260056484	
0.112816643037	0.155965972559	0.539669309412	1.04748208245	2.10777705272	5.03481397523	5.5782852835	
0.0854788068082	0.143398180978	0.592667408981	0.94813208886	2.2647748306	5.38183010662	5.93794116532	
0.117817836957	0.165373009928	0.59514164643	0.958518629265	2.23510886347	4.96156130522	6.70694521034	
0.0859985961293	0.164679413904	0.624467584381	0.966516401268	2.12142054265	4.81665763188	6.53304407278	
0.101121575163	0.165326186747	0.562139819465	0.931097274175	2.22759820323	4.36074177812	5.80141983298	
0.0907015277569	0.156474857334	0.716693334043	0.986002621773	2.11393300448	5.09206353969	5.97950317033	
0.107501997213	0.158402224751	0.510431848775	0.939323810372	2.61079712682	4.25611775167	6.95595123234	
0.110125402184	0.14326167375	0.606324075465	0.840911884717	2.35433926324	4.07468598505	6.30176893871	
0.119283992809	0.141797893279	0.626726553618	0.800249533095	2.18054083586	4.08917605403	6.20685856475	
0.095644540188	0.136640162914	0.597751638775	0.692660255356	1.94472298531	5.61189223671	5.92218330906	
0.0962355759689	0.157088888699	0.669552940636	1.09275613306	2.16098527894	4.45966765067	6.30128185093	
0.101763691666	0.149265830711	0.643216688475	0.9955884644	2.18813805443	5.63831178091	7.21451587264	
0.106733560689	0.169140258365	0.566597656812	0.943744124103	2.33240648827	5.18074210738	5.44997445017	
0.0946029866021	0.152957671826	0.698607379284	0.948163418148	2.42319009984	4.48142568752	6.50904369351	
0.0902863119967	0.140460709004	0.592010213041	0.829568928752	1.90542008828	4.34946174275	5.16164743881	
0.0993480613008	0.155027099051	0.552711587423	0.901661655784	2.0785304699	5.21494606159	6.09626604638	
0.122570833029	0.143811042008	0.575103980408	1.03695815766	1.60793650694	4.85122879165	5.9443446675	
0.101132176085	0.144967155573	0.635395890856	0.758276451135	1.99011255499	5.38169328465	6.03841328045	
0.0881754023612	0.150928881283	0.644834211143	0.939007507223	2.12577815032	4.23433800143	5.24056005631	
0.081295288039	0.137530525439	0.67879818546	0.890505038285	2.11499529804	3.8148310844	6.00386651361	
0.0959650557611	0.145000610543	0.564340861075	0.876033312147	2.09768531066	4.48583237272	4.64412050799	
0.0831905869853	0.142087574762	0.655336201551	0.798280293426	2.27481416483	5.24549881975	5.84002287341	
0.0955134889008	0.158065161692	0.606544209544	0.872111984578	2.20861118937	4.19137077994	6.82563342773	
0.0978532426366	0.156352358623	0.699880976858	0.913195557	1.98848685395	4.24242849502	5.99791836711	
0.0985668104532	0.14732556532	0.620983838233	0.941337627162	2.05062098193	4.50483556494	5.58601535515	
0.0951609751869	0.115009932109	0.550008402402	1.00585933416	2.28520298376	4.8289448738	6.25528019123	
0.0951500449919	0.131023154784	0.580970386096	0.64207376784	2.39558313285	4.59223158049	6.51274591497	
0.0948650210485	0.125908903316	0.611056283199	0.946013661593	2.12043905361	4.62835294585	5.713423977	
0.101991381244	0.157031521676	0.700534633503	1.00121554405	1.88357355534	4.32463137296	5.48672252022	
0.113709578202	0.142647506667	0.584162471635	0.919591228741	2.23659514526	3.96468049511	5.99353824016	
0.109386212278	0.145069445396	0.709715442933	0.847762263303	2.04151244671	4.84847606892	6.01963022775	
0.0977123503299	0.133209261927	0.565009347403	1.10025493937	2.21866953759	4.7593965266	5.62583693302	
0.101947604811	0.145860086483	0.525168908232	0.861711332152	2.03823861947	5.4428114435	7.1224569888	
0.0832623313293	0.137607788954	0.589076042321	0.932451905927	2.12171360076	5.33248678482	5.71664128669	
0.118158941619	0.16442571029	0.596235247451	0.870052890597	2.00817954959	5.37419596855	6.43267850487	
0.102947935685	0.11706734136	0.570330847249	0.89562624666	2.19679686611	4.43842932659	5.76972507125	
0.103219841691	0.163492080529	0.564195400167	0.837921752857	2.02903775138	4.06791548631	5.84038345903	
0.120035844444	0.144901311219	0.533968438212	0.88887354468	2.48566902423	4.37473116314	5.51492426585	
0.0826892364667	0.144992804241	0.513091939474	0.950109005573	2.05943697226	3.55813560678	6.99800884137	
0.121376246832	0.153850837182	0.692179072563	0.951317051535	1.73141778294	4.38520829985	5.62071104558	
0.0850303739296	0.150024995249	0.555275385739	0.947469595473	2.30765427213	5.26426431282	5.98016036627	
0.0887789311451	0.141942392173	0.57478740027	1.14379357223	2.12697357161	4.72904779976	6.65284978313	
0.113761900597	0.153086504439	0.579020588928	0.884316148372	1.87419497725	4.89961069549	7.64379990156	
0.113518121681	0.150315363724	0.522894818864	0.878438102882	2.23656608534	4.34678120051	5.9239728659	
0.103850481854	0.153192312801	0.739440123082	1.14173987375	2.08350471631	4.96431786293	5.16501577073	
0.109408298625	0.157257966661	0.545889284824	1.03725920219	1.92961049476	4.44021691701	6.0874883708	
0.0831034616736	0.152392157813	0.545894727584	0.891595390168	2.12906095663	3.73699194034	5.69528870826	
0.098250722816	0.144501214068	0.542793841666	0.80402225769	1.93089501403	3.62808201003	5.49204102179	
0.112283984378	0.126829782105	0.654567556527	0.805158590689	2.25826409884	5.68353575221	6.35412474536	
0.098079231479	0.147571820038	0.653277666466	0.966610576658	2.20718239787	4.28897122743	6.19806454849	
0.0820795361298	0.141029610986	0.707335369583	1.01109464985	2.12223042025	4.00854378999	7.20848796106	
0.0937730454204	0.135630531948	0.610434127741	0.879743421794	1.71712007983	3.85151937913	5.88120720593	
0.0887128691612	0.126713269334	0.51207508229	0.912717420739	2.1222743905	4.87820599209	5.2785986329	
0.0981515225988	0.139937060201	0.633081385577	0.931591611442	2.22376899562	5.05443576514	6.11894535668	
0.110961836954	0.130351193916	0.512419680291	1.05314518434	2.21022605126	4.76823414301	6.70168352259	
0.0924273222641	0.140762690789	0.649257852136	0.897877125327	2.03037142781	3.92851037865	6.53626499086	
0.0945629910504	0.163208685256	0.629671207013	1.059580356	1.78655637953	3.20925488256	7.05243747148	
0.110115959728	0.134631969194	0.550688919764	0.934358441279	2.10654828064	4.20114938971	5.49170636222	
0.095205247209	0.15740241837	0.600972919746	0.884349838189	2.00642636968	5.46465908404	5.65391017508	
0.105209443854	0.186952673386	0.641464638236	0.974079979023	2.41559959138	5.12618358375	5.98369655524	
0.0867154815828	0.147676658202	0.634800696196	0.897956114225	2.10016114877	5.22829442593	6.47137722981	
0.105905965345	0.134466978399	0.585266484899	0.965590295033	2.29022087022	5.21461036363	6.4016169679	
0.0946062803727	0.178215776547	0.583345177071	1.01522248345	2.02610545271	4.15031120414	5.18719149194	
0.0871608873276	0.142880279316	0.678475880324	0.954443253736	1.76793444871	4.87374993884	5.99733959338	
0.115165506623	0.142623361372	0.545705430118	1.09116566184	2.36574731996	3.73055277006	6.21658851795	
0.0829247020157	0.164331861387	0.533200578026	0.81339277891	2.44830875674	4.6861694781	6.44152225936	
0.0951594861777	0.148787191362	0.694069953382	0.959825739968	2.65097773827	4.41189270152	6.5757762777	
0.111094134861	0.15295488342	0.681737136185	0.880220090341	2.33543776294	4.0322851613	5.241691589	
0.100393564376	0.14806896226	0.533552016394	1.00114629736	2.48573143634	4.35429822053	6.624552481	
0.0936519807248	0.147007584015	0.597053895195	1.00754684332	2.1324465379	3.60089038821	6.71977993852	
0.101138057418	0.115537189791	0.685235170182	1.06707928505	1.91803411459	3.86189660117	6.68568150727	
0.111444708787	0.157229848611	0.573275390707	0.856360944595	2.27900860004	4.21158155864	5.61893001743	
0.107838465262	0.164737037961	0.690050777127	0.760790868106	2.04275238973	4.34621669541	5.98916939027	
0.0872813106942	0.158508111478	0.713359823951	0.819112735793	2.19052947005	5.06473028117	5.85740262333	
0.0926672621638	0.152673343561	0.644026405509	0.812498062761	2.37280340333	4.40437564368	5.59969931627	
