3	44
0	0	0	1	0	1	0	1	0	0	
0.53357393641	1.50043612319	2.75886254823	
0.581037067531	1.59079272842	3.51099451305	
0.681827610615	1.44898663208	3.34584231713	
0.621885187833	1.25784475352	3.57078644017	
0.659707765897	1.41462315097	3.52419061953	
0.523414597694	1.59569635324	3.20508895127	
0.620889786516	1.24924263048	3.70159285033	
0.549552650702	1.46742368072	3.50218195904	
0.637137706799	1.25833168777	3.68389918566	
0.675116659888	1.4710006283	2.71356162128	
0.575236339159	1.38172240127	2.93583487964	
0.578273728701	1.64277160239	3.43623824348	
0.655199456634	1.66237527661	2.94637802598	
0.611756405657	1.32567609549	3.91783553451	
0.547788617468	1.47925108227	3.20319955799	
0.583545220308	1.56057774862	3.13917963697	
0.659559588925	1.36674132849	3.57465426487	
0.602518737918	1.66401397426	3.34887870586	
0.696326448443	1.21699664878	3.02525740387	
0.484042574194	1.34542357887	2.9449497634	
0.624287613812	1.41911213389	3.21853959406	
0.533820697398	1.04315145917	2.9424603969	
0.788129268169	1.64172564734	3.32840704838	
0.544335916884	1.25638481862	3.59285626921	
0.528995716377	1.49164458521	2.84786947904	
0.603908077857	1.40148226274	3.22807775359	
0.571897194328	1.44718275101	3.48320443141	
0.62681072387	1.49403736185	3.55461545303	
0.610807470709	1.4679373694	3.44280386833	
0.65523322813	1.42536066378	4.07306199265	
0.63206679004	1.38620299537	3.63285748139	
0.546959299058	1.60818716486	3.37025867055	
0.581214377302	1.31091088132	2.8185356384	
0.580419351166	1.44064070301	3.0604220323	
0.601708698364	1.34521649157	3.60505997889	
0.699387553001	1.1780926392	2.87998392023	
0.552655786899	1.30488908412	3.35766928458	
0.678487224924	1.27119717553	3.0939135213	
0.591965122156	1.61953551995	3.37207480349	
0.588414436432	1.41948051404	3.47643509884	
0.550574886194	1.48555805554	3.01092097331	
0.664640487373	1.44555260842	3.02125519927	
0.744731509446	1.61922801667	3.30202982415	
0.646246218972	1.41977161103	3.47416123941	
