5	32
1	1	1	1	0	1	0	0	0	0	
0.0926492367126	0.137567440652	0.458166067224	0.55677701883	1.35934297806	
0.104267940647	0.141734108686	0.371119360554	0.546816762329	1.65362283761	
0.0879787750712	0.119625895251	0.374221386637	0.656388176575	1.39550744895	
0.097979555652	0.156845276243	0.365166555259	0.65482007894	1.56334281866	
0.0808730587589	0.101883145587	0.384969463978	0.54170827746	1.29639288659	
0.104971602365	0.170143256384	0.430150233195	0.610600314321	1.33628621225	
0.0845401892876	0.162632515386	0.345180459684	0.805874670476	1.3578890105	
0.0895909917616	0.146535494783	0.359542217828	0.538755089991	1.48827800838	
0.0898670753174	0.153251085751	0.332545150856	0.62676278961	1.7058568096	
0.086079998607	0.126167130298	0.37211438143	0.540193577014	1.68805328939	
0.0752101549971	0.158136800011	0.415695241647	0.607901909217	1.50035391606	
0.096998713795	0.161763708122	0.400934394493	0.724138040875	1.47461265358	
0.10991802749	0.170960727328	0.362655425284	0.564925281985	1.58278741563	
0.0957535655642	0.145931111875	0.354711051907	0.530192499169	1.32291111144	
0.10529647453	0.150209636242	0.33547118305	0.619670336132	1.24656159748	
0.0926594886215	0.153523929953	0.361236852177	0.57182958281	1.58557268219	
0.0948321697959	0.170371297329	0.333602844844	0.597387918568	1.44658415352	
0.0999435293328	0.158378522181	0.461377212806	0.678374988706	1.57477005271	
0.0991566528433	0.144881206907	0.393918262094	0.713694778746	1.50335383782	
0.107350645558	0.127222204829	0.349568501275	0.637019215835	1.20169250606	
0.107114489182	0.146479100414	0.396031375367	0.603426436943	1.61904522945	
0.109575575513	0.159840851198	0.422449888084	0.646555605434	1.18104907307	
0.109323531851	0.127661827905	0.359131066675	0.626388743018	1.402658711	
0.12830130819	0.164722429469	0.394075038693	0.596997019954	1.47842028522	
0.092441615676	0.140691867628	0.366515664382	0.598740989744	1.33927031865	
0.091572922488	0.153587030212	0.384177414291	0.578993037888	1.43667517632	
0.0717321647408	0.124573447807	0.371347415579	0.637050093684	1.49876905901	
0.100283935555	0.124468579856	0.305206456433	0.658780811049	1.31818627563	
0.108015500189	0.195073625447	0.434820313881	0.589321439404	1.67498751451	
0.0825414121035	0.14469497434	0.426881733745	0.540093218856	1.34312836946	
0.0995083078018	0.155291491612	0.308099747308	0.579781670199	1.61549713845	
0.10937700841	0.144096306997	0.398500650426	0.600118163075	1.29837484444	
