4	74
0	0	1	0	1	1	1	0	0	0	
0.402148005569	0.972381295265	1.59624243491	2.21480717106	
0.406174777607	0.796118568825	1.46605064612	2.38480901738	
0.337925323018	1.04894149275	1.50490846986	1.86295618224	
0.354194650511	0.817573182623	1.47369769737	2.09989386214	
0.302877698108	0.979702342229	1.61634634265	2.41578932098	
0.403850525072	0.846957737447	1.31382124983	1.90883249298	
0.417353487917	1.07995053872	1.4226673462	2.05649540616	
0.430387533629	0.843424874621	1.44081717845	2.41464856169	
0.426516145276	0.867870787573	1.19054846337	2.22088200191	
0.349304166871	1.0168745579	1.50024078467	2.15758478529	
0.321340617413	1.09966937564	1.54189491516	2.09696579687	
0.356643874228	0.936956453738	1.19227065989	2.42970024031	
0.345043734721	1.0508530644	1.28836241829	2.04266203145	
0.400995615981	0.837457669394	1.20383389349	2.3854534956	
0.377777193096	0.92940209245	1.58235989788	2.46421384045	
0.37926273913	1.28393868098	1.45209894347	2.01776717987	
0.394229699652	0.865105307253	1.55493890026	2.07734887204	
0.324845457302	0.771559644841	1.41428944205	2.29590870286	
0.41094790454	0.838244889566	1.39341513825	2.6357363923	
0.358354306253	0.960694829532	1.57761036776	2.20685873508	
0.329849710205	0.830126784942	1.41760064369	1.94265443166	
0.334192786736	0.947400772256	1.26622398289	1.83327613742	
0.344170005179	0.976729448516	1.39925499568	2.04564108829	
0.411228470442	0.975038701929	1.50635817766	2.06469577371	
0.369871064502	0.766959701005	1.64162460186	2.38386311618	
0.381769948278	1.03099799857	1.28958980086	2.39005905024	
0.381993892916	1.06931189776	1.66715103125	2.2012893288	
0.319996404867	0.944896323881	1.62283997262	2.39422358267	
0.368373523971	0.873227796645	1.41691359264	1.95530822002	
0.359000979696	1.058244905	1.24089316994	1.81057593899	
0.384325716084	1.01046606087	1.4582514131	2.14840347829	
0.38610099366	0.959808932889	1.16486192063	1.83865980593	
0.380497238382	0.808981162292	1.39878098472	1.67533941707	
0.365951389175	0.95279615225	1.54576346112	2.05620301999	
0.389280267081	0.935769994959	1.32988531423	2.02991307605	
0.423817663462	0.901780435842	1.59462309559	1.84666130911	
0.40003766469	1.02391028213	1.45932555113	2.02641091957	
0.45935467219	0.955309650347	1.55214989418	2.23168263266	
0.415428317276	0.904790123338	1.60145542992	1.98497454326	
0.431212477169	0.785262389651	1.41413225911	2.46407897826	
0.337526058571	0.945920369653	1.35748718769	2.1128814742	
0.35703479054	0.934949356245	1.36588711813	2.19706786236	
0.373232994052	1.02510664308	1.633547575	2.11939041951	
0.351647388279	0.692524985686	1.38547711446	1.97980416861	
0.341609589351	0.883956398431	1.35723524798	1.81882970901	
0.37068861793	0.880088111521	1.30017831325	2.20073558099	
0.372947401165	0.916881349968	1.36940476178	2.04268739911	
0.431690826703	0.933450643854	1.44452094499	2.12752267739	
0.429706253959	0.87124511284	1.60004267735	2.04193079131	
0.42126510645	1.02931194218	1.31623498282	2.33196346469	
0.421044453978	0.878203482585	1.545693075	2.35281682511	
0.412852846729	1.1107419543	1.68510261811	2.06500105785	
0.377129065808	0.898855332558	1.30389315438	2.29750957396	
0.366356852797	0.901885666668	1.43185138061	1.91323433539	
0.441222616841	1.02927000792	1.37585230888	2.45408520913	
0.361127604248	0.922905248815	1.53378619738	2.00710255515	
0.378193914992	0.802492864193	1.49465536714	2.06795594338	
0.381912623078	0.930567002016	1.09424299762	2.10231477291	
0.381677014993	0.992736278758	1.49771702907	2.418203594	
0.422283899065	0.94878908526	1.22963907571	2.09631799262	
0.320600858685	0.991160952997	1.29149085605	2.39878562224	
0.371688126644	1.02219674405	1.57708535549	2.3633680439	
0.351426358996	0.974391276146	1.42356825896	2.13133144893	
0.351873757043	0.927322289269	1.51341065527	2.35166432276	
0.367217121305	0.873804807172	1.31180266712	2.21776189051	
0.360889538618	0.821809916943	1.41544955256	2.23229033272	
0.390311395896	0.951587325314	1.60228720318	1.28199174077	
0.378484701854	0.84794013748	1.34403805686	2.16970505895	
0.386185776455	0.815188110515	1.23633791677	2.04538710101	
0.35493581176	0.849254191379	1.52540739873	1.84926002849	
0.45593857637	1.04837710861	1.33976983518	2.1434856933	
0.398621319637	0.966581003708	1.48242923534	1.93973698077	
0.331383371302	0.985688742276	1.31203605101	2.4416458748	
0.397969595878	0.98838260157	1.19704859125	2.11093889132	
