4	72
0	1	0	0	0	1	0	1	0	1	
0.147080814982	1.41352309522	3.10706000576	6.58733071147	
0.112604477682	1.56528478747	3.04731172042	6.05638373602	
0.157022244542	1.35880488649	2.99354514878	6.03395234625	
0.137742396789	1.42748174645	3.20278802039	6.13358182085	
0.14067139731	1.67193502867	3.50377481061	6.23479101037	
0.126023538838	1.35975989394	2.89814661586	6.97542718988	
0.140229829152	1.77511391964	2.90789179873	6.15509007749	
0.146799738211	1.49315561863	2.71911445339	6.63375699936	
0.161693193927	1.2127765647	3.64699863188	4.96651842977	
0.164847487658	1.7448700286	3.51769015776	5.99981725931	
0.178438082822	1.25425160707	3.040963736	6.50896922274	
0.145207609097	1.44774887552	3.53990871623	6.13863492496	
0.124629320312	1.42830182851	3.48899065667	6.06072403404	
0.170485174296	1.11499153667	3.5912070807	5.49034672718	
0.143703386191	1.37682166177	2.84841740187	5.25655285563	
0.130654054873	1.318232806	3.04838742159	5.30319508503	
0.140578482856	1.51332140279	2.96492892683	6.12174793379	
0.126120766926	1.31343229953	3.64160933577	6.41698832174	
0.156759297491	1.51518914905	3.4243621463	5.94457915266	
0.15084008965	1.46917389506	2.84761169652	5.93371847219	
0.146546401555	1.29636368077	3.76097820685	4.54976668057	
0.140605295553	1.70645042052	2.84444603338	6.09997946345	
0.180773487728	1.21193951948	3.3533332517	5.7113122353	
0.146166195049	1.35593843088	3.37633734389	5.70891989964	
0.137069698324	1.60074567586	3.31170333403	6.15343959602	
0.133857791247	1.50887844462	3.10345748363	5.5204878066	
0.135027447311	1.62728061416	2.632068898	5.55562698914	
0.128126367107	1.48904871949	2.95003500809	5.3931327148	
0.162449929278	1.46967607314	3.12759073167	6.71683258677	
0.140507177275	1.39403555601	3.26353438066	5.06242357655	
0.121963698878	1.29290788055	3.38627600634	6.05576785996	
0.18791745181	1.44451636905	3.05372808475	5.40673744399	
0.163318874772	1.39073421119	3.02267957201	6.17015702529	
0.132440281125	1.37420717022	3.90455792765	6.7493933299	
0.167470600729	1.44842549301	3.48011610168	6.48248850888	
0.162247853065	1.60533570788	3.24494532387	5.73188026622	
0.161582237479	1.32978579889	3.38388813377	6.1051138112	
0.149593795847	1.4234584669	3.06161903021	6.63369077578	
0.164357093855	1.47380450826	3.21569468862	7.14306617046	
0.17872671555	1.43307529417	2.46398239164	6.77855105647	
0.168095550413	1.40083060406	3.36353052441	5.75692014995	
0.145357081035	1.68603279802	3.22185560882	6.14236558384	
0.148791322539	1.32301691739	3.05715497066	5.3858446206	
0.149605135795	1.44307610491	3.08618613304	5.40184565006	
0.176373838285	1.44329820245	3.27292845729	6.55476142598	
0.11832640692	1.33301937344	3.45559293121	6.42024882088	
0.145753471733	1.50562614692	3.56053396275	5.72127572216	
0.156987082902	1.4868713996	3.11916568372	5.27029563564	
0.162500992016	1.35249039825	3.07495294388	6.57142271249	
0.163616223889	1.39128272425	3.01119654753	6.88247441346	
0.157610759409	1.23023361142	3.02780993185	6.40375227157	
0.135376260591	1.52107726425	3.44409506943	5.76743659037	
0.155348531358	1.64039010449	3.34891082255	5.49486215865	
0.143621778528	1.42331529707	3.62506185527	6.04358338105	
0.152359585433	1.41116315484	3.38395624509	5.8572745204	
0.137771141505	1.45526467373	3.44737389208	6.50449646911	
0.137266015867	1.52788850233	3.36206239532	5.35023160729	
0.140228704315	1.52100598218	3.32553311741	6.30041076084	
0.165177619812	1.47877191416	3.40623769583	4.96223499285	
0.155663834732	1.63168277124	3.37903209358	7.10851949111	
0.15743389616	1.33390010615	3.12644932879	5.57716239341	
0.148997743929	1.45242479765	3.56132050507	6.33790043806	
0.155420910428	1.59685347791	3.42423454073	5.73239656127	
0.14467230495	1.74162891482	2.67934764657	5.78863043131	
0.153342986725	1.45536252933	3.16836297455	6.85896846757	
0.164668135272	1.15927483202	2.99814553949	6.753750148	
0.15601665738	1.28003898995	3.3612770036	5.44368334192	
0.121292468567	1.44816876763	3.25615376108	6.15354308868	
0.148156458127	1.4594578975	3.09562696608	5.01306063749	
0.174166590464	1.35041654606	3.7252944055	5.53186481372	
0.14512874377	1.18052475427	2.96524104626	5.43535964744	
0.147815864764	1.38705585649	2.9539508797	5.53940739582	
