6	75
0	1	1	0	0	1	1	1	0	1	
0.159789696108	0.336767876651	1.60340297795	2.52298885661	3.62863543407	5.25264365303	
0.120449993169	0.406931309594	1.3212929088	2.21173367114	3.748923334	5.60582689416	
0.144336680154	0.390515472958	1.24445612148	1.98706091786	3.25807868872	5.81972707871	
0.159126116307	0.485107225349	1.44417678254	1.9690319316	3.7109281153	5.04670891481	
0.129166377435	0.357386069331	1.38954719897	2.01689936165	3.23975849456	6.16484514165	
0.166034393029	0.383465154406	1.34964168658	2.36814875808	2.98424247039	5.02043835259	
0.168089340269	0.423390423303	1.31670132991	2.06419374643	2.95199854777	6.19597453054	
0.175980739371	0.406709508347	1.57810862389	2.32624159131	3.24996127672	6.65000426275	
0.161175458444	0.434698937176	1.36428450141	1.7763059975	3.58970657983	6.20986171236	
0.145559308495	0.370874193132	1.7953201446	2.01192814971	2.97267642528	6.0511705401	
0.16770736317	0.466579275488	1.52400318976	1.87686212004	3.89053088798	5.98831878055	
0.137434358522	0.33898308663	1.54959500686	2.20134831803	3.36214949751	6.77190187144	
0.137967681127	0.431913875874	1.35576050284	2.61526158539	3.4445901802	5.44785688213	
0.11961872875	0.410739139447	1.37649222053	2.11655337568	3.49901370298	6.60624829575	
0.16835565511	0.335356030281	1.6339029492	2.02550525272	2.51671877121	5.29293579188	
0.153270376382	0.342805058649	1.41740964091	2.22272428482	3.19104974399	5.70338739729	
0.131239559055	0.380833864712	1.13471109358	2.00251042103	2.94847016456	5.85637388909	
0.14680005301	0.416478353628	1.65643725065	1.90967754935	3.89767060321	5.53242264029	
0.152587901744	0.399412793588	1.77957533362	2.03340929738	2.66606014578	6.89422768212	
0.137499396618	0.366259633938	1.27016179949	2.07287868879	2.97687275073	6.4058650899	
0.151211874446	0.354119903897	1.57240969266	2.2048243014	2.65003431861	6.55182198845	
0.152773018258	0.432847834528	1.44772019197	1.97978248963	3.18360401668	6.48235159853	
0.138438944104	0.36326872209	1.39829853306	1.9028851038	3.004194887	6.10353011508	
0.168037166215	0.392051585419	1.42344183991	1.9712767836	3.60592713381	6.26010329997	
0.139399053547	0.41414864143	1.5100195198	1.97509097489	3.21705206671	5.70433636305	
0.1895030691	0.400206305559	1.45670697384	2.25162255706	3.69822784116	5.94997191334	
0.141151360532	0.412082762668	1.40498292706	1.91997250425	2.83897690968	6.9175779305	
0.151974668504	0.357596439408	1.39649010772	2.32360061437	3.15464320735	5.13034816249	
0.154887612782	0.425917217068	1.59322939747	2.0297440633	3.66248111335	6.1277699842	
0.168617210158	0.40180010714	1.2124116515	2.52554887156	3.26682975164	6.34607629435	
0.129839330573	0.399202407003	1.58771866578	2.56609387237	3.70512993331	6.33253482237	
0.1268343397	0.385026366039	1.34527113217	2.20052024309	2.85469410434	5.87389985532	
0.142242253743	0.359169678473	1.3530322254	2.12079123598	3.34301329669	4.50090384728	
0.114353507155	0.367129729083	1.40171902661	2.19065891157	3.01350648467	6.00567911641	
0.151897848075	0.352086792319	1.57492418251	2.18805205696	3.42776235603	6.04130743877	
0.181555096546	0.402663088626	1.36021695578	2.32650788014	2.71777840183	6.0717601576	
0.154787404351	0.384978788959	1.38226962147	1.93236122828	2.99346222108	6.06124494975	
0.133297211514	0.447266369395	1.05235163185	2.08046085848	3.28587663271	6.3044525567	
0.136261129091	0.423103202168	1.23068216073	2.02828235345	3.45174295547	6.62411313888	
0.128939980554	0.480511398036	1.30165870647	1.86788076733	3.41338233983	5.79102392785	
0.142559215312	0.402634474188	1.21159671627	1.78404110401	3.05583740633	6.64674104367	
0.141689170599	0.440767954012	1.60174511085	2.21083342967	3.3604102543	6.16920157501	
0.15239576593	0.366082815496	1.39422313985	1.91995856633	2.53173609348	6.66244236557	
0.152358876552	0.380236031514	1.48697822457	1.97189454722	2.92465478065	5.82978918379	
0.170521477226	0.335587840917	1.05432965398	2.03789876526	3.62137747278	4.96047358539	
0.132295745943	0.390014776142	1.79749670607	1.85798449127	2.79599642027	6.2032190213	
0.1680701166	0.356284248932	1.19814063567	2.24325608249	3.44982345412	7.06719307592	
0.159854206685	0.411466510902	1.39251324443	2.67492343357	3.12060384656	5.63284672715	
0.177142723778	0.323978983402	1.16582060101	2.17570473879	3.24943562994	5.86326721107	
0.164908946357	0.345488165073	1.43917589896	2.07257722018	2.96035398747	5.96289594962	
0.162788937049	0.460581588576	1.51285691455	1.6101704747	3.23760447223	6.02988167454	
0.164043135144	0.387022791495	1.60919171517	2.23420918236	3.75660937259	5.73675244797	
0.152165152009	0.411412378345	1.34817624795	1.98014724755	3.0454605676	5.55047062975	
0.157838428813	0.310277294874	1.20749628624	2.55049049586	3.01434356568	6.1200089107	
0.127662803732	0.383576722176	1.32718204652	1.8139357579	3.68449914221	6.70953943624	
0.148389678139	0.417977923242	1.70217085434	2.31212632563	3.40589591534	6.11936981789	
0.159742460473	0.366171063047	1.39044107071	2.24694164567	3.0959939172	5.78052019632	
0.15000279997	0.423723086923	1.26802908324	2.31322337808	3.50733383416	6.47148720558	
0.137898804297	0.315678098611	1.51003716755	2.19032083865	3.5764224063	5.57967790319	
0.161401775644	0.420067660264	1.41637070989	2.2396398432	3.3741390987	5.50711828258	
0.157966449034	0.441654936954	1.43317516264	1.83590113819	3.02665137745	4.93234233069	
0.169353916936	0.40903600126	1.35830419415	1.84511711678	2.97917913857	5.61703382058	
0.151641113985	0.382878855042	1.62182477248	2.00105770559	2.75983894733	5.30581291491	
0.149654627183	0.352310233456	1.38824277799	2.05238278023	3.57182749745	5.64782058774	
0.144339868846	0.407256776084	1.34920758672	2.24099066051	3.35773271016	6.08505951538	
0.132984054259	0.426731420532	1.74755778291	2.15189804973	2.90993466615	6.017461625	
0.164847902109	0.356622868323	1.41156741667	2.22324063933	3.64099055197	6.46525423985	
0.162253019543	0.363801794846	1.48747441059	1.99477788467	3.52479598246	6.69073178447	
0.158300453532	0.366038397702	1.40086702069	2.53840098529	3.1360191055	6.62999650047	
0.155083373973	0.367302814959	1.23771518907	2.19549408183	3.27960778165	7.08392080288	
0.137097109569	0.467201206479	1.48416990572	2.23123328256	3.05725155631	6.18882378453	
0.157095763923	0.415618437089	1.29009992431	2.45245788399	3.36746004523	6.36493733718	
0.146685866077	0.344730579745	1.44039962172	2.19026854321	2.79973581286	6.4759712431	
0.164947869508	0.352272744295	1.28377029491	2.08486330397	3.25776590652	5.84149739405	
0.149086232508	0.388416152512	1.23433754176	1.88054144013	2.3652597342	6.56552713707	
