3	23
0	0	1	0	0	1	1	0	0	0	
0.339243229428	1.47437294712	2.0728467543	
0.360049345914	1.58521535418	2.1046833915	
0.355980984204	1.44663484769	1.87058000965	
0.357442713478	1.66413897676	1.95783564154	
0.340302548378	1.56078950199	2.2050639518	
0.380253391511	1.60991557945	1.8429815761	
0.357138052486	1.28070347768	2.13751695458	
0.422526362937	1.54292481057	2.18623518805	
0.432051197369	1.41798839964	2.14635989106	
0.343114158081	1.38632119788	1.96659670351	
0.433962993814	1.21566979163	2.60481784261	
0.382462162489	1.41159407688	1.87024670389	
0.403786739664	1.44434346212	1.8819780887	
0.371891518947	1.37337190029	2.2391598193	
0.41399968825	1.4433009891	1.94542469021	
0.29227703076	1.44646015444	2.43324351537	
0.424599043098	1.11617485545	1.91318486582	
0.38943253268	1.48288008915	1.87627860296	
0.309042703555	1.63656372145	2.46257130552	
0.411397562429	1.3538213601	1.95023691443	
0.428914525763	1.36156035169	1.91088641433	
0.444088263382	1.51695514496	2.12701830914	
0.420687415478	1.40936205453	2.1532160219	
