4	32
0	0	1	0	1	1	0	0	0	1	
0.383783601323	0.997695629138	1.47084162188	6.71801233008	
0.416094200256	0.8112675469	1.39665711603	5.35120909624	
0.377680518155	0.851188454934	1.64022237044	5.85497931474	
0.380752456294	1.05419529402	1.25150953329	6.29459568985	
0.383302880722	0.804246533712	1.37942417353	6.13434402414	
0.34334445822	0.836548876177	1.54021859338	5.57134803691	
0.432903392716	0.960717471921	1.4768744693	5.16013375226	
0.473293197194	1.04208166707	1.27335846859	5.12297480992	
0.416982228582	1.10294074282	1.55361846734	5.99500480632	
0.398649571013	0.947920281555	1.28240926903	6.04712133536	
0.404468869918	0.844884675505	1.33377948133	5.66142011552	
0.410652021812	0.819380172497	1.67716268347	5.81951209147	
0.335098567777	0.781166233272	1.47782803198	5.63410262655	
0.374851770775	1.00936205767	1.3523892791	5.86972356216	
0.315320162724	1.06750306722	1.22224027979	7.13922883265	
0.405082055879	0.941017809974	1.35612691499	5.84751725761	
0.344729578799	1.07267384225	1.57354646419	6.18292868264	
0.405680199046	1.0332097358	1.32731144458	5.44781574685	
0.407868210611	0.789802415926	1.43661854834	5.37064231527	
0.416653862259	1.07185044632	1.25262217565	6.02658585021	
0.299811190069	1.07092628758	1.70076497726	5.90388050129	
0.375832298482	1.0767132872	1.44558567777	6.59610618464	
0.414950745468	0.997412985725	1.63633652279	4.94081742583	
0.384086195715	0.94851125385	1.51884077834	5.96836831746	
0.368043827836	0.863613661156	1.48394047673	6.42172495183	
0.402492217579	0.888937336451	1.45304790576	4.79005551809	
0.414507303173	1.00326713562	1.28097780824	5.24207946588	
0.353551700741	0.825648541013	1.43744787458	5.70692211067	
0.443902620612	0.900096407232	1.44708159012	6.49321244119	
0.405014043253	1.04904260798	1.42302273848	5.71529778445	
0.343900546242	1.04155922714	1.45882403722	6.65662899714	
0.354838009795	1.26039890054	1.32458056421	6.23883045986	
