5	47
1	0	0	0	1	1	0	1	1	0	
0.0743821148703	0.923384551541	1.46129016561	2.6036289004	5.10456321729	
0.0831009632936	0.952452854414	1.61940944219	3.48221035371	4.24295464669	
0.102297774261	0.921835331647	1.40922645855	3.06803194097	3.89821119743	
0.104283195079	0.986872558379	1.527374465	3.37848197785	4.23902724357	
0.0834403647341	0.767130223925	1.40979194375	2.74117077517	4.41701244016	
0.103322841439	0.994575271078	1.40283649732	3.65198791975	4.33727797544	
0.114620870258	1.06224170215	1.49684951563	3.00811889234	4.57410421144	
0.0829821590246	0.861023189652	1.42171611954	3.39371523741	4.70132185811	
0.102916372256	0.82304169884	1.5493295417	3.39883018637	4.63110910183	
0.107341946664	0.88749591527	1.46060590084	3.33308376155	4.80908000034	
0.092727059557	0.953425696483	1.11938428265	3.67463649839	3.6851829213	
0.093784230964	0.912357577931	1.56823477846	3.14277476823	5.23658692726	
0.106675370252	1.08916415874	1.22474025697	3.29192861861	4.95872338515	
0.0858258849347	1.14908060943	1.42208580734	2.75551348272	5.0260762054	
0.100890392863	1.01206582142	1.29280082346	2.77184247294	4.56117035145	
0.106976370401	0.921212727059	1.39517096581	3.18650255503	4.06917312628	
0.132705905972	1.03757482485	1.47713741622	2.85699298526	4.21989215336	
0.0996765563287	1.01308563289	1.79559816073	2.94423906646	4.25641895601	
0.0970220651999	0.945937698699	1.17679117985	2.70362066949	4.15762842352	
0.0986474839878	0.902619918432	1.35739624811	3.33903581919	4.25065580362	
0.105529121791	0.92720142989	1.33973215244	2.95133072923	4.6040795985	
0.105888708674	1.05922226786	1.47993398596	3.08827515175	4.33363683262	
0.0989518716795	0.963469860944	1.25703357992	3.09926892853	4.18348121851	
0.0865818806825	1.0008688374	1.20593269881	2.94230100437	4.49761912053	
0.107224572081	0.896316673868	1.17206545117	3.28611315995	4.70650952379	
0.0945416873312	0.954385701982	1.11622078682	3.31526166833	4.93310711245	
0.121054675011	0.932798287515	1.40266674453	3.32804829114	4.27328740575	
0.0945913358134	1.00495627203	1.43520763098	3.2415390507	5.15270710337	
0.105736825331	0.926555443041	1.40404266784	3.3931027519	3.83686774402	
0.101894650705	0.936368752438	1.43645216687	2.82707405151	5.2261250984	
0.0854650547187	0.897145874178	1.37033719544	3.18094678768	4.95241802418	
0.1127806377	0.864644443592	1.50721309741	3.85501522877	5.77272100765	
0.0968586668713	0.913177779528	1.42024361565	3.18487913736	5.10784956904	
0.0922585308449	0.798099060445	1.54711015132	3.44342206295	4.07401354729	
0.118095435421	0.914706676521	1.42740601902	3.07943971094	4.52480168411	
0.113594571738	0.83511477977	1.3313140962	3.19228690519	4.66238261129	
0.105402255207	1.05201418716	1.47792076485	3.63952719273	3.95653081353	
0.101913865122	0.892791923151	1.37748534197	3.26564749712	3.86816735201	
0.0927058733429	0.95235048721	1.42843385514	3.34905989086	4.24962309135	
0.119304043525	0.939150689498	1.64271075695	2.40018129087	4.649894716	
0.0992022994114	0.880905364505	1.08428153139	3.74446667264	4.48664591396	
0.104060940156	0.912623270884	1.30880739792	3.41216209425	4.33526715192	
0.109941322098	0.886087468944	1.39631233274	3.3887256628	5.11442253308	
0.0986686366893	0.98842111308	1.19023124363	2.78137824683	4.68722835109	
0.0951287915509	0.993831481298	1.49087668176	3.19812057255	4.70561611466	
0.0864669109373	0.969488942732	1.43004935068	3.07265981275	5.12508885045	
0.0880911061563	0.93915337894	1.46358641714	3.41938098769	4.824287525	
