5	61
1	0	0	1	1	1	0	1	0	0	
0.107536808511	0.559794149278	0.923483189628	1.5455831909	3.12246164831	
0.108339840059	0.586190309509	0.997314733049	1.44156505816	2.82218851482	
0.104567863026	0.537827949319	0.819031101246	1.59663659317	3.12308641717	
0.0801245455439	0.567884511172	0.894936132508	1.18704898286	3.01202151196	
0.0970336183239	0.67194950261	0.921747636238	1.17436283325	3.3072543305	
0.0915656633739	0.614705261403	1.0142336905	1.18517233281	2.59339304525	
0.104351356236	0.581187964005	0.902135741288	1.45517399038	3.24543773469	
0.108916298575	0.621695695238	0.913772199884	1.44861049001	3.15316691681	
0.0746954945333	0.660850018977	0.855032451631	1.62662281959	2.99468780458	
0.0921911415784	0.64465153338	0.781350234677	1.61931776261	3.19560844625	
0.0909664689611	0.573380391102	0.926985782316	1.52194857855	3.26179106944	
0.109781836832	0.578746433682	0.917012127751	1.41773944427	3.14555348372	
0.0912794235212	0.623334145141	0.818486555345	1.3414260147	3.58147964255	
0.0868032290715	0.56661938773	0.842945614484	1.47147440743	3.35311707135	
0.104650967625	0.662859821377	0.772385152144	1.47429502685	3.44356088593	
0.0969360503266	0.631683445708	0.720545898671	1.61009049814	3.51691430911	
0.0962064632273	0.621383110189	0.977192020456	1.10794305205	3.67057826373	
0.0941533342898	0.57183646111	0.91594736463	1.39822537341	3.48805711717	
0.098104717708	0.572465004371	0.955784158006	1.21741348399	2.69031076004	
0.108440347083	0.65607208905	0.878239847713	1.39631218818	2.93481597131	
0.0929654095369	0.631986353473	0.861193197271	1.58921976202	2.97851208647	
0.103962924551	0.525736322916	0.967140192651	1.31756132599	3.58549529102	
0.098362332343	0.610424661517	0.760624868387	1.39729840255	3.20936650947	
0.0873114204576	0.655533437685	1.02459476022	1.2793213727	3.24715440532	
0.0976988492076	0.616107718607	0.856069031042	1.62236084492	3.55793208854	
0.0903606614067	0.497163106006	1.01924500783	1.45557737133	3.06106904587	
0.0984591165261	0.73787061044	0.720460368574	1.63784578693	2.75274035371	
0.102662274141	0.642979564039	0.913022604268	1.45227550009	2.9204674829	
0.0918340422481	0.607928671873	0.895828679383	1.41323261724	2.86706739576	
0.101383639936	0.578335411487	0.873078365857	1.19060904744	2.67371411306	
0.0997900480219	0.665356773169	0.992756743404	1.66070034174	3.02924502969	
0.119297180953	0.587310045957	0.833584353273	1.30975861353	3.35319231564	
0.0858770374768	0.537212918979	1.00783738987	1.65766583907	3.00980878027	
0.0867003303705	0.582561902291	0.964118765619	1.4337562419	2.98502610634	
0.100071783861	0.527300072352	1.01862825654	1.46797332402	3.21394458873	
0.0880425436035	0.433743377821	1.05876187875	1.2979318018	3.72405256163	
0.103273803675	0.533039658947	0.965796471482	1.49179522868	3.0169812735	
0.107328713587	0.624360716279	0.917250112967	1.52621533072	3.7138084819	
0.113530190186	0.557898453666	0.911963968151	1.41546269549	3.36692177535	
0.0939440252373	0.557958473054	0.986155883306	1.22534869629	3.45934548076	
0.0958807987846	0.55141322178	0.777534212597	1.37212800548	3.25380831378	
0.114406221131	0.558012041287	0.923913199498	1.19706399711	3.55252237411	
0.0879707243011	0.636188000868	0.899674530234	1.54149847984	2.99676956751	
0.103283964988	0.589993940019	0.846024683261	1.3915154587	3.39689208623	
0.0994010493867	0.541446250841	0.93007218044	1.41775391467	2.44664102518	
0.0926044584607	0.676721145213	0.844852310929	1.33968543316	3.19508598519	
0.0978737932293	0.610438360899	0.794154512001	1.28499679659	3.25354760128	
0.0811045258074	0.585317009329	1.08153345784	1.22903168999	3.83420484813	
0.108527244557	0.551709804563	0.91618467456	1.3624184853	3.46804931413	
0.109116857364	0.465027712476	0.972107014786	1.70679168742	3.75486430908	
0.0852347446793	0.571829631217	0.929388329241	1.18849966372	3.30190118152	
0.0910818798273	0.628880688316	0.863017580016	1.46816748689	3.026506245	
0.103325672367	0.503279494248	1.1207378673	1.17465375207	3.13374157144	
0.0995636941378	0.677882153138	0.968116438465	1.53932092021	2.87746389458	
0.073587533512	0.620889134931	0.87088756366	1.52174771836	3.05773773196	
0.0956941438479	0.65075778292	1.0814390671	1.33541323617	2.82978362783	
0.0999832293852	0.614381174329	0.905885255454	1.39657284379	3.20236089015	
0.0979032299202	0.599151784583	0.92523304831	1.37921396148	2.86184852473	
0.0807110482293	0.592595292603	0.983197937641	1.45136304398	2.59604514034	
0.0819636813093	0.58303371028	0.845673775216	1.5543424669	3.52599926309	
0.088369275607	0.61747295238	0.997127896989	1.26221784411	3.31018004998	
