10	39
1	1	1	1	1	1	1	1	1	1	
0.111778404945	0.135793748737	0.448946136987	0.593484456713	1.11174974881	1.20779292516	1.87816267705	3.23960020145	4.2078560961	5.88593415447	
0.107701144672	0.156166397952	0.330999365277	0.634636058681	0.939420323077	1.58523379951	2.23181112354	3.21431866827	4.77461147498	6.73388150777	
0.0904037262731	0.129573674439	0.381455427957	0.643186415693	0.942197544309	1.41905301124	2.15923618942	3.73675707998	4.13292333026	5.81877617576	
0.118048984175	0.149443707782	0.466708928748	0.628751599112	1.01048722672	1.55316789208	2.15094187753	3.28896311617	4.029027188	5.9237360155	
0.122957122398	0.173686846313	0.369871428236	0.616327676104	1.04764460762	1.46980817893	2.01319427935	3.24917321051	4.58463506614	6.52302501717	
0.100919356966	0.125819616457	0.366935876004	0.485035062032	1.07328551622	1.59112127707	2.16217092801	2.89568213475	3.84383695814	6.51737968432	
0.106885211989	0.13694146793	0.369350062351	0.557479719177	0.759797522355	1.3486480154	2.26140871414	2.84961290839	4.07342174501	5.5420097822	
0.106868831264	0.151267296078	0.351946527094	0.497676270382	0.738562698933	1.37173832594	2.03274876373	2.72641856799	4.4077139684	5.29211004947	
0.100157383198	0.165839119531	0.371092399417	0.611073960935	0.926206663355	1.68290208948	2.34976881562	2.64822497636	5.08907233171	6.58390539866	
0.0929623426403	0.126223903336	0.314021994941	0.495901110675	0.913037565488	1.29905170521	2.27309511603	3.22742495937	3.76314519096	5.63630376883	
0.101863322903	0.13440058745	0.393763042837	0.553365736641	1.0336598978	1.36996530565	2.47504089145	3.43276386865	3.7649803643	6.88713718452	
0.101179613997	0.136421392318	0.338978654699	0.67076346941	0.840449652286	1.4729839881	2.23558577235	3.03139265961	3.9676182522	5.31625879086	
0.108070680537	0.161362005758	0.397910003629	0.664417531379	0.708190094408	1.3946830785	1.96657547346	3.60538495403	4.22777415452	7.26991928937	
0.0993133545649	0.157164737211	0.346316404538	0.545738851726	0.94137615689	1.29433693863	2.57659355868	3.5355110834	5.35439500897	6.46666864284	
0.0889352238609	0.149060782434	0.411583162315	0.496929401412	0.943426954149	1.32441317517	2.34730960956	3.93881026959	4.32996294315	6.24832596122	
0.0969646275176	0.13311277062	0.401200091425	0.489162021635	0.890935934217	1.63217846947	2.20178117193	3.45301649308	5.22447366081	5.03292973573	
0.103549011581	0.153142448577	0.358917921777	0.594474966004	0.902089984169	1.43104339359	1.83639269562	4.07392576643	4.65993382671	5.28489883576	
0.112195069047	0.15863420443	0.340880178102	0.698635752088	0.791971976827	1.50919885959	1.94861553189	3.45474128779	4.42467089806	5.8633461709	
0.100808074811	0.151708287838	0.388084757567	0.580747327252	0.931251174372	1.31782545682	2.36624726343	3.68577406727	4.38991592575	5.96555260268	
0.088158377902	0.124600771218	0.349840752371	0.52818553273	1.02144909607	1.34629858011	1.59981078738	3.41625139679	4.44966475688	6.20034711374	
0.0961961934458	0.185207374641	0.373067287762	0.576684465882	1.00926932991	1.46342349617	2.3652309648	3.30063528435	4.48099220697	6.34784276514	
0.110972673637	0.142067319728	0.392255231509	0.593121752952	0.817196058391	1.31449552545	2.21626878611	3.37931097475	4.28640596057	5.83757770731	
0.086895491718	0.169947587817	0.405731375506	0.663954020601	1.09317215327	1.41453013886	2.28958737691	2.7919547443	3.94212812651	7.67634424641	
0.0882370195081	0.149536787634	0.337339775141	0.540951440448	1.0624478642	1.30358264943	1.97620110367	2.8312949164	3.81877926451	6.98353309295	
0.0912344606389	0.149444928497	0.349436345006	0.618943475263	0.806194868968	1.35474915026	2.20366042515	3.38476601474	4.46962274502	6.39276015083	
0.107301906824	0.14603007869	0.424214060057	0.518116120188	1.10980902016	1.43099173562	2.38609118832	3.04039834429	3.4658317099	5.80172969094	
0.108397890243	0.145103157678	0.338288664303	0.682301093289	0.986579756393	1.28922062322	2.40774887233	3.466453889	3.90081464101	5.76368069275	
0.109115830118	0.150238788646	0.380398417558	0.635516192021	0.755367857518	1.55952467955	2.30449095339	3.46299944123	4.42881909378	5.90007631996	
0.0892583669513	0.138053601906	0.394119660609	0.581629986932	0.941755815342	1.36771032039	1.82562270739	2.96591078889	4.26682866506	5.8399930031	
0.100142448729	0.13934808192	0.371431354928	0.6515239057	1.00781312054	1.52292254423	2.3521499002	3.35689982133	4.64337994001	5.40604469729	
0.0909153571996	0.170873460982	0.30748365315	0.631450596168	0.822141244073	1.53542038208	1.98843158977	3.14668567228	4.21507851812	5.08439697637	
0.0879236519652	0.154218371888	0.408919915527	0.639342658096	0.855902832036	1.54899708716	2.17629603813	3.72305074431	4.29874920778	6.53052701535	
0.106461252839	0.142615270891	0.420398813858	0.613814100823	0.973545292375	1.68764718156	2.10546740987	2.97718060938	4.32643361913	5.64335947712	
0.104102950654	0.134703682057	0.370904295547	0.582383226416	1.02837107756	1.43669500948	1.73116076316	3.04213608646	5.4410636717	5.60640256343	
0.102727867854	0.161675188517	0.302346480811	0.547173043406	0.807941341489	1.65841751267	2.42853036683	3.41189399392	4.58973855214	6.09251376898	
0.0920140441618	0.171406542631	0.413008253741	0.504772913044	0.865603845035	1.15197038315	2.13908685074	3.37416803115	3.53851092033	5.99856469541	
0.103296380327	0.15725663367	0.375679322629	0.625615889158	0.926925740475	1.35311568574	2.13328099579	3.82312831111	3.91956306548	6.86314482344	
0.110190568508	0.121287134974	0.354665720903	0.513600248883	0.962655886896	1.47730000232	2.18327227726	2.48779833876	4.54142667277	6.11331269869	
0.0990026370278	0.159934972511	0.451695432493	0.518817191883	0.955170313784	1.47053674365	2.39362425767	3.10850079786	4.64954533599	6.98882014975	
