8	62
1	1	1	0	1	1	1	1	0	1	
0.111398960664	0.120892343602	0.396532031086	1.09719327828	1.26875574915	2.28404238352	3.42317511375	5.38831259301	
0.111024112677	0.169939294902	0.369668300703	0.791622740034	1.48424098473	2.10410425101	3.55208550494	6.06505784993	
0.0913685015823	0.158462687573	0.37738352531	1.08882133191	1.55277826698	1.99945721721	2.69351412223	5.30428535154	
0.0929630198354	0.140206042269	0.385471442872	0.678400263995	1.32658336262	1.92870577635	3.63627904521	6.10928844056	
0.0951132013048	0.162185254935	0.454781480322	0.982630527978	1.50116012835	2.4745614218	3.41795706835	6.30051199002	
0.0994660518926	0.133830646416	0.343434764056	0.921491271712	1.47809512482	2.30512797136	3.12670175557	6.42247240248	
0.0958342329851	0.152484922187	0.369551482209	0.944162167804	1.49506557607	2.11026029328	4.18680128317	5.81396369082	
0.0960958061692	0.144866477462	0.383427919261	0.821804412602	1.44057721806	2.48362327706	2.94504882595	5.80250010693	
0.0882097944593	0.126096350919	0.41590114887	0.974499937907	1.44294217925	2.46166333461	2.74460913134	6.85501954763	
0.0988942354305	0.129125709065	0.329311988453	0.887366388452	1.41950968883	1.93330029234	3.54219076558	6.85872919971	
0.102718000072	0.154756114015	0.294536493799	0.92440621432	1.30687124732	2.2002393933	2.90962786771	6.1301528608	
0.0904488685578	0.15597664312	0.396202396511	0.750499867961	1.41140748265	2.13772218874	3.03176201271	5.50843900073	
0.0897408229709	0.125644562996	0.320220113326	1.06086864481	1.38510805751	2.21055987911	3.2245300199	5.96808627422	
0.0982157628142	0.122339834945	0.37874686018	0.861289297026	1.4106141454	2.18131908936	3.05448700788	6.59564711818	
0.0978437739549	0.160096223069	0.377800913347	0.995000728081	1.22083744268	2.21443264035	4.10978849168	5.44079136555	
0.105968313675	0.135029196841	0.382734739807	0.980993823337	1.60067384527	2.27396533541	2.59404399526	6.02334700236	
0.108721253208	0.126211995021	0.416539634948	0.928869857343	1.30636892906	2.28180431829	3.31773151634	6.40368412244	
0.0908298826209	0.139039656574	0.381957930823	0.980204961979	1.46797295021	2.34798350265	3.31091990374	5.6298274441	
0.105559292423	0.159301119957	0.368652386355	0.930405113284	1.45836400737	2.27276777382	3.63319243214	5.33598497173	
0.0933579683446	0.16627953253	0.404785978028	0.976227939358	1.47854202315	2.1009027784	3.42893275527	5.478907209	
0.110114401917	0.15802252704	0.423913872066	1.02078440821	1.39730844844	2.01031647411	3.15122133233	5.75112946652	
0.0940900549985	0.141197353846	0.373368867857	0.8826005668	1.45412286355	1.90702310672	3.30015931394	6.12435495245	
0.112349479592	0.142504407537	0.35882085554	0.765716508879	1.52032194264	2.81354773826	3.78127942315	6.01254746282	
0.0897212035439	0.168493193128	0.367728983609	0.839377579475	1.51222745427	2.2353070564	2.35483136758	5.45643458037	
0.088655781566	0.12483125836	0.391997804364	0.73382681148	1.11335954655	1.93043637991	3.50736725069	6.1055958088	
0.09787036916	0.154311381099	0.381982969309	0.886506982787	1.34546442198	2.14026698708	3.10254402649	6.29577395489	
0.111491917887	0.126920007518	0.346293028639	0.815912133855	1.30956158056	1.92838949457	3.08876395541	5.63433162187	
0.114303188175	0.175683333967	0.38355063066	1.01181487771	1.53564570035	2.31974966055	3.20829478261	5.31986293177	
0.104850959436	0.16675637021	0.357381085598	0.851144428475	1.39493668917	2.41445165725	2.66900208548	6.55743761154	
0.110452144132	0.17807034857	0.406183103183	0.948803191798	1.18682673207	1.87160594111	3.56701292365	6.37429788153	
0.102184436992	0.14627369259	0.364403259785	0.907613806728	1.34527896084	2.60419102589	3.24746589656	6.47701151466	
0.0864435392866	0.139310016387	0.371173644459	0.892360265828	1.6065474719	2.54829853676	3.48339946008	5.10999922062	
0.0818634543108	0.160591187116	0.363109061884	0.858739957806	1.25251725749	2.74707975758	3.0744414378	5.7608595031	
0.0921232608668	0.158497306248	0.341757407026	0.880566065114	1.60761940401	2.3277574585	3.28900090779	6.01772775629	
0.0977328975594	0.17693848044	0.397091341549	0.959697985571	1.47218266823	2.29750513029	2.9270300524	6.18186472068	
0.103555789272	0.127069300196	0.423124536491	1.0547036392	1.58384141804	2.09196796368	3.27937260753	6.31438984446	
0.096007016073	0.155398205466	0.358140225616	1.05608316305	1.02566634878	2.08319872336	3.24041616168	5.71842065065	
0.108994470442	0.18274790561	0.387844743879	0.900400431655	1.31905512091	2.27119780674	3.24055890347	6.55874743059	
0.122157159496	0.158860102893	0.350549305413	0.846639576442	1.37738250834	2.41329982606	3.24313132597	6.65409562985	
0.0854775388526	0.162185070362	0.372623852651	0.884622620621	1.50188408184	2.44120897079	3.46785747482	6.01996180957	
0.0916395605928	0.161522315032	0.413014487596	0.879185121209	1.24793169445	1.7870345135	3.12485046589	5.25489631814	
0.0935784811675	0.148581960647	0.346276156791	1.03086111525	1.56117941645	2.14234432495	3.31781730728	6.76971442602	
0.0902283284771	0.138848303098	0.407036834138	0.860463490322	1.43962346443	2.33297891422	3.43526006034	5.2811111697	
0.117902020691	0.148639877915	0.39725920967	0.998134138422	1.42084198411	1.92923553326	3.05554242205	6.46972413587	
0.100840502931	0.165676392774	0.392471155347	1.01653431933	1.46554790828	2.047896337	2.70719528331	5.75422392835	
0.0886420922165	0.138031760168	0.44796564842	0.936848347639	1.3200225355	2.39280411289	3.06941212717	6.34935452788	
0.0862216133593	0.147744726524	0.355290590937	0.903751196777	1.299189945	1.97270826589	3.41256782616	5.56953744655	
0.0912632856299	0.165348636494	0.326257173744	0.991784743721	1.50962712024	2.03694907141	3.09795439749	6.08016668367	
0.0961546778374	0.168805653541	0.399839337455	0.897712991549	1.51866237576	2.30751433201	3.63237408295	5.83983044462	
0.10587912999	0.15841025722	0.40232197122	0.906468857079	1.33587427016	1.90046040715	2.79129757656	5.85140019611	
0.107678848022	0.135422046746	0.364150699259	1.00611979608	1.16269605297	1.91241488766	3.58759626813	5.14823310469	
0.107702156918	0.146135060116	0.387359315889	0.769916642792	1.50350861534	2.08457695318	2.76537237837	6.97714606632	
0.0830941542103	0.139382167419	0.367672032835	0.908166589546	1.19604721404	2.09000585034	3.62404917138	5.98508954847	
0.0992310245185	0.14548394775	0.382818947898	0.884630615778	1.31632588625	2.2111314161	2.9714217113	5.42043618891	
0.109979502488	0.146618731775	0.398003373046	0.947976127104	1.22306807159	2.11328960209	3.03197659951	5.81420863628	
0.102786647984	0.145199965794	0.402614340821	1.00258390447	1.66028205944	2.21306594765	3.08254944947	5.99020408195	
0.0949924466772	0.166775994519	0.370802836435	0.873375712412	1.45542832514	2.3549193229	3.67160544536	6.16225347286	
0.115745070548	0.16915452971	0.292889215878	1.05950188498	1.36801443571	2.49413520515	3.4107098505	5.59433061709	
0.0952475941042	0.142677030729	0.34947538236	0.930696073647	1.56381241576	2.2457565662	3.38867197336	5.81480495386	
0.0978655616942	0.152918276626	0.362682738137	0.87379028463	1.55036710072	1.8759486688	3.781782836	4.9721583173	
0.10298619569	0.149123113594	0.355426550552	0.972352782351	1.70929433606	2.22732572335	2.93355711607	6.72009377533	
0.104425431228	0.154520716424	0.356004137616	0.942397788578	1.40506891657	2.18173191396	3.43484533569	6.7924163565	
