6	94
1	0	1	1	0	1	1	1	0	0	
0.0943137991204	0.382663727249	0.621548433075	1.42040275014	2.04711758133	3.07684889832	
0.0972091280713	0.384101185246	0.570586101031	1.50469577844	1.79807694964	3.31681376932	
0.109694787468	0.447111939762	0.595275788648	1.52240257603	2.19412646402	3.57979251808	
0.0975393003209	0.398616280419	0.469662529887	1.57056200755	2.17583073096	3.02176345363	
0.102685983449	0.43343270635	0.542082475665	1.30103031762	1.79818706197	2.95733352088	
0.0903872648071	0.372248271323	0.602476945602	1.22841768281	2.21693825905	3.33033190088	
0.102246978347	0.346583326565	0.715204306624	1.51999824234	1.86130890447	2.73109409519	
0.0918918562427	0.383335864209	0.686593632453	1.33295266583	1.81656507593	3.34323841948	
0.0952836417308	0.384089314487	0.590068691659	1.39108065458	2.3701565723	3.44096280524	
0.102132647724	0.298096988838	0.584727740205	1.55335122201	1.94025292328	3.1751640716	
0.0994408879116	0.388532524679	0.575292070505	1.48932725883	2.2315276249	2.95184653125	
0.0920917329983	0.386462209418	0.687735777199	1.57299091604	2.0277359655	2.98824044567	
0.0961884919406	0.438287782373	0.599008846413	1.45593830692	1.97255597079	3.2574864109	
0.0848030436657	0.327302730623	0.604756877669	1.46291612268	2.06002354409	3.35326419532	
0.0870734032974	0.366770376656	0.561619594752	1.4174724884	2.08446076784	3.98607064327	
0.0904673172977	0.379815121671	0.767240793825	1.51737007582	2.14152130143	3.51511491725	
0.106303999312	0.338052382533	0.507051555042	1.44382469552	2.04693468216	3.98899957816	
0.111191529545	0.422513797351	0.457795855274	1.34563086914	2.14777317806	3.0110793209	
0.0937491518324	0.370233421486	0.607471029288	1.81698667731	2.00552786932	3.52483749352	
0.114636187605	0.342184603535	0.720744874565	1.46367789908	1.61351936595	3.64708432206	
0.0838244092814	0.435400125121	0.658401742855	1.2812413938	2.06613411498	3.47246211874	
0.0944505321948	0.446123975946	0.654881533334	1.216249992	2.1122850851	3.41891424744	
0.0922040163689	0.42148368454	0.636870384575	1.53270702163	2.08226898194	2.91890041465	
0.112175722908	0.44689530405	0.66199006432	1.55743718604	2.16342550752	3.01973540949	
0.107416156608	0.356174363954	0.660115793049	1.46890454812	1.83248862013	3.26819735444	
0.0875687989613	0.327155766541	0.467067757267	1.23716527244	1.89429998823	3.66323530205	
0.105737939631	0.455968848801	0.588305661554	1.24482152291	2.14809833139	3.11195286914	
0.104230926404	0.325890091078	0.602861365169	1.62274176624	2.44308165694	3.63670769715	
0.105511689174	0.415723528712	0.597678831035	1.49015794854	2.12229532941	3.07226811239	
0.102570759955	0.44463196024	0.61672660216	1.49908864754	2.31712955592	3.35482490508	
0.0977985481301	0.409673905043	0.55604522833	1.59826538456	2.4209266963	3.23462707033	
0.0933794111254	0.461104114001	0.557897949271	1.38785323991	1.71799703733	3.69696448612	
0.0856431289085	0.398530927088	0.618251282013	1.41883583889	2.03343108097	3.39320850412	
0.117427381973	0.370390682123	0.500665470561	1.17098015291	2.10952619484	3.10167192328	
0.0982885020544	0.390868868391	0.570982473884	1.82470020665	2.23222654928	3.54313380201	
0.0984359630839	0.374315620347	0.564371335673	1.44076331844	1.82235478087	2.72784625133	
0.0937985653194	0.344037757456	0.562818342498	1.38187184949	2.08785701132	3.51410120434	
0.107729811327	0.378911901253	0.719111812173	1.36327894936	2.32895512835	3.41433870499	
0.0978269575258	0.375061639834	0.573531766958	1.53848595388	2.4184910888	3.26188787987	
0.081326111176	0.400755231717	0.589255093461	1.27912415434	2.1661869379	3.13693384831	
0.0890354664372	0.371592557676	0.684661430245	1.45027381224	2.15553426758	3.3951856772	
0.102354477993	0.369332643607	0.61170297112	1.44202928874	1.68827555059	3.42199286961	
0.100449713266	0.400573830436	0.598855243	1.37983960574	1.94495891377	3.30238203761	
0.101571244446	0.431291091192	0.571021178529	1.58394093984	2.32085246348	2.999974751	
0.0861674368297	0.418557654467	0.627554291476	1.54734924511	2.1819796714	2.91768558987	
0.101801464079	0.404752375465	0.466430315203	1.49860261266	2.32813534777	3.55282757242	
0.104571263841	0.364006264856	0.596094358433	1.21872693031	2.37587395915	3.50729726608	
0.0966577514035	0.402671110083	0.637257393008	1.27307603505	2.58761364138	2.97720387783	
0.0787983284332	0.395287034428	0.620217508001	1.37352713096	2.19515388657	2.99500201827	
0.082928966445	0.417061885066	0.618317208884	1.37688038347	2.52522491352	3.15413187106	
0.105925277509	0.342777526614	0.467608096741	1.51787132682	2.27565251128	3.87224403078	
0.0887542578284	0.316257724405	0.563159042854	1.50921233326	1.67923849497	3.27590776364	
0.0953773706824	0.364829197053	0.547368011387	1.5887614474	1.80719664566	3.55820087623	
0.104838272097	0.361828443815	0.692465743808	1.16002741868	2.36476887126	2.89226205858	
0.0954203484417	0.39183898474	0.662782383526	1.29332052269	2.27265366598	3.10738140951	
0.0914573792917	0.3175067017	0.577217062362	1.24694819875	1.88719300438	3.09173224293	
0.0976225476092	0.359157012563	0.60416196753	1.67096865575	2.00579403694	2.95960225631	
0.0906402921886	0.274104456627	0.561915198749	1.68473840267	2.16504074979	3.11859392387	
0.105256290011	0.363666851218	0.674307712021	1.41212471814	2.45072937175	3.33534901302	
0.105294634213	0.374211354031	0.658151881677	1.67261476821	2.26541048709	3.19108312169	
0.109748171925	0.362103187723	0.685017495717	1.35742997092	2.13438647392	3.53264793541	
0.0795616065955	0.391964219116	0.609555094999	1.36349406304	2.08028568005	2.97534891275	
0.0903822313224	0.364238725828	0.540248120946	1.50295925442	1.99535980812	3.50950553179	
0.0905354604931	0.33104514208	0.58685259154	1.26447487087	2.12054482728	2.99361787046	
0.0873887036659	0.33256499672	0.670424991776	1.53024637328	1.86827662547	2.99231770187	
0.114862270708	0.378890845605	0.579406378552	1.44535903219	2.20667397003	3.24649784288	
0.0919737181555	0.304437419608	0.5987967345	1.16553612935	2.04488608881	3.03703488399	
0.092750066661	0.39612681417	0.587201437169	1.49768794912	1.76368451613	3.49590120288	
0.109199586928	0.378098050846	0.716150061676	1.52655100741	2.1426634056	3.71538785104	
0.100841355749	0.344908608565	0.648667776485	1.64641642177	1.8201417975	3.09943620054	
0.0949068252731	0.331533962125	0.583070921993	1.31810968184	2.24050724764	3.41053912889	
0.101388632881	0.388019027992	0.69028341305	1.71815210185	2.28087061279	3.08549944232	
0.102795494678	0.381173025788	0.640954182377	1.30345031251	2.31027165772	3.27666946814	
0.0991534791086	0.378291396152	0.680867083849	1.82116996113	2.17541016393	3.01226024638	
0.0998835664346	0.391739040522	0.609693815935	1.45426691963	2.11196157206	3.68813534787	
0.097302002191	0.41058283625	0.509382471434	1.34900834701	2.21299890101	3.23983781558	
0.112168713232	0.390228790577	0.679475605256	1.49962367002	1.97443444143	3.18745224916	
0.0987007663275	0.428543126658	0.585154754125	1.41048096366	2.06417558537	3.28973172246	
0.106522532366	0.406647790812	0.581203767613	1.14378575587	2.20929734029	3.28303702522	
0.1015271837	0.380235448308	0.618319729013	1.14175260164	2.18137711497	2.92697213748	
0.111846973834	0.384686655777	0.556547775319	1.26096133705	1.96591776403	3.04120699297	
0.100400620192	0.334647715881	0.614517333681	1.57341464874	2.3872392065	3.12515180321	
0.0997202227919	0.354853903449	0.52761294264	1.35301556173	1.76188236332	2.60797661689	
0.103025003596	0.389613683681	0.673182765129	1.63522904421	2.18914647438	2.94350432796	
0.090535248566	0.340473397917	0.615110330668	1.32259173835	1.84792333411	3.38680898457	
0.108601915985	0.351627674162	0.597929703319	1.63901233814	2.35065995765	2.95015978923	
0.115540847568	0.407297403528	0.697507745123	1.40422287848	1.9663007246	3.23718718484	
0.0858912561968	0.411464147466	0.566827196933	1.48581865505	2.61509023308	3.09148618468	
0.0999967530392	0.362248869229	0.591269548998	1.39647077179	2.36493951149	3.53890721019	
0.0977270501534	0.384563023014	0.579924648463	1.63238876681	1.60109050189	2.99490199927	
0.104257001372	0.412090894933	0.676141690004	1.43001402842	2.02314787916	3.24115281251	
0.109684700309	0.356645739936	0.596330022997	1.38713873111	2.41809969273	2.87240870631	
0.0747573272391	0.37531323884	0.637215085692	1.35697486842	1.75527950521	3.46106444431	
0.0955541572836	0.388562824133	0.582328309791	1.11388566295	2.21979228165	3.43494301178	
