10	92
1	1	1	1	1	1	1	1	1	1	
0.0950517771653	0.1536438707	0.328344633049	0.726631650445	0.802027232743	1.53624318461	2.24538574616	3.45164836716	4.37604090395	6.04922606121	
0.0850644383593	0.142102027901	0.446102891616	0.56861172097	0.948492975053	1.79078427622	1.9311039036	3.30849334312	3.86788466305	6.28487309418	
0.105907706555	0.162427287271	0.337646134557	0.557075244526	0.856625177037	1.35128760877	2.06350628683	3.39941715609	4.47224134464	5.4590400084	
0.100696194102	0.152260508169	0.377350546522	0.615154750669	1.00883937719	1.23784693486	2.21158831297	2.53143815892	4.12938096893	6.891069748	
0.107589716603	0.1452072977	0.413362451438	0.621341093083	0.903442053621	1.40872465609	1.95977499986	2.49669470928	5.15099582091	6.5000170338	
0.0862390934731	0.129461302149	0.395379256878	0.611609319278	1.05824816714	1.48738771051	2.12704682334	3.31842122309	4.7392115005	5.03692312164	
0.0931756969407	0.149438804295	0.346243096542	0.647229024526	0.779933688507	1.31689281993	1.78202902909	3.25978749227	4.35210345833	5.81329750082	
0.102725522578	0.158131731834	0.361087837462	0.610176539171	0.883618867999	1.40974801427	2.23633633295	3.35540171309	4.73855895027	5.86266114637	
0.0988219300933	0.141560345078	0.391337628537	0.651653382823	1.04857586397	1.4153535336	2.01443573154	3.02721164216	4.27891979915	6.84616709715	
0.110881506131	0.183461838952	0.384459771924	0.712729734488	0.904414937972	1.39402388269	1.98052462579	3.1302084373	4.60254139062	5.84483093454	
0.0944436939444	0.160289003617	0.401699692262	0.588546261214	1.01178693425	1.32390234181	2.69616110953	3.48575110169	3.72739588501	5.88223964628	
0.110258245945	0.166650340612	0.397207954397	0.573639531027	0.848384601072	1.66778505984	2.30746693038	3.44947177768	4.3941301529	7.19700516151	
0.112917405607	0.15432612571	0.397930469146	0.559920235868	1.06511578107	1.48365167668	2.40044701221	3.72618284944	4.2944685206	5.36468494614	
0.116478613882	0.137912739507	0.397825922707	0.654839592091	0.923299431018	1.42087593608	1.55053660055	2.93749559512	4.73723305251	5.44987650631	
0.100388476637	0.166253073593	0.34309942597	0.602590942894	0.920434886114	1.32771566899	2.25758493843	3.39629931812	4.16434477709	4.89977300647	
0.101572201194	0.145275984753	0.404868139018	0.659855068377	1.05601805608	1.43747082055	1.87816819121	2.70061551101	4.9529157884	5.08470846319	
0.094082041944	0.159401531851	0.349034303721	0.586622717057	1.07889235722	1.30746073224	2.30191246271	2.99337732098	3.41603739817	5.01965206955	
0.102560488466	0.140669582863	0.401518230966	0.550471850656	1.01321153601	1.56718355793	1.8849004724	3.24313044059	4.83000823543	6.09722417873	
0.10283515423	0.174239448888	0.412945980615	0.618172277226	0.843094375944	1.7231524779	2.25678202794	3.2051369525	4.12533821164	6.1328686392	
0.105652308106	0.136210711722	0.432923995906	0.681973829554	0.967279325839	1.5356032521	1.89428719572	4.02920090855	4.18405060799	5.73694628545	
0.105498807108	0.159642116743	0.423479890523	0.589393835296	0.824161910364	1.31649038507	1.84140861317	2.89681940324	4.21526441203	5.66582118384	
0.0966892616943	0.134540164044	0.35835204285	0.587316855111	0.952350929119	1.30310071162	2.27056954654	3.19022937561	3.87985142197	5.73836492472	
0.0949854071177	0.148418464898	0.377961978819	0.61394300951	1.05705809289	1.29613963647	2.22744242865	3.76144079159	3.6243435512	6.31487497599	
0.0993160034315	0.136133639467	0.421696608195	0.631688646438	0.810795899535	1.01617995722	1.97063589204	3.52119451253	4.50366947731	4.77860803999	
0.110484124299	0.134758143596	0.38434228159	0.553562631324	0.879429150196	1.62166058309	1.72717665023	3.7238732524	5.09903360063	6.45440751145	
0.09671276475	0.142632356412	0.362858849205	0.707219073092	1.07143634565	1.29074443097	2.04707565037	3.31240506916	4.30458648322	5.77083256783	
0.0943352828828	0.110710804088	0.437115731665	0.571424379016	0.860950870958	1.29764425022	2.17397936893	3.42924588556	4.63168662004	5.97185194698	
0.102805916865	0.136663576599	0.373863482659	0.634333107668	0.871754953855	1.3990144908	2.32089845909	3.60582594667	3.70620845599	6.23282087779	
0.100095982926	0.160095698137	0.388027107193	0.727470752322	0.841321514483	1.31382349813	2.63242709244	3.07264907505	4.61543802635	6.24632076658	
0.101224613802	0.145320492183	0.434115756144	0.60002227671	0.860198504445	1.51528633179	2.02396121679	2.54043805318	4.69551619311	5.28996551676	
0.093924037963	0.176797365213	0.340007258929	0.676007586116	0.870725691249	1.59823697982	2.16211226068	3.21755446259	4.67457620905	6.09222073069	
0.104965183232	0.174682569242	0.400221766032	0.4921807257	0.957005358926	1.5341294082	2.13576774555	2.88236403703	4.38051520253	7.47103244397	
0.0980574968292	0.145546252718	0.362767525851	0.62202842083	1.05354872983	1.34170939512	2.34706034031	2.91783200931	4.13413454075	7.18246535751	
0.0957861975278	0.146895865197	0.257698287746	0.561732386241	0.884717973149	1.30096036308	2.00904685726	3.33687308575	4.71270504931	5.73113548888	
0.104729211006	0.143334010726	0.372674702348	0.614033298033	0.804693675794	1.21781336054	2.08549983958	3.04404319899	5.10077298008	7.60816480599	
0.108253755838	0.147589769885	0.358241330519	0.646968753831	1.01419297397	1.26619174796	2.66383324105	3.42020829043	4.69625394129	5.49931081969	
0.119489105412	0.13264147718	0.39181792663	0.570025340011	0.953163092539	1.46154306807	2.39344984156	3.5320829294	4.02255612462	5.89906557064	
0.0964930560543	0.151420261944	0.366140385547	0.580517817251	0.834730375378	1.43101801746	2.21280794104	3.56507107129	5.07171762921	6.02807520562	
0.0937896551858	0.139821686818	0.46500753302	0.671443641566	0.862878911594	1.2582475253	2.01262545576	3.3519504508	5.78579751706	6.84603586167	
0.10037296075	0.166421074632	0.412535745755	0.622228088471	0.838868411262	1.4859092142	2.48157280672	3.33245875977	4.53569793005	5.85275405937	
0.104923652203	0.183410013955	0.428556520726	0.5976689113	0.900352474877	1.42842771486	2.53489633455	3.32254518636	4.4329727772	5.6014262503	
0.104601888245	0.157748825684	0.351049419757	0.552406333567	0.85414479597	1.59266052546	2.04411578944	3.22582177795	3.85495342014	6.89973640558	
0.0939956870142	0.146863481667	0.382624801549	0.657458501614	1.16057092992	1.36770348906	1.78982791954	3.28067141011	4.67208337087	5.03942442987	
0.094588534179	0.154895350013	0.365609830047	0.57787011141	0.940529896521	1.4209672651	1.79867009152	2.99894365033	3.86180440367	7.11632036432	
0.0864271286346	0.18604215479	0.371884189905	0.590332492811	0.983279619867	1.26338763445	1.8282059219	3.35943762968	4.67861574304	5.94463356127	
0.088015082066	0.129658769284	0.377219188724	0.618493130852	0.963156855366	1.18915656942	2.39521763914	2.94272805432	4.65881146223	6.08938593302	
0.103162889713	0.157302783783	0.386955383052	0.681359955299	0.89879804833	1.37024308567	2.04403532224	3.80974093911	4.46171185683	5.78522319753	
0.0959834030004	0.15784600208	0.358262870195	0.56743517615	1.06362450552	1.39230374223	1.82528103979	2.93847804735	3.9770527412	5.4603199049	
0.0979640800748	0.12283206634	0.417684654833	0.522191910204	0.804074657288	1.1618510146	2.21794244944	3.60458120627	3.97437569938	6.24385127205	
0.107959933075	0.165700166382	0.375721994151	0.760884438573	0.932121065498	1.45090784959	2.12303574002	3.57545042489	4.54739730599	6.29183697813	
0.105164967543	0.153158932836	0.319677370816	0.610548847145	0.961185555104	1.62452911287	2.75991353979	3.25361011055	4.85621906579	5.60718652524	
0.103525107637	0.154112535966	0.378158503819	0.543938794987	0.936842998628	1.24966632544	1.99865288159	2.43606326201	3.85731664367	5.73540590609	
0.0928295484392	0.146937367534	0.400996587432	0.500492466833	0.981052291432	1.36726212061	2.45446313776	3.1348054902	5.04867810963	5.74234085375	
0.10510604151	0.151255450428	0.346339544428	0.591525243769	0.897535265558	1.50667417472	2.07770219039	3.19130216121	4.77066986391	5.59447784775	
0.10243237848	0.151727259497	0.401827342554	0.549450754377	0.832682757804	1.14432272912	2.35836148028	2.96667226455	5.19051858053	6.21957382792	
0.0897569892472	0.143578372113	0.353139578159	0.570298959777	1.0438143473	1.35737027847	1.99097452225	3.23618027527	5.11957619056	6.24248823173	
0.10893448074	0.151937713257	0.398868250301	0.565886208092	0.966655342729	1.49657400577	2.20710419393	3.23227224091	4.98101268765	6.28865828958	
0.0822573895354	0.153256073874	0.331682411942	0.643732118381	0.831941786814	1.600382343	2.39558495995	3.2567876157	4.9253574272	6.25160030434	
0.0871441974561	0.163704032111	0.387579764729	0.632419673077	1.0070170708	1.28256376376	1.97686481148	3.1349766399	3.79531572355	6.14742406516	
0.0889619034909	0.153246538726	0.405545220458	0.662839123984	0.920617732397	1.54791134432	2.20953151101	2.8818774687	4.03768613761	5.96609517476	
0.10667068156	0.132358887103	0.417857584003	0.633475883424	0.787484263942	1.59154845477	2.26010462896	3.16135572343	4.61284282625	6.31266697715	
0.104749207492	0.168117565448	0.412634022015	0.567184216164	0.781336905688	1.56468785859	2.36686766287	3.68089770861	4.68493878534	6.56734230065	
0.0856755156356	0.161866291953	0.403295431931	0.672160129325	1.03238923619	1.67005117663	2.46335700613	3.8143832242	4.6989854093	6.64915359137	
0.1036542046	0.144122488165	0.373537284246	0.561219373147	0.969074136748	1.62921691567	2.52933518314	3.21625688152	3.75505121358	5.51702612089	
0.0899761372701	0.161153862882	0.39594466772	0.596291756264	1.06333413797	1.49259845473	2.17218010623	3.12299893973	4.09178652862	5.79926685739	
0.118070631133	0.136193863582	0.405561838146	0.549382248268	0.878678537394	1.63644563248	1.73864929227	3.58740693115	4.18185021899	6.21512759295	
0.103619089376	0.149647409092	0.321743849117	0.605140093845	0.843568867688	1.56097459335	2.06161783789	3.5947164626	3.99409240483	6.64949115321	
0.0993368258662	0.137092408377	0.407910336081	0.699853108269	0.843432981364	1.49094766995	2.15435430214	3.21707775447	5.14945213737	6.64227094782	
0.12109942763	0.117740446925	0.360314213543	0.648291003193	1.01085403034	1.75705902931	1.99338341293	3.31856486258	5.20023858462	4.69025220035	
0.106997153237	0.158291402241	0.366890870725	0.6561672323	1.00399250055	1.12706848606	2.30656279333	3.85449299023	3.81886657559	6.93836345158	
0.0974268749624	0.14784944533	0.367863034432	0.660970473721	0.968715090263	1.53240949439	2.1762590782	3.23892365598	4.28535463176	6.17008588229	
0.106623623144	0.152731369327	0.383930912882	0.651565387548	1.08570022356	1.52082560984	2.02081909624	2.80923751043	4.4546316043	7.03241242488	
0.100925868693	0.140442941683	0.351941667675	0.530076772128	0.967372279437	1.63020343649	2.14034465769	4.11948514417	3.64661301077	4.78019630148	
0.0847095283095	0.13307972598	0.396084968626	0.579923579701	0.878575032331	1.53172860997	2.2655692285	3.05088049884	4.57503119708	6.51513915389	
0.10131458931	0.133587569202	0.372094145998	0.53656834684	1.01880112364	1.45490940017	2.02125748873	2.98083039934	4.88656381482	6.22616229022	
0.0999507946528	0.143490337901	0.448381756615	0.498456784501	0.90947645239	1.65663016067	2.2276525179	2.45032620526	4.66913975194	6.28135426929	
0.0931606092465	0.149718549007	0.394501937781	0.639517158033	1.10373086408	1.46741870775	1.89709442094	3.4403486212	5.47646883505	5.14516085263	
0.0873164771857	0.141935783807	0.322572515378	0.51797842861	0.817090917718	1.40372375834	2.13445195806	3.09129415534	4.23881068125	6.61963012826	
0.0968442447823	0.159059655896	0.405285146343	0.560104518642	0.744893197449	1.5597029123	2.8872474524	3.02768957618	4.43185706242	6.10420536041	
0.121532198189	0.159724196922	0.384334576423	0.682950309535	0.947061312986	1.30748342133	2.14749956969	2.92734720059	5.23862541657	6.06024386056	
0.0997186708587	0.125156326116	0.385352289961	0.481872458671	0.965911317276	1.46094407534	2.31333127418	3.10225222994	4.70067188169	6.21181277314	
0.0875875438589	0.142102698188	0.412104768727	0.596026197416	1.02751750251	1.3122008775	2.27356540639	3.33624153094	3.91276482743	5.53600926059	
0.0978258059165	0.148170618733	0.312591188881	0.646688818098	0.816331097133	1.32263562431	2.16898345242	3.0457110707	4.58189266739	5.06704480271	
0.0896716567079	0.135071976148	0.376967021498	0.545155426617	1.00379775717	1.20079689866	2.31984694693	3.27692326444	4.96172364852	5.78738759083	
0.0871862483931	0.141417091902	0.351822133599	0.657671395522	0.871758125965	1.47597325306	2.51354221578	3.52297440219	5.94326341843	7.09251625099	
0.108798565829	0.152886573588	0.274126777712	0.580039937335	0.979452079566	1.51447854945	1.99472451481	3.74313693133	4.33646447	5.65136697058	
0.1156269928	0.134018166433	0.352459802972	0.600484638113	0.859529566146	1.49369771305	2.39387561397	3.31876410745	4.70781124436	6.26945626392	
0.0989692566686	0.125802874242	0.349826147549	0.559284700998	0.982362956285	1.50894230555	2.32485545747	3.20188654664	4.843579362	5.23515819995	
0.107561816141	0.167977941474	0.358679257872	0.569192912412	0.739474762851	1.51694456961	1.9966260478	3.43205638832	4.06155832401	5.66181499577	
0.105361115608	0.146842365544	0.405050133311	0.528966617317	1.04223724449	1.16801747255	2.00873948176	3.13154833155	4.83386669287	6.79586457533	
0.108462020495	0.145582713867	0.384198693544	0.611633140245	1.05062856002	1.31256721617	1.98480183438	3.54389787019	4.45522216032	5.97705595236	
0.119048118105	0.16008498292	0.450457241544	0.646428417251	1.02565533159	1.62290958158	2.07276703572	3.20198466409	4.0513875864	6.45197837952	
