9	93
1	1	1	1	0	1	1	1	1	1	
0.0874364573463	0.171201905915	0.405117524365	0.632783996321	1.44047558245	1.9782517489	3.22894175769	5.33342474519	6.20121929649	
0.111915952226	0.133653901631	0.401091415112	0.57015913505	1.35002672231	2.15768249844	2.98437143253	4.28744987207	5.7822597209	
0.105088620603	0.153023651846	0.366173767912	0.586801918538	1.53112543651	2.0288706763	3.47588201911	4.9702122161	5.2686761635	
0.11106078238	0.15449847499	0.43007454842	0.62739512898	1.45034788722	2.28284190984	2.68166103546	3.56314429747	5.59495677562	
0.0915453570268	0.110051965828	0.380357954419	0.62593437919	1.19483680591	1.76253653726	3.40652253605	4.53145194298	5.89533514066	
0.11681547605	0.178215286602	0.371334630642	0.590403169218	1.41364418371	1.86314020545	2.70014944149	5.27010586781	4.25448555524	
0.106566728136	0.129253473029	0.369787312741	0.562468318985	1.59544739388	2.60232856261	3.75224214346	3.98890340435	6.20047700675	
0.0941359849389	0.144911501623	0.396740953	0.587445872737	1.63320956598	2.31740676981	3.05591206447	4.65839534466	4.50629198487	
0.0932911054644	0.145387083881	0.355303252238	0.575543794609	1.60995367083	2.2685827042	3.97936191389	5.78803597183	5.95866448552	
0.0993859769571	0.136898429916	0.386049507942	0.684433919623	1.60639710586	1.93930660047	3.20307473868	3.87740030738	6.23913462944	
0.103503793339	0.16643583568	0.422154583148	0.623932619687	1.34992259039	2.18214636117	3.01163661824	4.69883831322	6.2831777394	
0.093344824631	0.142617368217	0.390193466143	0.53909356924	1.52223011592	2.28433594292	3.22303350734	4.13029414418	6.12939518122	
0.108690634431	0.15094123841	0.383344468427	0.50480731824	1.43248324467	1.97976207372	2.91847517267	4.95912368828	4.35429731146	
0.100929453016	0.152667848067	0.344604724255	0.555997488177	1.31410733959	2.03402768023	3.3926862906	4.4418811765	5.58864572287	
0.0951434336357	0.160172129007	0.351971778609	0.636062929088	1.46325048003	1.9361354225	2.43791485989	4.97297581498	5.35105932294	
0.0969142767768	0.15463794126	0.415210280862	0.554273659795	1.3399715	1.94122806587	3.3107717217	4.35139811692	6.08077512181	
0.116401344362	0.151959857636	0.438087219461	0.501074691836	1.33021830578	1.96309929539	3.3401014334	5.10346636335	6.46127124166	
0.104545114537	0.140192445104	0.382076792494	0.61225054383	1.40567743577	2.47569262214	3.30453873533	4.24820044464	6.45712977892	
0.0955207227452	0.1512809006	0.341668045089	0.545374426677	1.26730513213	2.06991909466	3.13307202521	4.9054848163	6.12826283644	
0.107604723198	0.170789270094	0.350412498465	0.505366610815	1.49443992276	2.25137181716	3.07677488103	4.67682221198	6.00070851525	
0.111500841817	0.152145902686	0.393275725586	0.597353568479	1.38662373812	2.07863292402	2.72246557199	4.72111474152	5.51359714279	
0.10025056022	0.128591509075	0.403327623325	0.626586802229	1.36083116393	2.00323217006	3.48910207287	4.23545135884	5.3010414627	
0.100401389056	0.169369813697	0.36355332824	0.626648090895	1.38608855331	1.84468164168	3.09524693779	4.4647639659	6.33801770162	
0.0973443283521	0.156220790172	0.392590497146	0.542308490243	1.5619778688	2.15510775211	3.30578878307	4.81188156739	6.02247477737	
0.106277214579	0.158564363863	0.432608861547	0.697404232191	1.33948913321	2.3621474632	3.6029649107	3.55846342752	6.11043590219	
0.113184755814	0.128965418658	0.344080347641	0.595229561472	1.39446992586	2.28679619598	3.05990700517	4.11953822567	5.73021684751	
0.0863825473203	0.132489945523	0.352209857702	0.562749686332	1.46511900623	1.97017911828	3.15297489892	4.80546895606	6.27127760246	
0.0924304941107	0.127988649768	0.36398048767	0.583710502664	1.68589992013	1.99368654871	2.91316173395	4.67411228904	6.46122006404	
0.0854237965158	0.144594697529	0.374360598129	0.563399329349	1.70184518784	2.27415736194	3.37635875921	4.48242240833	7.0404735776	
0.0999501611051	0.147773013316	0.426596026849	0.639352800067	1.58618689885	2.35615179292	3.73539090042	4.8197847051	6.01963760933	
0.119210792021	0.166276666162	0.397812211349	0.454343926095	1.37268773274	2.59105447156	3.26013935823	4.14680265895	5.43385008728	
0.103591554897	0.156997928194	0.348165098919	0.652386247599	1.61081581713	2.07836440735	3.07695568408	4.91214268218	5.56794895953	
0.0885139203951	0.144001193704	0.407335630055	0.638807557729	1.65747700087	1.85071811308	3.29514768057	4.57822553662	6.86712634804	
0.10749538621	0.123467062956	0.334045922818	0.593659767688	1.27863652295	1.82035168382	3.34248805701	5.20984713276	5.81930866166	
0.105720848469	0.113002570703	0.324521914072	0.608176316594	1.57513673633	2.46836324176	3.94431151105	4.95347961662	5.88918600793	
0.0976430029173	0.157628894485	0.370481576816	0.671343315558	1.32265715789	1.89446333789	3.82439596439	3.56886052683	5.41964581753	
0.110371407898	0.167589010791	0.375055312758	0.597903466617	1.39125687185	2.23932138577	3.57595090027	4.96777443962	6.91074498075	
0.113261446406	0.149648191825	0.39890473404	0.677153893259	1.80545751706	2.21561679741	3.68454572962	4.92178455587	5.28427409151	
0.100767352569	0.156035877035	0.397538263305	0.627307528898	1.33478386745	2.05925735044	3.46059641816	4.61706568748	6.51744240136	
0.103431266417	0.134999058188	0.363593049959	0.576340393496	1.46845606281	2.00788893359	3.34446991527	5.22292369281	5.99663957384	
0.113478534146	0.128584230177	0.372836994333	0.690608151273	1.36872658049	1.93264806261	3.36907571721	5.02240402337	5.44188203455	
0.0924321743707	0.14326780034	0.369157559326	0.5547976294	1.2431356942	1.93804835327	3.51506268063	5.13623171371	5.67296900402	
0.092404918492	0.162530497263	0.356954701071	0.60406477186	1.66242453672	2.24193001945	3.36219794163	3.58487643284	5.42967174963	
0.095332149383	0.114059484681	0.404259554241	0.613375817017	1.44284695225	1.91191157603	3.16692886952	4.68531719403	5.66760641143	
0.0894038018978	0.15718847459	0.31981629215	0.639662571154	1.45942207578	1.89529376256	2.86390160372	4.26824392855	6.47551374133	
0.0954192373099	0.149468851324	0.38081979376	0.664267715572	1.49691981461	2.04380217077	3.25393538589	3.63222876923	5.24033161125	
0.0987025490913	0.141656009298	0.326383023971	0.563731330336	1.18910662826	2.26764269973	3.90885930889	4.54955813557	7.07003271523	
0.103123770217	0.153558072241	0.354975255925	0.596389283725	1.57972393671	1.97347301194	2.73542257511	4.49016164028	6.23421551729	
0.0857616445938	0.158022800728	0.378913417145	0.664443501321	1.6313933091	2.12110204915	3.37145806469	4.81520382145	6.27543104071	
0.096156122466	0.132776629841	0.379706220004	0.640710835481	1.56898979904	1.83352923346	3.32756562702	3.4985746703	6.84220640928	
0.0872047619091	0.161389665525	0.36563967642	0.655101803458	1.62970660966	2.10553207575	3.41545139798	5.27971447818	5.99704558354	
0.104940539419	0.149522446187	0.359469400294	0.636552516856	1.29099910811	1.92688921797	3.31806699841	4.44382813128	6.73784229346	
0.0857368043821	0.132026544705	0.439373796447	0.59011877923	1.29690270205	2.50514316833	3.47032655029	4.68430690279	6.01392309152	
0.0917035502532	0.13564770857	0.372958043988	0.59793326067	1.53849964722	2.16409019796	2.97460517364	4.02462552013	6.29715517122	
0.0868367417009	0.16579297214	0.398852474083	0.536603073157	1.44799450559	2.28258537117	3.46326494356	4.59238257274	4.90893624303	
0.0990978424144	0.129743354007	0.430003271974	0.549227497847	1.49085569223	2.18339030713	3.44518530045	4.78277227722	6.45653443715	
0.117636578149	0.156756577839	0.38086305801	0.595177313978	1.43407964679	1.91749861544	3.74038092024	4.63391965749	5.96873433398	
0.101371641934	0.141474746703	0.442573435344	0.642390301223	1.48027508537	2.26554803189	2.71178199028	4.37703835534	5.16355135686	
0.0915601758454	0.125682454972	0.377782884463	0.624172935015	1.54254997182	2.53252017195	3.34935710402	4.44186397273	5.69977234135	
0.115546802617	0.148334037845	0.378451012185	0.717537956003	1.31088407185	2.17431644723	3.74469899961	4.50905969264	6.45529859661	
0.102425371055	0.139265832715	0.379408205065	0.744011501326	1.45258866233	2.43832131495	3.02836754841	4.22472484572	5.76793703394	
0.105942563813	0.181193067538	0.376316101076	0.596832615571	1.50690294938	2.62689402353	3.53433508855	3.96478442487	6.46050967718	
0.0905422876217	0.186594334452	0.319490150941	0.641285383745	1.58433682289	2.1499088119	2.87708182725	4.84575216203	6.3226210229	
0.0843572043627	0.138341157051	0.367660766123	0.636196945816	1.65114480118	2.45084414828	3.46973664929	4.58135351806	6.80437853754	
0.0983553764659	0.153898203648	0.332203421099	0.575678585145	1.463511012	2.63890292862	2.91560843338	4.45370460308	4.88411154515	
0.107493844237	0.152001312867	0.397217965287	0.687231501648	1.49844028463	1.88217773718	3.09793852139	4.06979262579	5.74954905742	
0.0822871597551	0.122433721006	0.393780765405	0.68945850175	1.5101160414	2.43040743832	3.06696645951	4.69372662112	5.43860133493	
0.114847850026	0.133461039891	0.450135901751	0.692127010749	1.44341531177	2.14693921627	3.77826937448	4.75507108359	6.64429638237	
0.11147899549	0.155045606307	0.353403498086	0.50548982307	1.47324538227	2.28727343869	3.55679289741	4.68420674692	5.85723837349	
0.0942864687392	0.143967659434	0.336859041334	0.530397078117	1.05434795224	2.22667691938	3.78437595364	5.17632266747	4.87402595278	
0.112516164999	0.156270206369	0.387370561149	0.607974168658	1.32875262654	1.82409464425	3.65011513981	4.41790227563	5.98869589372	
0.0997272097562	0.135580859581	0.424820782239	0.559632967071	1.61674268365	1.88451793977	3.65196736798	4.59291528051	5.60488830432	
0.094725554315	0.136673850882	0.378640720136	0.692249023826	1.46890462281	1.88270467464	2.63144024726	4.42338146359	4.87974273504	
0.0971954693384	0.128013220319	0.343781349824	0.642018962961	1.52758075184	2.14891051364	3.21439292601	4.02022449619	5.97331844507	
0.0881221332001	0.156142822588	0.353049603003	0.568916986548	1.59823017205	2.43068126838	2.81214689778	4.99189895176	6.19656505802	
0.0973637551536	0.153755925339	0.31019758846	0.561681645144	1.10344462847	2.2390864606	3.49315796387	4.17030068169	6.07215847569	
0.0881034557573	0.151939465698	0.358027421241	0.480045973793	1.40362557841	2.16230361558	3.90966922802	4.44462481836	6.66737397561	
0.115790422514	0.13170842049	0.382209175407	0.713704113584	1.38283165242	2.15038910673	3.23395718785	4.86260471291	5.48648909747	
0.091188873903	0.153027063907	0.344733470742	0.643539163541	1.34717434696	2.15172162468	3.15638708777	4.84090286181	6.56555221669	
0.0774463630013	0.130243111442	0.35396675299	0.602955568978	1.45184277076	2.79791201974	4.0361792345	3.64257140522	5.8183581943	
0.0802262526515	0.166035323368	0.396173538972	0.534081591375	1.4023973118	2.14937427726	3.05652308142	4.40857000414	5.44218246361	
0.10948189929	0.142313429936	0.355256692172	0.56092995125	1.27218656548	2.06104393075	3.49640531461	3.83852558151	5.70170327844	
0.105687034532	0.165989186236	0.390343822543	0.570739932209	1.44985041367	2.12980836488	3.64393001405	4.39028910274	5.76309857828	
0.104538547822	0.141981714338	0.426619371849	0.575030794942	1.38426720875	2.19409288977	3.22222311534	5.14726776683	6.31915287896	
0.099646150302	0.146090328485	0.391801983776	0.5120151039	1.36034587777	2.26718273749	2.75201942458	4.20429343944	5.92549282046	
0.0962622573667	0.146994963683	0.414620083588	0.670748137789	1.32968508499	2.38880899304	3.56421842264	4.99407494277	6.0483061763	
0.10839827427	0.164489181358	0.417873090565	0.665460411308	1.54210776158	2.43597855144	3.37836450834	4.53538827807	5.79905338984	
0.0965970183978	0.152634551019	0.378572254698	0.549004400177	1.43301704431	2.22002837857	3.49303746778	4.46845995653	5.03748480145	
0.0706863252923	0.186364385561	0.449879937024	0.63419037912	1.30519076159	2.10356443168	3.35504336194	5.00143909918	6.24444559043	
0.111150318555	0.132056474265	0.392762813927	0.541199617171	1.45866417516	2.14979599415	3.35276613456	4.28133465994	6.24054361673	
0.113084584122	0.148805016241	0.322761918954	0.593006016257	1.58671274648	1.96907717233	2.99121072876	5.12633993393	5.13222238768	
0.109861362626	0.179212734252	0.396486156522	0.563656496509	1.39976375215	2.07953921141	2.72304994021	4.42543402459	6.13939097529	
0.0848084626292	0.173560220918	0.327577792452	0.588792050408	1.58211215501	1.95362449523	3.60697730087	4.07472355431	6.45783765029	
