3	99
0	1	1	0	0	0	1	0	0	0	
0.163340987018	0.367263729366	2.24813549646	
0.188727643469	0.338658498889	2.15207792606	
0.16447730388	0.415901833668	2.10910407561	
0.145509290443	0.45172641675	2.14865817129	
0.170877195892	0.360696289489	2.3025262643	
0.152655363894	0.299629877247	2.18150068379	
0.138647844612	0.43795035895	2.39831498553	
0.181198615748	0.416046204436	1.99879058466	
0.146073120196	0.340916372983	2.50247207974	
0.162411474215	0.400127356896	1.89719013017	
0.141119684618	0.409834962289	2.34327275685	
0.151984616343	0.400310485452	2.53916629526	
0.15988685967	0.370096062853	1.95643076686	
0.143938525812	0.336087498305	2.2878256183	
0.116559390278	0.367861153671	2.1514563326	
0.144703288935	0.393217946167	2.1425314688	
0.129975093846	0.414554752159	2.19630071163	
0.152594086483	0.399748255324	2.01806777791	
0.162379552241	0.421828295403	1.99538445298	
0.149635913938	0.399855177035	1.70407576197	
0.153510215159	0.316836117755	2.25191221266	
0.145999993129	0.358544935213	2.1414899281	
0.146994760901	0.360799862259	2.52320767136	
0.118830837123	0.393833618522	2.18476628385	
0.124939145329	0.357202577983	2.32900342215	
0.161887311899	0.323333605795	1.78804309257	
0.148221586272	0.34130170563	2.30984584625	
0.17694264216	0.364971030729	1.97677184396	
0.155293577511	0.422885484338	2.25513033989	
0.138131720013	0.415264115527	2.03411062063	
0.171880115925	0.411567531571	2.18211143612	
0.12069328993	0.451148022231	2.40285028471	
0.156175232645	0.349654932018	2.21265259548	
0.179451667057	0.40075376616	2.12161075101	
0.153474493065	0.33612396393	1.9601408212	
0.1740135235	0.389633481384	2.2211553345	
0.139472669825	0.343777255415	1.86720978629	
0.172811965616	0.37700055768	2.24569459463	
0.135358782767	0.29980129472	2.37789331038	
0.149476455495	0.448655083235	2.06259873008	
0.171140809322	0.36556627795	2.07001343759	
0.150391633654	0.380551645282	2.3688295056	
0.140860045357	0.328375445662	2.0997378835	
0.159688386091	0.367076808273	2.37336862346	
0.166687125784	0.329795326377	1.89501195339	
0.159005250464	0.362661864599	2.53986071185	
0.188302659935	0.4366316803	2.66870707431	
0.143564298831	0.32997959067	2.37415016409	
0.148337095213	0.455565663627	2.31562642485	
0.148609109429	0.384002872517	2.15041002753	
0.139155870134	0.347801180832	2.40436528378	
0.149016296249	0.4141853606	1.82659864527	
0.156761875877	0.469904925837	2.3946049725	
0.184765561479	0.309224793289	2.19833258866	
0.13062632142	0.372726150955	2.2836581611	
0.153359266372	0.433154623615	2.27256966977	
0.154958594706	0.35112134359	2.05913611321	
0.128862180994	0.369612002726	2.06631299893	
0.161023254089	0.355415876162	2.56764125578	
0.170638515021	0.368559781815	2.49304823921	
0.154648103512	0.395307855937	2.37400305441	
0.162569090146	0.359627670836	2.57266316649	
0.163631221558	0.384451904349	2.28199759757	
0.168526236498	0.390220261923	1.94820426482	
0.121172174222	0.362818600127	2.20623892151	
0.152361630278	0.374178288891	2.01250463422	
0.152551257801	0.407079347089	2.22419538022	
0.153523151737	0.386464236887	2.12992016279	
0.146659346827	0.351108680454	2.07310554802	
0.118065758035	0.27537429801	2.03296661557	
0.159903308982	0.409430065638	2.54439138957	
0.131203703311	0.431195441841	2.40004596587	
0.190974761018	0.374732316097	2.35625912235	
0.119697990226	0.364104100538	2.18505090872	
0.154768366178	0.426833146399	1.81440022834	
0.175234086763	0.304304076914	2.35427450325	
0.142397805991	0.342328598827	1.7635614203	
0.14097306429	0.378842271576	2.58565351641	
0.15240181241	0.401199104296	1.94834154205	
0.15970610731	0.313922586842	2.0300168894	
0.16555382825	0.394276814525	2.27682182065	
0.162183771601	0.341876066341	2.02315942215	
0.153203629319	0.377356921927	2.29262766252	
0.134936611851	0.442421551352	2.06994259689	
0.141195618203	0.43261330866	2.09928198968	
0.144062871722	0.379775053177	2.06456001216	
0.139511601423	0.404008723879	1.90928282451	
0.16172178488	0.374742160107	2.08957734444	
0.160129309248	0.337094066413	2.41788885173	
0.156432901667	0.356963858436	2.14656282283	
0.165957737764	0.397385005053	2.44566200987	
0.170125461883	0.400409137676	2.11682434487	
0.158405806352	0.382699723654	2.541303805	
0.139794283567	0.337552039856	2.14607271296	
0.159000236073	0.333432030136	1.98847444115	
0.129365095058	0.344539121757	2.01986835946	
0.164685563033	0.31184491056	2.41082592166	
0.1563814239	0.401292983178	1.97598201696	
0.18666175762	0.348251028008	1.83914913928	
