3	90
0	1	0	0	0	0	0	0	1	1	
0.162886428389	4.2963206716	5.55475818931	
0.141233853441	3.32781299069	5.3310527402	
0.155199601061	4.66460208639	5.46081474121	
0.152351219671	4.59292904598	6.0733824035	
0.141072000898	3.38108343899	6.25736727316	
0.157829000158	4.88375585268	4.74083987348	
0.159411947918	4.63995928813	5.74563858061	
0.143919057249	4.32034696805	5.90923428822	
0.166781768231	4.50876422748	6.4146349172	
0.14839886881	5.04136431437	6.14907315663	
0.137632723675	4.6410513235	5.63361576099	
0.149591454685	4.89398360805	5.78474809149	
0.162364080994	3.80949309726	5.84691267401	
0.162023584456	5.31586022003	6.25290728929	
0.168922100236	4.7768228901	4.67400979033	
0.133565570357	4.52665362509	5.80907226041	
0.145438409153	4.09147925563	6.42210001864	
0.152429236955	4.12888117443	5.3522316027	
0.164261251969	4.50427229521	5.37988788924	
0.142678197534	3.91447311266	6.57471941548	
0.146204376311	4.67986576167	5.70016094407	
0.14666512738	4.77745893135	5.73947846171	
0.145774290045	4.79213428361	5.87552569633	
0.133084828707	4.29733360119	6.55139774812	
0.151336917356	5.34968541689	5.55016128197	
0.163873518211	4.21283283019	5.919791956	
0.154831336912	3.65377757908	6.19664052098	
0.127106931364	4.71561767	5.78328257856	
0.14677305243	5.48837409725	4.79082937915	
0.128968670486	4.48195603413	6.0700306797	
0.133956220589	3.70130251197	5.75734645127	
0.145420633934	4.4563822613	5.13354901976	
0.138197125491	4.45860876568	5.28791056938	
0.174655024977	4.75712002985	5.85191019053	
0.140478580997	4.55391467459	6.12224786208	
0.149693573664	4.32189346419	5.45119551193	
0.106616831731	4.61767991231	6.55919269296	
0.14057381669	4.46193287528	4.76561171978	
0.155995492271	4.73292578906	6.44040480741	
0.138020209984	4.23513560665	5.37023146968	
0.17169264678	3.79039739785	4.36712652726	
0.152853749736	4.40356010937	5.66061484813	
0.151066898324	4.20779704251	5.38114377212	
0.178843907349	4.23953412574	5.8383536846	
0.131681303935	4.65382089776	6.00843995763	
0.184180250466	5.09151350313	5.7428440608	
0.150199618094	4.86002135945	5.68560511384	
0.167651867718	4.95492652837	6.66718967069	
0.162798323822	4.66150197141	6.29587935103	
0.138120552151	4.38715835814	6.26548400995	
0.135793897376	4.03883421328	5.24800566136	
0.15802494699	5.00315985784	4.99630030767	
0.143358979647	4.32981616348	7.26963874643	
0.137583663409	3.87300143813	5.59572804009	
0.15557051201	4.01585706908	5.84119804411	
0.13652620723	4.58813333903	5.90944657487	
0.136110120775	4.20373270221	5.57268946536	
0.170758349729	4.58739015606	6.5966812796	
0.137017533569	3.89073336597	5.9895612041	
0.157283863255	3.73039020951	5.54144105132	
0.148381494686	3.49829184028	5.96749770376	
0.147814438019	3.86684181967	5.61624964084	
0.149546880676	4.32348997444	5.82715402541	
0.14140163173	4.53374025987	6.05498124809	
0.147389967626	3.78598231352	6.33064018095	
0.151127589247	4.05348465173	5.99611352475	
0.170963281036	4.87219963489	7.14135553462	
0.145982220929	4.38952842415	5.71525358281	
0.155303826771	3.68412457059	5.08142530942	
0.14125048394	4.83282789582	6.06569834418	
0.156043354774	4.94984814195	5.25528620125	
0.139960006699	5.56766701994	5.68604736516	
0.146201820458	4.66251776607	6.66664588133	
0.168738025805	4.12870958794	6.18227969288	
0.149432866473	4.09631532503	6.06563092536	
0.128868421189	4.84074913002	5.58823719908	
0.193301483121	4.38498712053	5.04747738617	
0.156540518321	3.89428211614	7.04878088734	
0.151153931947	4.8881699068	4.58244515802	
0.14287927788	4.40608248733	6.6494201412	
0.145610326719	4.69988065857	4.7561807544	
0.149939910608	4.36912263583	5.24505278247	
0.153457178159	4.87653034029	5.2358821695	
0.179202449203	4.72448910485	4.45733865908	
0.156595923386	3.89955086698	5.54048163957	
0.172821164027	4.01034552417	7.05516630065	
0.131179291741	4.57024128521	5.10765543893	
0.146030505014	4.29394741739	5.5713644777	
0.144952294431	4.6866183453	6.18391770214	
0.160399071122	3.68121739277	6.35861546848	
