9	92
1	1	1	1	1	1	1	1	0	1	
0.0966454111199	0.164142807347	0.323460082467	0.619637307438	0.840905339289	1.41209548686	2.18263720421	3.31755957383	5.64725388233	
0.096164622533	0.138566220353	0.33692178081	0.573103348306	0.806313658507	1.41269665219	1.93259342285	3.77018849993	6.66859851101	
0.0951918611313	0.144680730193	0.311220276754	0.654797367497	1.11782662369	1.46846427102	1.94255168038	3.4074915762	6.2416189608	
0.0938363846716	0.169299810653	0.332358552438	0.623403070624	0.908844773696	1.33129394884	2.06635895997	3.99527291436	6.52810083104	
0.0986001097109	0.147819011576	0.28763485811	0.602715123788	0.919260271531	1.69601526893	2.11844967949	3.31422036818	5.7166460331	
0.0914426145505	0.176998480613	0.41366149437	0.693430639965	0.797609335876	1.32242206453	2.2983110232	2.79090737412	6.43122266519	
0.0818808981043	0.152687960404	0.391257151642	0.516028720639	0.812243508462	1.4370161935	2.11400419709	3.09818609719	5.52221190485	
0.111474165673	0.144697543745	0.435580301697	0.656372648026	0.925478084029	1.34732446068	2.28279511838	3.80634440715	5.96628985922	
0.108239484552	0.160489961367	0.370525545417	0.591910594194	0.905060632745	1.5465134353	2.18330419623	3.57064170228	4.63852368113	
0.09303416406	0.174234288387	0.458410870913	0.643441936643	0.915965281521	1.50259466409	1.80452235297	3.69787763616	5.89200826531	
0.0904624004887	0.126684346627	0.362139590533	0.547479929842	0.970427649616	1.22663665482	2.52902895149	2.87997142154	6.03334370903	
0.0947658426899	0.13900924038	0.449820590747	0.605398804177	0.989271871138	1.38991714076	2.2242112225	3.61509590612	6.07325068504	
0.106764104588	0.149182868289	0.409650002377	0.628020568285	0.865142454227	1.68108869286	2.38513617702	3.08581248243	5.3229307598	
0.101849528223	0.121434177085	0.381642847738	0.551696270888	0.833097968859	1.43742430976	2.15350539584	3.30357292922	6.04674581281	
0.0861146182172	0.135034552214	0.441730361645	0.575959919741	0.794836991209	1.42669519709	1.90323506021	2.93025176636	5.74495504416	
0.107222073682	0.170667364923	0.393744349453	0.615533261269	0.977466110228	1.35713621811	2.34595769699	3.23770074695	6.16097948647	
0.0990513806228	0.150442231089	0.279235627502	0.498986140407	0.877196994268	1.25923848917	2.45268992012	2.99348304729	5.83363220758	
0.102498401611	0.161642273607	0.384032104011	0.671883670749	1.08503421272	1.44113003812	2.10451239416	2.75562647967	5.63678658225	
0.112897728592	0.134774227747	0.357890910014	0.632835905639	0.896458787545	1.60966226948	2.17653320641	3.15130547134	4.78046971715	
0.106761933377	0.139483779779	0.356139397481	0.545693657676	0.965209583315	1.48138055002	2.12684408196	4.03903811682	5.7204911076	
0.0969744748781	0.149832608215	0.404018087255	0.684666953237	0.970107738193	1.29300047609	2.30038514769	3.31040832253	5.58730681471	
0.090320765957	0.118887966409	0.363720157199	0.607726969185	1.10867465465	1.5660733963	1.91019826179	3.10974337562	5.14969725639	
0.0975422087571	0.145086188	0.351081225754	0.529554129809	0.949025703664	1.62743149598	1.95428540813	3.47831870469	7.26635410418	
0.0978775897509	0.151034782924	0.339776935548	0.675893582791	0.856738735788	1.07011227507	2.16268614119	3.29288954867	5.68159392302	
0.103732118162	0.169460499493	0.329357704654	0.569501945684	0.792698425923	1.48810489186	2.25331087493	3.46595711753	6.69990939515	
0.105929683336	0.158667297353	0.393588824268	0.517640868881	0.877609144383	1.52552953343	2.193495834	3.19458056457	5.78866059449	
0.100048847448	0.155071749764	0.327297817125	0.620062725018	0.943234064507	1.33105400227	2.13390478356	2.66441651771	5.03775289802	
0.100903827562	0.165341146529	0.4096682672	0.574032380244	1.09278284481	1.74097259881	2.22786576254	3.71814216088	6.36626491222	
0.0971299186207	0.162558840326	0.395931287572	0.583638777757	1.01349772512	1.47697239023	2.34224463738	3.41743996935	6.60522054144	
0.0823618212502	0.155957156327	0.376222778877	0.63567268664	0.868823301251	1.50565884398	2.5918270908	3.8282498697	6.06491360804	
0.122552781379	0.175391467095	0.335436175757	0.617055915276	1.0476752827	1.45386710198	2.02557962005	2.86513034199	6.24311210024	
0.110029549857	0.155671177477	0.423001430801	0.517865896949	0.806880663405	1.42843193961	2.56290449076	2.92207433158	6.30954691211	
0.102856430796	0.146611429979	0.41792340676	0.586601344816	1.02274359918	1.45628628015	1.93948594128	3.30750457503	6.20622601086	
0.0955372250056	0.172805092548	0.442275370846	0.606377123609	0.719078189114	1.34941945664	2.46736131093	2.65301551914	5.8140553907	
0.0975489119976	0.157872969296	0.407129162584	0.663806253215	0.929714526132	1.62503633657	1.70607879352	3.18311538782	6.00390530189	
0.107414857762	0.147891370335	0.342157834457	0.63721999212	1.09426362081	1.49893219252	2.12118436146	2.95922057387	7.47093195253	
0.0992965297351	0.145839113708	0.336683703269	0.552027290617	0.893227397078	1.23604941774	2.00370436052	3.72283063286	5.8499395158	
0.105751816862	0.153785866589	0.370827773034	0.502860397391	0.955865889851	1.22998997512	2.02399890234	3.06187827754	5.98356265932	
0.107232511763	0.156478291833	0.402442756132	0.538865644097	0.82729034411	1.56949532735	2.23727342234	2.73722169451	5.40028793424	
0.122609068227	0.13286817776	0.352528529487	0.648403239769	0.867336600615	1.39873340134	2.67903201448	3.31434531823	5.74395237904	
0.104965462006	0.167915578652	0.398616244027	0.584667510305	1.0070274621	1.38790566838	2.35837394716	2.50875150555	5.15759440413	
0.104879114935	0.132095063801	0.371866974423	0.614602312568	0.836152479281	1.63650435635	2.53165156222	3.76064808541	6.55562276466	
0.110775783709	0.152193815221	0.337854994542	0.532904517011	0.769902082471	1.26106274321	2.32945084072	3.11996292889	6.97354303297	
0.097595248463	0.157960092746	0.379693530274	0.569478523319	0.902780600212	1.38457347554	2.02854656866	3.30170613929	4.85544297887	
0.0986836645473	0.155082732417	0.345545421078	0.630174435417	0.835128650102	1.56212029822	1.93344472133	3.20933187816	6.20999040149	
0.104510119877	0.146737087148	0.397406373044	0.547710995921	0.919324941506	1.41921309465	2.40330400734	2.9965024619	6.02276585129	
0.109966769426	0.156414622817	0.369864294275	0.611684960457	0.939940284439	1.53593545909	1.9636390094	3.08563281851	5.70688850097	
0.101975320259	0.134973365366	0.363120429868	0.652312569508	0.961741625825	1.66305373855	2.14474554772	2.92840923444	6.29449432445	
0.0890020411995	0.149314308628	0.342243410776	0.538963617297	0.93572565913	1.63462200007	2.0018314355	2.99054821141	6.14427954435	
0.121780672106	0.159717795007	0.382047045308	0.55764684206	0.866519195402	1.40491949981	2.13119159849	3.39500120878	7.09157743141	
0.107091388594	0.163184742577	0.308739309387	0.519292394037	0.768838713078	1.39975952413	2.49137067828	3.23897444923	5.28744813356	
0.0917724863621	0.14427294502	0.336231565355	0.556253789422	0.867827486721	1.35172967842	2.15165261256	3.30543675086	5.48908288661	
0.0962229413074	0.136065595764	0.42433970243	0.582042377312	0.832462405429	1.29841626556	2.26653272551	3.35464407048	5.25773909712	
0.0997811087587	0.139619613233	0.342820843268	0.500237504935	1.02039143079	1.41817982798	2.03304198796	3.33804654291	6.31037374945	
0.0911900130065	0.124671932384	0.396763792783	0.581720246074	0.829509279708	1.69761398832	2.08608281012	2.9410498639	6.28967987928	
0.112543450868	0.161884880212	0.385134002605	0.687008815993	1.00507970796	1.85206659205	2.14939793384	3.59473605525	5.90667884201	
0.102561207561	0.145219531707	0.353835028108	0.64117848602	0.894188285928	1.42375363925	2.21283186986	3.42536297972	6.10172609348	
0.0981836305415	0.133766978921	0.440701167944	0.606854456592	0.911766937688	1.42843087278	2.19707227673	2.59856711746	6.2044944082	
0.0999430377293	0.127089866969	0.412856787927	0.55164333936	0.855041093669	1.55756325525	2.23503878305	3.57398682904	6.94137205153	
0.103862013812	0.151797032299	0.372748690729	0.536910975903	0.706964420786	1.45477172292	2.34705410626	3.33588003728	5.42770321942	
0.0859822683595	0.181792439278	0.340411350764	0.635010798422	1.06077764438	1.44042389361	1.84720058625	3.13130742063	6.21524125737	
0.107273425859	0.134810293944	0.405904687763	0.519760945473	0.952981225886	1.38873098921	2.49374638571	3.33007382318	6.54684786615	
0.105281055314	0.13753987885	0.356129220019	0.689201282962	0.825383747646	1.3532932485	2.19984176736	3.22783038791	6.50013985698	
0.0820086286149	0.161979759372	0.410613589796	0.667504303006	1.00103363092	1.35016208301	1.80688727605	2.42690560293	5.98785542728	
0.0869561766097	0.127406611818	0.410737108562	0.668429248827	0.923166241843	1.46043168394	1.99414325128	3.59160704734	6.11790449356	
0.100379884775	0.150298687529	0.420425681458	0.583225209248	0.937637663695	1.42156907975	2.09936425126	3.06034824384	6.57967111922	
0.0897760459836	0.137040442912	0.348636951336	0.622205619637	0.808094852796	1.33827420409	1.94051732504	3.25719405869	6.35800447028	
0.092455641096	0.15844396265	0.275433157421	0.545779210344	1.0627980532	1.38199170873	2.24247720008	3.39392076664	5.6408080422	
0.0917735376651	0.167573572139	0.387174275475	0.641999406935	0.824370140247	1.4083449785	2.08347406506	3.0919680001	5.69111033575	
0.113236011704	0.13560554293	0.36294275648	0.553630635397	0.986533570023	1.46849734233	2.00585528672	3.72383930215	5.49788677507	
0.103870004178	0.166511256504	0.388193208948	0.65988280975	0.993658483445	1.40194708815	2.11130563564	3.44971248202	6.67992493977	
0.0983816698259	0.150144323423	0.393165747206	0.519389050938	1.01182520384	1.46171619176	1.9084919602	2.59385290931	6.83220905263	
0.105241431736	0.137772428226	0.336281363153	0.665305212534	0.920715976192	1.4438186467	2.49598154707	3.6284759745	5.56464023799	
0.103446452673	0.16336090007	0.436497113674	0.614788896928	0.800401371042	1.25181380694	2.52432694994	2.99241586335	6.72895374718	
0.100571060076	0.154203671422	0.44630429973	0.655801807277	0.94180694388	1.33170119655	2.06371392338	3.34694564259	6.84497717624	
0.104640185653	0.179329638966	0.3805543958	0.539259142181	0.880943063698	1.33641281782	2.21780076154	3.73051010842	5.69849471986	
0.102321190017	0.151300904525	0.422684684221	0.632858565264	0.896802306202	1.28600139086	1.68215567937	3.16929579212	6.1551791411	
0.112026013102	0.167081678968	0.445695754866	0.584424327603	0.865741071987	1.18893378994	1.87549175109	3.05604826963	6.06913568182	
0.081026333554	0.153847187719	0.380429089105	0.663623141387	0.807591862658	1.52831801125	1.94230940788	2.53833126747	6.43869650787	
0.105109742296	0.137723364333	0.346258056113	0.531938139554	0.793479206448	1.58110758257	2.30090335135	3.59871360056	6.14112814868	
0.0864602206187	0.159457450168	0.391364329864	0.572493158192	0.939710308796	1.32296211029	1.99186653199	2.78987838337	7.45273214394	
0.0929468503647	0.161001080787	0.280212770897	0.627834707778	0.83804468332	1.53317024284	2.1215245948	2.86792074082	5.18961465092	
0.100006156014	0.140060630311	0.336362203049	0.518176750835	0.936811664904	1.36434109159	1.89441550119	3.59392593254	5.41326380935	
0.113198913845	0.152905767529	0.387230535547	0.52905939781	0.916907933884	1.33779371543	2.26638292749	3.3183387442	5.65733502247	
0.0940227157799	0.147423411251	0.370589790728	0.610329998104	0.864873113306	1.26508517557	2.18593130402	3.324543773	6.39042373637	
0.102154157708	0.156109784621	0.357983370169	0.636265319882	0.905313956606	1.61342302623	1.93326909031	2.78221057291	6.408428787	
0.104994216408	0.140884586033	0.354719549091	0.680619898522	1.05914744746	1.47085217391	1.73000711787	2.6293649337	5.56952418676	
0.128484665188	0.167112856591	0.32272559122	0.697716834264	1.00311733214	1.33791892591	2.24738647517	3.29173518841	6.53998825583	
0.0854588020789	0.120342958658	0.412859416101	0.644826214825	1.04979370232	1.29116334948	2.26138410457	2.89901567156	7.37568294682	
0.104791185256	0.132060022086	0.370881771295	0.632336613416	0.966819531949	1.43908190155	2.22916499312	3.92883010849	6.23493142366	
0.103501241076	0.11486253455	0.387020087989	0.633085882084	0.838281727984	1.59906321104	2.00240534936	3.16707627056	6.04478035074	
0.100214657033	0.168691392971	0.393323592618	0.517994484848	0.862971349649	1.32745935452	2.02755461521	2.89200014392	6.50155561863	
