8	33
0	1	1	1	1	1	1	1	1	0	
0.15752991458	0.409341751813	0.590537628825	1.02140887018	1.59509607127	2.0164788383	3.49974361578	4.43784522272	
0.167878954492	0.327844954008	0.592463095401	0.867603056473	1.49663412697	2.53959398879	3.33772873317	4.63052093732	
0.13213562652	0.400628253566	0.640938811632	0.907646841444	1.29782082325	1.87979881355	3.06387767097	4.29518145702	
0.161884675156	0.468505991832	0.626186044517	0.827003958858	1.60457699147	2.14025066265	3.75067204577	4.50712148241	
0.152057421181	0.433556077804	0.599578131005	0.929876209168	1.36262044812	1.95657576353	2.9096650107	4.14425770553	
0.168187149816	0.385339807101	0.609858879025	1.08748355569	1.5914362789	1.86006209435	3.34221970281	4.42330592506	
0.148651693016	0.376810112831	0.558455429828	0.999351964964	1.17201469731	2.34502834843	3.4981798752	4.29894946696	
0.120903725739	0.386905553489	0.6235160209	0.842943522841	1.43997261219	2.40012139551	3.23374906475	5.20099950372	
0.141307932245	0.363584239171	0.601087577155	0.957054692866	1.40328412149	2.17577552654	3.31425226695	4.49925945486	
0.150226180662	0.378407827787	0.571354588289	1.16188545401	1.2608932156	2.60326456666	2.77029687186	4.56128474296	
0.148915637782	0.362229164315	0.597405297256	0.770911864924	1.41711375824	2.5026702494	3.49272949929	4.73275956121	
0.142156058612	0.331494755469	0.68247578322	0.927530524572	1.25394062562	2.27509124022	3.58898137278	4.1236307297	
0.142096605952	0.345472929366	0.578558665863	0.815247730047	1.48952959909	1.86714113591	3.9022333915	3.7414305311	
0.117601242569	0.339861379414	0.589427244523	0.792351118896	1.48342077658	1.9570131359	3.78741241889	4.05328189818	
0.15579599262	0.402612223428	0.563189403899	1.09972072772	1.57245554363	1.78142153239	2.95273924525	3.98134761246	
0.173392851502	0.311062431383	0.687045391536	1.09131579816	1.05687883587	2.39084018206	3.49005945773	3.91378602517	
0.160235109938	0.396059645448	0.590019007058	1.01822365687	1.44890191344	1.7715263575	3.18685241474	4.01366286785	
0.164559234256	0.343030552684	0.517033006205	1.09302136924	1.30055550094	2.17073297979	2.85004429121	5.05038562024	
0.174797040712	0.364753967743	0.531575887729	0.94054163188	1.21579828088	2.05884933354	3.264746157	3.64771375115	
0.15129518142	0.398627182637	0.651399971433	0.887744119931	1.38990304983	2.63510461319	3.48842223074	4.45799797829	
0.152648770457	0.305627329076	0.633753702113	0.925841158109	1.53769831447	2.3212404453	3.33338781463	4.24291353317	
0.142879301289	0.415410683818	0.576519674252	1.05688330494	1.82184253046	2.03798109803	3.11065352062	4.04665889701	
0.162629495389	0.424403823333	0.538710524103	1.02936515786	1.48716352977	2.43111824163	3.43719199099	5.04016604332	
0.126855643311	0.452907317504	0.619113642143	0.814404319309	1.52842172617	2.03285263367	3.56870928542	4.16682053356	
0.140350514821	0.365314855241	0.569716223063	0.795652403065	1.35860661358	2.23129668455	3.16449003112	4.84274882896	
0.152377711466	0.356244724555	0.595836798579	0.872827546337	1.29359786444	2.28283962475	3.31517841763	5.02832436767	
0.18522912588	0.387923794908	0.470277083031	1.06347386849	1.29445176256	2.50220005213	3.03759102476	5.23561655906	
0.163125447844	0.367885774248	0.611583014537	0.956232483985	1.57469715329	2.15493397223	3.00282848749	4.8122988341	
0.140528356518	0.397275479987	0.695361168318	0.84441116191	1.50848857333	2.02852447029	3.0619514748	4.61719930192	
0.160282325517	0.391772146403	0.509363667835	0.890553899495	1.36644215636	1.94115000085	3.37188394887	4.42350447109	
0.126377209102	0.344528347688	0.661283009605	0.946996522111	1.48147223124	2.19117880639	3.10730721851	4.13083507581	
0.164921793345	0.362657851088	0.682965593315	1.01928793134	1.47353807069	1.73530122077	2.77280564966	5.09801476502	
0.170175186649	0.416792809601	0.695325462623	0.945850868032	1.62238671599	2.53784774689	3.12932481458	4.2451558222	
