4	89
1	0	0	1	0	0	0	1	0	1	
0.110501852621	0.661680686352	2.64464366022	5.65410801147	
0.0841547955837	0.629694460236	2.57705632159	5.67584516295	
0.0774586479566	0.602802637936	2.90502160404	6.56845613522	
0.103088286934	0.51465168468	3.42506834406	6.45120054483	
0.125893460576	0.548515306975	3.3295300718	6.06416526243	
0.0904032501632	0.66413594966	3.61495723592	5.90241370709	
0.116386887995	0.625570958104	2.83433879154	6.13738251668	
0.111774123866	0.670792929255	3.02718241921	6.30711488881	
0.0868040593435	0.600617972492	3.55323492823	5.48377416254	
0.0928475386938	0.58672227295	3.35194283665	6.26237716129	
0.109526336492	0.536277161261	3.50479278312	6.80623610317	
0.102456486451	0.586036358454	3.06179388085	6.60437796799	
0.0853894671544	0.636909691191	3.63054298112	6.28588368683	
0.0965181073415	0.655561995352	3.40101610997	5.8504098283	
0.0889307454465	0.722419115512	2.92482925759	6.70590883343	
0.0987993952821	0.53903049193	3.1803895742	7.07938994191	
0.10068142309	0.602490027356	3.65683053914	5.11924768245	
0.105259098476	0.642179365749	3.24798687011	7.05531976994	
0.112026227433	0.68518207657	3.64614678398	5.29350397756	
0.105242017822	0.627655687537	3.48401458658	5.22526664258	
0.101488725288	0.605734792203	3.34116632106	6.19027442945	
0.0985889131451	0.569805203852	3.81666587532	6.05086645907	
0.121951861939	0.536409087034	3.18088522392	5.77624903328	
0.0963665228818	0.669389617169	3.68977415598	4.84027486017	
0.110085593483	0.725822476679	2.92691590403	5.3925950019	
0.100441130062	0.61310070398	3.34982087911	6.42249686496	
0.0899063062324	0.589462419775	3.51173635731	5.31770733921	
0.105360407709	0.587134208595	3.37194551442	6.72053612235	
0.0987489477326	0.58686894115	2.92929716774	6.35086813491	
0.0990070255309	0.580732410631	3.15036826623	4.79770758921	
0.105294765938	0.606050004948	3.74420832332	6.85653702752	
0.0991845712439	0.614920473108	2.72995391534	5.33712249879	
0.106462301368	0.602589038671	3.28008867973	6.7978453583	
0.101808961051	0.634985129233	3.48533609991	5.65565913607	
0.118318283377	0.678480837985	3.16551047757	7.00170962832	
0.0960932424192	0.649969465144	2.90212440839	6.69608159411	
0.0943189783212	0.541404634147	3.28745530922	5.72353200258	
0.102042928489	0.545325918697	2.90357925704	5.79714687048	
0.0835384813537	0.542995852325	3.44818661026	6.30241098073	
0.100352979985	0.584632077569	3.37495490966	5.75277160028	
0.0954025893216	0.619715159684	3.51951916087	5.02436262345	
0.107884959053	0.567928581239	3.47760021098	6.34627393252	
0.0916579549301	0.560297223242	2.83570340814	5.13131816477	
0.101335724477	0.708282278219	3.88393360488	5.91339500194	
0.0985585163274	0.582895560469	2.62435643902	5.73718995122	
0.0776423488856	0.668256732507	3.12436901054	5.89683526181	
0.0914131545393	0.534098467958	3.46114644188	5.54243681708	
0.10866933613	0.61665995704	3.08306792968	5.71378300941	
0.102938898474	0.656372439629	3.42356145692	5.09356817694	
0.110338365917	0.479520618739	2.6109862619	6.24519830486	
0.100116078163	0.592036982478	3.14801870972	5.85895507891	
0.092568886997	0.623130532486	3.67994278068	6.24698837049	
0.0948859207603	0.663770647204	3.13253505374	5.68745785186	
0.111422865979	0.527600445054	2.83990679653	6.79669046336	
0.0834946833891	0.567604503473	2.63956859471	5.83515840623	
0.0997365154219	0.500979090147	3.476113501	5.33929174944	
0.0987302248373	0.636772980079	3.3715429036	6.61319122437	
0.109278451913	0.648308828955	3.78920230418	5.99124390485	
0.110923967974	0.5861278859	2.74909319127	4.86982433742	
0.0941372362389	0.504620670999	3.58599359111	6.16474503622	
0.0952776082767	0.65284828982	3.14964859795	5.78066901755	
0.117973330171	0.620904644042	3.5572382957	5.59384826147	
0.0953652316104	0.5528403302	3.16144135765	6.87986214927	
0.0883583465032	0.713505013097	3.21026548576	6.555658117	
0.116955904915	0.61052433607	3.32661189709	5.48565162405	
0.10632014811	0.697673342077	3.19627737712	5.94582276189	
0.0847330885667	0.604255357034	3.01835175072	5.15437691514	
0.103392968009	0.683070914939	2.47309514094	6.33824566746	
0.107847741986	0.693117150371	3.30844395441	6.66673902291	
0.114237055678	0.553589717747	2.83335128422	5.64963900168	
0.0734569642353	0.668970296237	3.02465258849	5.43448513104	
0.101090685054	0.62926813508	2.90043053442	5.45327904138	
0.0775023475043	0.563559202957	3.12128904939	6.42464552455	
0.0808934400666	0.573840497437	3.14578754896	6.10054461372	
0.119950973725	0.641111676458	3.86256209126	7.18822881356	
0.106763725713	0.522888484196	3.03581299041	5.22350146464	
0.102018284722	0.583975339901	2.53028600385	6.2860641083	
0.109150629774	0.55023459962	3.22529147296	6.69349494588	
0.0998933874326	0.615814293981	3.46446743659	5.92480229929	
0.1003574733	0.725653424346	3.1893550711	6.06366092987	
0.088300096441	0.662545094385	3.3302589587	5.64805183882	
0.102152447959	0.588946655307	2.79948363368	5.68288216229	
0.0956883227486	0.501768264279	3.0512030914	6.26511778231	
0.0957352812476	0.640266703497	3.03393545201	5.84549428416	
0.10184076084	0.65508576406	3.32288865009	5.26781300654	
0.100548820575	0.556839917594	3.28224418974	6.32914946546	
0.105772681206	0.556396266642	3.35088971625	6.07242371286	
0.093476107126	0.60297580622	3.07888343991	6.89274707818	
0.100945462481	0.640618852758	3.75137753449	6.1736164225	
