6	58
0	0	1	1	1	0	1	0	1	1	
0.382595542057	0.632769022721	0.828977564151	2.01607684178	4.13059822078	5.06784124735	
0.359180194236	0.672187792175	0.88862656787	2.30160200357	4.12137976795	5.8797426395	
0.392753125711	0.528955983833	0.929594747749	2.05732579521	4.61380584457	6.40697862269	
0.360733563371	0.596129688887	0.697474429322	2.34855095829	5.36262554352	5.95288004825	
0.377669819817	0.49440776079	0.921192738364	1.99614050532	4.85277878458	6.51873068261	
0.385250624189	0.650827527357	0.887518619693	1.70701692492	4.36986321157	5.45459363173	
0.343171769446	0.705466502929	0.871203890357	1.92294982062	4.24398964046	5.83194633629	
0.382303857274	0.609304585026	0.871351482195	1.81788450348	4.75593628494	6.25792789633	
0.397588083213	0.643785124266	0.985112941464	2.09836171957	4.77410358308	4.7296668157	
0.390811690449	0.616653022823	0.753007104694	2.12604223783	4.41390758407	6.2835974288	
0.391979068305	0.522351514323	0.834441411521	1.99796514895	4.24241049226	6.2463455681	
0.380471528819	0.599650410276	1.0914534502	2.01577351152	4.25157410385	6.89332582386	
0.374102988832	0.602494203981	1.08164698423	2.26801751974	4.2260545151	5.64119005789	
0.381557155204	0.664733297805	0.97490594046	1.95836771315	4.4699119217	6.38154810434	
0.360388031685	0.640806731295	0.769266700147	2.01342231647	4.49458652642	5.73753085902	
0.337359700336	0.632102332835	0.858331082217	2.05016270464	4.0517512094	6.71688682267	
0.360724233822	0.511558476363	0.974367792605	2.54725041695	3.8020714132	6.00461803526	
0.38715413971	0.529361070715	0.91185497359	1.63234579079	5.0414275501	5.99918860663	
0.305479932443	0.629856941387	0.776662291201	2.74999406248	3.84815605372	6.46123718343	
0.39432765743	0.657492995597	0.798076041497	2.39788866636	3.90948833968	5.70643241603	
0.415690108226	0.546069923633	0.979613591122	2.51813444669	4.64051612559	6.63428356531	
0.343192503235	0.554774025208	0.986716059031	2.09623916574	4.7987472357	6.32983317917	
0.358653054171	0.56812551253	0.911733072133	1.56770013623	4.82085249285	6.47881757927	
0.387872415584	0.683840167805	1.11943899712	2.11871052654	4.61658547128	5.66948876288	
0.379309437119	0.608462463425	1.02446021472	2.44527987435	4.39741370502	7.14308747181	
0.393304850359	0.571107126806	0.865286282053	1.9347514086	5.12887073806	6.00188198925	
0.416484104732	0.59407084387	0.885448276171	2.50494683128	4.78761926746	6.08444589857	
0.363182106128	0.594958818275	0.995947371175	1.88238461845	4.33471180003	5.12998649226	
0.347706509544	0.656369352131	0.921893994716	2.19865008191	4.2565804019	5.11525323057	
0.395339307616	0.646009300274	1.03223995192	2.23646489044	3.99189617309	6.12625834015	
0.417502237808	0.611821251113	0.954045677784	2.07412733443	4.63660006114	7.16650949177	
0.36439655301	0.601370699285	1.0177691667	2.22620397012	4.3797325425	5.65461256793	
0.383641880388	0.484274316359	1.19624943448	2.02509570785	4.31303576631	6.04052234596	
0.430598813558	0.621147061518	0.950329269793	2.20380788494	4.78568056016	6.39405516362	
0.361655635494	0.499901034509	0.89589119126	1.80971665765	5.03595456516	5.62253654494	
0.373884375092	0.589403831735	0.970545071095	2.54155866774	3.80512592724	6.29342726973	
0.395061802864	0.557812704858	0.815142707293	2.33663773745	5.02213745604	5.7980977103	
0.451542110373	0.544179097827	1.07484150099	1.97340661605	4.16819734656	6.46007972975	
0.367564393856	0.557658228703	0.783871046886	2.47665399905	4.80759495692	6.71953363279	
0.386429564163	0.59923191654	0.869356264533	1.95428345568	3.88520955089	6.17857989931	
0.377294689469	0.627086016037	0.985886292211	2.37390810801	4.32293163161	4.86709434014	
0.363792646144	0.624735662028	0.941210800813	1.92385427351	4.08793599486	6.06514719494	
0.381381193955	0.602974244588	0.863182629992	2.50558100496	3.74725918544	5.42835170666	
0.372637171174	0.611063578438	0.9602583045	2.2090100728	3.73492878025	5.98530772141	
0.353842775585	0.602751382499	0.84575846266	2.71582442303	4.67703693501	5.12613846573	
0.419303573423	0.655091957494	0.773326626539	2.40463771608	3.92100072873	6.39734572169	
0.297500128353	0.575689403938	0.794140219273	2.1654341766	5.20095922089	6.68137659242	
0.456303432179	0.653670385606	0.943216756761	2.4433055142	3.97861045401	5.81790241091	
0.365730279536	0.601911842871	0.805000385727	1.85760283538	4.71768850598	6.47501554964	
0.37418635254	0.599604666951	0.894263532839	2.30004846827	4.45412269576	6.72648032797	
0.398678659169	0.547661082485	1.10986108769	2.10036643118	4.18172351016	6.26753010163	
0.350571482809	0.561956464848	0.966888487005	1.96789487824	4.44802296422	5.65084638425	
0.355958740377	0.536515563223	0.736125558503	2.04566874374	4.60960126268	5.95573428581	
0.386796364911	0.615178812033	0.831586676888	2.41033666026	4.76762709156	6.48814605976	
0.373030173613	0.594251387507	0.829664888481	2.01284072727	5.14738720328	5.41204537274	
0.382431855998	0.647953939663	0.935836630375	2.13400846447	4.32533281768	5.67639700549	
0.365267749723	0.635867070577	0.930869738532	2.0225156483	4.69483419543	5.69176543759	
0.430928155117	0.54109842249	0.909475212962	2.05843848416	3.94476458871	6.57073652815	
