7	89
1	1	1	0	1	1	1	0	0	1	
0.118522740301	0.179964253197	0.375789595971	0.872794194801	1.19114105546	2.50691615174	5.19296439594	
0.109258253184	0.12430127376	0.372208222487	0.968221696468	1.19724389598	2.45239096795	4.80709718717	
0.119271987624	0.139422788586	0.376514477361	0.932954237593	1.43204338638	2.47912364021	6.79712770182	
0.0913068683893	0.129050928344	0.372158833222	0.862580192028	1.22621445414	2.33888544562	6.46059574807	
0.0994941459457	0.143186659569	0.407068419856	0.867599068845	1.58526140015	2.38263470978	6.60347148583	
0.106022383944	0.119327969093	0.411820034652	0.93242613224	1.34626170325	2.00738506327	6.40834431038	
0.0859576915301	0.131189262111	0.412284094146	1.01589327777	1.45517995565	2.12701872816	6.88577088267	
0.10480301267	0.18438944288	0.40479468483	1.0704965109	1.28664726647	2.1922430212	5.38403085146	
0.11147413999	0.14821574592	0.318472798325	0.801998134166	1.10350717353	1.92995324857	5.02001093611	
0.094756658696	0.147508515949	0.315758775125	0.920324954501	1.65736769027	2.10376336162	5.72739208483	
0.0915815085432	0.168759330751	0.376227019454	1.01966455658	1.53305007701	2.4771320576	5.61425920349	
0.0975373508078	0.134949637575	0.411077276836	0.935377996442	1.38234360534	2.32926369847	5.96102689088	
0.104026104013	0.158035378506	0.427693723523	0.986111392854	1.39777947839	2.03183851245	5.29262446981	
0.0907900686576	0.180879878633	0.435816024449	0.965908317664	1.42948188665	2.75945282992	5.45353396326	
0.103540266865	0.154484751807	0.385389097244	0.867812806886	1.57173443658	2.08764828201	5.72303749032	
0.0932763202365	0.15344107247	0.413770100865	0.956713316006	1.32397359298	1.76085969572	6.04719303514	
0.106951602014	0.14812180244	0.376668135998	0.872260404237	1.33760930427	2.21321443253	6.91244933462	
0.111460404226	0.135368716171	0.410873671001	0.910143167463	1.32794145725	2.30951944616	6.02669616365	
0.0878976397184	0.137988504848	0.362185359734	0.86620919494	1.36371662634	1.96862358707	5.57514310611	
0.0779931119384	0.179129542015	0.368245359753	0.948598908099	1.56567838062	2.04827581794	6.7603205139	
0.110775493857	0.183784655216	0.380774311323	0.890800594867	1.36220925255	2.2096375971	4.85402055921	
0.0825842667209	0.146746503845	0.392209805658	0.791776362522	1.46698712178	2.20667871323	6.18980431855	
0.0905915552344	0.14145251449	0.373375377889	0.814591867389	1.37013207805	2.3244775961	5.45054499839	
0.0971272064324	0.145713380864	0.417556662176	0.878729059905	1.60764866705	2.48199884472	6.31880454497	
0.09223227722	0.167629650405	0.35264604912	0.912256921937	1.46708761209	2.13134869803	5.7475343334	
0.102287444789	0.151845831062	0.417373075624	0.890875794479	1.27169007935	2.16655072033	4.9838889495	
0.108813230277	0.1713074451	0.390375216239	0.773030213812	1.16775532775	2.17330465359	7.2810506712	
0.0955283564671	0.168176777753	0.374078530639	0.953574550814	1.56783250219	2.00595589937	5.79654138071	
0.0925736115227	0.153066894823	0.400328383189	1.02701088346	1.03318364026	1.96343033519	6.41169676058	
0.090160040209	0.156563536609	0.323191149078	0.898093792151	1.55228574725	2.12133358157	5.69636942502	
0.0882030267373	0.156651646991	0.387975755436	0.866653221332	1.62012173107	2.09243402442	6.04999145625	
0.0918465059447	0.154017683376	0.398774308222	0.783147585491	1.30243205466	2.08309514074	5.94600724648	
0.120264212757	0.16416491968	0.379300541847	0.972443449932	1.35227923167	2.20780073249	5.93355176997	
0.100290209115	0.146976214145	0.343858750473	0.951992653131	1.73802688056	2.45651705369	5.64588238387	
0.103367710038	0.131856727975	0.346052583987	0.863512120237	1.52873612643	2.15768305754	6.05098791405	
0.0988640319048	0.176713494398	0.386530444875	0.959677856206	1.44497084061	1.99894331063	5.99944562506	
0.0827543039853	0.138655566885	0.355050086751	0.868494484332	1.66230341107	2.15023434277	5.48094084862	
0.110669350432	0.156672394671	0.393907988545	1.05649196916	1.66186397171	2.24318396071	6.21904078056	
0.106401267915	0.158455958915	0.388360631699	0.849668691661	1.34466841945	2.41438277113	5.19707839828	
0.10651471769	0.155443025232	0.38817007339	0.904447033488	1.72422407047	2.07605301433	5.17758106852	
0.0979907035278	0.158100943535	0.374656654559	0.937899971198	1.3588506343	2.03412744465	5.88310253042	
0.104086838328	0.142490669625	0.381652667006	0.966890002622	1.40726974158	2.16810762502	6.5624525325	
0.0967234663518	0.132192781571	0.31914581449	0.808898641394	1.46132224531	2.09938292693	7.38650399697	
0.0900037538005	0.170284782115	0.373227920406	0.960488765202	1.17728222479	2.00790514455	5.66243523524	
0.125663993095	0.123668187895	0.373585594165	0.966547857852	1.00301304099	2.27318215922	7.28052118476	
0.104475520355	0.162209632699	0.41259123668	0.861356743685	1.21138283459	2.16155946011	6.9305340134	
0.117066944418	0.146008830668	0.381286670007	0.786431973821	1.1115097857	2.29947495108	6.05215413461	
0.11026954508	0.152101657491	0.342284443099	0.870136855538	1.31400578632	2.10186537463	5.17537402594	
0.112775641619	0.132664702253	0.349958485001	0.872121012449	1.51011914624	2.21509777431	5.77331576689	
0.105709240483	0.153795058407	0.377018193028	0.995278262696	1.51611241227	2.53990192931	7.2059699394	
0.113383833527	0.125993189245	0.404433553026	0.886071517545	1.34873466145	2.22259659617	5.53200558098	
0.104945727205	0.157346351248	0.401851224874	0.67722003697	1.14587151798	1.98146746123	6.19112237535	
0.120867863757	0.147632933382	0.407299571706	0.971909925298	1.47281610176	2.34390192742	5.91561328378	
0.108115915133	0.164246423936	0.327917993825	0.86392903934	1.39758266907	2.08388413597	6.20299567211	
0.0924474425502	0.141662650349	0.396796143214	0.946460305448	1.81418429381	2.50735720957	5.39092819609	
0.0822637738754	0.137917172895	0.372366418625	0.881549586791	1.36695919033	2.35281736717	5.6253848494	
0.0914542640042	0.175100796034	0.373858785696	1.05036856404	1.54126601548	2.0894812574	4.88304411274	
0.097027483161	0.128250817406	0.362554233779	0.926865513436	1.26726997387	2.50851426398	5.47445139741	
0.101417027221	0.145695277605	0.35533341757	0.826644807348	1.53201737894	2.25265699017	5.8601816744	
0.0993132760851	0.139053450307	0.376501184715	1.05324701748	1.34379199008	2.05751411983	5.36276523808	
0.109719568111	0.153322042763	0.326905154896	1.01481048217	1.35133333461	1.91432289558	6.78802248456	
0.0877375746366	0.148599923885	0.410486974493	0.951464394244	1.3752846128	2.1814423436	7.33825007727	
0.114879993693	0.175443264576	0.381057591957	0.85982592751	1.32976377904	2.15595835377	5.55552752472	
0.100011536915	0.170414441743	0.330848615968	0.884682823751	1.42670321843	2.01127841246	6.40891973724	
0.0858729240593	0.152895003394	0.394123387569	1.05277622916	1.29618652467	2.36075490991	4.79851223331	
0.102742317993	0.129193785933	0.378609726497	1.01982195998	1.49190009416	2.31532884659	5.68105547781	
0.0963037492762	0.152532608481	0.377694258619	0.950361781222	1.51751142284	2.05093593521	6.5305308816	
0.0830654482227	0.168677773793	0.390908038231	0.999790806401	1.13045396276	2.08516433373	5.37730790072	
0.0939411034653	0.128942081608	0.348781905184	0.962277135172	1.46377465045	2.25847427248	5.95342068348	
0.11035734554	0.186303609909	0.394815564855	1.03489353112	1.35394398082	1.88259933108	5.96457575581	
0.116598574678	0.138312254564	0.429960650218	1.04579289289	1.62381237903	2.10012906467	3.63689658275	
0.079370374059	0.142323936522	0.357959924319	0.920725915892	1.42811196128	2.24811471023	5.95779338048	
0.106897558071	0.147102844057	0.433566236422	0.852883123123	1.77193913808	2.21526995735	6.63817022102	
0.0944765022638	0.16328582941	0.393962418371	1.02292583813	1.61817985031	2.35151909974	5.77637431792	
0.0942479143661	0.141532012476	0.360222989587	0.931005941726	1.56840491364	2.35086955681	6.11989367352	
0.0925683901421	0.159077591186	0.448794503071	1.03162946915	1.44045314968	2.14522623115	5.73769858075	
0.104182159938	0.129598167812	0.309502263415	0.881001616123	1.14509994186	1.71447440749	6.51570512083	
0.10533582998	0.158770464214	0.31792203228	0.994861257851	1.44275682848	2.38595859349	5.470720252	
0.118119259435	0.1388084654	0.410173997275	0.95317621734	1.42213234623	1.87756621421	4.54615837804	
0.095450861577	0.178158380214	0.420493662772	0.838729245028	1.32723607211	2.20572326196	5.80006821429	
0.0977118605885	0.189450146637	0.452031678943	0.847195157578	1.57480900802	2.0923893017	5.96435366167	
0.105624448977	0.151200254487	0.435061663575	0.862311462285	1.61505894302	2.41342500357	6.55458178777	
0.0942588320684	0.136957472183	0.410363374601	0.783762211394	1.38536335059	2.27462172653	6.14180647628	
0.0921626328025	0.141137478432	0.373905603745	0.814893419088	1.28552609302	2.24098471859	7.23702843054	
0.0987458507135	0.139883973399	0.39774606961	0.818601031387	1.38258720258	2.100984348	6.18792590143	
0.114287366385	0.157259988044	0.357297168055	1.10325843575	1.57568244113	2.30370276294	6.08263724466	
0.124453828976	0.119337305069	0.368700842948	0.905938880536	1.57450421381	2.05069286441	5.33116470063	
0.103537156058	0.158340074458	0.360373342962	0.907726382787	1.28703973352	2.335451392	5.70038392202	
0.0896022688915	0.153674800997	0.377985275832	0.860031404592	1.28819297128	2.40825190951	6.54842811997	
