4	55
0	1	0	0	0	1	0	1	1	0	
0.140797693856	1.38383706224	2.9778841037	3.94161245807	
0.145615762378	1.48909342637	3.2435458003	4.31793037458	
0.16795577626	1.37979030182	3.61907464129	5.21908548357	
0.177589015176	1.29276770647	2.36735096776	4.12032977442	
0.116984152139	1.26988034909	2.86013566147	4.44381303796	
0.137507945116	1.42111562757	2.95954904034	4.65921447784	
0.145796430708	1.45482612573	2.90494452585	3.99830129914	
0.154582658872	1.18495977751	3.16931419235	5.38794385902	
0.134426937108	1.38759397903	3.51703617461	4.53426615801	
0.141387526031	1.55235001558	3.46877067501	4.48198825997	
0.170004886654	1.59526164611	3.35460612806	4.8331067427	
0.146859230323	1.49574574031	3.55397870523	5.1520288463	
0.142654266068	1.43453636343	3.44089616955	4.28350974337	
0.147919659891	1.20805286146	3.53255548087	4.6051330132	
0.149913946276	1.47483955116	3.21429805389	4.46375653677	
0.177008162116	1.60212497553	3.12601524018	4.80405446768	
0.157053910758	1.40726812625	3.62692817216	5.16366560871	
0.154182862278	1.43417986187	3.49661443806	4.62527278025	
0.125856593764	1.40879449895	3.3234021247	3.96008437431	
0.165373576557	1.40254636523	3.64184294644	4.41618671759	
0.129986058801	1.39208853676	2.76876971454	5.02887319256	
0.1388808002	1.34443255466	4.09877152898	4.36124381159	
0.144572164709	1.44904341731	3.44382134386	3.63913783255	
0.148804502694	1.49364071268	3.31444270989	4.60461636144	
0.156505206675	1.342226861	3.08240010707	4.68383215694	
0.163298961057	1.5278252441	3.16474381362	4.42963691167	
0.166177748933	1.49423966119	3.26217269469	4.4278291882	
0.164565465045	1.39502688009	3.01703653561	4.2468919932	
0.129609779877	1.2589413927	3.15060938276	3.96319722735	
0.13606808357	1.38177114905	3.32448533841	5.17324652804	
0.178528415892	1.46028976189	2.87524044161	3.84522183381	
0.166241466699	1.37395105276	3.5440688305	4.31291153902	
0.146267943728	1.50609843301	2.68843301661	5.07773949968	
0.14854658649	1.20902362707	2.9365355272	3.1352196215	
0.165069253608	1.39211301646	3.39227390555	4.20774782559	
0.154986216397	1.43201760853	2.87832807098	5.31510104659	
0.139770885442	1.12171684987	3.90459403019	3.71330479549	
0.137267368605	1.31281110832	3.06347204371	4.45040101013	
0.162953863766	1.33764859971	3.29474662207	4.60592517887	
0.165137160794	1.65045488115	3.31094640918	4.54399119628	
0.160295779164	1.41914683646	3.52638274371	4.96468099157	
0.146490736677	1.40961088857	2.44079867568	5.20809539532	
0.169303017202	1.4704717019	2.77891037163	3.99708723948	
0.152949355732	1.54186710965	2.83026132024	4.16819229846	
0.1761317833	1.52136017788	3.49793116121	4.39265243235	
0.140801584997	1.64667801233	3.18381264407	4.16721911079	
0.157548435205	1.42076413064	3.52808417004	4.29076024569	
0.145823151527	1.46180694973	2.56236756465	4.19153619031	
0.15665181554	1.27364847122	2.83665342075	4.32686999211	
0.149907658359	1.3134294939	2.92246287577	4.80884060047	
0.16680622543	1.31506967542	4.01280216808	5.00125014521	
0.1400089316	1.39312673223	2.83357840735	3.68485589488	
0.147794107334	1.56532984002	3.0435157693	5.08735157589	
0.158942016611	1.39129845526	3.18738356895	3.91540510729	
0.158397064829	1.46069041512	3.50667677898	4.11485641699	
