6	77
0	1	0	1	0	1	1	1	1	0	
0.160872893974	0.642445499251	1.28167858806	2.34987933622	3.06885677426	4.67025251888	
0.158597988883	0.543506442556	1.28751563913	2.11022518318	3.20215407808	5.0065794102	
0.181012148441	0.559734037796	1.67372320383	1.8564780217	3.84142776829	5.2003928028	
0.134592294672	0.584260366109	1.39020182267	1.86457602006	3.03079468182	4.51939252809	
0.15209298338	0.664423803321	1.57673716518	2.37193916833	3.0243732027	5.20496512766	
0.156188019334	0.554494206986	1.30830264144	1.87937838529	3.5001229951	4.18726154712	
0.150554437884	0.638684081418	1.08061601934	2.61849417338	3.46826381496	4.43763705898	
0.167057914551	0.618747618227	1.20714749198	2.19802333018	3.0339286614	4.85401398292	
0.130593853623	0.506240683488	1.58517206891	1.93455124279	3.12418954284	4.34712977373	
0.145235832198	0.652128434966	1.43890169996	2.02512031564	3.00638548015	4.57865994502	
0.143329333371	0.472873561607	1.29202139784	2.29579031193	3.4396841326	2.95926744879	
0.145084322078	0.633823623588	1.41422620053	2.32094204532	3.30159824535	4.67634801229	
0.177995821962	0.503939893606	1.54318005353	2.33702580383	3.3447944565	3.90155074367	
0.178706224482	0.638545672516	1.4724204791	2.02161170952	2.91833346172	4.22633843584	
0.164385222131	0.528670221373	1.28828098169	1.92327077674	3.85768792866	5.04580082693	
0.145133229188	0.615934980398	1.06829409743	2.1408003321	2.95330259578	3.9714204816	
0.156328957884	0.590909515039	1.50219294398	2.28053610917	3.66865340297	5.03447756866	
0.129305425029	0.653232902623	1.56093400189	2.48047505019	2.36269632182	4.08218077965	
0.153731988363	0.634907207912	1.64525951059	2.2245776254	3.56295744292	4.31817118678	
0.14506266297	0.6696595207	1.42492625137	2.06754523324	3.90162693937	4.75526573251	
0.146505215365	0.556598118175	1.40059674528	2.11172094698	3.43400766943	5.53362674046	
0.171505148337	0.640464451981	1.49638357747	1.9779036685	3.45461787929	4.55627483963	
0.146111098348	0.57485102387	1.44551070221	1.95342442285	3.54673037451	5.11355012876	
0.152848047633	0.615300865473	1.26855607421	2.07465942569	3.39181471628	4.83985408368	
0.15949862591	0.649493945103	1.32538452299	2.03963079611	2.65706778852	4.13993008288	
0.18801586306	0.602724198499	1.5083905896	2.05316728659	3.41466457388	4.4317463304	
0.159847561314	0.636747065298	1.24289363745	1.8130229498	3.21190019989	4.5075458909	
0.15596193563	0.618184317644	1.67178865974	2.0828120053	2.72687014461	4.09004744544	
0.163344571111	0.547738784646	1.62560317055	2.44118251381	3.4000737891	4.36985957077	
0.140796174166	0.669294934302	1.47665814563	1.94889349161	3.27002793295	3.99254133437	
0.175389318294	0.572548763208	1.48913886053	2.08092374519	3.40440894098	5.1190163863	
0.168243450408	0.617658492639	1.63396182899	2.21262679065	3.44480151971	4.36440029402	
0.139898343592	0.59091451328	1.28135934486	1.99540387817	2.9545541134	4.37232829615	
0.13981125805	0.531759509719	1.45657064853	2.37730456245	2.78803896299	5.2072119298	
0.154002214114	0.596878481957	1.39338510809	2.47468044879	3.34183052715	3.67861632662	
0.153291459114	0.489119192264	1.53972079287	2.49490532737	3.64427581042	3.76142046135	
0.147375956449	0.694372872958	1.4574026954	2.28463066844	3.41002062401	4.16652864084	
0.116306581077	0.591391818661	1.18301610375	1.74732369317	3.47647961998	4.78309593833	
0.15150126153	0.588399081079	1.40033662699	1.98598922873	3.38438501432	4.80771830122	
0.161797074939	0.564040135585	1.29720218978	2.40738610637	3.73979580811	4.02452923684	
0.196411128031	0.553142101965	1.63590901646	1.95393807282	3.00019268812	4.53717169928	
0.155943267945	0.629654861747	1.47898383809	2.23633088457	3.07226354107	4.16102832319	
0.167980280807	0.575182240555	1.5540926656	2.17955757815	3.19550998987	4.56446304507	
0.155188650639	0.537368439137	1.36633512913	2.49676532301	3.37784709252	4.69214077457	
0.132904827186	0.592469261485	1.25865591403	2.33955524222	3.09445883146	4.47651425787	
0.134466030755	0.534491404943	1.61882326091	1.95458725523	2.89695803613	4.75161709695	
0.117060228819	0.69758283081	1.32720694305	2.09319578556	2.82570562675	4.7786597484	
0.118982154247	0.57094190391	1.50244296709	1.96320682162	3.03873724862	4.29144853743	
0.147234192877	0.625824035198	1.72069395741	2.18908132471	3.71473002889	4.27232251226	
0.138251147226	0.484641646555	1.17673694864	2.01065722951	3.39236293031	4.53529065145	
0.165862956218	0.593401236613	1.62619120755	2.21624022334	3.40379323375	5.04144772706	
0.150527704984	0.597654122554	1.67736112505	2.13116227706	3.40663028071	4.64205029283	
0.171926842094	0.714738885258	1.42239647379	2.0348431555	3.19685745151	4.64033188345	
0.159799568599	0.600415358699	1.52726316307	2.28928717798	3.54004754434	4.84571093209	
0.149984924631	0.627858675127	1.47118497744	2.37025138084	2.83743566548	4.00557952676	
0.138378834899	0.623503188839	1.22184735422	2.03316212125	3.50233701723	4.65333743305	
0.13207057269	0.693384770256	1.45954241781	1.91141198601	3.10035489513	4.80492606124	
0.173977306063	0.622828008271	1.29423544907	2.56649410984	3.29799681695	4.7762609165	
0.144648648519	0.500073464833	1.42855624163	2.28791485113	3.87313142385	4.24134078181	
0.14829058104	0.561685555881	1.402057662	2.12892617126	3.31154888861	4.67972329536	
0.161946852993	0.732893591561	1.27097568408	1.96909763903	3.36185318815	4.33685999721	
0.144176259337	0.624574045197	1.33972892676	2.00675222822	3.18511914006	4.48937457117	
0.149472466916	0.48580789168	1.22765423883	1.92792457251	3.02536309499	4.42066510629	
0.15394188019	0.658504616789	1.44911212088	2.41880464047	3.25114097138	4.73798041995	
0.164722276442	0.673353527739	1.59312784185	2.2171877645	3.7459808676	4.00819370208	
0.157764592865	0.607248631477	1.13876464957	2.41943179214	3.63820538084	5.00808768189	
0.138502102745	0.61510829289	1.43017636265	1.64722221747	3.59802661398	4.95948458276	
0.164367171237	0.490191144708	1.62719898752	1.84927998119	3.22099503538	4.21931108455	
0.148234178703	0.602087803147	1.55935713015	2.09910112025	3.29097791783	4.20397806313	
0.141764488879	0.544089482126	1.54377903942	2.16509094366	3.22651196326	4.15790080313	
0.144711060283	0.686726523568	1.52441351866	2.05797345724	3.61724529619	4.42809959656	
0.132616697091	0.671428935872	1.51231021929	2.00417889543	3.42315718262	4.94992710409	
0.167514249163	0.587642357669	1.25870760973	2.28853258455	3.74352891526	4.14413012818	
0.181481904661	0.629903886197	1.20643463298	2.18807374913	3.97797347178	4.82584399205	
0.159183825659	0.566682737439	1.38862051063	2.16954660886	3.25332669444	4.21447540625	
0.136537602099	0.613377772497	1.38108563423	2.08087366528	3.45079915997	4.76359170957	
0.12746707168	0.605124165535	1.39178739874	2.12544234495	3.01725030798	4.98805469914	
