8	54
1	1	1	1	1	1	1	0	0	1	
0.0998781571816	0.130705729139	0.404958339185	0.649607113154	0.992330068871	1.04991339455	1.7386072207	5.27370543078	
0.125710625736	0.136309340407	0.377382648682	0.63050267597	0.839958538254	1.46439438437	2.03520122618	6.12553011584	
0.084559977188	0.149473631008	0.40157825722	0.554297128545	0.956525158085	1.59278758918	2.40898233655	5.73089484421	
0.0933092214705	0.153272803792	0.377018010147	0.492602817691	0.927077311628	1.44078754232	1.985156503	6.44791344321	
0.116578952105	0.164727036596	0.321683050924	0.529136016937	0.972455298007	1.56667600148	2.28048808574	6.90429833333	
0.093545027732	0.136489609918	0.341806194085	0.526930975529	0.841698606525	1.38841964582	2.00580847444	6.45990638436	
0.082003483553	0.157062294662	0.377952890409	0.601382716171	0.813626001321	1.58768443368	2.23372117775	5.93292254696	
0.102404275381	0.148663680551	0.456338333011	0.491047485821	1.05336717496	1.54613885551	2.54817347271	6.19560818923	
0.0943048604263	0.149828029904	0.401650813936	0.589575574175	0.989896136094	1.54516149658	2.35459005097	6.76239819563	
0.0943579854103	0.142210600991	0.389475458707	0.560705729208	0.948350834096	1.35896496655	1.8501372909	6.88632272347	
0.101332807582	0.164175143125	0.299079107549	0.644047348535	0.88534330771	1.61992393784	1.94173108773	5.87802872604	
0.102180713607	0.137683870703	0.294166764754	0.607110666868	0.895643219835	1.64269085082	2.26128825883	5.90256473879	
0.116293235187	0.126760295887	0.361603069737	0.55992191524	0.886535330923	1.44358694576	2.11623009627	6.4402127383	
0.0920561111543	0.166627421403	0.355110497333	0.538646669988	1.0509727204	1.351376572	1.61292740479	6.52152846807	
0.105216737548	0.152785325228	0.429650086207	0.667444509822	1.03400902939	1.4690514518	2.08176533485	6.02049432791	
0.102624234598	0.136881397592	0.384041482086	0.710516991694	0.773123466834	1.24940958091	2.23527090585	6.99441300062	
0.102586999564	0.152828806117	0.341652453841	0.693730889391	1.02752135829	1.36385252625	2.11499702117	6.70983352078	
0.0863125417924	0.159125937689	0.379168731849	0.618696624314	0.869057238051	1.31692852773	2.02533995962	5.92129712249	
0.112092268836	0.154372624176	0.404979500538	0.564211454066	1.04478261716	1.54706155605	2.48915960352	6.21573322976	
0.0856521308914	0.181819916173	0.432192007195	0.504338485409	0.89571495942	1.40729656072	1.91957814644	6.37033234043	
0.0990360228476	0.159795223573	0.364660914971	0.655799965333	0.929953352876	1.46382212964	2.2856282328	5.3827979206	
0.104144198716	0.154963150151	0.394316397025	0.560303095337	1.14513390141	1.40383926928	2.28687375945	5.87795389023	
0.104602849969	0.172166749942	0.402851656612	0.708939208717	0.920099895732	1.34046392335	2.11223011617	6.36757903108	
0.0992070037571	0.168187101226	0.386849387411	0.645212904624	1.03036315103	1.33284845653	1.99512382245	5.79108177427	
0.0900703285831	0.13987919934	0.375632268322	0.597791037318	0.882246408651	1.49402858253	1.79972793257	6.19143009303	
0.0998394947086	0.136195764761	0.361199934277	0.560387517992	0.834083583344	1.66724020024	1.99331446787	5.52101008806	
0.098858946803	0.148865351212	0.340240209293	0.548918494946	0.882527754486	1.47880515662	2.14009716327	5.77167069408	
0.0929478015063	0.162396647233	0.35926518992	0.574714499336	1.00558173456	1.30685973078	2.56983318375	5.3270011082	
0.100254165106	0.145139308755	0.363574839087	0.492290767828	0.96105137722	1.58286131533	2.5410211083	6.15235566915	
0.113054509865	0.187539042362	0.352706635383	0.576785155444	1.02410353822	1.68541497164	1.73336658803	5.79512479905	
0.111511009046	0.176491053205	0.352977878487	0.610660805483	0.759457046974	1.41851841469	2.06089797512	4.76881589038	
0.102702035528	0.156172573156	0.431568557659	0.523129763138	0.853628536398	1.4555566872	1.88562586053	6.98754393697	
0.109194351201	0.155069156182	0.375111663747	0.700336803163	0.883322203737	1.51111876495	2.30438619284	6.4761007855	
0.118439403614	0.154664134017	0.274224742754	0.656436231224	0.838130558835	1.48841756674	2.01235531667	6.30458633605	
0.111195567987	0.155172106433	0.351732714756	0.489181746025	1.00643497551	1.24498137887	2.40967190813	6.07876558195	
0.100704390426	0.129450745556	0.360132298548	0.534471114477	0.9945760437	1.04770996943	2.38252851236	5.44753638189	
0.110806240927	0.153348877503	0.391945625412	0.688820150415	0.979170207759	1.27821201081	1.92840789356	6.01476357529	
0.0895760929993	0.143384996424	0.399824220129	0.61012650161	0.931038991908	1.46258185511	2.08952327524	5.53176869731	
0.094979070869	0.139389703782	0.436902709834	0.659355440823	0.967972592928	1.36305189166	2.15866364334	5.33778173287	
0.092349905726	0.163865074142	0.406878305398	0.587596890969	0.921917984329	1.31705589005	2.44790596078	6.52483100434	
0.100959449849	0.147222358527	0.418530095476	0.561641291739	0.99971135968	1.13370269326	2.49197721313	4.95810653731	
0.0949546477519	0.136659646742	0.421971470946	0.599733232688	0.925846160374	1.40326857677	2.09942839545	5.54517907148	
0.114934100328	0.163634195922	0.359427952002	0.611636530169	0.957329074346	1.47299921021	1.67992413089	5.80262426954	
0.0920550199721	0.143892759257	0.315865727205	0.533696789262	0.786346791117	1.4038155712	2.07342826205	5.10865974128	
0.106536660865	0.126296220954	0.373840415009	0.590606936502	0.809584841384	1.49540414126	2.01946211814	6.28808186406	
0.0985545426418	0.139888281311	0.38318221012	0.597142685152	0.904712385301	1.40333223767	2.26525578769	6.27017554299	
0.0842626728031	0.150834997572	0.375001992848	0.631097060343	1.04127084075	1.34778682953	2.31865994081	4.96058131939	
0.112022671292	0.166211340583	0.373080983917	0.577695504544	0.956347504172	1.32379776425	2.30368671974	5.31498177804	
0.109810583076	0.140861577136	0.382672081317	0.550973949921	0.941659006891	1.49511391892	2.08796700075	5.71247355916	
0.0985992960023	0.165536848226	0.429451288618	0.628528287767	0.918905336921	1.56951884591	2.23426256563	5.54122564912	
0.0914118626375	0.116547681799	0.454364725515	0.56430288192	1.02153788434	1.67307103319	2.17904898885	6.38059629483	
0.0956068083892	0.116222982733	0.402314201516	0.560081944624	0.998194272039	1.38366702477	2.1703035862	4.61724951278	
0.0911554612254	0.173021702567	0.331743080056	0.625711975059	0.835305106832	1.14844938742	2.47772524762	5.83087843928	
0.098435055592	0.159583434403	0.333937360698	0.574128234382	0.950914878763	1.25293480683	1.98272686288	6.5992236692	
