5	58
1	0	0	1	0	0	0	1	1	1	
0.0928678193638	0.636309993935	3.70503393963	3.98583921504	6.19595447433	
0.0954683122818	0.576406693828	2.9831447868	4.69180736965	5.85746938642	
0.0907455508217	0.685196843186	3.26672076356	3.79476093322	5.58895609149	
0.0851971423572	0.562421663371	3.36441499479	4.77864155169	6.50707861892	
0.0937626446031	0.578633490252	3.39292151671	4.88823737005	5.91587862446	
0.106420823435	0.566388126488	2.55153861311	4.90777588346	6.3380802636	
0.0990265924104	0.610494004895	3.62586581035	4.49620148918	4.26436051146	
0.0796965208486	0.680324154087	3.44282189868	5.01117095963	6.89184950846	
0.114284511823	0.515442756106	3.18442303405	4.10170690921	6.09798683759	
0.0864522994423	0.602577654297	2.69018621476	4.34379462147	6.87504782038	
0.0931783418859	0.55844166133	3.29091315937	4.58192778133	6.18830975516	
0.0920495382808	0.56391718544	3.27220516475	4.94259788212	5.56181649306	
0.0980289838281	0.483877187533	3.10821241208	4.59070830934	6.52224438539	
0.0921381437911	0.610301648938	3.33827898887	3.69358544518	5.2457658123	
0.105024301737	0.603630855362	3.28086228303	4.08169439125	5.13117522075	
0.104787675499	0.61003543512	2.6193169479	4.4555234186	7.06859448758	
0.105997435942	0.546275980359	3.30422303668	4.40739550337	6.98781583865	
0.0887447380834	0.677970966511	2.8620636908	4.65022976469	6.38706533323	
0.111538462293	0.646100536899	2.75460631644	4.50051991614	6.30672783238	
0.110863201889	0.532167654661	2.94478895215	3.84141202707	5.99978678113	
0.10270484328	0.621271757303	3.16359398749	4.44910518312	5.93681848876	
0.0976740258959	0.489890269938	2.93910815242	4.74195102658	5.73327706489	
0.0949916587099	0.675978072568	3.59948053522	4.1713118619	6.89466985431	
0.0980437357379	0.647995640334	3.2387650063	4.21208363111	6.48111723754	
0.0909784584974	0.59056459048	3.24907258018	4.32656384112	5.18417711826	
0.105066200609	0.655239564897	3.30336534361	4.15767723334	7.30058449776	
0.0976891497151	0.585108276298	2.29930589278	3.94155694803	6.69631126176	
0.132929096762	0.677149880337	2.91135221167	4.71424071842	5.76667215067	
0.0964168376381	0.521888397535	3.4188327153	3.92914788165	4.61955838693	
0.0959064932005	0.446443662035	2.9873897833	4.76982988285	6.67906453344	
0.106376120849	0.586154289936	3.07316204653	4.08304794181	6.89183881182	
0.0874126744278	0.607454473737	3.44289232587	3.60659265689	4.55078946613	
0.105912687883	0.512694004717	3.3506030718	4.10597545305	6.16056691809	
0.104031808548	0.660298143455	3.39399107104	4.60103230586	7.04370345763	
0.0902288921952	0.603142349194	3.54589143231	3.30308902782	6.91495309129	
0.0983379753605	0.625738766763	3.08971421333	4.69809758911	6.15924865205	
0.0887577258523	0.573610302907	3.41342757444	5.16180067628	5.77441773286	
0.0870886903641	0.621190629845	3.15218861208	4.86114459774	5.55253715495	
0.0863916335445	0.694160434232	3.09615209727	4.09244806868	5.58962894201	
0.114103355503	0.737596337476	2.99335610518	4.41235164621	6.19308884225	
0.0813687549236	0.569351679473	3.86427247314	4.35361475846	6.75826296116	
0.0993224387377	0.47232716451	3.57241686087	4.343271197	6.85906343342	
0.102021127788	0.600381270448	3.40309065913	4.67096086525	4.95948605633	
0.110608615571	0.598021633212	3.25881789277	4.68816977855	6.54246920167	
0.110550952507	0.639950888263	2.68253821084	4.46806871987	5.43838605921	
0.101792329664	0.588078500425	3.91170113507	3.88654875119	6.00606842909	
0.101131390538	0.572014598393	3.24251520551	5.46370514851	6.21748542052	
0.11511720684	0.571802323583	3.50100154083	4.13514059091	5.47678452943	
0.0821851651518	0.536039266044	3.26819199201	5.19571435225	5.93013256198	
0.102321609102	0.668739804182	3.14481850487	4.0607475623	5.48272170946	
0.111212715902	0.608671871758	3.2969992202	4.09889113581	6.80598685052	
0.118473298798	0.61039237325	3.54840522932	4.20981004328	6.76464499036	
0.105755750768	0.52617799968	3.39693116045	4.70117286693	6.10899192009	
0.105084989275	0.597191020264	3.19041102581	4.61238322841	5.79016995956	
0.0935218056587	0.666622869611	3.06362867145	4.42762776003	5.71216675529	
0.0912964201739	0.692508187618	2.7816764262	4.67877452896	5.92152299951	
0.104787164916	0.589774756113	3.41005222083	4.62738108513	6.35317614938	
0.117436096262	0.487988125407	3.27641022795	4.05280666215	5.56523528784	
