10	49
1	1	1	1	1	1	1	1	1	1	
0.0980388130864	0.151041499815	0.296342978798	0.669133902709	0.98512073547	1.10385541628	2.07230090005	3.55355930909	3.81384761169	5.3589131155	
0.114156691988	0.138118301134	0.375810077004	0.727977245977	1.09403763886	1.35532814608	1.94457259135	3.79858006152	4.14709296218	6.96657476739	
0.104650642592	0.167228569283	0.510483281398	0.633933303271	1.18184607826	1.67174621321	2.34193445066	3.13571524712	3.97084146906	6.80286395455	
0.0790384507191	0.153007888333	0.369887484552	0.690688222249	0.932485547171	1.41448148558	2.41379562418	3.33747870679	5.1855113255	5.38573774473	
0.109002360247	0.145635747605	0.397521130593	0.54375599008	0.840114235619	1.46808521474	2.11718971013	3.66292605405	4.45019093644	5.31976820138	
0.118790000916	0.15890226688	0.398450916251	0.567500126967	1.07358898796	1.35931139621	1.58211746096	3.43494539959	4.48779375996	7.11611719275	
0.119322090348	0.145062256726	0.428208473493	0.560797243583	0.982608713597	1.61310773004	1.96788451654	3.40507926373	5.09338837061	6.60741821234	
0.0990635923267	0.152127750815	0.414706302165	0.606552001474	0.894284354352	1.53244788569	2.09761947607	3.28121718127	4.55386903096	6.32005632913	
0.0924614770682	0.172827020228	0.357082259321	0.507323329459	0.876985918484	1.41704028314	1.99518863882	3.21739774117	5.04713807133	5.25490225862	
0.0982304453021	0.179154644023	0.382974404856	0.683260999474	1.08319284247	1.51462506307	2.08413392863	3.99325791091	4.93832628939	6.12675453852	
0.101335679389	0.150120098609	0.365540432918	0.680891495564	0.783266402368	1.26297811771	2.26735038987	3.19384451824	4.37071167522	7.02390535818	
0.0917963879816	0.129122136105	0.380065666693	0.623787022841	0.972170851284	1.45056092272	2.16824089437	3.65877648959	3.92248145022	6.40734952799	
0.0918021084884	0.174963208558	0.383750293391	0.599530425292	0.842447434119	1.13412304766	1.86183299044	3.68522672799	3.75255716649	6.04885286176	
0.114309163305	0.133591358441	0.385228701308	0.535548772436	0.945111883478	1.53446857393	2.31974826198	2.84889865423	4.1343882843	5.65611749507	
0.10007511937	0.116260203715	0.45039980428	0.560742489275	0.887256123123	1.33571585735	2.06978967339	2.96068599193	4.49098411023	5.30699799027	
0.0951854666433	0.14793890596	0.357820971607	0.632463868579	0.923797764796	1.32476409513	2.10755328469	2.83592746461	3.15552419496	6.57996958059	
0.107866278412	0.131920812276	0.359272761079	0.600189006775	0.979893230823	1.60721264923	2.00569566681	3.23357149466	4.07679367642	5.78858741465	
0.109285784217	0.158711757151	0.309571867601	0.512487410878	0.9426817929	1.47076408417	2.44836751572	2.90967441102	3.97602675168	6.55208783508	
0.108099632372	0.151841509087	0.364851678941	0.705810894815	0.921424420181	1.34866183977	2.09807300758	3.1147649359	5.22123095746	5.99364198154	
0.111655516417	0.161502476683	0.367199507433	0.538922686628	0.968538697187	1.36518471037	2.29381337582	3.14987834832	5.00858205062	6.56973357054	
0.108023566546	0.155126084576	0.43689327114	0.542764079971	0.900570137847	1.28059891447	2.12143347444	3.63253252118	5.46789426094	5.62271904367	
0.100818221346	0.132729230945	0.458821916006	0.571956550851	0.854992166702	1.53503521533	2.20286667485	3.4255269332	4.68471890681	5.94807307769	
0.104167185249	0.155573937397	0.414694872283	0.513352722803	0.727132272882	1.46674924412	1.844193417	2.94242025971	4.45103334978	5.35706019114	
0.112312652892	0.130247196628	0.389755390763	0.566935242233	1.15337226809	1.40495106718	2.26181393972	2.61936249403	4.92536340918	6.36846326912	
0.113969157765	0.152570237807	0.343609104095	0.6053224287	0.920400224118	1.67694348381	1.96612239843	3.41917329618	4.18389864148	5.39538856668	
0.107423770265	0.145236966444	0.345197909894	0.672461915988	0.936993918361	1.41220372342	2.26383853264	3.0332263236	4.6816432002	5.02879408976	
0.0934262470528	0.170746348479	0.375078934768	0.531713288427	0.975972132701	1.4805091142	1.99081223771	3.3679731702	4.33200775906	6.76250653562	
0.109787132148	0.174653558285	0.405542589464	0.581756147937	0.995177588896	1.3041457758	1.9644479051	3.28817186849	4.17176274595	5.84479812126	
0.108345301833	0.136060166775	0.388393733068	0.531961702452	0.867545028557	1.30598613999	2.12196873955	3.29277317667	4.22816503183	6.22832912357	
0.108571508799	0.146485359184	0.355849616757	0.590387238586	0.852026731664	1.31393445789	2.40652119231	3.6131129515	4.20948124083	6.00860910104	
0.0868218192422	0.152926725281	0.38044667696	0.525630399257	0.902809756796	1.51308624213	2.01070963456	3.48864520374	4.21505630658	5.87756584244	
0.1163327915	0.174314757823	0.349660300078	0.652442022721	0.853605311567	1.57845845087	2.10160010386	3.41811492066	4.52591029651	6.98458087068	
0.0930794002332	0.155177942878	0.40943486232	0.465500598134	0.889404126945	1.65034412359	2.34050095395	2.89291790792	5.07181345282	6.54242082895	
0.121049956945	0.163964527204	0.398462073005	0.507166304848	0.982760890158	1.30960909178	2.26443767609	3.04441072971	4.29668505782	6.68189866227	
0.0874361722612	0.158615248865	0.391438268882	0.575313418946	0.824636675735	1.29368443139	2.54467822832	3.33991177769	5.58129609605	6.13081212729	
0.107579052534	0.136613879579	0.454527468696	0.541973218059	0.924319273652	1.71071023393	2.26304304847	3.09195367617	4.58939881077	6.15006858436	
0.0688110032508	0.155295208691	0.388995880213	0.506758916452	0.895070890654	1.5374261987	2.15097890412	2.72301551876	4.90935071127	5.62801950429	
0.105551469215	0.143225223511	0.403889136488	0.462900401577	0.967013467437	1.3598287699	2.0369432314	3.34497391501	5.20996184317	4.06137410005	
0.10408728027	0.143533138474	0.38445385683	0.559868593533	0.984957221193	1.41831824104	2.28147294202	4.21982337669	4.24845385395	6.796159418	
0.109304989498	0.151728874114	0.396278258897	0.463393052403	0.944627143326	1.32309572479	2.21279034202	3.58780464755	3.98648745728	6.74216991684	
0.080270935369	0.147799631827	0.343851805162	0.470118829979	1.0667428776	1.41447081234	1.90543183216	3.00292931615	3.69115799362	6.11267253695	
0.122009197385	0.157454692232	0.380305246532	0.662156484205	0.803095831652	1.65549475366	2.25289231013	3.47471500534	5.00661346628	6.14513150074	
0.0792756317333	0.152460245537	0.358515697655	0.601134228835	0.892738335772	1.30786201796	2.02921876226	3.14818133007	4.44382621057	5.48496509602	
0.0872532530187	0.148119926839	0.364216520308	0.596344989385	0.925034890394	1.54807400588	1.94518435815	3.45408549799	5.21579292253	6.71555595556	
0.0832006490057	0.167251928256	0.384966167705	0.62246736252	0.951041908684	1.70721175952	2.0976715629	3.57727063572	5.01502653139	5.73328151842	
0.101032217462	0.163817593136	0.403111076052	0.469653807936	0.90860163417	1.39697631114	2.21931944721	3.21189674491	3.91344639748	5.94201738378	
0.0991086065102	0.163595132593	0.390976889696	0.61308024254	0.954792716619	1.12696451479	2.35129437925	3.21668287747	4.23818896057	5.66542575378	
0.0881701978986	0.122825769077	0.409457870165	0.570337812712	1.07339311488	1.35102594853	2.24935202036	3.09924680311	4.16731970059	6.49741422706	
0.0918955200813	0.173045083074	0.415884243449	0.480825095976	0.985515559454	1.45664916745	2.16841036099	3.22313889545	3.99241063832	5.28246758578	
