8	24
1	1	0	1	1	1	1	0	1	1	
0.0998055112672	0.153871529174	0.607095579764	0.910164043673	1.25601363508	2.09613948237	4.89127728844	5.95403163495	
0.0890786665345	0.133588196938	0.640718750513	0.870070031796	1.48842143485	2.05395834482	4.43730059085	6.15531078107	
0.104062985297	0.156185679328	0.584080284083	0.927228898829	1.49161596691	1.81401727976	4.58070420715	6.53542458078	
0.0946766339211	0.111273179632	0.644735973993	1.09901026073	1.48208722337	1.65840184361	4.67596479039	6.27900813573	
0.107291765336	0.148429526804	0.577237866202	0.984928356032	1.6385971522	2.3510111439	4.30778807524	6.27130759054	
0.098802099594	0.140016798507	0.637868409575	0.940300657344	1.3535158101	1.83452128155	4.05923517253	6.21737100283	
0.110613089695	0.115829866121	0.48472136456	0.990857471836	1.73262779627	2.32237385102	4.87783393209	5.80302485491	
0.0907791993453	0.150603212447	0.570241921288	1.05099085478	1.32789066912	2.14323902181	4.59478578198	6.60996625729	
0.0936924963728	0.151236662151	0.692122644017	0.908237635163	1.41482973059	1.96597576713	4.15840362929	5.83781305904	
0.0879192527014	0.147318846395	0.591010413368	0.880879812253	1.42817023786	2.14570354856	4.07466074478	6.0662164256	
0.104429570768	0.155953029787	0.665681839241	0.868636519119	1.39333928742	2.19166805312	4.6088886375	5.88265921157	
0.105204243803	0.18881249786	0.671909294544	0.934282273658	1.57745145707	2.42908204057	4.78122550198	6.01464640441	
0.101246092129	0.154814652689	0.57770062501	1.10153017934	1.51809652005	2.16207373659	5.20082597627	6.04687869852	
0.0973721376824	0.15259999913	0.50715057767	0.889120707482	1.49390605689	2.23225924868	4.34163236556	5.06250512415	
0.111689244188	0.130348633001	0.616913332216	1.02207420963	1.5591711194	2.10605006465	5.03289926798	6.29710195063	
0.10231759035	0.176784898048	0.517839316465	0.946554817345	1.42545212201	1.89660030476	4.6554776188	6.49606523044	
0.114087345592	0.179019555192	0.581004277933	0.716358669269	1.45591204447	2.37105357232	4.2687921357	6.16732318724	
0.086618473511	0.14222745354	0.594301649274	0.97281601429	1.29969878756	2.39194024531	5.41989205831	5.12513744788	
0.0984205509408	0.119636570634	0.602598597503	0.831503871065	1.29974512242	2.23203708443	4.22863316395	6.49835518326	
0.0880980249498	0.134206389265	0.61095320415	1.13299307947	1.33060462352	2.55614121774	3.92593084666	6.54121783926	
0.107365463816	0.171323665362	0.607505808187	0.771376470541	1.42896851646	1.89917628697	5.03323945464	5.29290775082	
0.0855539346259	0.137456333202	0.598872700936	0.862564923878	1.18408796438	1.75417373938	3.87614534378	6.13111344572	
0.0899386129622	0.171282459065	0.620863154163	0.826425495768	1.3014626201	2.23907710907	4.20727127471	5.78972843857	
0.102298804789	0.143135363942	0.645531373854	1.0087574298	1.44912987525	1.92529673394	3.89507834149	5.76489884909	
