10	99
1	1	1	1	1	1	1	1	1	1	
0.1052863209	0.150510797817	0.429428108052	0.547499369929	0.901982047474	1.47183251481	2.23050835096	3.6838431213	5.34869058566	5.77641700755	
0.107589488391	0.14715441688	0.327701331107	0.623753711605	1.01974715997	1.40114463933	2.29016066223	3.36220114958	4.55864714376	5.57553433423	
0.0987601932025	0.14920698002	0.395213931506	0.675234054429	0.97536049698	1.50886614221	1.95407600107	3.08177101952	4.03428973102	4.95003211954	
0.0904354159825	0.162725060368	0.355713013081	0.66486007962	0.982745018987	1.49467656799	1.98833901975	3.46227458463	3.3560800479	6.10070481508	
0.117926756311	0.140599112314	0.427241170988	0.601444609683	0.87566714497	1.57953426668	2.04891334864	3.16812990259	5.50786016618	5.74581163697	
0.10992932055	0.146981266566	0.326581519294	0.582085215577	0.949437503761	1.64537524854	1.88522672493	3.44091494993	5.10314503264	6.1684029316	
0.0916772051382	0.121836707029	0.395042459856	0.705533617821	0.855158571417	1.55325317546	2.11730971891	3.38434813969	4.82519065853	5.87726500264	
0.0874330513731	0.131507108887	0.327366399741	0.466833732388	1.08047268045	1.64236331377	1.89002080039	3.39344622682	4.80081850182	6.28258365596	
0.0975643779552	0.163866964248	0.365492507386	0.639460854624	1.07714205497	1.38361396721	1.84008848809	3.95580622042	4.72982319418	6.284668609	
0.0989890643962	0.146046021955	0.415521460508	0.533262922635	0.875562581295	1.51395306796	1.93537542864	3.17840138251	4.73880785541	6.27830074526	
0.104663405438	0.134757587717	0.307048425009	0.618931953613	0.879968690938	1.22249539599	2.26028631585	3.89630172645	5.09819199879	6.80067189868	
0.0845305600124	0.138001834112	0.426175179951	0.64452357264	0.814555413295	1.45736156774	1.63089155166	2.48735487577	4.30982697278	6.21751647397	
0.0964273149431	0.139580544089	0.404307098622	0.519826647952	1.12419020561	1.19331461164	2.20330594475	2.9407291697	4.54364800629	5.97688389622	
0.100204269814	0.15741910122	0.351285505342	0.550847778262	1.10492046811	1.20525252015	2.10553572429	3.77145898421	3.38227098746	6.08551410806	
0.0955399178831	0.151586611385	0.334116482817	0.636632446195	1.00046997579	1.3624124518	2.57436745815	2.94986134227	4.48777235917	5.93381690541	
0.105813947048	0.150854309678	0.385110812174	0.544610721237	1.10454331275	1.5950140128	2.32779646355	3.46790753845	4.64599482949	6.94852305279	
0.092751113516	0.168625425391	0.416224680685	0.529084012208	0.824169995646	1.53399875567	2.28037221196	3.85686630106	4.57920909632	5.85980673763	
0.107813351756	0.158617882026	0.346856434001	0.595778086779	0.862019733191	1.62560721488	2.2924604914	3.19982809876	4.89283223757	6.61387288099	
0.0935640116126	0.159536678042	0.368240987213	0.579308869721	0.933194355245	1.28594255176	2.20683449366	3.19700217815	4.4739665096	6.53066719279	
0.102841535852	0.13854957486	0.424957861739	0.584840718719	0.992902783403	1.16530381956	2.05374309112	2.60191002302	4.61239624098	5.05929263152	
0.109106171577	0.163294155424	0.375387250272	0.565789821417	0.935891213119	1.57242185065	2.2996462824	2.5729359789	4.2359491433	5.84175043996	
0.113016910219	0.178277572899	0.384099384864	0.652264262353	0.838120445779	1.46107897325	1.75781718883	3.13316408881	4.39385293808	5.48270991518	
0.0887462571846	0.16470586558	0.416630535284	0.529240658637	0.847641394502	1.28623842532	2.4061704382	3.39107497291	4.02770694423	5.67029886676	
0.0971652945857	0.132555384735	0.350677988549	0.603572080018	0.934636830991	1.30007529429	2.2170013798	3.15515009886	4.865583884	6.12467976067	
0.0985905498934	0.141598496194	0.355525166141	0.598387210789	0.801059327808	1.56891279741	2.16148734137	3.19958738087	4.53918763947	5.88233591499	
0.100041296534	0.13748404745	0.421892845328	0.68824870179	0.929393418807	1.69288480893	1.89706575474	2.90795748857	4.40191498869	5.90601561927	
0.0986509257253	0.140698883695	0.427851422062	0.628509386819	0.833125937599	1.46898826764	2.25751665352	3.27479032244	4.69838299895	5.5447040821	
0.100155085957	0.169367188708	0.305520071964	0.649132076348	0.990442672921	1.52842687406	2.48211364985	3.54236887929	3.64869983135	6.83186416461	
0.101253986158	0.143991782707	0.414203704053	0.690256491392	1.15235457351	1.58544203666	2.5460948827	3.25153280301	4.08419546192	5.22786899021	
0.109538839035	0.143081621853	0.407444338962	0.509337060828	1.10074085264	1.46093366836	1.94698158791	3.16951196508	4.64359591868	7.02976326512	
0.10801340571	0.123529532118	0.395611059854	0.658292646428	0.947212734283	1.47455606013	1.55793299236	3.40343650921	5.05965087027	6.07509307523	
0.114772538411	0.165272982063	0.33418824924	0.597676714682	0.867268283429	1.41338977872	2.08547853844	3.5819107932	4.56943897934	4.83373359307	
0.10441554111	0.170509313222	0.353821142384	0.587070234812	0.833889770313	1.64897571256	2.33588694845	3.4686053204	4.30167277006	5.86174863866	
0.109714762528	0.163998183278	0.4171799538	0.675368414921	1.06725844503	1.42984135132	1.67022216384	3.37945795009	4.67087866691	5.95383150767	
0.0865514402127	0.141977734744	0.388511833272	0.680038286181	1.07764625756	1.31472501952	2.04074426897	3.54289121151	4.98618031535	5.62021614323	
0.092841672196	0.156755912747	0.396940632882	0.711787075173	0.955939557915	1.53501833297	2.41346639468	3.12720092283	4.4637119406	5.249938806	
0.0971848091884	0.14928235596	0.386098234467	0.600662194809	0.893962248369	1.21523911261	2.15805711564	2.99813427605	4.38699149989	6.18132187901	
0.0955295984337	0.132937956258	0.383614590738	0.6352684798	0.893409663616	1.36807365107	2.13261564361	3.18298278495	5.18583890353	5.15728841838	
0.0990441483107	0.140972532942	0.339375399713	0.56882134408	0.867331279402	1.15470304666	2.14540029698	3.88072142612	4.37468314009	5.30207397262	
0.099557621731	0.130330354528	0.431492209799	0.57823889331	0.940219018944	1.40355697234	1.94145999538	3.62012277792	5.02549065294	6.28142404175	
0.107804275878	0.14003961608	0.407423893943	0.639830397996	0.929421805336	1.58986193873	1.69892263279	3.13947557102	4.26104780732	5.81161954113	
0.0996400314882	0.157336949157	0.368123190125	0.606869766379	1.03967941917	1.39677390693	2.15825434505	3.38836889835	4.52378137763	5.7643793788	
0.107259852959	0.168030815827	0.425178076416	0.631242140471	0.824067942246	1.38730380849	2.53392966469	2.92560949359	4.79657124656	5.53216018594	
0.0905915586131	0.175485405533	0.409254367445	0.58550055182	1.1325597995	1.34922891808	2.17839236092	2.84354809711	4.9990273429	6.33462182876	
0.101923224321	0.152767235219	0.495051460871	0.641749763553	1.00232461149	1.32614522922	1.92804015299	3.1044195245	5.1749848385	7.71832122568	
0.0793020377442	0.158262572583	0.466666582699	0.714158540745	0.879360026492	1.32043806139	1.99378679682	2.88350769574	3.60269349588	5.73438304466	
0.0907991201494	0.132143360184	0.423316419737	0.572975036813	0.908283756341	1.3827228598	2.04482508231	3.50705274789	4.71157040753	6.05747235823	
0.0937698215798	0.150618699081	0.367973651986	0.578581798111	1.03460954267	1.53803433788	2.0144817827	3.07084831483	4.70458093645	6.09013965257	
0.0886586932052	0.155129521769	0.341147035895	0.635632766595	0.847236350748	1.25254764505	1.87406166126	2.72635661514	4.28428063048	5.61553305618	
0.102027499353	0.157225486748	0.356991450108	0.585930981982	1.05731344829	1.39211310258	1.97744715606	3.27173332229	4.30388610574	5.77467881077	
0.117605030541	0.168918455229	0.450646820551	0.608761372628	0.985932026912	1.48348410324	2.23525956125	3.43458832441	5.10105616202	4.94959609105	
0.0921657427817	0.171525451033	0.396312311473	0.639778332141	0.893687294437	1.51254903647	2.26035907595	3.71290364609	4.87211811728	5.68601312217	
0.0919686386749	0.141821770312	0.395865147774	0.576796660283	0.943636756251	1.43774342965	2.32002177552	3.12944547869	4.8453766707	5.66074481533	
0.0935959616568	0.163557439597	0.397443211767	0.5438905141	0.850794619786	1.18002782665	2.03944447287	3.69396385914	4.28428850568	6.59498134929	
0.0927925508668	0.1512472877	0.396592485804	0.567217944048	0.935900486443	1.5311017249	1.8007582178	3.48660450686	3.81927616595	6.86062353443	
0.103074182939	0.152833773334	0.369133128965	0.586743150034	0.960495393684	1.6011370107	2.08608955822	3.84289579829	4.20538611199	6.31661319597	
0.104474769977	0.190016848698	0.382096872541	0.615835487666	0.885733875831	1.27934203537	2.48272511589	2.52791157289	4.53810970764	5.49062289523	
0.0979015860309	0.120554985847	0.394271895133	0.518708446842	0.959705966225	1.38497323281	2.08810201724	3.67179158996	5.03675151366	5.46842861937	
0.100969599738	0.174741309752	0.346819409799	0.531436381225	0.875411469197	1.49571071169	1.96317976491	3.17003715946	4.06767644842	5.78047952307	
0.101257160009	0.148619255023	0.401426440671	0.627910875246	0.972168481711	1.37002858919	2.24466563674	3.04238350623	5.04917450569	5.82528971224	
0.0857678764378	0.162362296469	0.421130575315	0.654222339984	1.03140547743	1.21711627724	2.0079911459	3.58651203569	3.55051912991	6.01794254817	
0.110901076976	0.152981293722	0.394739352079	0.696648954526	0.907200484112	1.02317135466	2.31654716811	3.10042210235	4.31552542122	6.28490488772	
0.117768533765	0.147959238785	0.3373276414	0.59417354435	0.993173163088	1.67062441621	1.90482709955	3.00818536639	4.2672568629	6.42037121212	
0.130959123027	0.121913730884	0.374370512404	0.525725004265	0.947259752099	1.41164034166	2.21535995549	3.40180316954	4.52228307623	4.815970074	
0.0900953654555	0.145173839541	0.353798423263	0.694860990389	0.930812041948	1.428227172	2.53161127472	3.41536539801	4.81786846189	6.15204738846	
0.0965605716012	0.147392806447	0.403971246548	0.592897312496	0.922212504506	1.3579426445	2.08174205974	3.2556164696	5.31861033398	6.68540159736	
0.0969717535162	0.144728623921	0.355483991652	0.429617425946	0.854389801713	1.429379196	1.61163847276	3.49065043464	4.77251866175	6.00985202223	
0.0840262998623	0.120775995951	0.357584203695	0.605603854737	0.79373628134	1.57414654736	1.99254328551	3.82078119006	4.5739976778	6.13594776591	
0.117907743278	0.14136647323	0.398821107519	0.700560137218	0.872811254477	1.64536971301	1.6730141747	3.24036790996	4.35340480506	7.14354852484	
0.106991100715	0.159058256003	0.380334642603	0.598882321493	0.942393896424	1.45755228596	2.18550958933	3.47601262418	5.08863665641	6.38171731095	
0.0964305447859	0.15316018796	0.383065851481	0.55829280048	0.921170083642	1.55922166267	2.35835353378	3.42862734344	4.46672299089	5.90372869482	
0.103205831314	0.158195840662	0.379074435839	0.471497127069	1.19689462071	1.49613840661	2.14922190909	3.99308833999	4.52060979854	6.76288324461	
0.112951914309	0.144590035039	0.365091164655	0.559263337334	0.858937196298	1.40107053279	1.953921334	2.53794081739	4.49985267357	5.72983657597	
0.112876744211	0.14816351676	0.369912983642	0.607271846016	0.985551055417	1.53763665176	1.86582045707	2.74803585551	4.66738145584	5.19879647619	
0.0893958911145	0.148456368249	0.382498337925	0.55111556053	1.08055883626	1.38299171378	2.47727346968	3.28637558431	3.10336748139	5.47627344607	
0.0948586109111	0.131526941818	0.340887820914	0.559029294591	1.08625343559	1.31044809331	2.10789794346	2.48605675498	4.13910152514	5.59811701634	
0.109989413977	0.129210892249	0.369887013419	0.525477110062	1.04436946326	1.53953596807	1.83403205994	3.32326888006	4.363423358	5.47419766681	
0.0992055284164	0.143031453553	0.42856393744	0.546845951866	0.882297361317	1.50957383665	2.15947984339	3.26286059559	5.14211959623	5.87463105609	
0.0903614198258	0.133778814244	0.355545060709	0.53562561004	0.852023351722	1.49932969275	1.98425396787	2.74504083528	4.76537162146	5.87464041309	
0.0950191338651	0.15025966759	0.414536654483	0.703295171067	0.924473656336	1.51552315822	2.28268737645	3.15292506379	4.18801680965	5.61014826076	
0.0966655596435	0.152235576867	0.423202308768	0.641125001771	1.12680556481	1.4688109425	1.80896228091	3.57609787887	3.94306235701	6.61665828566	
0.096974694982	0.139992977581	0.361726594632	0.47143864198	0.906089111473	1.43351894007	2.14709369107	2.87685629267	5.33673458429	5.64989973579	
0.103699863471	0.153097295167	0.381785766043	0.643779016791	0.954781105601	1.51807279264	1.96292481318	3.44345273001	5.10012821026	6.82440940664	
0.0975492036826	0.141680859604	0.401316963114	0.569629924635	0.934189526661	1.52109254365	1.85526065681	3.27066672511	3.80150604978	5.86499622484	
0.115240199379	0.17607577545	0.37831703336	0.612235040214	0.830474990051	1.63623713654	2.39821606939	3.66613112804	4.64548818562	5.68336741158	
0.110960025524	0.141447949115	0.344517611994	0.610163450138	0.854101403123	1.35252172026	2.17577665746	3.54096198156	4.62558818277	5.49947303597	
0.106454638899	0.130966831359	0.390886912952	0.52368680187	0.765469080165	1.39446756909	2.21355311102	3.14880318301	4.47196890872	5.65530786217	
0.087834326609	0.150005150621	0.352515754493	0.506097845245	0.966992938468	1.63193280433	2.26646802982	3.02639053477	5.63526069432	4.79481833694	
0.0917688106184	0.143827757224	0.430289505229	0.549908563326	0.942378518889	1.39287110619	2.46190158664	2.92549085895	4.58160193163	5.2262812414	
0.0900098265368	0.132102144946	0.35859991907	0.545718003576	1.03302188719	1.22057970985	2.17544680412	3.14079249652	4.80483556228	6.76214599263	
0.0964864543506	0.162429392657	0.429057821494	0.667586660287	0.866358157231	1.2911740839	2.4007065144	3.09034810803	4.70148317826	5.62157429884	
0.109509907513	0.139615763319	0.324384270242	0.651500300197	0.662180525092	1.52689362568	2.03084305843	3.32987536892	4.21829113999	6.01288891428	
0.0966661888184	0.158797890053	0.367166383833	0.544651053319	0.890735090234	1.27570208857	2.21974200201	3.59748452107	4.42235749726	7.38859267089	
0.0813278722969	0.141837364015	0.326519721078	0.638164367877	0.836792120619	1.54957363454	1.82113247928	2.97817849742	4.79777141032	6.57157420273	
0.0974918751838	0.135081770691	0.379843123788	0.618324452803	1.05625915829	1.54514922565	2.38864645007	3.63705426733	5.01301805532	6.42202226512	
0.10725508819	0.144384022355	0.350918124011	0.52945216526	0.926866377745	1.17709335255	1.87615609983	2.85166471969	5.12976618167	5.42542408211	
0.107803817499	0.173084358286	0.402006696855	0.566356579925	0.804055971354	1.27541652845	2.22423473511	3.6798014913	4.67723393538	6.05144636526	
0.102985333902	0.138721250576	0.456673916366	0.595257592706	0.923975930077	1.34425163454	2.38352000042	3.38954043302	5.48490942533	6.08470698904	
0.0892553117974	0.133287881343	0.391041464861	0.642574936773	0.933959616716	1.38250656388	2.45133381362	2.69173439765	4.22104721268	5.32564301032	
