4	46
0	0	0	1	0	1	0	0	1	1	
0.658396235084	1.44737095098	4.4824145542	6.30643370023	
0.533111098033	1.2894705443	5.33048614878	7.11745767591	
0.618976690382	1.56110728211	4.40422375386	5.68295666081	
0.591940199954	1.55306559582	5.18925514851	5.72433777646	
0.637028749025	1.4776523883	5.11230114126	5.22256114665	
0.666236020817	1.49775908981	4.52420532941	6.52522152798	
0.678835924269	1.35002556453	3.8392524121	5.99931831137	
0.542961061982	1.52550576029	4.00453122607	6.77463071456	
0.624525878951	1.41228863798	4.83004603466	6.29029828753	
0.614520601958	1.45026444076	4.24971151656	5.47505923283	
0.61290710222	1.54505107606	4.9669732266	5.46616708695	
0.586702626523	1.4801121443	4.73814381479	6.02588641852	
0.538256222402	1.63278542683	4.8308508868	6.04465340685	
0.685573642754	1.42843280639	5.20321269613	6.80896923428	
0.641659954662	1.54828952008	4.08739945547	5.62091204465	
0.564349129231	1.51100965104	4.48341613448	6.14532425873	
0.46130066071	1.49990680571	4.41452160861	6.4230176333	
0.603574605672	1.37844761461	4.83139879603	6.81326612673	
0.518922254687	1.17355280873	4.38412938601	6.14600305963	
0.567163493772	1.57149706365	4.40412947114	5.94731112591	
0.700210229266	1.52172448313	4.58448615663	7.04491513115	
0.593045125163	1.45224068628	4.15823633199	6.55029679433	
0.52693619894	1.42797466665	5.16356798065	5.74080521367	
0.572223016042	1.68155715509	4.58117805568	5.71746579268	
0.549614176041	1.3001148032	4.97309951572	5.51558757974	
0.656902435067	1.55272003412	4.66404269735	6.93322674273	
0.594250145531	1.4301190696	5.06724047386	7.19344948355	
0.625648006444	1.04792870588	4.50791599487	5.81203416595	
0.596529259075	1.40905366409	5.03452020363	5.81380096875	
0.658202132122	1.43969027647	5.35283245145	5.24716650989	
0.578429111575	1.57780041105	4.35433290726	5.18147396563	
0.614050040384	1.50041586656	5.80447379858	5.16478705823	
0.537621251902	1.29748633808	5.07213986736	6.2480665424	
0.60010512411	1.49221880195	4.91659124316	5.87979962378	
0.538076639732	1.4551331496	4.24194436498	6.31724674802	
0.565178726373	1.76662642475	5.09214526466	5.83316294641	
0.65377989751	1.34788509895	4.09376268995	5.51936408014	
0.522839751094	1.22971264479	4.59257175616	5.47125949893	
0.569218479532	1.41075681807	5.27522254961	5.81526360349	
0.552095067642	1.34726732975	4.20971142946	6.57015649239	
0.652439238247	1.43488988769	4.95366703815	6.34691036547	
0.665536584145	1.58864072637	4.93127236911	5.42342804026	
0.581312094743	1.66341315416	4.74101598886	6.91873459061	
0.684427411809	1.49296073458	4.33195985663	5.83922083073	
0.691709588892	1.60944049109	4.55468257489	5.07164135154	
0.570227651086	1.42058434488	3.64103345654	5.45330897604	
