10	51
1	1	1	1	1	1	1	1	1	1	
0.096360133862	0.149598108986	0.349593808478	0.607409140876	0.896279836364	1.5852439979	2.32818493953	3.33239254503	4.70098145098	7.45303708615	
0.086530999423	0.160854599843	0.393960029218	0.643643341355	0.901238550766	1.56725628951	1.97401758525	3.94119868593	4.6463434472	5.26788560715	
0.0968843172558	0.146801184182	0.405869585658	0.618988893232	0.965373416893	1.44617257631	2.53666594981	3.13635937679	4.24235379433	6.91097741247	
0.128828577988	0.147193929914	0.417516212888	0.635753602082	0.786782355045	1.42271055394	2.15127772575	2.90807270667	4.91132737843	6.55783729369	
0.0996717903235	0.166763672253	0.357936327339	0.52271982319	0.888287005374	1.32509799608	2.07687829935	3.53080586348	4.04890214023	5.68872703801	
0.090933956121	0.165361767319	0.319408015193	0.605219051386	0.864788229814	1.52157474272	2.12714170106	3.00362975963	3.87182055374	6.87853298148	
0.112479011468	0.145055151058	0.354260806296	0.564946533681	0.792548014462	1.51857689668	2.63356361292	2.75351137875	4.84600186491	5.82354534511	
0.0909655228776	0.16018292334	0.387321523492	0.521667580206	1.04264101997	1.82698846863	2.58677018414	3.6487985746	4.46615316762	5.34533519535	
0.113338885627	0.135808587778	0.345484091843	0.575404572648	1.11685957304	1.60500178981	2.16885608554	3.5960211233	3.81728482556	5.54509874119	
0.0883563895368	0.154634804089	0.326349740944	0.622909588001	0.804275096849	1.33154349304	2.53756627696	3.58949911532	4.29252584263	5.05886760399	
0.0960829033595	0.158369379606	0.325218036916	0.606571753279	1.01598000363	1.30043006581	2.03415780194	3.25986920177	4.44894052925	6.09635395952	
0.105991817664	0.136073487591	0.413780978293	0.593741326321	0.943969406581	1.30028498311	2.37140682925	3.15735167378	4.80564778003	5.50761985785	
0.0939978177093	0.144463102268	0.359163906877	0.620587828355	0.870911278487	1.05309598676	1.902327632	2.49132692643	4.54259219399	6.84046869433	
0.106781600507	0.149235517336	0.37568197714	0.599161317169	1.03135039397	1.28384272771	2.07384643102	3.23084369743	4.65481395053	6.62416027877	
0.0926290632673	0.153048729466	0.46575740434	0.639969579546	0.895715346406	1.32648068299	2.72313878974	2.75440916279	4.60510651761	6.3852059277	
0.0939618299695	0.167781798835	0.376310803316	0.556104011815	0.801206859231	1.3670004334	1.62445516847	3.36705571013	4.81415510127	6.08111185259	
0.111334529721	0.166031054882	0.392935438283	0.629324939685	1.00599009844	1.38928835839	1.68037242798	3.09276419294	5.18910834332	6.04356637826	
0.113412701127	0.161729997204	0.398357492545	0.491585096609	1.04400103602	1.32456216602	1.86906073632	3.1858437796	4.04336459034	6.42838671378	
0.0933732914318	0.150047984392	0.446763566344	0.713591055095	0.968576312647	1.23188366246	2.13860160761	3.00667649777	4.16458857012	6.13543198952	
0.100316283042	0.148691203887	0.371808786365	0.589522884784	0.880989224189	1.45825256793	2.38585610604	3.8783568119	4.90031980543	5.99247976584	
0.112875571376	0.138148243186	0.371912588396	0.66951787292	0.809374525678	1.35038491778	2.27446618658	3.09411228529	4.43403648573	4.88900390742	
0.0975073123316	0.12956833801	0.32985271577	0.543704132259	0.986818670677	1.27054033686	1.80311084702	2.99020039496	4.53014441453	6.52021676727	
0.0878457870514	0.177115849336	0.437237011677	0.515269064904	0.76640338995	1.38551548659	1.83266764174	3.25416423234	3.62674389776	5.04525692661	
0.0919839781917	0.164573743673	0.354454886593	0.512651283069	0.916594425894	1.29350787066	1.72474094407	3.06027669512	4.54047765574	6.26961631639	
0.114608008652	0.143142445663	0.371208965653	0.596766986742	0.883557438115	1.47198372184	2.23693490166	3.63104331746	5.53121220995	5.84263659832	
0.0998506226491	0.136411386366	0.382288885401	0.597630512507	1.05275023301	1.38889713357	2.17263972954	3.2720603936	5.05695206534	6.08858517715	
0.0948018880437	0.161545898166	0.327851796666	0.566754378295	0.952715156171	1.26418640507	2.15865251603	3.4690439454	5.58616117166	5.7650569473	
0.113833418581	0.156092773764	0.378324772795	0.595246506689	0.822197953005	1.40092444211	1.8732277599	3.68309592218	4.13749702687	4.83459418482	
0.106659591773	0.147752802718	0.368181330512	0.641758687441	0.890487889698	1.62716165196	2.59485838368	3.33325712819	5.19441747203	6.12528755185	
0.108739203449	0.158326801974	0.443533131799	0.446367392371	0.927898370219	1.48748540747	2.13659357251	2.65604467179	4.41751842714	6.11708844853	
0.114127275215	0.142379830865	0.405837684049	0.614443410687	0.879870151478	1.63146647672	2.19155848064	3.01305091502	4.65045371343	5.073416429	
0.100258534567	0.157446247943	0.230257564503	0.628756574285	0.93856098218	1.59212594012	1.80891670381	3.41672915064	4.19860987708	6.18765077504	
0.0942401252428	0.132187004596	0.353953298666	0.440464281066	0.936584005078	1.34695590988	2.26114733265	3.11134443573	4.52299620727	7.80304000802	
0.0946260439646	0.155133549261	0.407374062036	0.750972208265	0.85914737243	1.50633671713	1.7253299207	3.43038901318	5.15320918096	6.132270586	
0.112163144575	0.140988363177	0.36782582891	0.54762671392	0.982383260425	1.43076280143	2.16452675596	3.06281006545	4.77666127947	6.18448365358	
0.0941595215617	0.140197903489	0.357733486541	0.630100833322	0.909005987862	1.41655372547	1.88766489117	3.07885220253	4.6022018917	6.80344147675	
0.0870344319846	0.140797978954	0.36801048557	0.627823249198	0.927875235091	1.52411814895	2.12842776891	3.72175968555	4.58760688257	5.73144051279	
0.109605933742	0.137714421616	0.426109196632	0.656541461114	0.908863754795	1.4901867694	2.27912304524	3.68155248119	4.51778638023	6.52596445172	
0.0944372263032	0.130333895327	0.36885904915	0.732576044246	0.878340939306	1.56358389409	2.34419902615	3.60658858183	4.64080763094	6.33283131277	
0.0965092529432	0.154481934662	0.351504925173	0.576051600501	0.838210430314	1.72614973423	1.97709570932	3.35621591882	5.2160451909	5.46139664806	
0.0777938158998	0.143321924517	0.447462148235	0.592006393088	0.664644783686	1.47187729992	2.46186636288	3.35573833863	4.59987652694	5.44217697211	
0.104536490548	0.145639934354	0.413990392652	0.50572303016	0.693606078291	1.27069244643	2.35130936575	2.89158400393	4.40606550465	5.38049416449	
0.0873922611468	0.142142113366	0.397408479275	0.650710274195	1.16754020495	1.46419085724	2.37844691721	3.46090879272	4.94008870984	6.06689505127	
0.1034314077	0.152802955869	0.423959277943	0.52267493243	1.0900297762	1.55200830922	2.45508908964	3.42476278625	4.66802764442	5.18326048748	
0.0871175744752	0.151160351825	0.345956982812	0.591239608648	1.12379525599	1.3431213874	1.76299876323	2.26966914785	4.07315867976	5.1896842116	
0.114356353694	0.142263502332	0.338186479683	0.612450634533	0.895539260553	1.6299578329	2.30304330025	3.15413126269	4.09951025083	6.98815887987	
0.114604711841	0.131324832828	0.396785108052	0.530847799289	1.09088756889	1.33883742914	2.24117084648	3.31885501395	3.97451358023	5.95678119163	
0.113168389216	0.1374122325	0.475182755538	0.599035764191	1.04974956271	1.02136704925	2.37838298519	3.20827638094	5.16568847374	5.67687021531	
0.114047184019	0.171345939737	0.350607599867	0.628754755	0.944580905365	1.329888854	1.99907787992	2.86304452491	4.92221858553	7.12989586595	
0.0980343001279	0.135446443669	0.420453001581	0.582065963204	0.91424798274	1.28815956195	2.11761364291	3.71674240146	4.76665463053	6.35039326282	
0.0954719061569	0.149546253884	0.370987829351	0.723986164195	0.937147471924	1.42843024611	2.25756602364	3.29304080959	4.93684961155	6.03661314656	
