6	72
1	1	0	0	1	1	1	0	0	1	
0.0998958616679	0.180915761877	0.999157131973	1.42616634998	2.00916232734	5.67067035768	
0.106099787253	0.125160374446	0.963184819237	1.41498662266	2.14485379245	5.65563212576	
0.093997594375	0.129082672699	1.01415822592	1.37608308964	1.65312954006	6.37482965972	
0.0946429525527	0.126670525987	0.934355154431	1.27425310916	2.07991632331	5.29873083534	
0.08163763747	0.149755650587	0.946239682618	1.46528322344	2.32616669216	6.03265515922	
0.105335450575	0.150117282608	1.02452605707	1.44221654139	1.76093135287	5.74528399163	
0.0961947029828	0.131432580186	0.908273316775	1.56739857054	2.32055278178	5.33063368345	
0.0920575941382	0.142564460705	0.839988115651	1.42583187583	1.96486919852	5.33097854023	
0.0947182929901	0.139677748189	0.849862247161	1.21204598968	2.01464218971	6.21553152506	
0.0852277655116	0.14525982861	0.800320579711	1.22463197629	1.94875332244	6.54378893088	
0.0978081374311	0.135625352152	0.847710582356	1.63911839238	1.8340075196	6.5271157719	
0.107918722227	0.130526976155	1.03306971815	1.65248050526	2.3226710339	6.64420649694	
0.0913466797692	0.141657150939	1.10154267899	1.43295523046	2.30671941612	5.73786018812	
0.117974299769	0.102269511032	0.979196113174	1.62350405395	2.25004912331	5.28389462069	
0.0932504363225	0.170964535624	1.01021949786	1.22322114289	2.45457057119	5.44340483147	
0.0898147634953	0.144590015853	0.918767469355	1.48681315624	2.08076740195	6.05919811461	
0.106543332823	0.139016465887	0.983761008551	1.34119743256	2.32800990145	6.08654194921	
0.11143181958	0.141894863391	0.958951080153	1.48609015742	2.29086425922	5.35048467551	
0.107736899848	0.181213646159	0.975575003875	1.25532054738	2.09320111226	6.1400225924	
0.0897543304609	0.133644210311	0.870611285115	1.22481724986	2.49116607734	6.35460858732	
0.112571247856	0.164086765209	0.929553687535	1.41389868187	2.15921846413	4.8868627547	
0.101744398246	0.149068498899	0.926883372128	1.32767761877	2.0905874314	6.48474432647	
0.113081653828	0.136918988516	0.884435489958	1.40903877844	2.13497561153	5.49142736892	
0.093103601808	0.166077479369	0.880437372171	1.31467714835	2.38824543654	6.11857913042	
0.0958848567796	0.169704209935	0.870640792349	1.5256166174	1.88411706159	5.08657631266	
0.0972808121711	0.162131928048	0.936660307924	1.29331407626	1.6543624928	5.93851554077	
0.098566360009	0.148607812325	1.03539695385	1.46779562645	1.98358450856	6.04721453622	
0.0885471802358	0.134860471209	0.85781441107	1.52226473759	2.53670699859	5.64648027825	
0.111623220903	0.123708343202	0.916272667616	1.37209838234	2.20431818942	5.77618092793	
0.110898744964	0.158786374396	0.8097626525	1.25854193202	2.5491281119	6.34442058918	
0.0999372399946	0.144374529457	1.13230950384	1.29261726985	2.24673790587	5.56657902004	
0.111829116153	0.166236344313	1.05929082616	1.52362625262	1.83003253803	5.54513407813	
0.102285416643	0.144091082533	0.872225913887	1.38048897239	1.89741783816	5.41426746923	
0.0974925146062	0.132778095959	0.966921735268	1.55157411844	2.40285317665	6.68878011433	
0.0940212102833	0.155447412941	0.990426814464	1.427501138	1.65154000324	5.95483808792	
0.0893629153648	0.159225806656	1.03276461975	1.38380113087	2.23746622553	6.1803935584	
0.104530336267	0.141280956646	0.946020845676	1.37921083898	2.29900018625	6.36552771398	
0.0925139191999	0.170710137364	0.922173555881	1.46150091072	2.38696306501	6.48731004891	
0.12445086092	0.134957573065	1.06657678955	1.53371965292	2.25757988195	6.44829536501	
0.0931100571531	0.166987156651	0.962905526864	1.35654427014	2.5856727236	5.31605042545	
0.11382392213	0.161922469164	0.919641368565	1.3923440674	2.07180905883	6.88609452069	
0.109267168983	0.177377280161	1.00494186701	1.51845625991	2.42770316855	5.13702245765	
0.112596824291	0.131303598311	0.902739738347	1.48976955319	2.43578974378	6.30845761508	
0.0888123131498	0.163837839761	0.966276020886	1.413229172	1.60754439431	6.06720765416	
0.11905751482	0.142343345675	0.96990099196	1.57266232318	1.9958853664	8.05629173731	
0.0864888908289	0.154738985637	0.85311966069	1.31405628638	2.3812605974	5.35586998857	
0.0953650120541	0.144571571678	0.739813485995	1.52666224739	2.09669942475	6.00619363587	
0.104042329169	0.161718907051	0.85767960602	1.62997289307	2.48063623554	6.3277756059	
0.124392653494	0.154163025826	0.874228305933	1.55057041818	2.54314963976	6.04882512672	
0.102775122888	0.152417467216	0.832130122976	1.33092362443	2.17363141029	5.16901464289	
0.0979881158203	0.149474346214	0.98542599184	1.24964882291	2.12581952401	6.35686416453	
0.0919819149946	0.155213578343	0.732325543516	1.34538702162	2.26402525114	6.47534875649	
0.1170100403	0.177419108342	0.930678002381	1.5477533993	1.68674924505	6.00764699658	
0.126705053004	0.139669250189	0.89880113775	1.60503024567	2.08231406817	5.24972133665	
0.0913167927973	0.152793160865	0.800521968254	1.28674020375	1.964167486	5.28233103665	
0.0919702676752	0.132615454209	0.986246914843	1.19481373871	2.22699134857	5.88878079985	
0.114018199643	0.131073233209	0.935508898174	1.2983468521	1.94814820797	5.98085839734	
0.102651954149	0.138777349817	0.899092205733	1.49738594121	2.23528734703	5.62370436249	
0.0929847156993	0.172639698128	0.939071340325	1.2511872751	2.11562086532	5.89127636881	
0.111419299804	0.145364404766	0.948837787607	1.41600167151	2.11914824944	5.19666305218	
0.109520665073	0.188410766119	0.995142756394	1.40950751607	2.08125021606	6.91810302658	
0.0969196614536	0.176211468179	0.874811366789	1.5054383402	1.83001250094	5.1604482178	
0.101099485776	0.150609522143	0.946348273922	1.27739686441	2.30320344116	5.40438205769	
0.0988921260582	0.151999573334	0.836777638162	1.53896181316	2.02485706565	6.37215373552	
0.0956959245276	0.155924892079	0.74014100747	1.69683996435	2.22059246642	5.41444582644	
0.0967064587781	0.12507769264	0.895711693373	1.7237118174	2.15664056147	5.97682528285	
0.115195129234	0.140197502324	0.758458749174	1.26137308145	1.99944754301	5.22520719781	
0.113177224052	0.156114651834	1.03975170553	1.44517694751	1.781480806	5.05469123004	
0.104698577846	0.140971111851	0.84627415622	1.06841536538	1.73706869949	5.8109782868	
0.0965698120482	0.160241565712	0.916310368239	1.3873758523	2.00914664799	5.60780198113	
0.0906560119765	0.146787318406	1.03943236969	1.31348382716	2.31550388065	5.94087193149	
0.119106305687	0.180872612517	0.872186177222	1.41362108647	2.19402688545	5.52576427312	
