5	74
1	1	1	0	0	1	0	1	0	0	
0.0829693141139	0.132303515639	0.347289695232	1.21593014061	2.80116212792	
0.0953999233692	0.153545257655	0.377890760981	1.1796120464	3.38504091488	
0.0975368173484	0.152694844533	0.339723075095	1.13679853577	3.42249697648	
0.0944876667725	0.134165368225	0.342433801388	1.28759417786	2.90437896989	
0.0906624677799	0.179599283413	0.379854903859	1.45185448498	3.15257066391	
0.0980948931872	0.162565438905	0.345287550139	1.58364342211	3.44146425063	
0.0916721255011	0.137273236896	0.418229037342	1.46264367732	3.15570173555	
0.0994867773414	0.140095069523	0.375514233693	1.33542140475	3.40091866702	
0.090461863439	0.187078916267	0.368084108659	1.45192041944	3.35250361124	
0.109856962762	0.141221347989	0.374334424514	1.43614056038	3.20616917518	
0.0878995629712	0.169948101368	0.432884312371	1.3676004823	3.32507049219	
0.096543272537	0.154950319106	0.424154576164	1.27887669361	2.79396219115	
0.10667655123	0.154429849671	0.41017223373	1.28515861267	3.1558058069	
0.107987297208	0.160561814601	0.339498721494	1.31696547758	3.4599271262	
0.105165091982	0.158479787402	0.452034747879	1.34844043408	3.51107346125	
0.0956133708672	0.131299235872	0.390795728438	1.22524458022	3.29072144288	
0.0822484882008	0.181102509949	0.349963980041	1.15222189025	3.66124683782	
0.110755305718	0.159417244639	0.336714599196	1.55346146766	3.44056339866	
0.0873434503419	0.138573254791	0.400200382745	1.30238848813	3.64272602499	
0.108648020656	0.155784230708	0.413359797369	1.3912673448	3.13466674321	
0.102520665131	0.140258597716	0.331578478541	1.4292120592	3.65950655988	
0.107461882622	0.14832283959	0.337822436379	1.39412586722	3.05148936375	
0.113312027353	0.138391244952	0.429679412508	1.26029571014	3.27832750022	
0.113464999905	0.162885037253	0.424560410975	1.30304161454	3.10770101348	
0.0828477652073	0.140477683024	0.379052089717	1.2967078592	2.63364685792	
0.108282824123	0.150083711962	0.437106550514	1.17067016877	3.35201505845	
0.0995998859079	0.161213790837	0.400333807628	1.60690738394	2.7927593903	
0.0836926458106	0.157219337599	0.416117946761	1.33771521277	2.99560897474	
0.112949996783	0.139472841675	0.373744795999	1.45759128409	2.89656952596	
0.0641808263807	0.164014631051	0.353365178003	1.53492204824	3.159726892	
0.0886256838496	0.147783159893	0.412343081946	1.40005624516	2.82079255124	
0.107378409819	0.168324410952	0.405786523928	1.35136421737	2.86869811344	
0.117904238598	0.146907938807	0.410963998846	1.4597645479	3.45880258543	
0.0923269876625	0.158872908367	0.414471563965	1.45127029443	3.19390892163	
0.100238141481	0.170438894462	0.38897985716	1.49939069649	3.68823424035	
0.105637813134	0.141471233446	0.310779553922	1.56489330566	3.03580377975	
0.095301648706	0.152963036638	0.36030621756	1.30404462129	3.61097813733	
0.105624731347	0.138912505671	0.3340649896	1.35307130912	3.30581693761	
0.100349128026	0.152753159074	0.347363567911	1.49558988103	4.25392714685	
0.0933992891586	0.151710896227	0.419159041686	1.54895675607	3.33866334096	
0.0856842718249	0.138674024224	0.404773790235	1.21375778214	3.47504139743	
0.105857556258	0.151978045164	0.403340869015	1.30873168373	3.25889415353	
0.108534022939	0.161658600005	0.375364421173	1.02032423476	3.19079293556	
0.10778325441	0.140580592673	0.424254363516	1.52153379553	3.06408565044	
0.0757261723823	0.164006461216	0.366505320718	1.45114189629	3.57355147869	
0.0881336439357	0.163343271832	0.351717407747	1.50455448013	3.16727985069	
0.0969370974682	0.151443776799	0.332049218103	0.997606851375	3.47345216826	
0.0984214242056	0.145231670531	0.420244282232	1.22413504686	3.21997059077	
0.0968862949537	0.151969258852	0.391337867066	1.69404105181	3.62289379821	
0.10972936949	0.158094319074	0.399060410148	1.37835806229	2.74155940695	
0.120028372745	0.137858145651	0.37041237387	1.60513372086	3.43058025015	
0.102248798256	0.160679764537	0.388022656092	1.58278377153	3.01489395183	
0.107573454725	0.126363815918	0.36225217316	1.68596981611	3.06329477846	
0.122837806523	0.16615602666	0.411771871785	1.28437247115	3.43924572	
0.0972230384765	0.143835965314	0.353676451188	1.28073270221	3.29470503495	
0.0982939596332	0.181580582794	0.370367469943	1.36502388529	3.6948311554	
0.0802046568556	0.146028883374	0.317069202772	1.42974847328	3.60315500886	
0.0908208545151	0.147440365052	0.457184756105	1.58803007401	3.99382041448	
0.11162044682	0.123621808212	0.375627943571	1.27814430372	3.67218514591	
0.110328197049	0.180147529722	0.34913902597	1.54136363543	3.11569488828	
0.0912177794051	0.146109546998	0.411077663275	1.3646694667	3.58874834378	
0.0859521562769	0.154292001155	0.405408131538	1.49765350333	3.14600549202	
0.0983449838873	0.127283324982	0.342231615068	1.23106489026	3.02763359471	
0.0971193877529	0.144941621282	0.390896578501	1.32209420642	2.87953161359	
0.0858413140814	0.154189200035	0.311879098834	1.51724540117	2.95959709373	
0.0995489820487	0.155725694957	0.342028408816	1.3128092507	3.73222823827	
0.10450181015	0.148531740923	0.434760036913	1.48975819968	2.95902478228	
0.118261260625	0.162917447616	0.393410540466	1.65170657959	2.90021425694	
0.10156560516	0.153158115398	0.39073395186	1.34332917105	3.62515934582	
0.115158352996	0.162653679759	0.343216413161	1.26836843073	3.28504504985	
0.097412365573	0.164805532768	0.367527922221	1.48171936577	3.16139046589	
0.0985546936497	0.140031650387	0.405244351196	1.52204387227	2.81349559681	
0.09997050738	0.148310542562	0.386947321476	1.37004988876	3.68103715506	
0.079639958869	0.151935729375	0.331476129821	1.47605777966	3.40138567786	
