7	32
1	1	1	1	1	0	1	1	0	0	
0.108122259987	0.14261232891	0.396289849477	0.533942448324	1.07152325339	2.19727139842	3.33990222392	
0.108004421471	0.192857607215	0.38339840414	0.706954845946	1.02534333296	1.95493344396	3.1532392039	
0.0973208018224	0.161025728282	0.345331472635	0.572070199423	0.864798719132	2.14143050264	2.83712524077	
0.0921616581334	0.147158652206	0.332894253405	0.652711381325	0.989380222892	2.32660779643	3.03573498096	
0.0971512539721	0.14765345112	0.301936661433	0.516542415178	1.01687562564	2.2891419239	3.0259486757	
0.102186360395	0.15621719846	0.327294765423	0.649457151803	0.996440973673	2.30724929467	3.07178846348	
0.110311470192	0.168894173995	0.44167631388	0.504643100802	0.908948712153	1.80699880524	2.71305119052	
0.0918386163552	0.152152935233	0.386836464384	0.583480147836	0.894025164077	2.34737008567	3.01889294483	
0.117048162028	0.154442207543	0.337535787993	0.656691100218	0.937601316144	2.19712388177	3.13439321179	
0.10931966931	0.167101029247	0.38033888766	0.497128436087	0.854799248646	2.03089261965	3.23078528347	
0.0961394485732	0.14424759094	0.359391861199	0.492664677308	1.02978011333	2.21991201912	2.94749829188	
0.106804667003	0.126489122708	0.418006071726	0.77591092696	0.940345566458	2.1949468754	3.67417657949	
0.104588462419	0.166765950613	0.316496550122	0.606902987294	0.877878914919	2.35045803858	3.47743997325	
0.103321540646	0.166140770156	0.389526330079	0.621366163364	0.874973355124	2.01827036882	3.35495366021	
0.111695144891	0.139890285856	0.363394252176	0.670644325258	0.886651517993	2.11558986552	3.10023604491	
0.100529139908	0.153991304441	0.387728897295	0.689971092568	0.906457965429	2.04066918724	2.71682120166	
0.0894139377787	0.142901291486	0.355657968519	0.715291123637	1.00016173024	2.40763626267	3.18932794883	
0.10196736826	0.134136296012	0.344289893934	0.68598376688	0.920310227592	2.58550329857	3.13142806077	
0.0930661382838	0.168093291318	0.364166977596	0.635071180198	1.00056889656	1.67395299373	3.40546264394	
0.110617922923	0.1628543925	0.40068396118	0.597740506279	0.831025314913	2.25615446678	3.60205106423	
0.0985654639281	0.152319005443	0.40512180752	0.590002969587	0.908793189224	1.83230328342	3.56293091234	
0.108502145505	0.12847800819	0.425276841715	0.49111721772	0.806973851294	2.40367637935	3.07796087413	
0.104020637699	0.155672641558	0.400953727432	0.463636627032	0.965172708943	2.43631235416	2.78795485271	
0.10598634132	0.158686900932	0.370082304676	0.636324523751	0.943881362404	2.3005668424	3.29507783478	
0.0946002610657	0.148465234457	0.419760111762	0.634683396806	0.910349090814	1.94197781519	2.91223529986	
0.0924599464314	0.134453361984	0.38611688603	0.597318453968	1.11483257937	1.89117147109	3.20760354199	
0.101033038857	0.126237046211	0.377576758142	0.695844584484	1.04963338403	1.92109948623	3.03856917567	
0.0995849505553	0.164527693965	0.404856344709	0.54189800525	0.916928698529	1.83120044822	3.08450893124	
0.101929894773	0.142472377523	0.381462026119	0.57549471104	0.788607744293	2.34304030651	3.7315248045	
0.113053537009	0.15305115443	0.364316570816	0.544568920396	0.799141618585	2.07455872171	3.67645596089	
0.0893852383541	0.131519911238	0.412075078892	0.761024972614	0.916021170423	1.97162995601	3.27778313949	
0.10147047053	0.146788995511	0.326168696222	0.610606052672	0.933347568638	2.03716511465	3.5487243846	
