10	81
1	1	1	1	1	1	1	1	1	1	
0.0961284903639	0.146986082971	0.354444534006	0.611736751118	0.946973721804	1.3376967636	2.0407489281	3.28291799325	3.44577083107	5.1351015177	
0.116699920961	0.154917314165	0.360053458504	0.498235030108	0.92476259666	1.57088246912	2.7174293125	3.86491833812	4.10087789094	5.70252028117	
0.0852850076976	0.137375174001	0.371911959801	0.577971780202	1.12107475951	1.24190395723	2.14030469342	2.57937557725	4.64890085122	5.19497679559	
0.111026263084	0.145634611605	0.326724597805	0.473837894787	0.838986713559	1.46423146738	2.24062543414	3.08800765612	4.91660866954	5.31855426426	
0.0707294015749	0.154238304761	0.429023640882	0.677960020419	0.809117740623	1.35210887421	2.30562130338	3.04619051491	4.54742318727	5.57013606251	
0.0891061124254	0.136554395229	0.416317557332	0.600826965878	1.04828499237	1.50442015938	2.49539002477	3.51587216271	4.84170337361	5.92770726082	
0.130092065765	0.151690473298	0.305009911973	0.616082012377	0.838646821379	1.57543407759	2.30605060301	3.18775806377	4.10044814395	6.08785543603	
0.0935876619214	0.161817059892	0.401128597142	0.77615799555	0.888604347905	1.38661013513	2.1167232301	3.21392970136	4.96218552208	5.83419261296	
0.119723817161	0.158734126646	0.361542030176	0.555525258901	1.02680111399	1.43407838172	2.15194791156	3.05549392641	4.47234944359	5.61662708952	
0.113617114562	0.160755902284	0.373358784107	0.588631915017	0.938572197646	1.42920774584	1.94425872145	2.63224840827	4.1410347001	5.9228895056	
0.0926216680228	0.162290070456	0.371292180836	0.712414414502	0.877781033985	1.45012250221	2.08789472242	3.39292786876	4.97958800805	6.36496857536	
0.0796920373053	0.157497924157	0.341586630593	0.581413849295	0.994107614376	1.2698741901	2.39852882161	3.13514958265	5.47692181781	6.04120669548	
0.117053427427	0.167965188368	0.356778006882	0.521898556342	0.940567344595	1.34668203405	2.48963953772	3.16977076921	4.36481821867	5.16246092356	
0.104192170131	0.132386665771	0.396812602689	0.63480550359	0.860280214586	1.56679093014	2.09090178055	2.77184579883	5.19537930314	5.44591765556	
0.105070705413	0.156386917111	0.394789017609	0.622311714956	0.8397725498	1.67186299301	2.35559356729	3.40439343766	3.90016069402	5.41297927461	
0.106574566267	0.119944738325	0.392870746678	0.520129392157	0.849273044692	1.2282173321	2.20291287939	3.61281747185	4.65660788572	6.27469982935	
0.101679588962	0.160240402663	0.397749253342	0.43709410836	1.0142865266	1.54456473056	2.07210274141	2.60838281349	4.60911331154	6.19599648248	
0.0955951651744	0.152800495865	0.420729929803	0.743851303098	0.943662041581	1.47774965643	1.97288539184	3.08704758506	4.43878081633	6.70663082123	
0.10818957756	0.17894030016	0.323371405325	0.520575901761	1.03249371298	1.63718703381	2.15712254616	1.79867874435	4.16541187715	6.20129619129	
0.0910058701342	0.152776892354	0.452145107057	0.685567969176	1.00522697882	1.42078375313	2.04364636755	3.49626917747	4.51142759363	6.03582266362	
0.0844878438712	0.139282044267	0.408570697758	0.533935989555	0.95471076017	1.48898801407	2.25124088039	3.43208587032	4.78247672391	5.62572414477	
0.0853234543634	0.136896968814	0.407737005482	0.527949204372	0.833223206771	1.28040140789	1.75311549223	2.87722358101	4.950178611	5.56994120837	
0.0825106184345	0.142325342176	0.399400794204	0.490153634107	1.01865785881	1.2239397434	2.06497101762	3.11731383925	4.24735195196	5.96111898091	
0.10778560354	0.14938797628	0.356984400916	0.627440921086	0.949275526762	1.33426099093	2.15909480575	3.00548868646	4.11041757222	6.48348072849	
0.104469588066	0.161555694529	0.404134883044	0.546766844457	1.0231192195	1.38744218323	2.349781832	3.20933710176	4.64092338955	6.20593675737	
0.108132003853	0.125481808185	0.320096886917	0.640302651906	0.963141709244	1.31908295831	2.22832641544	2.79241293172	5.96893027989	6.7869428321	
0.106223026774	0.15113445556	0.356488334297	0.521388825639	0.919414495643	1.3070542291	1.97769000254	2.78955409207	4.61234837337	5.77380389651	
0.105350715748	0.156856481905	0.388719655943	0.759566415483	1.00660461276	1.24973906048	2.2486283363	3.23244390854	3.89631124313	5.14702027195	
0.104532029173	0.160463213023	0.340242226426	0.658210023192	0.956497038904	1.60100785944	2.38426838564	3.19850800249	5.23601987855	5.32553034593	
0.12390294505	0.136818214793	0.378175896196	0.565968702083	0.894958438127	1.84806817374	2.05051505221	3.526610221	4.39406868992	6.56193025775	
0.0945584048163	0.153841981405	0.403890535418	0.5566913128	1.18646851095	1.52737456918	2.10141624478	3.02339878202	4.54127536063	5.27040119363	
0.117822952638	0.156468806586	0.376656529438	0.662758671261	0.862899125638	1.26469777914	2.12202138958	3.29145168608	4.73876379297	5.11423325014	
0.0954368316998	0.103748028102	0.335070731506	0.642915692022	1.0193754002	1.26669335145	2.08021002195	3.25832200042	4.98514956248	6.91745691991	
0.101530822552	0.146090750166	0.325139642869	0.606484154074	1.12296779264	1.61449753464	2.1875945337	3.34859778783	4.19016763735	5.78571862273	
0.101475991756	0.152259515105	0.41840849745	0.657724975964	0.97841271056	1.28712209652	1.94329570595	2.96143527216	4.60598413014	4.78420736715	
0.0999372492754	0.171129640747	0.405339389318	0.578956343343	0.865062246521	1.54521728572	2.2158019037	3.16990945291	4.23493610449	6.04582979381	
0.0969696323601	0.161765693549	0.427164425647	0.517965010329	0.815998779755	1.62277203483	2.18565107267	2.88221354304	4.942463223	6.20501105993	
0.122032457619	0.146470474841	0.422130751889	0.513069933652	1.05983056217	1.56501488832	2.49493469827	3.61093860319	4.45542831636	5.29732406158	
0.0939794709964	0.123582744192	0.345005836815	0.625551680953	0.925558982269	1.39802660996	1.97948287307	2.67397032147	4.58193740096	6.22749611548	
0.0900843643995	0.141998395948	0.438601071255	0.669569877214	0.791948515759	1.41789699663	2.46281547171	3.17966317588	4.37897556522	6.65564257605	
0.109870692443	0.164029550181	0.370044579531	0.639773280977	1.0690113328	1.42286806112	2.06326693142	3.6497736077	5.4204479113	7.26900293014	
0.0962548850023	0.145889396258	0.340891831341	0.607083139465	0.830106939374	1.35469141784	2.3007429066	3.3767426583	3.68517541267	6.94217537896	
0.0891300391285	0.135585991142	0.332920958233	0.560322999686	0.846597006784	1.30524201791	1.62018150888	3.29222640242	4.60442932552	7.34664404274	
0.104863409977	0.142551164704	0.334372830818	0.594223412412	0.971731228714	1.35802114744	2.16311844566	3.86664008057	4.32715044283	4.86793466712	
0.108734867874	0.154714821687	0.315058303572	0.625658620637	0.83719868993	1.49310910354	2.56006165448	3.19248496634	4.98747203957	5.26290760929	
0.0848058085366	0.180260557086	0.391696970515	0.63820019647	1.03713807416	1.3545224822	2.32740001735	3.46890185275	3.91733783065	6.90779118685	
0.11306860516	0.130744241414	0.387610884776	0.586135215785	1.0619025947	1.22828248313	2.92451923021	3.19329264495	4.83230032478	6.8324989992	
0.0980400065683	0.148275871716	0.360892426035	0.546872062432	0.955282900745	1.41065686473	2.04048454736	3.10343671689	4.75930505425	5.52146188239	
0.0975303523161	0.163480010877	0.389394567863	0.537026444018	0.927779990607	1.49249409182	2.36269352112	3.00450193331	4.24866162478	5.58290400677	
0.0935447980061	0.156075070735	0.402590586936	0.663054209573	0.921520733456	1.22903881747	2.29393608536	3.30172169548	4.52698626569	5.22995790701	
0.0980416413639	0.132095178208	0.398314669561	0.574206358278	0.881683301138	1.21018676592	2.37082561198	3.16596649485	4.53914134665	5.55870594558	
0.0834942494003	0.142025616177	0.365881429165	0.617565601255	0.896981985787	1.32727611306	1.82678202961	3.26574738601	4.1415479128	6.79248392026	
0.101501466613	0.1584315426	0.370546030681	0.612076817386	0.847163475633	1.26151470793	2.15325318163	3.43537728794	3.62438470347	5.70053790552	
0.118421221079	0.157188413275	0.43843054928	0.561957302893	0.887414763856	1.56824286481	2.28405687641	3.21932501278	3.93186788583	6.69411117734	
0.125102281475	0.126422007176	0.43333752769	0.571901931441	0.898987415453	1.46855844672	1.89081249498	3.23793000539	3.77493586749	6.28564949387	
0.12233722038	0.140407027663	0.373587753145	0.592831309436	1.02174157924	1.48799684877	2.34787439223	3.08547351606	4.69510605217	3.97931656024	
0.10667462572	0.131733109368	0.367551432503	0.644715066519	0.787143645566	1.58578889015	2.12327446557	3.72226253304	4.09372012843	4.91232736539	
0.0997105328466	0.158806141018	0.405495603675	0.531870711844	0.778909124479	1.38533767173	2.26103545795	3.40138070418	5.20745685141	5.77592687915	
0.0815510356178	0.167949996574	0.387417421936	0.61693127463	1.00133940647	1.61070103342	2.14505070341	3.63237928083	4.74846131886	5.60665056522	
0.0976676152783	0.159251160351	0.353064658959	0.653187546128	0.944711065579	1.48457140819	2.45970864456	3.36588423521	4.53213533426	5.95044692214	
0.0986534304022	0.154684490463	0.431806273396	0.56329342438	0.866066486104	1.61376070501	2.02827840793	3.32023083156	4.23369114083	4.99230932499	
0.101982251933	0.16672751841	0.377641915632	0.511100486205	0.940143564224	1.32189895142	1.5868064071	3.22371279044	4.73295788725	6.70662328688	
0.1175685474	0.159764035161	0.415475561527	0.522926072995	1.08082979954	1.61123250596	2.07107017073	3.47153954072	4.76148068255	6.88212810633	
0.0984889222784	0.138806510434	0.361380061953	0.653807759002	0.751452051857	1.00141849819	2.3422635365	3.33931177585	4.50830850134	5.21667202321	
0.082901102354	0.140482063748	0.393744413776	0.564854657234	1.01370931862	1.29356951409	2.03834080927	3.47854034277	4.33038824258	5.80359002381	
0.0935651154635	0.137565888888	0.393458739448	0.629022377679	0.951124804692	1.34188574441	2.10667924152	3.76867880461	3.86051248031	7.13153476826	
0.100997198461	0.14729810415	0.416228376874	0.475964035856	1.05836972044	1.69565479354	2.3839141665	2.5667572551	4.84387550901	6.98759913481	
0.115427487877	0.128878661292	0.418621559601	0.707734224167	0.932740311834	1.22226372514	2.32816030744	3.59250383981	4.43735632605	5.28556592648	
0.10981872084	0.138467867016	0.395099175608	0.693489981301	0.775731776983	1.55981025171	2.10558486348	3.19128768271	4.73144239554	5.53716958115	
0.0882498086307	0.12323707842	0.426806982958	0.577699668893	0.983004458349	1.36064041329	1.90022149177	3.46200159823	4.64758315818	5.85786050761	
0.103018960634	0.135592731656	0.420302791433	0.677543678312	1.00061532513	1.37680603645	2.16275956086	3.75987184564	5.07652479793	7.19632145431	
0.0921948114669	0.13694681574	0.385106070928	0.624413745438	0.916767107649	1.37427512682	2.42248996431	3.22051207057	3.95315486194	5.34018654784	
0.102470643251	0.195039787274	0.342914137738	0.58110755588	1.1536468441	1.36074785563	2.24792408087	3.85967098484	4.07183459359	5.81444386679	
0.0951563406637	0.127231569555	0.439635905936	0.564875739692	0.848509152149	1.36644595401	2.34969875211	3.28669039953	4.14375016256	6.24548990695	
0.108125946977	0.149643531181	0.371079084703	0.660952556303	0.913335772074	1.6599713854	1.9871085025	2.99620312363	4.09329144896	5.85669212599	
0.100025040614	0.130115461356	0.383676776181	0.633921251237	0.793709285404	1.35547248603	2.27200943164	2.89593873859	4.35780966514	6.65291014136	
0.117951827631	0.156598728169	0.373568375139	0.569916118762	1.01470013119	1.59207711507	1.90136630362	3.54588871518	4.22682916422	5.48426653563	
0.0984635579645	0.164874198638	0.391757402344	0.616939899887	0.962777073822	1.49687509667	2.12545748823	3.45536384875	4.20314301181	6.39060459057	
0.108569853478	0.160487048919	0.408539095604	0.627891938414	1.03913019113	1.10515922889	2.33355538088	3.89202369633	4.22014703627	5.55976208498	
0.11286319013	0.136098909908	0.354664476122	0.610196911182	0.855697537456	1.55512850379	1.97997754371	3.367205838	4.62801710835	6.99833284345	
0.111653018663	0.142057086878	0.331949288554	0.650278130519	0.869234652368	1.38199822648	1.92213704664	3.47067887751	4.2090780976	5.97897498702	
