8	66
0	1	1	1	0	1	1	1	1	1	
0.163271915219	0.362651312658	0.606734856485	1.58156554558	2.21038619533	3.52862347222	4.27245134345	4.88010123334	
0.159123425886	0.327919323534	0.678396102431	1.55408725182	2.42138076611	3.43498934689	4.33848526238	6.44674451339	
0.155609690455	0.419930249216	0.621715274177	1.35107777496	2.16602033011	3.64265614701	3.83659650401	6.24487880657	
0.15253747605	0.409746516759	0.507160417104	1.6188046913	2.29945321982	3.44290909984	4.69482571739	5.66876583882	
0.14324278282	0.355288866936	0.622950587468	1.46835448893	1.98618851442	3.35459952246	4.63165588839	4.96798080754	
0.123629830599	0.390595996947	0.561524370399	1.23571196846	2.0588934459	3.44677600218	4.9018801471	6.79409283724	
0.142685123469	0.376381795528	0.565375631536	1.12291238723	2.09966109037	3.35114535486	4.76760349834	6.16633795531	
0.130502002004	0.42492182324	0.579637678551	1.49173684379	2.17483298125	2.69989968406	4.81593772309	7.59444485731	
0.143856806199	0.300880370956	0.604119639087	1.35283261709	1.74778289175	3.93249659717	5.20664454777	6.06310365094	
0.129722567638	0.368432452746	0.608923190982	1.42028156871	2.00405641183	2.98400335123	4.90371606307	6.30229595799	
0.149272432892	0.365958007488	0.667451505839	1.29530729523	2.12715045341	3.75806571314	4.49233558786	6.75743791255	
0.153821982411	0.393152788696	0.635625112977	1.55079407822	2.15801231214	3.55811090156	4.89988266	5.78271386061	
0.141385075566	0.396007304352	0.526910989309	1.5133458874	2.13363779695	3.95313248447	4.84233271546	5.84038109642	
0.160958519187	0.368896050307	0.596590383268	1.48316263536	2.23927289407	3.28553734201	3.76350779865	5.67585680808	
0.137270435862	0.446254653568	0.497181984452	1.62137576048	2.61614469563	2.88169873302	3.64829649559	7.37675192417	
0.149572380565	0.365949566621	0.556189745321	1.44770886584	1.88454949634	3.69140953773	5.32241596352	6.03991611011	
0.142624393515	0.414837723901	0.624510104175	1.32018453009	2.19240419365	3.55257712012	3.7712764739	6.734115428	
0.144147427774	0.399273102584	0.584658666755	1.39557365061	2.1611746614	3.70764998846	4.03666495806	5.42210003235	
0.148298868272	0.294881817651	0.562751076223	1.39709585542	2.30996460165	3.58013332266	4.05226650924	6.28815511514	
0.140679846164	0.36128212889	0.598675353051	1.47533286139	2.17697637999	2.840426133	4.69438971225	5.59400105772	
0.162134683917	0.369713279366	0.624279448263	1.36656422502	2.16463461596	3.268562013	4.36501093722	5.77686737739	
0.138158389466	0.393027575234	0.526077937157	1.5962636328	2.45500502051	3.52908645916	3.6379175491	6.12371944476	
0.147981870023	0.372503098013	0.550712919277	1.2360413253	2.46291930423	3.0495618828	4.51294138948	4.99379089332	
0.140713557024	0.361989972902	0.595676557931	1.46397942145	1.84716679836	3.02353816658	5.07779681627	5.49372185995	
0.181998699003	0.418685798215	0.542717545009	1.70475066996	2.16253345904	3.44375934232	4.56854737327	5.77783341185	
0.163657093304	0.380553510852	0.593631581902	1.4455372501	2.08611683941	3.58506121583	4.00907852386	6.50752131055	
0.158539010301	0.409799246775	0.608676099241	1.54144024242	1.92169046794	3.01651269851	4.40651088259	6.66582602536	
0.158597229522	0.399111561297	0.575790521741	1.44409308362	2.06489377964	3.00013307635	4.75382794879	5.82094306943	
0.166986918039	0.30682285073	0.558117571546	1.48585133742	2.2390083512	3.29134884187	4.29125543855	5.2995034378	
0.144915701094	0.381001968263	0.655711924013	1.33242504294	2.03029576175	3.55955672572	4.61704029847	6.0640458386	
0.143910008416	0.397746360032	0.555391538214	1.58851737719	2.2028069909	3.31348895632	4.6829573616	5.37075214502	
0.153433645812	0.404474733513	0.738537717668	1.67029416582	2.19724291651	3.58773632421	4.27306905566	5.87876042826	
0.154704931164	0.366159902417	0.608752297611	1.4438801522	1.99806329063	3.41413204806	4.37930004448	5.25295962429	
0.168649515733	0.343654508041	0.607545404008	1.4691643569	2.00064858978	3.34926119507	4.09759786358	5.61156348393	
0.148066752481	0.393498886925	0.694223100745	1.66649806434	2.17052272683	3.01346996379	4.18257173137	6.87087388747	
0.133813969301	0.363442706217	0.554610705647	1.40672393502	1.9243076914	2.85679812698	4.73479177157	6.39128113754	
0.173586615322	0.374585407596	0.505946072028	1.24821054136	2.24401742557	2.69097682283	4.63912173772	5.64138714389	
0.136077295438	0.423314694212	0.601701080185	1.34409441493	1.97837295925	4.02470495947	4.69837584227	6.13784435861	
0.127412769591	0.400890495947	0.636927815437	1.19470836618	2.16280780662	3.35558959146	4.83259271967	5.76895410419	
0.149069839216	0.380153499097	0.715026400161	1.51502940622	1.69259741973	3.48979672627	4.08604979331	5.40945618062	
0.172611250448	0.352191848952	0.64679222611	1.51707965317	2.1358359194	2.97651708286	4.31304161718	6.52207380797	
0.138790162574	0.341252886849	0.465399818358	1.39286185948	1.79852941788	2.99831663482	4.49799883686	5.7445497291	
0.138146473132	0.355071092371	0.596893799459	1.46274597825	2.53528253081	2.90659179707	4.70916330564	6.28962918142	
0.150244693993	0.389693055942	0.583088916185	1.55248366679	2.32154832649	3.08753182881	4.17908477394	5.19123703733	
0.148101610783	0.42673290979	0.682178908404	1.32191155525	2.2889656724	3.49445780673	4.44466196309	5.90794583278	
0.141063840578	0.382415428312	0.627467134316	1.71161399449	1.8437098213	3.39052298281	4.45876308459	6.76142532082	
0.151384253278	0.354560944139	0.556426295732	1.30748010579	2.01330276493	2.7898824369	4.58028231376	6.01010441608	
0.168664722254	0.365339109322	0.626912710847	1.37872309509	2.09654727049	3.93888105464	3.88623352882	6.27404883442	
0.166331052667	0.3141968337	0.681607441106	1.50136275661	2.24641364638	3.31869965277	4.39224191252	6.09820642174	
0.115878458179	0.338769228204	0.588528256915	1.78195334992	2.05672331381	2.68463512455	4.03282500349	5.15999752737	
0.12434686644	0.333054235388	0.643727158365	1.71968874272	2.15801582869	3.67959066489	4.32327054943	5.71483122332	
0.133520475118	0.306934231574	0.634635567236	1.49280864938	2.3736333608	2.58539536699	4.42834075529	5.11356338005	
0.133335915351	0.307218368194	0.599971718976	1.50004326389	2.33914288495	3.21984104882	5.36761520731	5.97884404622	
0.147017873107	0.355590721984	0.610963287257	1.45541695873	2.07627790546	3.32668037916	4.96770923389	5.86006846	
0.148720906515	0.407564145944	0.679569533516	1.63091326567	2.50414769112	3.45096521432	4.81983271687	5.42844531351	
0.16079695665	0.367937589344	0.565022803832	1.58327270196	2.33451858996	3.28097933965	4.17068512068	6.37669333046	
0.168505954755	0.284483147564	0.565299789485	1.33091860446	2.14562733294	3.58984670643	4.48961477912	6.71729593747	
0.144522863184	0.370162116762	0.488697215389	1.35436040922	2.37296334623	3.30637947379	4.51464755372	5.27275389641	
0.139565770866	0.425185875101	0.59770269549	1.44806747225	2.41504309212	2.94971651176	4.2710049636	5.89517458178	
0.152508687501	0.377994966302	0.563971743378	1.60995409569	1.92243596973	3.20954940423	3.84755815561	5.45684122306	
0.144422217326	0.344816580219	0.629741808779	1.47063078942	2.52317702289	3.69157666015	3.83954621951	5.65577146857	
0.137240512495	0.401859061989	0.575474123083	1.48633367053	2.51330020819	3.76435520258	4.24904125526	5.64092890784	
0.158085517882	0.415546161116	0.453879973479	1.49636214534	2.27900928836	3.10405565482	4.67405014599	5.7508163785	
0.173056184638	0.436841922869	0.686055579307	1.46851145097	2.39739379378	2.96621191859	4.47130102511	5.54040253701	
0.120657613119	0.359224022162	0.676192991768	1.45932935952	2.09030269364	3.60099264577	5.22254677742	6.47588670497	
0.157552831529	0.383860366111	0.627460405135	1.69389766394	2.30441047271	3.79212933242	5.07649790626	5.54296191092	
