9	35
1	1	1	1	0	1	1	1	1	1	
0.087074819668	0.159185932238	0.369389013874	0.619215595868	1.48317011901	2.24421331642	2.73317919955	6.01478772608	6.62780752748	
0.0962624640201	0.142834298582	0.401758591875	0.600507969451	1.42065331987	2.11513338388	2.77312537386	4.75799188806	6.27251422868	
0.088111726414	0.147451584904	0.330124832817	0.638604716966	1.75917499718	2.27648913133	3.62693640328	4.96197147256	6.41966474324	
0.0960193124292	0.144733350561	0.369406878217	0.584950000275	1.16549754253	1.68999976687	3.77721620648	3.95988648467	5.43986954686	
0.100737511331	0.173142176954	0.403809170573	0.581149014896	1.51396866347	2.21713797281	3.01139726314	4.4107425997	6.08014583348	
0.102304962251	0.141571840201	0.371183883133	0.572662367793	1.35583812043	1.96236592965	4.17228998539	4.30026755429	5.8904078784	
0.0860158988102	0.135117484388	0.391860737236	0.523773522162	1.49931051916	2.05722482215	3.23164883873	3.48920617662	6.54431791066	
0.0872983252442	0.14866513122	0.371160741092	0.665129125373	1.56736735645	2.01326907084	3.77376799409	3.89706238114	4.40189980165	
0.101202775548	0.147116367325	0.467385750712	0.674533309783	1.58654025456	2.5733066644	3.5507194688	4.77689079819	5.1288090792	
0.115201009909	0.122197474857	0.377608686587	0.56999471192	1.31573579056	2.26513894023	3.41654117414	3.5259771567	4.40623897063	
0.0907946058141	0.167027448572	0.346055474759	0.621520109971	1.43629419249	2.60962690966	3.24239544032	4.8260275722	5.89106564735	
0.0943645656061	0.126015572977	0.334068040059	0.535326820734	1.35281899889	2.24514839401	3.66886575337	4.62288084511	6.06633765277	
0.0959187923965	0.146579509546	0.400362490134	0.492243248085	1.77192744315	2.0001106601	3.334733498	4.50931554804	6.14883599599	
0.113457468583	0.140342256749	0.408871233408	0.578407733668	1.22997044008	2.1650682554	2.57197676543	4.60761527448	6.56583756903	
0.120096489577	0.149796995372	0.393681595526	0.638153604223	1.44460861141	2.16441131219	3.49925311363	3.81483954518	5.81581713671	
0.0916657297934	0.180574205532	0.361057946984	0.584476470444	1.26222605087	1.93111120668	3.21584256229	4.2732090291	5.82795958921	
0.0876342916203	0.147536104899	0.463606623112	0.588218675548	1.31759484248	1.9682035796	3.64095547412	3.53416426696	5.21970499727	
0.0910889557983	0.129016305598	0.402124818041	0.59554383419	1.45728865045	1.98165955375	3.06077502107	4.27009870279	7.20447768093	
0.0882818431772	0.132370606495	0.445327763011	0.587086316525	1.23764851194	2.18746409363	3.70791108291	4.24674601315	5.53971814023	
0.0946665750558	0.162006434965	0.313424932145	0.611500242417	1.45790870341	2.3317624525	3.67713723909	4.87821346084	6.364556415	
0.0991729093699	0.141821745815	0.444666289137	0.65175628457	1.3478116647	2.17867865238	3.30492943227	4.70715991587	5.49787326654	
0.118282015852	0.113442820062	0.34822243864	0.645057340907	1.39229112145	2.15286311898	3.48900235352	5.13546373451	5.87497916338	
0.101158100715	0.165255898296	0.383455502539	0.603537329123	1.54303191078	2.23494177607	2.70341525468	4.8100744233	6.09196209619	
0.110616213983	0.152399575687	0.357580633669	0.688852657925	1.48786672766	2.23403292652	3.84450377309	4.18001590327	6.78702613439	
0.0933866212798	0.140947232318	0.294782275376	0.575154790414	1.24490899601	2.27012814934	3.13508692418	4.04757402247	6.28581011116	
0.103085602226	0.152972401201	0.347875462236	0.619057313204	1.39857455866	1.89922008228	3.31430213997	4.79668493918	6.71323713718	
0.112887283992	0.164669362054	0.350098848157	0.583536594683	1.5638172396	1.81037743857	2.79946682997	5.07832052059	4.96236757164	
0.0929789490913	0.140009342524	0.380526238589	0.621039139491	1.62912596298	1.87233105274	3.07765135457	4.62630304963	5.10362109558	
0.113727737429	0.165088401539	0.403698698823	0.570915668466	1.37475898006	2.5763166853	3.31056512458	4.50845487972	5.86350251065	
0.113962960512	0.13833349037	0.411640986896	0.666011462212	1.39603670181	2.02123740006	3.17773986914	4.65261326165	5.58250107082	
0.0827099922922	0.151906643161	0.370501175036	0.669795046342	1.34319483358	1.65536279392	3.49977060585	4.3565260008	6.98357092551	
0.0961741161339	0.147634037167	0.359936014211	0.507271109191	1.37792114223	1.76531038527	3.22449282175	4.99258361553	5.63779720758	
0.0896850151722	0.150133951546	0.393728970503	0.579171702101	1.24492995499	2.18549140463	2.6086656287	5.1349842563	7.06168606921	
0.0814422145413	0.149092231465	0.396056885795	0.561796226198	1.29996821963	2.56029985701	3.26872427535	4.15771424143	5.63276288069	
0.105968558459	0.15719783545	0.333600696289	0.566019280906	1.47952917098	2.41420239383	3.49396499955	4.20689624701	6.25043873882	
