9	22
1	1	1	1	1	1	1	1	0	1	
0.101026296294	0.147645014391	0.353002032455	0.603753147729	1.00960638855	1.58899999615	1.81994545504	3.13272007717	6.57661512744	
0.115960410345	0.137741045203	0.432376271311	0.518994223066	1.03679046437	1.38970884449	2.48600700211	3.09918985472	5.81406556394	
0.098666073708	0.126944247679	0.313026038511	0.630609251582	1.0219269983	1.51688358291	1.88039524295	3.40606134215	5.40587761578	
0.104076527082	0.166969487178	0.393963740427	0.688112034135	0.916051165164	1.39901914705	2.16448052902	2.81364164777	5.75822935463	
0.0968486683026	0.145740000851	0.390195064352	0.511180252811	0.823457899501	1.59188595232	1.71844163183	3.45032059738	5.77586419152	
0.101601224817	0.17337148178	0.375015054137	0.63752328033	0.935446727994	1.41435920773	2.09986731096	3.47784396326	5.56103888033	
0.0886797681145	0.151117124601	0.387325792136	0.490550510076	0.929024669139	1.25455660027	2.2847712681	2.66380242183	7.15504549792	
0.0966180158336	0.137025570773	0.369247046506	0.633376251518	1.0128137183	1.39077348267	1.84068156082	2.85600343157	6.17183261924	
0.109873271295	0.166762128774	0.386387517866	0.658037973971	1.10784847724	1.60021972292	2.3482381488	2.9878689155	6.57757177226	
0.104612324779	0.159759684426	0.4279220386	0.621513470902	0.920463191248	1.2770091895	2.08624899171	3.31917698683	6.16657160411	
0.102438762987	0.164392647896	0.412883858608	0.596274705513	0.851204624007	1.48482018496	2.63296257274	3.35440390197	5.82244562858	
0.105358361525	0.158936043881	0.402216722815	0.682372811703	0.965906644997	1.61953394966	2.19950033445	3.74156193694	6.72404111744	
0.109217994116	0.161837786036	0.467457671729	0.66459705532	0.85101351857	1.46516377886	2.09308589483	3.92095480296	6.75086253576	
0.120319510246	0.138600082076	0.421863637785	0.518128261018	0.781931692925	1.37323527306	2.47516065456	2.92740011169	5.98991289191	
0.111888428682	0.162696197417	0.464215089991	0.600202319533	0.888928452349	1.27348920541	2.07088001287	2.89133033826	4.92213283205	
0.119633925813	0.150733601989	0.478475741107	0.5496426938	0.890120799391	1.31912223132	2.01223744603	3.53392121687	6.33979437976	
0.108754094254	0.170134073882	0.422079491678	0.539490615333	0.881284873579	1.44737204184	2.95148416912	3.50103004619	6.06401328504	
0.106732747217	0.140953289184	0.389972169418	0.657279731089	0.927303401338	1.32181288467	2.13325707867	3.14613760221	5.1857235482	
0.0942844783981	0.129107808205	0.333001794161	0.531543330728	1.01867097074	1.64295060406	1.81974286944	3.76355969154	5.32404349622	
0.10746880094	0.153878378561	0.404162358699	0.530055416831	0.761450772711	1.31518409735	2.24177675974	3.88599385703	5.38216584139	
0.0990116251335	0.138763812022	0.379345405054	0.484152878338	1.06931803019	1.43343715919	2.34719061776	3.17453434241	6.11437684568	
0.111288724926	0.151975752346	0.386372840316	0.552363537442	0.880298608764	1.28516736379	1.99132621848	3.6566494609	7.085165586	
