7	56
1	0	1	1	0	1	1	1	1	0	
0.111411625948	0.444362719833	0.591674580845	1.56072170063	2.17287891475	2.82282303545	4.18019610534	
0.100026256714	0.442117585061	0.551855763182	1.5419318986	2.44520090734	3.39750947519	5.72231045192	
0.109524224347	0.416055749267	0.464454550044	1.48965189779	1.97373808093	3.39758000717	4.45222539246	
0.108515547674	0.383479037114	0.62167447314	1.11679677572	2.2745936955	3.47315953831	3.57219216528	
0.100437069646	0.408989686839	0.52934385916	1.44593626254	2.45326862361	3.08305453525	4.02778891724	
0.105499970563	0.420060913123	0.5461392449	1.6080273505	1.93605731182	3.19610099703	3.83763378277	
0.101363050541	0.365080768653	0.585009528167	1.72873558936	2.17526421169	3.47945189981	4.95795094421	
0.073987259289	0.360469577133	0.687034141498	1.66819640184	2.28954893362	2.97507097697	5.20242717407	
0.106989917143	0.312159841083	0.625912962425	1.46596106543	1.84084411594	3.23502816586	4.75131829875	
0.10297316644	0.421629990996	0.608448236589	1.38182235491	2.00263933625	3.65248112636	4.68643429153	
0.100798089508	0.317024723291	0.553439982847	1.20091033883	2.44272983206	3.19219073853	4.53963287172	
0.106108654309	0.307438267654	0.60720554274	1.35416205923	2.1579883107	3.16180726252	4.29791605999	
0.0988928958581	0.335163786489	0.587847038044	1.17120156776	1.69895875017	3.5859869881	4.4154196368	
0.0910524418862	0.377209019858	0.637285870634	1.22230215509	2.33714096145	3.61876222401	4.06510787797	
0.101752614891	0.35793285851	0.55004379184	1.26535280289	1.64300191786	3.11858464747	4.9891250975	
0.09129568536	0.363725534415	0.665186927987	1.44248125371	2.1061331668	3.55908932791	4.6067816157	
0.0917921958549	0.368208407753	0.610271700289	1.50707694389	1.89594853881	3.38990823997	4.3780792181	
0.0917828492809	0.434691252463	0.51704097333	1.62595373146	1.96044291527	3.57543422136	5.12524196769	
0.102899788685	0.415698059879	0.616265164427	1.31262642434	1.63723873829	3.65098138517	4.74112257558	
0.0929492778095	0.393137945478	0.607663100692	1.41949831385	2.02188670491	2.38097611383	4.36301350261	
0.103966384415	0.304822579655	0.560339165947	1.29952391826	2.23116662265	3.6697233514	4.26722731549	
0.111763844754	0.327687087372	0.592313731471	1.70508491949	2.38337786935	3.37406793762	4.86243912151	
0.118046749305	0.357833159823	0.63516472396	1.39870161991	2.36398801594	3.13732100639	4.28943359223	
0.104719812468	0.382815541253	0.525257264291	1.40712593248	2.43898223378	3.11047762229	4.69846517641	
0.0768773756123	0.334878900604	0.617791058102	1.34499756155	2.27504219941	3.32301611603	3.65699862106	
0.100191896813	0.418094634308	0.503046211664	1.42608559459	2.45991972384	3.31474064149	3.95201884513	
0.106581921924	0.384515022897	0.615608237441	1.37784329821	2.2308311159	3.54885725599	4.3872935838	
0.0949972394866	0.378616276753	0.69878941713	1.39036073711	2.29196205121	3.3460391444	4.85396617042	
0.0972792459812	0.376115519098	0.702162447676	1.59472113322	2.08395533027	3.49626858876	4.41020889752	
0.0932903630586	0.310782631249	0.557618318513	1.35419457484	1.89557300401	2.96359210693	4.55600860963	
0.0998844103809	0.487317949964	0.496143958241	1.44430562097	2.30289594639	3.64249049764	4.52502374237	
0.104041349664	0.315438963255	0.460050717491	1.38424586594	2.08174544607	3.64113561235	4.47878007082	
0.0909745084918	0.399228610745	0.521143780836	1.68945400714	1.76708172808	3.72899250335	4.29583155959	
0.0984239159164	0.351232822245	0.590396292644	1.2224258724	1.89589013214	3.72307531122	4.87752184805	
0.112680749931	0.360882567544	0.689315645481	1.53296147125	2.14218848302	3.82784424329	4.35352425934	
0.0977612774469	0.41167577667	0.67739314493	1.4402179101	2.45486923489	3.17754500945	4.74738097535	
0.104589126851	0.428480703578	0.500865934643	1.10041393192	2.45113080566	3.14503499262	3.425834849	
0.0963479651519	0.359171677726	0.528409018965	1.35555269531	2.23785056896	3.46956621131	4.47228081216	
0.0977184054219	0.408629309925	0.636965658302	1.42653557392	2.23800810207	2.91865593096	4.64090642402	
0.103080450053	0.430227607697	0.54232950374	1.46921989172	1.77189602082	2.85019384065	4.17425504737	
0.0920896932229	0.379063587147	0.614666988838	1.46451659297	2.22328626989	3.30243573811	4.22487474587	
0.0816436004973	0.366789111741	0.541374819232	1.77599401382	2.18243512083	3.49545633409	4.57366967859	
0.105044993913	0.369284279929	0.556015765986	1.41114368503	2.41434008532	3.02964360462	4.80349128427	
0.103789337628	0.378492347184	0.681892064245	1.44327089439	1.96574247754	3.11912304698	4.2577982195	
0.0979144246366	0.349364567209	0.619884205113	1.38092704713	2.27081137244	3.03375663322	4.33720309088	
0.107073956588	0.371130489381	0.574313066569	1.4305989498	2.3439831077	3.15389601616	5.48711477163	
0.0972447019322	0.415022076926	0.575269318015	1.52962747485	2.40819399907	3.41257428281	4.99191316569	
0.0989611581556	0.375124916653	0.619855566819	1.4376712226	2.06869377046	2.80635769564	4.71454992604	
0.0967576893447	0.319715609091	0.609793931956	1.27608147531	1.86063370329	3.29655742905	4.60064369602	
0.114298758674	0.3357846396	0.621230549108	1.4588181473	2.40795962822	2.78674582691	4.90579919689	
0.0875300760652	0.362992879465	0.601778411957	1.56755851321	2.26993485875	3.55916503932	4.8119116278	
0.102326024733	0.388299434615	0.551745823598	1.39403568577	1.96232125497	2.99763580192	4.49651780609	
0.0934580101499	0.414025024932	0.566533472616	1.51145626322	2.12328833525	2.96197646251	3.55619426489	
0.097067110905	0.435029786408	0.556880952004	1.44371724705	2.3855754193	3.16573195208	4.35077882666	
0.118587211547	0.335983487502	0.581022650085	1.51806815906	1.68417179052	3.34760713388	4.9814865593	
0.0969178604688	0.341944129812	0.531325047275	1.34053560174	1.98590080817	3.93516482111	3.68179121303	
