5	75
1	1	0	0	1	0	0	1	0	1	
0.102986590405	0.135209242647	0.885265741141	3.22368952752	4.78950674526	
0.110556660863	0.136100215588	0.820639372084	3.31899789979	6.60132772445	
0.0989100209707	0.134140216286	0.930706343672	2.3889260949	5.1596266846	
0.102683561929	0.131014292827	0.914554665193	2.68141884534	5.84921458336	
0.103039713364	0.137651576337	0.99815406406	3.20885680606	5.6756016346	
0.0811340586144	0.115772946272	0.953177051686	3.57120036599	6.18729976329	
0.111883034856	0.131505068922	1.07821775679	3.00838992652	6.1810491513	
0.100879863263	0.139909772999	0.919581362956	2.63996174742	5.33364537046	
0.103273503051	0.156219817914	0.922735759803	3.66487434517	6.31898182041	
0.0944193998756	0.116248881722	0.966485015855	2.97706325484	6.39219383328	
0.0990673012256	0.146910840936	0.870604938963	3.69894418457	6.57851733113	
0.0996970929637	0.165366117842	0.960185131976	2.93381393899	5.48065295108	
0.0906976702251	0.13406597656	1.11781025744	2.90694601988	5.12781857901	
0.103627369929	0.145739411705	0.930646505088	3.35765621761	5.5841674879	
0.0993458428727	0.142587104226	0.88922506961	3.35730141311	4.55620392655	
0.0981756345259	0.160360737108	0.934324552625	3.28698060279	5.76652627771	
0.106900920342	0.150417002863	0.968957016539	3.41771827024	6.28047350303	
0.0977438011123	0.156297946617	0.991962809338	3.50529198843	5.96556651205	
0.102456937525	0.166735123701	0.979870658277	2.91403429096	6.10861601875	
0.0867700065963	0.161599728661	0.892108654919	3.42754062634	6.13708530461	
0.0955915039858	0.140755509833	0.900063877822	3.02257865391	5.56460132114	
0.10750060591	0.152536056919	0.746844795185	2.97016926265	6.650165257	
0.0931756358075	0.158950405491	0.974540457397	2.97576818061	6.00289265101	
0.0935763862449	0.151985083465	0.971285703236	3.73393225569	5.74151270639	
0.103592104586	0.141910612911	1.02807537079	3.62237364158	5.9449778509	
0.102331545471	0.145215907375	0.854415552338	2.85126880201	6.04161261938	
0.0998114587666	0.145360656662	0.812295338913	3.44792155389	6.65079025632	
0.0910185603238	0.126984431537	1.0487719408	3.26369073799	5.52717034606	
0.118590431003	0.156477551244	1.19997984048	2.83729617402	6.34246371859	
0.10745267601	0.148869785009	0.896233872975	3.01827748207	5.0761422723	
0.113639392509	0.142807933776	0.924642553346	3.25691151119	5.64681860817	
0.106699403829	0.15369787661	1.0886226254	3.27772681791	6.35970931107	
0.101885899504	0.159100743134	0.919631114124	3.41562044134	5.93420894158	
0.0963524010561	0.132112207708	1.06912483605	2.88791316246	5.79838003748	
0.0971721845345	0.138189246959	0.976512282722	3.19532001056	6.16831962377	
0.0909183577208	0.16056952299	0.922716255022	3.88735603276	7.00793393104	
0.106201065662	0.150847119086	0.845004354927	3.63602449802	5.1046004285	
0.0937410099922	0.147536674593	0.906871124024	3.75364052725	6.03045949663	
0.091990726858	0.138975201091	1.11062793051	3.34333112099	5.86856965555	
0.114151927038	0.157784715934	0.903987870711	3.07116233603	5.27630548473	
0.104043610729	0.161136332092	0.900916477952	2.91081141307	6.58093489363	
0.0937259597815	0.152719310512	1.00696497576	3.71693175271	6.2859384955	
0.109041567555	0.124032075768	0.958827147063	2.83617712656	6.48267222647	
0.117664282403	0.133075729389	0.923290951126	3.17264623675	5.68033382735	
0.100684762003	0.182557108905	0.931757318429	3.22608416242	6.63084588124	
0.0873865917758	0.146397622424	0.984154573575	3.2290329489	6.00632381173	
0.108129653456	0.172085824135	1.1113821978	2.90606218019	4.95274106695	
0.0964756487732	0.161846800754	0.804351201096	3.23867610633	5.30552669189	
0.116122361076	0.178864948082	0.938753610672	3.5497421186	6.20664103924	
0.105154530842	0.155104358886	0.965682855312	3.64868826172	6.43710956657	
0.103462169497	0.133367369893	0.984439214084	3.08246741635	6.83610060263	
0.105909480809	0.153647052165	0.929992944661	3.27726881239	5.51415123914	
0.0968949024418	0.153677388121	1.0257125274	3.03495507889	5.68158491241	
0.103805645964	0.136830128076	0.928508447962	3.00031350169	5.78997435302	
0.106346838265	0.125752763526	1.1067561207	3.57869503878	5.50677535207	
0.0915742422555	0.162625313151	1.02062457346	3.45124421668	6.02930912194	
0.117229062982	0.134861287675	0.785893249382	3.80194657696	6.60610540972	
0.102395721971	0.154234569524	0.923630550599	3.35382301019	4.69877596391	
0.0909256656824	0.130713620326	0.868776584723	3.39794411842	6.37299750943	
0.094922110672	0.154224233091	1.02849046487	3.16058250621	7.15324895999	
0.110270597484	0.158532752443	1.0205489707	3.1453867667	7.07727417463	
0.0725039910053	0.149884977567	0.943607607575	3.37561680257	6.43934978563	
0.107001313379	0.151776433776	0.955793411819	3.29066105038	5.96526760996	
0.10812665285	0.161898930473	0.866473733703	3.3500121239	6.28739009876	
0.107753068752	0.176617959843	0.935534504299	2.94773854431	5.72216101292	
0.112437560086	0.180506893375	0.977380874779	3.0558077391	6.08169888065	
0.103846928324	0.157713864499	0.898870963894	3.03681375895	5.20782716575	
0.107556820222	0.168703485908	0.933215023808	3.34312776945	6.80491362413	
0.108035400038	0.149719521847	0.98276548692	3.10432347822	6.57311963926	
0.108881033811	0.152746286354	0.707255437364	2.97248836975	6.90711810728	
0.0978570467026	0.172975513628	0.991519421913	3.48934059706	6.63544895453	
0.107802176846	0.145868367141	1.03628612357	3.47361797807	5.34824996309	
0.0858869159168	0.159150063944	0.799593360572	3.16551016433	5.98638770761	
0.10226214718	0.173005893362	0.840438308261	3.70339159626	5.60801840008	
0.105244992489	0.169856153786	0.786761378288	3.14840230867	5.46580550417	
