10	44
1	1	1	1	1	1	1	1	1	1	
0.0908992249923	0.179854933698	0.372485820506	0.626014964009	1.00776395762	1.43756732061	2.18345175022	2.54918162843	5.24089227622	5.14989758705	
0.118115332569	0.14304950099	0.370131954062	0.662636481137	0.728808842553	1.51106018236	2.43606758688	2.97176439542	4.82717392783	6.06238496751	
0.120194182358	0.157106577222	0.457882342444	0.536796099889	1.06476665335	1.44694039322	2.18737780592	3.0029976722	4.6767753319	6.84883519201	
0.0773921399336	0.185358748776	0.476587825411	0.742404535751	0.827422755102	1.40040720457	2.09112141808	3.30964976198	4.96218717706	7.15367923965	
0.0982941286107	0.14405282534	0.329273590691	0.535904259636	0.886557999749	1.30837447651	2.36270493903	2.99176973781	3.47034439994	6.08113007159	
0.109617757098	0.12215867542	0.370631651018	0.536241708785	0.966623633486	1.65957303865	2.3031298072	3.28849338029	4.87052056722	6.56412876238	
0.100620778436	0.154850474559	0.405928691182	0.484665104258	1.00511238447	1.26125890594	2.35302634209	2.83888839061	4.10236600725	4.98664822054	
0.10891567244	0.129599791354	0.391057982133	0.59679686144	1.19692935128	1.52496466438	2.21222597176	2.92903957549	4.13200817141	5.76657100082	
0.0838008435667	0.148997593477	0.370256761187	0.675040486368	1.020349737	1.41167399029	2.03536407654	3.52130635054	4.53888828687	6.65687036457	
0.106977241551	0.14200376088	0.366969216338	0.513754947482	0.954662481485	1.46162725539	2.16233926836	2.92371855503	4.77146360033	5.77491326454	
0.093540016801	0.142622493192	0.435022353623	0.528561304356	0.918918574503	1.37805606388	2.15007879187	3.32372889166	4.37394932718	5.77277231105	
0.0966388495572	0.161627648382	0.311274680611	0.517542535404	0.890876142528	1.35842489851	2.24724266878	3.4281454385	4.57147411502	5.43897635208	
0.0969247807789	0.153183044039	0.348694580883	0.546587259792	0.921732656773	1.43492575832	2.15313434194	2.94732466641	4.91091006454	5.65289081081	
0.103521181394	0.12889378089	0.397339480168	0.549157686997	0.906218747261	1.28736143957	2.30574076884	3.24281954344	4.71234919643	6.27633836509	
0.0963250648988	0.123768188816	0.396531404519	0.60239288482	0.803309621102	1.23515265204	2.13746421673	3.50282113508	3.72481217963	5.64979556309	
0.0927568830822	0.139178685391	0.389573505976	0.700103874377	0.955921878457	1.28886539131	2.42885840737	3.16577288885	4.64366884062	7.16180156402	
0.107018876871	0.133540956741	0.323896300736	0.468504541239	0.972637638915	1.2428882063	2.31430918367	3.19284785163	5.12598949998	6.17586644214	
0.102325654075	0.160108227878	0.403946704768	0.535742742503	1.05739010405	1.42348847895	1.99328254575	2.56800739245	3.94850817038	5.19329499394	
0.0831670207663	0.105594173246	0.389267849034	0.562482951399	0.90423954256	1.40016755845	2.2564178498	3.46444609056	4.78072726356	5.94576201501	
0.10587961875	0.150787705665	0.411012815686	0.581525289336	0.95981929127	1.50015232007	1.97532027644	3.27227128303	5.38994523173	4.01000887272	
0.107706446538	0.136430138457	0.36367969373	0.530126923647	0.94286419529	1.57149216511	2.20948046745	2.98786880632	4.40326105964	4.87371709064	
0.0949963696621	0.14924591585	0.372152261176	0.622318101208	1.02994880303	1.65795754789	2.23551484793	3.4179111285	3.78452628357	6.99078840277	
0.101601100787	0.164306306209	0.342242675273	0.550177066882	0.82441812886	1.35385957837	1.89597021247	3.18387825087	4.82959527794	7.41674991554	
0.0922886919826	0.147020059112	0.399191474102	0.673733684808	0.978276040693	1.5883690368	1.92596184578	3.12455815435	4.04251326398	6.18219406445	
0.0963501653898	0.135905342494	0.488895176121	0.566486988011	0.945581148194	1.79812104135	1.87855843212	3.07452523107	4.47990128886	6.55344818989	
0.0967434122134	0.161175986604	0.370000773436	0.639369123394	0.773728937815	1.4135327438	2.18138907225	3.53628924939	4.39360411429	5.82560344575	
0.0956382048399	0.140786128993	0.398411372149	0.626306239971	0.926498493393	1.28025051793	2.19021593624	3.45604443683	4.83784539437	6.22425751686	
0.0977848208434	0.153205178415	0.390293181211	0.525487736782	1.05531132261	1.13662866034	2.09107808136	3.6475573737	4.84119753318	6.1744162374	
0.0867835673043	0.170425137012	0.345501966093	0.653184781526	1.03866378631	1.0686121474	2.10970874908	3.19788778116	3.84555469571	6.00991754369	
0.0933211951008	0.160129868526	0.367845489734	0.683652334002	0.917089883322	1.27473074083	2.26578097333	3.45109366526	3.8152254086	5.36233614524	
0.0931590129156	0.141685878173	0.361797015309	0.62741981151	0.783922064476	1.34106350498	1.84909459318	3.12473454451	4.55582279942	5.9453855816	
0.100797304622	0.160459810435	0.421643716895	0.500775014131	1.13945186918	1.30992857048	2.23475242026	2.80477836852	4.5512069627	6.683733208	
0.103165939921	0.149649425294	0.380789185785	0.542685229991	1.07825747508	1.55243387977	2.32969267878	3.42575329615	3.76767463957	6.00362013549	
0.109796043753	0.145026936403	0.406590092357	0.540522272961	0.914664654032	1.6037497514	2.01966112175	3.46238725533	4.55274624057	6.04460163424	
0.0881030301169	0.142176506571	0.422819148792	0.57192416245	0.846542795978	1.16409641701	2.39850885736	3.49167563213	4.95919535242	6.41305738796	
0.114760191753	0.148910036574	0.391595918312	0.660475567777	1.07213204761	1.49923218019	1.96183111935	3.83435269545	4.508580295	6.89772331999	
0.0955498325338	0.159044783395	0.383938479758	0.525852348881	0.921168308336	1.50201434517	2.28419874444	3.22574281211	4.48634051135	5.23225721567	
0.109797338145	0.137752549636	0.378193967115	0.550253390248	0.836249494466	1.38739543861	2.03123288879	2.97198514789	4.00189195977	5.76631921381	
0.119596521959	0.153583600262	0.431104782913	0.704799558515	0.787870811662	1.45295595261	1.6915437735	3.27212174132	4.02652716179	6.11889326282	
0.0913952276912	0.146801643383	0.402623764198	0.710398891869	0.762204002691	1.54817775529	2.28601188956	3.32820794628	4.15745285273	6.4429683098	
0.0985681816348	0.136592104548	0.380448592064	0.623967930685	1.03456391882	1.24409835086	2.39640755392	3.06199741107	4.51257645823	6.36646977606	
0.107645779163	0.152584289782	0.389167271398	0.549576834379	0.903675028165	1.53254708765	2.18435906803	3.29824654794	4.22677836084	5.81969050441	
0.0961862312893	0.135094324861	0.379741235574	0.551441757618	1.04964454511	1.60212458793	2.42655509201	3.49010653456	3.56843131701	5.33595592039	
0.0992052915108	0.162205786511	0.451316505894	0.715291418363	0.929222660141	1.54188940163	2.50586426209	2.85151661542	4.77800030476	5.9498971208	
