6	39
1	0	1	1	0	1	1	1	0	0	
0.107651276382	0.413691695045	0.584342701489	1.25549111771	2.05907496152	3.05865022317	
0.0878361979303	0.367704462394	0.534354495371	1.39883238878	2.04131737119	2.87458966614	
0.117330257564	0.400670879776	0.564399818625	1.53076532681	1.90506077305	3.24905244434	
0.0980122947098	0.36394499271	0.554283629434	1.53531078813	2.50969167603	3.09347028655	
0.0973606886549	0.447828303001	0.642154068754	1.59537594015	2.11990566158	3.30126963114	
0.0970450068448	0.443873044289	0.611597155939	1.38363022634	2.52253691383	2.7247086184	
0.092710304639	0.373459976188	0.608114268031	1.34245841876	2.34637160068	3.67508227726	
0.0913679008022	0.381127718887	0.604460370658	1.35801368357	2.14841819819	3.07246376357	
0.0914136884028	0.411200437073	0.700538126694	1.23089532332	2.24308200912	2.54547934164	
0.110751261247	0.410959361775	0.716071947306	1.53934941343	2.52876194381	3.28266775785	
0.118400240734	0.343868048582	0.625928671697	1.59643946597	2.13079892117	3.48772516789	
0.0957143120117	0.351687599823	0.571790350579	1.42332469849	2.23848478814	2.8818622525	
0.105575408689	0.379111706304	0.552091295683	1.41613198708	2.63025313705	3.3685384266	
0.107689920528	0.338338318256	0.475691384663	1.36655363723	2.19672243726	3.16200841352	
0.0939281589712	0.399545798054	0.567029344398	1.28076392728	2.18155376173	3.19273426684	
0.112324651801	0.317707987916	0.593742619135	1.2046975882	1.95763442113	3.69737381974	
0.0920250957749	0.320237983579	0.581065654823	1.43606921701	2.16047417435	3.35855173344	
0.115542413002	0.396743820065	0.562239050042	1.45349165383	1.76122480763	3.17135164956	
0.113089832005	0.431966948821	0.66002005117	1.35701681869	2.32152896529	3.0356534183	
0.0835151775873	0.465855156422	0.602703396677	1.62144079559	2.42653050576	3.26076211295	
0.0978960339632	0.362018881114	0.648263495654	1.49738862255	2.2076047693	3.32164679675	
0.0972253091312	0.414469617877	0.495980385905	1.57929748325	2.01621559262	3.5882843328	
0.0983282371912	0.368219954036	0.635142233309	1.45070259577	2.47925415809	3.15663989948	
0.11004970244	0.340443506744	0.545833431553	1.67243301962	1.90702721381	3.2562186472	
0.109376452902	0.415401217193	0.552138741047	1.22334138349	1.93480317963	2.81312645124	
0.0997414727348	0.371409608795	0.606421487574	1.36410188836	2.17469483519	3.46420153881	
0.108167216406	0.291439231812	0.626915711979	1.42261493533	2.08245951141	2.94405740498	
0.100372809565	0.375736086132	0.67028116605	1.33444576721	2.02659373115	2.85393067552	
0.0935306773603	0.295680883365	0.593145086037	1.52074890353	2.19131068287	3.64920920144	
0.113096019021	0.310083341795	0.580789825357	1.05386784068	2.2191889166	2.76808393175	
0.117423505909	0.426393096347	0.555966228336	1.44221434244	2.24147590738	2.82973396782	
0.108736258871	0.421713051712	0.553586514461	1.56045941415	1.92975547239	3.4324863418	
0.097339318923	0.360767004916	0.615528041457	1.59314292825	2.05280355091	3.3318189609	
0.107356669139	0.368840329747	0.560191944716	1.30566879509	1.93567129882	3.06073988807	
0.117950903326	0.308376778585	0.62762659942	1.42611190191	2.02084271952	3.04911010073	
0.0971256892426	0.367637138289	0.598792431453	1.68276333802	1.8373518224	2.72669390671	
0.0887351507794	0.317448183622	0.647541213411	1.30077443582	2.08996176409	3.8976465539	
0.0881960392188	0.421702829309	0.617958354597	1.28749970492	1.77321807257	3.24132043187	
0.107036459593	0.422131353308	0.666254444447	1.23754414386	2.61816350938	2.87209990164	
