10	67
1	1	1	1	1	1	1	1	1	1	
0.097143937796	0.150476730742	0.434761059083	0.696742096891	0.941101655379	1.1636995984	2.01375969767	2.99161132025	4.54714544873	5.75720251549	
0.0975091174233	0.130956104115	0.379687784125	0.503492575572	0.950745941887	1.55229284523	2.14993787462	3.38808132627	4.62736000334	5.49513905832	
0.112196035035	0.152763713856	0.440417396247	0.518811774921	0.857373678683	1.44016878202	2.4036247849	3.30498349417	4.20177093844	5.17153685308	
0.104572076676	0.133019851912	0.373834503615	0.453189019026	0.849941487846	1.58701229701	2.00599184121	2.76416817828	4.3117876858	5.91587025341	
0.0997386259022	0.171733152454	0.368836376347	0.535094626175	0.89694680354	1.24565991513	2.14122518773	3.09762855448	4.09256095346	5.62892104558	
0.101468596565	0.153657960167	0.418882800744	0.505141845976	1.05310078686	1.35516957717	2.36174959678	3.22098752588	3.75297323553	6.58772165271	
0.112897164157	0.149508536833	0.31251608215	0.632289143887	0.765872262312	1.50225136726	1.65260591103	3.11177314891	4.92425561183	5.69543781515	
0.0984860688703	0.133169288755	0.352584093153	0.580259370753	0.92237017324	1.47453390938	2.28280293881	3.4184194957	4.63582313471	6.75506411359	
0.101277975414	0.175143355015	0.36037721519	0.525014236926	1.01956841382	1.14301652761	2.00821838059	3.47505991679	4.95746862468	6.49851881468	
0.0859993312136	0.155359074382	0.382212576777	0.633761876276	0.902438434375	1.56874681798	2.11469977969	2.6895581093	5.11675333925	5.62704919127	
0.0950124936342	0.159344589767	0.386765612905	0.563327127762	0.939127368182	1.43440159052	2.57939131088	3.56130492052	4.65501477634	4.66147076403	
0.11673145004	0.130334339462	0.335744433453	0.600680788687	0.964134887498	1.2162614984	1.91114633032	3.28799974563	4.66545036353	5.92305811309	
0.0921447038296	0.142968196024	0.415895761568	0.574376974123	0.859059881891	1.23633201021	2.06146540799	3.62106993624	4.54311562884	6.4395039215	
0.100184860183	0.146357859619	0.386362480731	0.607254253817	0.857360797018	1.32618621025	2.31365883263	3.07310962142	4.729295156	5.61236938022	
0.10141089935	0.139511467873	0.308473042478	0.647604319941	0.982691894715	1.03693419793	2.00586119911	3.39699794827	4.44326806967	6.28239611424	
0.0932604764673	0.136813996347	0.413961842914	0.613835633287	0.803241078571	1.57264678408	2.23958163099	3.17395905958	4.53904415666	5.55033114297	
0.0872116196084	0.148367624641	0.377200871482	0.573643526859	1.04023957771	1.62940334137	1.26731465034	3.4406868016	3.73224975549	6.0465386898	
0.105622692985	0.174387390637	0.374190861904	0.62184047148	0.751394307725	1.51213061943	2.18629612646	2.66408123584	4.11248192472	4.97883470121	
0.0926459809286	0.167944189052	0.406198320145	0.576024311251	0.995176986469	1.33005129291	2.05157152204	3.67606689549	3.81334968039	4.92060010185	
0.13277152946	0.141852601854	0.383113578315	0.583200540277	0.902469692517	1.44045436715	1.80951797099	3.21148445527	4.59318459485	5.25858474249	
0.100479041723	0.167274557794	0.397089085454	0.589507853244	1.07584526276	1.34114030277	2.36076285576	2.74970700575	4.46698853812	5.70698056937	
0.0897947748277	0.162022914597	0.381553445085	0.541760657071	0.954893301419	1.71308985517	1.85780597086	3.48306209148	4.05067023465	6.62463097886	
0.0928860704966	0.149699956674	0.364546675308	0.53229707727	0.894009168852	1.46730791229	2.13642423141	2.94838565805	4.41073632181	6.30719847822	
0.0763745126938	0.149994312841	0.435919179885	0.581701205493	0.945994963513	1.66358358536	2.02612283937	3.59446156131	3.45995923698	5.40527240976	
0.104656146064	0.12932571189	0.390039765156	0.499912761618	1.04858368847	1.52092850291	1.99602303389	3.48010656993	3.68797720052	6.37969395365	
0.0988371826212	0.157882778224	0.36116363064	0.671577730338	0.897023365443	1.3905649383	1.89081885986	2.91638133183	4.67897419896	6.06553698549	
0.1140327598	0.149036349579	0.412498679257	0.542271450834	0.787124536385	1.53314727598	2.42359375736	3.21652651731	5.09765690858	6.64118974656	
0.0950519284991	0.13555843534	0.346229741552	0.649960435618	0.844389485267	1.45973016027	2.22545963117	2.70999183954	4.43329729614	6.05588708932	
0.0982692267295	0.148166301062	0.485863293292	0.559618980279	1.02104710644	1.63836368458	1.90696006308	3.41842851978	4.40983363597	6.34210142707	
0.0992446586777	0.123406903849	0.388620024523	0.623156857658	0.882728320863	1.20662162211	2.23820730065	3.28172716091	4.45279128529	6.45884941831	
0.0989259286324	0.146906867258	0.380313435317	0.479488784301	0.950179881246	1.38111219819	2.26660833981	3.39634586431	4.37651156957	6.74488680887	
0.0907008283458	0.15856748904	0.369385650315	0.62643498942	1.01112709662	1.52565399388	2.2395782733	2.41334157495	4.15389440964	6.2931121219	
0.105337175874	0.120499231303	0.337766913864	0.633527247285	0.992518817387	1.14912921221	1.81238190081	3.36588880132	4.72029928896	6.58272888745	
0.0886341385257	0.143697488761	0.382499857907	0.595065089	0.821456167085	1.46726290434	1.80261526613	3.07383022793	4.75995638998	5.8903039789	
0.0924955128054	0.154269233133	0.378944092606	0.671585483205	0.857357408799	1.4654728561	1.80707560886	3.38801307193	4.61161632219	5.67651951951	
0.0870738902897	0.164191710399	0.275278184229	0.603724348242	0.86883569273	1.48992926016	2.38990543529	3.21597283496	4.63155875716	5.66346808861	
0.0879680079425	0.139856920099	0.459572501635	0.611670645048	0.804193494136	1.6004569307	2.03313999017	3.33898477461	4.50693006274	6.31342891407	
0.102178140828	0.15580777263	0.394385167035	0.626427581865	0.874570055516	1.61118119146	2.25141410721	3.08064595268	4.01752912817	5.40819935748	
0.112109330617	0.139098371567	0.407873086627	0.612690473076	0.983063610234	1.2788810908	1.98733029751	2.86785463177	5.24968493222	6.26787677254	
0.0832574819255	0.13528627882	0.34561049199	0.593144931725	0.877220125399	1.58700272332	2.22758200048	2.97152380631	4.68360562482	5.46441247073	
0.0813403876894	0.160047363284	0.365762133975	0.641950300982	0.857229544559	1.27799420283	1.88517154786	3.24515764328	4.46907621747	5.88898810659	
0.114314231488	0.155629365026	0.324275974346	0.606348712781	0.901634610717	1.18534946784	2.32992498024	3.07546051669	3.64680649825	6.41033250408	
0.100681922655	0.15570518554	0.392223403103	0.601079780585	0.942337691088	1.51846180894	2.12489899305	3.28795041111	4.35895366733	6.33875065119	
0.0985619860936	0.146483101837	0.443028160863	0.549755012726	1.09089919359	1.34842873272	2.0296094506	3.44040993095	4.53764328033	5.68006345616	
0.0922355658894	0.146444897889	0.394167536322	0.613598042336	0.980796119184	1.52072627033	2.15491972476	3.41716937484	5.45565458242	6.54437076086	
0.106122894847	0.147314973843	0.374763066624	0.6164857212	0.910717382744	1.70057533281	2.15379610852	3.39460152447	4.08254555561	5.09721317253	
0.0765987848157	0.165794913286	0.426214107671	0.663569148244	0.785095516241	1.5819512918	1.87464118502	3.53841726064	4.307678848	6.90993567435	
0.0904586561964	0.149187761534	0.360420112366	0.648099446102	0.959553602173	1.56884712136	1.74813342754	3.27456250418	4.66760776993	6.18419659596	
0.0928683367711	0.137599042226	0.397846051598	0.570258370343	0.897757371402	1.52812790044	1.78123977922	3.71468972713	3.94050521657	5.67278115715	
0.104892503594	0.155921200697	0.382719805842	0.53684826657	0.99639872375	1.33636364873	2.16838338428	3.58963099717	3.66504475907	5.46552895029	
0.0952412904287	0.145207023787	0.395732303325	0.614842511935	0.985737252492	1.45195213877	2.41313702413	3.02116889564	4.55370218961	6.04472389111	
0.114787850367	0.167052532082	0.347376762904	0.544112555844	0.964831846437	1.50568885994	2.09077441382	3.08914887926	5.37955202572	5.96736149743	
0.0993994526012	0.142272169375	0.33522789957	0.509081051547	0.769916058914	1.85427140831	2.2763102397	2.74948868269	5.03251649733	6.46164816306	
0.0988900690769	0.137143956063	0.37057333586	0.546456814114	0.924028197898	1.64954648342	1.88754174423	2.99389157537	4.79181258597	6.78126466364	
0.0965397217563	0.174209694289	0.356294500192	0.712228036496	1.03453686198	1.46105400294	2.47345119455	3.00641746762	4.60153909601	6.56111206065	
0.0998061362432	0.152695981381	0.390360576636	0.672886738434	0.809815488353	1.02143342799	2.56704958613	3.1191907632	4.93845237095	4.82369294309	
0.085311706922	0.168568738849	0.365806477172	0.581197800808	0.857902996558	1.52871912551	2.09674277301	3.47706456237	4.69478039878	5.90723844149	
0.0765444790511	0.118855096614	0.405548952571	0.586252661729	0.97442381966	1.43724782534	2.35928450718	3.00123557731	4.46250774529	5.10191426629	
0.102088576221	0.155794955188	0.397688969487	0.609224452405	1.03113646314	1.50993823758	1.86322230813	3.44596764844	4.42495763244	6.506247019	
0.0962771944293	0.143519226352	0.448969333349	0.55650025884	1.08462324256	1.39429584295	2.50499156994	2.79416703096	4.4424175091	6.13121046099	
0.100864895317	0.147773150833	0.407310747151	0.604195757754	0.99610429303	1.36191080193	2.21891789642	4.0312710185	4.51220846459	6.34650106695	
0.104148858919	0.174261167893	0.351159890298	0.594110984826	0.969140860507	1.37207109242	2.27990104428	3.70518591113	5.12346120921	5.47021155882	
0.105570849829	0.18155940046	0.380769537344	0.540768536932	0.985329481715	1.39385755424	2.45697632705	3.3397161842	4.52838863226	7.16800626889	
0.100917656703	0.135261758958	0.414363334658	0.573978712743	1.04339127153	1.61489517979	2.52127564974	2.60105063689	4.14541534484	6.79329446057	
0.0863321591603	0.137717942164	0.378614822046	0.660650946627	0.830046025697	1.27893261359	2.09754476974	3.21504036132	4.6225707941	6.32949550244	
0.0972419227954	0.162238724062	0.379831874369	0.558491119963	0.889424682461	1.40366147536	1.86637388548	2.86983511979	3.80437782683	5.54338758371	
0.0867502869027	0.161047176356	0.387345065624	0.593748155755	0.893432034333	1.58258945887	2.02432618477	3.77251968012	4.26346800026	5.81444766893	
