10	62
1	1	1	1	1	1	1	1	1	1	
0.112303667139	0.145000921762	0.361660026558	0.646632813046	0.9393456689	1.3656174582	2.19918668158	2.83532080092	4.36162381308	5.42284691649	
0.100240460568	0.148160454892	0.414062305336	0.49581611821	0.872908832068	1.67112798458	2.29682425237	2.90177188507	4.40058550157	6.01455461795	
0.105397555507	0.161608213888	0.375145221862	0.584297209076	0.95344764265	1.49428522173	2.20043813334	3.06103458639	3.9222943501	6.21768216909	
0.0814145760622	0.154924675343	0.372067875609	0.53175698553	0.909894534461	1.54138813138	2.19004186696	3.29176572412	4.07803556629	5.24616656313	
0.107883171853	0.142773972608	0.34821635702	0.565056925434	0.959530032277	1.41451535753	2.18246058341	3.24393812522	5.03983782798	5.4586997324	
0.0910803884602	0.155141274174	0.350926680528	0.653393924598	0.889144746957	1.39119732839	2.24433803146	3.16911818591	4.18477811899	5.88515620845	
0.115780562624	0.141108601248	0.401891273888	0.549542385088	1.07979754245	1.39836055449	2.33941438654	2.91644873764	4.20306388076	6.70315691921	
0.105085085388	0.162072884241	0.375126317779	0.601690022239	0.951841879968	1.1782556105	2.22140136923	3.57124758532	4.71476632938	6.28538603609	
0.0912152645949	0.161039925234	0.330122754695	0.509361962655	1.0562202772	1.22398920002	2.07058664526	4.49353293109	3.5825904597	5.71559042192	
0.109835193069	0.13727002628	0.350939750328	0.604406705125	0.924960002635	1.39767915744	2.188160345	3.44173926708	4.47992741443	6.31549879629	
0.125619030852	0.159798669716	0.339613840229	0.593786813481	0.908012246665	1.62308339128	2.20941172188	3.48753645226	4.95136772681	5.48432267871	
0.0968686049219	0.170887621444	0.485822674598	0.632695140801	0.885923382341	1.28047714678	2.00399511214	3.21487029641	4.46803838606	6.13288754945	
0.103158408341	0.164308236546	0.39610931688	0.627158522983	1.02079818604	1.4022873972	1.94989630937	3.71711794812	4.52115137915	6.1178711263	
0.1046222444	0.151472621345	0.421976855272	0.595083066406	1.00121922316	1.52053639698	1.99930780262	3.43946340976	4.25464313493	5.28883181368	
0.0918782001521	0.147691647614	0.373081640278	0.640183137497	0.855915473341	1.33829425791	2.31599241511	3.22892899132	4.01478032969	6.8924575905	
0.0904623212452	0.150136328826	0.356611770981	0.601061342006	0.630614254372	1.62076103803	1.9352322693	2.75304300367	4.63234064669	6.50841984041	
0.116300929582	0.168244882724	0.328533549139	0.55963750148	0.994890094836	1.44266029497	2.44252296164	3.42606901652	4.53475364615	5.73073626444	
0.0911723695512	0.158210322171	0.282914918441	0.632059189042	0.945214395532	1.50424025371	1.63692729042	3.73312055713	4.53003993961	5.39997980269	
0.112599269324	0.165727268099	0.338357461832	0.728059865013	0.960295227534	1.29957640678	2.04424890856	3.22363159809	4.03440040901	5.58997790074	
0.0894513280002	0.170323226734	0.327459572451	0.608909667836	0.992198534974	1.50465761176	2.09726419675	3.38884250427	4.69953599243	6.28744963962	
0.096405216536	0.143306209164	0.400276447473	0.58841238304	0.948960776354	1.42220275464	2.49607489439	3.34915006653	5.04234517304	5.39645648339	
0.129859921589	0.145705344179	0.38580065633	0.579835890547	0.810984589901	1.40984133967	2.11842748685	3.03577573243	4.7375191753	6.48999040486	
0.101595089365	0.153454827	0.39251691514	0.620634474745	0.870040441153	1.28004225815	2.21822304759	2.98106363739	4.76623262061	4.6281046748	
0.0884823518682	0.169726308251	0.43667628882	0.533924240638	1.01055406006	1.34754047046	2.15689349077	3.21092217466	3.12565704252	6.17604747736	
0.0910319967166	0.146248105288	0.440849916425	0.614923702557	0.904864790674	1.24974499584	2.13582802443	3.18606278458	5.3860897753	6.02519433278	
0.0802155848676	0.12274598045	0.355257602478	0.571898937982	1.04427767281	1.46116586534	2.19602627448	3.17265794349	4.3210212763	5.89559145065	
0.109474104736	0.129222771343	0.38784696802	0.548924626509	0.94965577207	1.3325763696	2.22440178987	3.82247871397	4.25462125328	5.34088386211	
0.1086185288	0.152236523188	0.316745182442	0.583012990658	0.941523534334	1.40810163539	2.47900402871	3.04187905641	5.08323215514	5.92391630386	
0.0916880786372	0.136230098723	0.402227367488	0.590286466162	0.890072715197	1.44180595495	2.01838247679	2.95411175115	5.40062832624	6.53119425515	
0.0942742164118	0.180813697437	0.442896304435	0.663847539731	1.06532162219	1.427481802	2.31114092025	2.88992612733	5.14939231034	5.90524722461	
0.0939278512863	0.173655901899	0.366773533711	0.529499764299	1.09261322606	1.3524409759	2.07976652168	3.31550045498	3.79884650977	5.83282912155	
0.102057189851	0.146549220719	0.346083885621	0.573373088369	0.90589590649	1.42815348379	2.05246135198	3.29811926319	4.96480575572	5.82568733039	
0.10621004951	0.144911789839	0.36572151761	0.611915114215	0.827942803165	1.28496976279	2.01105728184	3.08244035584	4.3405878367	5.81027783965	
0.106331774771	0.151722712213	0.397917270923	0.598591354111	0.922766962963	1.43773309566	2.23109561577	2.85948930241	4.41775848548	6.60451329524	
0.117085601065	0.135358387459	0.324824410518	0.475011926622	0.977319144212	1.32851507466	2.03764084073	3.58712651667	4.67629925883	5.69907753045	
0.0889812875439	0.126620560062	0.349417259924	0.569537038746	0.944126908234	1.39828835926	2.10644486728	3.28968315562	4.0116383836	7.39297006725	
0.11238171754	0.147676629581	0.406154313329	0.580143199343	0.740636003739	1.34821959674	2.18741128368	2.9181214977	5.07957156743	5.19960993486	
0.119192468858	0.152103347459	0.366253102318	0.733670880369	0.999382194296	1.44329041401	2.03900557215	2.9026129218	3.94258474444	6.69425522485	
0.10645513144	0.147037006057	0.327295669869	0.5513448779	0.893864906202	1.47442855508	2.09146844642	2.49583321803	4.54446775294	6.2557549183	
0.107134965362	0.141233558242	0.350303655549	0.633699791574	0.886767963632	1.34606722484	1.98293361216	3.1945974448	4.95911092319	6.81986358676	
0.100355016541	0.147403233209	0.34319591015	0.71966620792	0.930079772826	1.59197139881	2.41874390186	2.86344347123	4.76608373684	5.96268128447	
0.101732709908	0.128813945275	0.378394199238	0.596533960707	0.808125008764	1.64446227021	2.27259337314	3.12941591025	4.68118947118	5.46115721507	
0.101965722925	0.134687646965	0.384216384654	0.728758263015	0.95460696319	1.37314901259	1.97937000624	2.8216413895	3.987191295	4.11071510263	
0.101856894406	0.160321439185	0.293233165944	0.579160348169	0.990071103705	1.51361524606	2.00290355019	3.81003770047	4.91460856209	5.53289627077	
0.108155456763	0.153933653351	0.384574520377	0.587478352303	1.04279322055	1.48533043989	2.22637692915	3.81290183856	4.60086169708	6.04447945336	
0.102201266584	0.153587684841	0.357223142082	0.65371326631	0.921076584159	1.53337901281	2.23671253989	3.37068225987	4.71628662715	5.39565303065	
0.106499824667	0.149763541033	0.369884606534	0.606528778379	0.885017124453	1.55388019754	1.89702854345	3.82029195802	4.43600557409	5.64200742624	
0.108370864772	0.145682000932	0.348069233109	0.550297633614	0.933752139507	1.51270180635	2.37584816223	3.32009353381	4.74875591454	5.66214699585	
0.089190872957	0.157837692853	0.378900484564	0.533651235042	0.910384353851	1.35848933	1.99313303423	2.76614513703	4.01279616047	5.43312338758	
0.0988832778325	0.173374718616	0.439579684276	0.649049853704	0.942719580818	1.53886304412	2.13801893972	3.20587075409	4.61329790376	6.218465977	
0.107817141333	0.167111708948	0.381185491279	0.589141699461	0.905420121644	1.39112343472	1.91637500501	3.14099105758	4.2452688555	6.02720471225	
0.0962770976009	0.135647548139	0.401101985198	0.633499605129	0.896733087016	1.31734837284	2.21091966779	3.3245805718	4.34757488318	6.85033883717	
0.112406172765	0.129253122781	0.398206751083	0.58146700331	0.900907293041	1.29962229483	2.09997599968	3.27802426079	4.03180075846	5.03561404319	
0.105339945935	0.157651045879	0.39297686571	0.598580832769	1.06708535064	1.49585701857	2.37001307411	3.27769022178	4.03468843676	5.98171949205	
0.0917256054498	0.144908932352	0.404357852745	0.65654112207	0.872250100886	1.42444016617	2.1888407721	3.25119890499	4.35339916222	5.4835967324	
0.109300632402	0.163483403114	0.304141874353	0.655081972403	0.991182252136	1.31173063187	2.50422650322	2.64790316641	4.08955540882	5.97813877476	
0.11122058641	0.150931428511	0.37061877846	0.606045982394	0.849025104889	1.19676122341	1.9116436963	3.44449875745	3.58777157896	5.57632902829	
0.117815464241	0.169489198741	0.410163955808	0.576304649342	1.01650243592	1.53828003046	2.03470634362	3.0827349475	4.9495684641	6.02702159755	
0.0875566350303	0.164278095611	0.402395719653	0.590038281682	0.876161969104	1.39295059398	2.05666415593	2.69896287611	4.00738892742	6.18263174226	
0.105094776251	0.171894829982	0.417887914876	0.528080191673	0.914927974873	1.39171456876	2.25559275358	3.34349809986	4.8219997902	5.75965669931	
0.0923985749889	0.162379336885	0.327740199917	0.521474543675	0.826461058192	1.55681466601	2.08634241073	3.00832666647	4.87435561287	4.71439008182	
0.0871766847744	0.15448758679	0.367565249008	0.582683423146	0.829596570834	1.4719374474	1.90781918262	3.97748464665	4.51706129202	6.73621460232	
