9	74
1	1	1	1	1	1	0	1	1	1	
0.0990039580158	0.135544059156	0.43768298366	0.609945174789	0.965678358661	1.48376264297	3.15013053672	4.42326201125	5.02014792464	
0.0953378150907	0.137394674432	0.38732117566	0.580585441787	0.863167449791	1.50023350117	3.2907091631	4.47386596862	5.37611181225	
0.109000030073	0.165058414041	0.381221246487	0.600555747713	1.00133163967	1.418800011	3.90393308932	4.42729815681	6.15358493189	
0.103433113417	0.190359232537	0.349971385141	0.548303764891	0.857892989455	1.467791734	3.08232558332	4.58475232624	6.95799409229	
0.1066366636	0.150827543022	0.442625850023	0.677199362778	1.17604352287	1.41577700933	3.42165990088	4.7527024246	6.28348576239	
0.103488074262	0.149630865358	0.384363509338	0.738622117206	0.997490702005	1.17921751862	3.41583990516	4.29365967308	5.9243621306	
0.0978419838523	0.156285180049	0.40775212352	0.580766438733	1.07440550338	1.41702003439	3.14690380431	4.72378299849	6.31702634815	
0.104099761184	0.156745356305	0.372917972399	0.694230555119	0.7692632746	1.46425811774	2.87576514198	4.57829519092	6.9123996141	
0.0902101347702	0.144741956169	0.361605909555	0.489186289316	1.02071333569	1.50249092879	3.1991420651	4.07167539425	6.20750957991	
0.0944497019599	0.141635090523	0.334145256282	0.663898976799	0.976872581616	1.52078810409	3.50142565706	4.68285804838	6.54381923907	
0.101166274862	0.181823779399	0.397038184323	0.641141199978	0.823135760185	1.27032063592	3.54276352237	4.64513483805	6.83336190694	
0.0980434572783	0.142255863338	0.340525059648	0.603933573563	0.897308291756	1.42494576969	3.08639590239	4.29069380954	6.27876980302	
0.100548525767	0.15007276984	0.35657833871	0.534249503693	0.992724663786	1.58161798663	2.89484542539	4.37197923812	7.09193685648	
0.107457113547	0.1297758234	0.385448064442	0.615259855366	0.942157449699	1.1546042327	3.63257952984	3.90473777361	6.53758581664	
0.0904124157352	0.140252014446	0.340825864364	0.531786988088	0.876651691846	1.55485937948	3.39715298006	4.089408493	6.74705292579	
0.0912029990577	0.139744843023	0.364884856522	0.605391311254	0.990159835435	1.55618642288	2.77779402196	4.05337221464	5.95860597929	
0.101870073867	0.125079581099	0.41378580576	0.559380556095	1.08220836724	1.44396095397	3.69010936609	5.11511431982	5.95443644126	
0.111130425336	0.159060816507	0.371605045134	0.578628146512	0.891974748014	1.44259038244	2.86788045725	4.46962715386	5.4895405553	
0.0694731225906	0.163773412318	0.39382175667	0.62651853508	0.810591348232	1.49921012982	3.16327433829	4.52881558868	5.83049982974	
0.112515582714	0.167461259919	0.398144369259	0.547778628446	0.902590079883	1.49533280044	2.86463617527	5.37888117822	4.62695272372	
0.118407200539	0.154507380715	0.401916961817	0.670872984522	0.845929995095	1.37274255315	3.402210929	4.43071023861	5.99921646565	
0.103791742993	0.126566457891	0.353437590828	0.512656718964	0.854834552511	1.44553852857	3.28917087183	4.19563606039	7.10075210493	
0.113128096728	0.14200434597	0.39474659501	0.568426378051	0.946482459432	1.57120734051	3.23766174728	4.21524585281	5.63972440985	
0.103806539445	0.168120173805	0.370295874561	0.506993870231	0.957809956639	1.23940007688	3.12084631527	5.32042940363	6.52395976106	
0.0961620570308	0.156506204485	0.399633905122	0.602647177706	0.944451795488	1.36814071483	3.16050044946	4.55327528906	5.12792446454	
0.0987267597079	0.160199853651	0.346315296605	0.691167987451	1.03536050471	1.50260104552	3.28819015187	4.25163828409	6.02669701165	
0.0999482073195	0.141987531962	0.361112668261	0.510111745514	0.79670406985	1.4434583559	2.79897181907	4.53508297659	6.22185543838	
0.0911670415639	0.163406830552	0.4153874457	0.591338167562	0.811487435539	1.3641677187	2.56976152932	4.94658551279	6.11461875302	
0.0778304496641	0.175348116247	0.376188420533	0.543430534264	0.976299785471	1.21213962156	2.77113259268	4.03667062363	5.11644809082	
0.113083002712	0.165237767247	0.419469509212	0.529798725744	1.06507791013	1.44829161331	3.82524313192	4.59623548023	6.6175486643	
0.116186172859	0.162667984928	0.366210460199	0.656652515127	1.01186353372	1.26938441194	3.20401199387	4.78114346176	6.99641471582	
0.101531969785	0.178359861059	0.365882596301	0.606930796163	0.891770937997	1.38623731156	3.43281394031	4.21138797671	5.49937564026	
0.0980011748707	0.161041299479	0.480318094711	0.610602278773	0.98648232084	1.43389489855	3.22238856362	4.49659065197	6.60893860624	
0.0918478559132	0.143341448749	0.366142039495	0.642786692957	0.979446853063	1.51166192059	3.02422802164	4.56627198691	6.77337016764	
0.103079901977	0.160010971465	0.421066416876	0.542639071659	1.00902894583	1.15784402606	3.15351676248	4.3850246265	6.07983756191	
0.0957141496731	0.139793193103	0.373507685389	0.635874701691	1.00184364942	1.32800619586	2.9947714608	4.04045014417	5.63024620287	
0.0865288377986	0.128784605209	0.445052026393	0.601648683595	1.01772681565	1.41038259085	3.12943482296	4.87821956781	6.2531385713	
0.102590089474	0.123507286137	0.321732596979	0.601234824554	1.01718789318	1.53234085608	2.90708342127	3.96539745173	5.93065808542	
0.0894507311499	0.153128751016	0.399838593498	0.641964959483	0.801724611673	1.47681301205	3.48642095636	4.57817108207	6.54495665038	
0.0977693569181	0.164876686871	0.394725784433	0.583292547399	0.963809697799	1.69721530169	2.55019665232	4.47053197151	5.27511097307	
0.0993227373223	0.166682985296	0.458152663612	0.561094476684	0.828699860983	1.39393905993	3.29192731802	4.57857545251	5.92175911819	
0.103930948954	0.163773403766	0.36058696131	0.601253754318	0.934551455546	1.68214099489	3.40444907923	4.09601273079	4.35117004876	
0.109653577645	0.167298767157	0.415271744951	0.565492400315	1.03680233402	1.06920203403	2.78326863974	4.09001317974	4.56933631756	
0.102893170846	0.169308342454	0.453499549691	0.510285125989	1.00808948026	1.41196291013	2.6298436478	4.80903380747	5.89274384099	
0.0841700823824	0.140895952737	0.317087336109	0.597417040894	1.04654296239	1.68362157088	3.18532393897	4.9398393045	5.57520271361	
0.09202640588	0.141756308771	0.365035783499	0.576960588396	0.919325474504	1.46274276806	3.22723153029	4.40648582655	6.51566715229	
0.110833334264	0.162254108196	0.396872766253	0.525303099209	1.05999881554	1.36738930573	3.11747888752	5.46149645253	5.90101146094	
0.10056692401	0.136878063745	0.333665555869	0.584065651544	0.977167214279	1.47603279883	3.06912962355	4.99339708097	6.52632561532	
0.101080931814	0.150201225219	0.370495429285	0.486633375957	0.889340225066	1.42497433262	3.62391121976	5.03190028736	6.55816961579	
0.0970710556115	0.159319162659	0.346377213231	0.567845775493	1.01850088676	1.3456732982	3.22287055725	4.10526610143	5.07258039316	
0.100876974527	0.150719346737	0.353509958745	0.633371646317	0.911510307105	1.76877541334	3.55471510544	4.10566373343	7.13121953214	
0.103263318083	0.140267567775	0.437152266423	0.542707569154	1.02328200305	1.06013879626	3.13057429843	4.44769534167	5.64059229276	
0.127785989303	0.171360473549	0.380294505205	0.70796538663	0.820453156258	1.58324202793	3.48325864154	4.02203719548	5.84010361799	
0.10512507689	0.161877175302	0.322732967994	0.631838860026	0.917275462903	1.43341076406	2.97687869118	4.46027858159	7.23800334345	
0.0975212330287	0.13723400173	0.256222329158	0.653194597722	1.00109307443	1.42773526081	3.13371034539	4.48439068293	6.02816297536	
0.104025080951	0.140148182047	0.351192090954	0.670127062857	0.969226445066	1.31408719601	3.04838157557	4.57267829512	6.10708911659	
0.101066277325	0.13972864255	0.380719229997	0.610609850579	0.824289268426	1.2786768713	3.49314733399	4.152840073	5.77216612769	
0.0992244489886	0.174397115332	0.320344001797	0.5785313152	0.925617642387	1.25161549758	3.31157165412	3.95731031784	6.16588065877	
0.107500954539	0.132307433688	0.384739905441	0.633112722468	1.07092149791	1.25023901916	3.3698499881	4.8974573246	6.66633005429	
0.0897256311357	0.162239731527	0.375959735742	0.597296216923	0.957005298616	1.45262480772	3.46776290246	4.38180512328	4.5295488228	
0.0837560760215	0.133276942521	0.387800128748	0.562107514056	0.886898268962	1.40103118031	3.56115210722	3.38776931274	6.29695074873	
0.0840882568257	0.185020940979	0.394626529921	0.641695674341	0.961987610439	1.42459289871	2.92431758424	5.26947905209	6.73711054401	
0.0966400475367	0.146548214579	0.352430947977	0.530931279853	1.08084065136	1.10158974479	3.1836002032	4.6482398468	5.53275599274	
0.101845946064	0.148326758297	0.35127199573	0.637566994631	1.09258834767	1.35282879393	4.10354404313	4.21353820838	6.13971861729	
0.089329115932	0.149444611281	0.370199609304	0.659549245228	0.975774597703	1.32741205658	3.32440776478	4.20321116513	6.0162935575	
0.108826490044	0.149849496399	0.37802023551	0.537489166099	1.10276027016	1.42378522322	3.26701766268	4.26368446551	5.26971464854	
0.0863385557472	0.151556506117	0.383001893056	0.643219150868	0.781828180754	1.46238188016	3.01746277476	4.85175514358	6.19647191001	
0.104373094545	0.146512211219	0.39806922467	0.612827163519	0.966858347479	1.31009733717	3.03375265651	4.96340409966	5.940215514	
0.0902369022695	0.152521883079	0.412430816465	0.61386462531	0.93289985782	1.68614245912	3.12493405513	5.13350536885	6.9528209718	
0.11172239376	0.165044895044	0.354962472147	0.635258337496	1.04318022248	1.43637659304	3.52844597482	4.25105887746	6.86271508217	
0.102752166384	0.169734231098	0.414612783276	0.651717206111	0.920908047864	1.4332907229	3.24442351079	5.0603511214	6.38207657175	
0.103049661365	0.122164352982	0.407248555713	0.610679387454	0.989447219469	1.36378688872	3.03420822572	4.85579491545	5.59084415485	
0.101988950273	0.165108001504	0.440716101151	0.572334553178	0.902259732219	1.46325832373	3.55190984523	4.7457573267	6.37659452809	
0.0921829466088	0.18080115953	0.435043542191	0.704962693445	0.964627582199	1.41855770297	3.2192146468	4.62364777514	6.51831201559	
