9	91
1	1	0	1	1	1	1	1	1	1	
0.0923098014064	0.169595449022	0.624891711949	0.879503434896	1.55796815978	2.18049336331	3.01876150254	4.62543600782	5.94897873787	
0.113956200445	0.161964628383	0.589497612016	0.978463452049	1.12348434876	2.21724333421	3.29699706254	4.64092548498	4.84561817674	
0.099366788993	0.13858764908	0.471162568324	0.933098799649	1.37376638955	1.99554107685	3.18186330774	4.75700706111	5.65977342788	
0.09499608234	0.146634000412	0.670681938011	0.970806280217	1.29293528514	2.12106627854	2.94485273578	4.85951023091	6.00915547773	
0.100454738346	0.13930330835	0.621255922131	0.919823759243	1.46270331881	2.33965874893	3.19934149819	4.57019022069	4.86882372448	
0.107818365445	0.152576294259	0.396909519581	0.888452994592	1.63095225862	2.12988314167	2.94629435805	4.77735123869	6.19426384322	
0.0957346446496	0.185414485005	0.667878649649	0.937530416896	1.77321844479	2.07223517254	3.1449649004	4.69204522035	6.11544101297	
0.110086693978	0.173962507598	0.717012096543	0.996680772336	1.47702786991	2.23044944241	3.37042589142	4.43983895356	6.29029527127	
0.0856070735178	0.150493935439	0.682737254919	0.891305678908	1.27696591495	2.55182923971	2.85819111381	4.02832843657	6.86152208361	
0.105771286194	0.139351597204	0.643147867871	0.933468704579	1.8115672839	2.20315585678	3.00144586824	4.24463614114	5.53087267443	
0.09574135555	0.157928346099	0.701948580474	0.9340457256	1.3943732057	2.41094177481	3.10071472344	4.78559010766	6.3738555468	
0.100286454061	0.152994208665	0.619567434157	0.965692914022	1.2437709963	1.81367448704	3.14669642599	4.26388790049	6.91351307846	
0.0911157184637	0.140224656295	0.514986645903	0.786921023377	1.45246467424	1.99277457602	2.96538048528	4.86572740286	5.93481779869	
0.096580898571	0.143154800772	0.628665205589	0.772002794704	1.50050736326	2.50235054867	3.15796853672	4.04654055799	6.07114358514	
0.0924285034443	0.133376803171	0.655717917317	0.975915191314	1.22889157881	2.2983783998	3.60891710565	3.97798913566	5.36245414985	
0.104209291783	0.160539699854	0.546338882024	0.843072917968	1.37930114665	2.37174828032	3.3064538158	4.89731135437	5.7094710838	
0.100404552649	0.131827873299	0.661270822828	0.955840776204	1.51431455173	2.64732476563	3.45621622601	4.30964538368	6.1236196829	
0.0996073026207	0.13962479608	0.590138405063	1.01920496631	1.47109185046	2.35253564044	2.97862340439	4.20658465073	5.7794822719	
0.105370993738	0.172546335929	0.551308436332	0.786028971095	1.40361501037	2.28202537461	3.33070333526	4.66366495215	6.30684792995	
0.0979164031004	0.178407762251	0.52223657168	0.778292072441	1.40879537323	2.03613034746	2.52014354549	4.69645309954	6.55060910451	
0.118891270383	0.128044586628	0.682888772414	0.997422203285	1.29378221686	2.03137196468	3.75880240839	4.67658789254	6.09205727407	
0.103656269171	0.158966418611	0.546088050656	0.855853719381	1.61794111133	2.0305194327	3.26997359411	3.39924658188	6.54199553276	
0.0813618826083	0.143626400896	0.675972390135	0.708670363854	1.62071739548	1.890298555	2.98228750954	3.66957995367	6.38327112719	
0.101495028133	0.151859177379	0.634713867711	0.907784671583	1.28177930874	1.98785361929	3.01452363326	3.74242552846	5.53737910115	
0.103520285426	0.155872109901	0.638465893529	0.989360834758	1.3222030865	2.01971028104	3.61657953519	4.28878052108	5.38456728398	
0.100673162134	0.115348380563	0.634768640321	0.961017728745	1.27812466838	1.87736647943	3.11534406078	4.64398203022	7.26876249791	
0.0756127679752	0.136268187526	0.716689604532	0.977637676484	1.53503299876	2.34759014974	3.40863351784	4.34378031567	6.46762479408	
0.0868477961813	0.139217413659	0.618683576831	0.954377279983	1.58868916761	2.40508713516	2.98037280318	4.43727363802	6.33794441863	
0.105627775173	0.14903435849	0.629970010554	0.87021578113	1.40922061679	2.08365399762	3.24598310123	4.58209064085	5.75633432911	
0.0990053579016	0.175946608379	0.577799056413	0.933326896369	1.43928731789	2.24487828962	3.08645733327	4.59165427492	6.97451082187	
0.108484044272	0.171409054775	0.572873235456	0.920544073245	1.43866795455	2.31191012144	3.54129914673	3.29112629974	5.51038107615	
0.0981645357359	0.15620353262	0.473596663997	1.04513408892	1.22869396623	2.15985066561	3.4674822908	3.95887873531	6.2220212864	
0.100026880575	0.160277029263	0.532863666592	1.07029376152	1.63181378194	2.00608334987	3.37018954199	4.61533909124	5.71509271851	
0.105941924078	0.15491612055	0.567535244379	1.06762498967	1.58964886215	2.2315808346	2.8192745056	4.37372182034	6.58063798951	
0.101460987456	0.167297047059	0.657263306308	1.05957718188	1.51676917756	2.31081354586	3.90914281503	5.35424937656	5.3532784515	
0.0911289271076	0.159131637537	0.625408895356	0.962619287142	1.47693118607	1.94333498596	3.60451848943	4.02737791303	5.84576032412	
0.103173109373	0.143454974049	0.621464225929	0.872067447086	1.50904348603	2.24260344808	2.69995912115	4.0845731	6.41407928777	
0.0963767074378	0.172487811619	0.671855821091	0.814423313209	1.68241049218	2.5429144363	3.35251698924	4.52680223666	5.52696436328	
0.110233881917	0.146836807311	0.602534486707	0.970764716406	1.29020106812	2.37474723698	3.07171253814	5.0270367638	6.09481289868	
0.0893321058511	0.15347366417	0.601499839657	0.969031844887	1.35196923699	2.03520135876	3.31961352188	3.95416659689	6.40691317316	
0.107158927077	0.131642893463	0.482391874386	0.725807336797	1.62139765375	2.06698019811	3.19935126358	4.24453947581	6.17289643816	
0.0821966590178	0.155154774043	0.620237327702	0.957085444987	1.01719494022	2.29779901436	3.08339145301	4.1077216624	5.68056465841	
0.104271149043	0.122985326921	0.592695409385	0.901141876176	1.4691467438	2.06134902748	3.8453105719	4.43912402508	5.53796154961	
0.0947660469937	0.128470084852	0.671525634678	0.873177384108	1.40378796867	2.12057280256	3.25700795493	4.74945598857	6.43428520543	
0.0977727895781	0.147118487909	0.601562519859	0.807290375971	1.39475552075	2.048314602	3.38298368701	4.40794575941	5.45333320785	
0.0901258558807	0.129422890949	0.625085208377	0.906502468519	1.45459482356	2.20519803156	3.66199241793	4.87935573849	5.80566897161	
0.0963476625697	0.13854829699	0.701626083032	0.94056682568	1.59981244314	2.04533050941	2.83148377811	4.731323694	8.13813729638	
0.11682724679	0.134945852334	0.571121939306	1.02038300311	1.41942928103	2.43479486924	3.13851017262	5.04254295955	6.1649572554	
0.121251369203	0.167396474484	0.641181554166	0.987731852662	1.40817639257	1.70181204016	3.23831989742	4.7126957706	5.99695050054	
0.093288686474	0.15990065134	0.501105389154	0.915253909068	1.30768073129	1.87471642502	3.29178908982	3.84333220982	6.27130828832	
0.0935272452638	0.162881420828	0.514474152632	1.01233155714	1.41831071533	1.79820681654	2.74927435737	4.01670466112	5.73851987153	
0.102487393959	0.15429272049	0.591757568046	1.17400763137	1.31042122147	1.89051950954	3.1286174597	5.11936421286	6.38271742561	
0.0851005128263	0.13756947075	0.577900226235	0.941036514625	1.52846978856	2.23658347732	3.21209462725	5.00532394032	5.25474889277	
0.100910838158	0.14809283882	0.710352354311	0.958688132535	1.46695376135	2.15119066126	3.43401031886	3.76965669019	6.00593218703	
0.0874878194068	0.137524161586	0.679112346212	0.836905540341	1.14421671252	2.35586672111	2.84522374304	4.53033198318	5.55994081615	
0.11294373439	0.149864588108	0.628928607937	0.953870888404	1.38546832031	1.98796315531	3.44267878871	5.08515032593	5.82954338095	
0.0880753979651	0.148159820994	0.502367007746	0.865046304108	1.3839021669	1.81457050885	2.93840973654	4.23540130295	5.50993268171	
0.108224613188	0.137952943734	0.688433002263	0.797119501088	1.48256678361	2.41363006645	3.39358518907	3.97701117609	5.74726806694	
0.109127757892	0.164677678543	0.543140668177	0.996002194234	1.35998247866	1.81301540518	3.38798441956	4.23724908481	6.40901533412	
0.0887431762294	0.161708628187	0.508506692971	1.03098329534	1.71942231549	2.0695964907	3.14771894259	4.94449580361	5.42724962218	
0.0964222963143	0.16214085757	0.630705399497	0.904374527251	1.18291757148	1.81390005099	3.20123676147	4.25885123459	6.87446559555	
0.100757221838	0.169872681656	0.678160462767	0.690232702693	1.53112362185	2.06589060479	3.12274380581	4.23007169372	6.78406498919	
0.109165269196	0.157973724273	0.558582263817	0.97943768743	1.3602024497	2.36322119231	2.67694677116	4.10197345037	6.1577468414	
0.0998430734291	0.136213113828	0.638820456199	1.00111682605	1.35505074171	2.18606705212	3.48711064976	4.73223478203	5.63155022923	
0.0967534481785	0.175456414204	0.60775047001	0.836824380584	1.52436415743	2.35159177773	3.67427640153	4.80921370111	6.36268719442	
0.117311770265	0.118903238161	0.606059778315	0.870532281351	1.40022753419	2.25932201906	3.64809922018	4.27374037227	6.41244445507	
0.120143334207	0.146015620798	0.581234453022	0.944056278229	1.47888706536	2.17478403595	3.30648840332	4.62552839274	6.41389124347	
0.103763254062	0.123695244316	0.591148224828	0.931667984454	1.38059509382	2.59886453094	3.02857644649	5.06602198629	6.31484914414	
0.106184779816	0.150174274081	0.591874732744	1.05673961503	1.26774949792	2.31742499764	2.8115387211	3.9802615855	6.35941029683	
0.0941735701967	0.152914606095	0.676311676318	0.906632934607	1.59401153679	1.88977119404	2.88663292705	4.61452164644	5.91329929897	
0.102997974102	0.150795194031	0.615857204549	1.06302240234	1.43357552216	1.82101854005	3.41451199209	4.62352738099	6.30975064706	
0.118033792025	0.150730139356	0.651011584412	0.948547673282	1.60076541459	1.88029074141	3.24056756367	4.98806295186	6.54492526735	
0.10366865072	0.154695318342	0.512667398617	1.0119236424	1.42735128207	2.13749100176	3.12280430206	5.11789867839	5.98777614045	
0.109865664436	0.146760926168	0.612033478949	0.920320493104	1.61255961857	2.26748357151	3.04387375888	4.61912208756	6.43360734216	
0.113665944754	0.16485527855	0.717845774931	0.984571696094	1.31326672594	2.17957580676	3.69295535517	4.00248313706	5.70888938825	
0.10683335305	0.144722551058	0.63008717765	1.06729348094	1.58614999693	2.47844022358	3.52483376291	4.64338049411	5.08228090906	
0.0981801162573	0.151648719957	0.617641010875	0.836988494957	1.20623297746	2.12507154017	3.85998662247	4.04145032921	5.71300963961	
0.0952503336469	0.151908223506	0.535473333116	0.784564998153	1.45224617469	2.10130073565	3.49980067936	4.57230741389	5.39530661039	
0.103267749711	0.140448571169	0.537285465611	0.785128429584	1.41805324992	2.16248916833	3.33958123597	4.58253677028	4.99295346602	
0.103006361504	0.152154205226	0.627129387202	0.68271234531	1.55100072182	2.01629611337	3.09814215608	5.20068110143	4.9414567527	
0.0839074930743	0.163641672709	0.565491421901	0.909972709433	1.58595241087	2.36699988006	2.40193876166	4.24482379816	5.39414036168	
0.107941209946	0.157757631855	0.646821516012	0.940203906667	1.48587878067	2.72407584854	3.23088152032	4.96357637099	5.97783124915	
0.0971208451591	0.124748029409	0.582257132941	0.909964522124	1.29183371962	2.34779993147	3.27731371234	4.28174577681	5.4034019002	
0.093178061378	0.142844266913	0.561758345781	1.01804895363	1.18755392679	2.36720574163	3.17386963495	4.48743587279	6.03479405959	
0.0956089077872	0.133237414014	0.62467332703	1.02153575245	1.4219105095	1.97431559006	3.34139683927	4.44805764008	4.55083113806	
0.0928835178071	0.155759419964	0.576258833707	0.776025930399	1.49636623052	2.15216063198	2.89613092426	4.00184261144	5.61586929315	
0.0995409653926	0.144396970292	0.651246370073	0.797212990331	1.39705077583	2.04301878311	3.30405281821	4.83458371094	5.37420807432	
0.095045686914	0.152953436432	0.545739351121	0.964352290411	1.55897918623	1.89341313237	3.57338478379	4.90853748103	5.23063450702	
0.109873180163	0.144713309008	0.685798682966	0.899141645022	1.48463498841	1.87343333317	3.56046398245	3.85249834473	6.4187119728	
0.117097744228	0.179895386732	0.656141492395	0.963475026287	1.5384638836	1.87639305075	3.31733304869	4.63164459093	5.81226101565	
0.100328887042	0.163783578826	0.56406878045	1.03474902946	1.51907270277	1.98789022422	3.00724700581	4.82349264974	6.17397096225	
