5	89
1	0	1	0	1	0	1	0	0	1	
0.085868191049	0.31271642645	1.03217511911	2.52300728074	6.08897970604	
0.101680713224	0.409345477899	0.887086544878	2.29952697765	5.45387121647	
0.104023329699	0.385335452261	0.895409903751	2.24710805315	6.08747837712	
0.117007798954	0.362418952813	1.07736560533	2.01508846191	6.16137433272	
0.0893894173443	0.331917133273	0.936831799661	1.8565452901	5.79485213861	
0.11241913169	0.34280093282	0.973078652448	2.1744829956	4.64278169536	
0.0922716543774	0.412433739546	0.798407804195	2.00542986571	5.98809443842	
0.100995098608	0.432879493072	1.06268295892	2.60627711095	5.89583407824	
0.11370869687	0.383638347749	0.85234382193	2.294876275	6.05940478125	
0.0970164787753	0.394487329552	0.864944296876	1.9947215712	6.09354411984	
0.0835555078121	0.4060651011	1.00620950844	2.21312362687	5.913586874	
0.0922061722621	0.366931997404	0.906599148854	2.22160168274	5.89181707238	
0.113062945791	0.373503141964	0.963995208568	2.09363648086	5.51986833308	
0.10746584929	0.391227929508	0.830348941008	2.26703287436	5.66849024712	
0.0903425879779	0.373704413947	0.808740769471	2.11357100891	6.00991769114	
0.0922541731207	0.321671656093	1.01825417218	2.02510386987	6.18521720362	
0.120627062215	0.367983672887	0.861447641111	1.97813801126	5.28594958657	
0.0981988355687	0.371519751396	0.953566207257	2.6774911239	6.35622651481	
0.119347677397	0.443916160741	0.928002645979	2.20146042475	6.67405542592	
0.109012866697	0.368807001357	0.888543333331	2.11729177483	5.99799667264	
0.10787154015	0.403469773267	0.9627417602	2.4641113097	6.11744865391	
0.104810403041	0.404272637452	0.947094090436	2.05977130189	7.13252385388	
0.126736998677	0.434433125688	0.998781373334	1.81759993857	5.92080282888	
0.10420103507	0.388600846034	0.824019332633	2.31519634541	5.91840244911	
0.089849200303	0.391368720586	1.05726273174	1.844374698	5.96323589418	
0.0966413817593	0.396949543055	1.04605852546	1.97078025424	6.60477772488	
0.0940060782951	0.372438833534	0.859844798709	2.04081913231	6.8106615318	
0.0990681297059	0.363433887131	0.892576345207	2.52673662651	5.96130857367	
0.106766514869	0.353503826258	0.888082155412	2.42259603071	6.21979152271	
0.119922085595	0.364938809812	0.893953735135	1.99725295764	6.60213359655	
0.086291151205	0.351233314171	0.930941514541	2.07663959889	7.01008657847	
0.0974345555811	0.420667870347	0.913854432482	1.76060423378	6.32083107907	
0.0903453364172	0.345404099946	0.975017039108	2.28741931586	4.72833526207	
0.104964124805	0.363454015114	0.918284622647	2.07227349917	6.13117955536	
0.090222983667	0.348427533946	0.970220266652	2.32846865798	6.94676918052	
0.106100057241	0.335065022836	1.01221289478	1.7282613527	6.06700570473	
0.107580012331	0.353797876052	0.900096137884	2.48246078688	5.92463095898	
0.0918172553256	0.40638974157	0.958939587871	2.24931965801	6.12010743279	
0.109282878442	0.426347780665	0.909836232488	2.19871435873	5.27057712487	
0.105716295618	0.400746008385	0.788389466091	2.07591930493	5.20927783271	
0.0837014981357	0.322071006127	0.727689695226	2.1562859521	6.76208135116	
0.0991311520332	0.38807199602	1.13039547444	2.08295052764	6.12913312911	
0.0975095221618	0.364753468019	1.02437238419	2.09555964279	5.45548994352	
0.107501868572	0.354454869222	0.867064770502	2.40457106875	6.09337819315	
0.105868045779	0.435470252046	1.05883920906	2.43200543974	7.53080424599	
0.0977203692897	0.443328737576	0.844767146073	2.28190770121	6.04190302879	
0.104982345292	0.418898938092	0.782864859125	2.27758119049	5.63284642312	
0.12554557913	0.337474230874	0.945642542915	1.87723903689	5.69360911328	
0.0887507319157	0.321726671012	1.00446268366	2.16638663708	5.8079409938	
0.101533800044	0.375306342389	0.995809776353	2.26287143906	6.01543600273	
0.111872814295	0.338396346925	0.837961328829	1.88790398335	6.13460721044	
0.112243279835	0.385015496829	0.986337040949	1.75803345956	5.80608617421	
0.109752728999	0.415717719156	0.974649969318	2.53714198285	5.73088604105	
0.100383085689	0.423877296375	0.982404856942	1.81997779115	5.19661065627	
0.0962885306704	0.384765685334	0.922426374599	2.2834699792	5.71756507896	
0.0999578660569	0.460344693131	0.835692516242	1.97031644988	4.86010477128	
0.0886658935103	0.389326532952	1.08323284125	2.23551373761	6.11805340064	
0.102688945768	0.343679865445	0.860436563093	2.2675122953	6.19634674858	
0.102123369328	0.394319400986	0.811793592139	2.38859302976	6.26519024552	
0.095259145477	0.375817791876	1.01940392801	2.08271864917	5.85962622715	
0.0905088639754	0.345747950861	0.913976255091	2.5084719091	6.09503415265	
0.108927431621	0.392242384335	0.962276010264	2.05867894267	6.26489940177	
0.0871393162063	0.319943913031	0.904532220303	2.09004346573	5.31564999891	
0.112884845391	0.417587853601	1.09376766517	2.03976306504	6.71027769921	
0.107750185534	0.360268981551	0.920871146254	2.52705011374	5.79648902511	
0.0944758328067	0.422963945856	0.900282260842	2.45121378346	7.45246317379	
0.10394241675	0.435458227358	0.898400703299	2.36022931022	6.47155939018	
0.0945884013193	0.351217880999	0.971079166882	2.466520267	5.70612345687	
0.12002213465	0.400079219298	0.88811164638	2.18275190658	5.5214422128	
0.0921933785055	0.43360225927	0.925007167678	2.17220358804	5.50323610675	
0.0972994006981	0.388146637381	0.875065627277	2.3954813667	6.46742527482	
0.0818333422704	0.429823797368	1.02415188408	2.42439586992	6.28179322553	
0.0999672261551	0.410340010242	0.784137822345	2.11874791084	6.79449501503	
0.1088405347	0.374076753655	0.917088848529	2.25641712004	5.59308056145	
0.10192459018	0.386787894605	0.962732227197	2.0101583737	5.46538559874	
0.0970281477688	0.3553955591	0.972768191519	2.13080320569	7.18991735436	
0.103555389022	0.377420935879	0.885874590348	2.53493927757	6.08366448134	
0.107533826466	0.325001937063	1.01855142491	2.38388441207	6.02137234434	
0.100897461645	0.421825641745	0.947171773417	1.8828446179	4.90412338039	
0.10204059756	0.428935606605	0.903933577863	1.73193922019	7.36838708425	
0.089363288741	0.338898341306	1.00828336293	2.27538746748	5.55492127603	
0.117287669781	0.369448933803	0.729770984131	2.09681092099	4.92607414263	
0.109359874323	0.400053297011	0.830749030008	2.02101292029	6.09605682918	
0.0988707739606	0.480318088693	0.988196547711	2.08512929677	6.21366541512	
0.112793512917	0.368908202045	1.06774101295	1.95353645734	6.5102572539	
0.110812064341	0.345129879875	0.885625826127	1.77223985771	5.80644750157	
0.0923094244471	0.348276178216	0.903822711776	2.23262196187	5.98295763572	
0.112214518332	0.329815537242	0.988648763057	2.21651615464	5.69576604538	
0.0886830701101	0.390831309787	0.939955874406	2.08488089682	6.25291244773	
