4	71
0	0	1	0	0	0	1	1	1	0	
0.429412101615	2.36135728678	3.62557947662	4.44672444406	
0.367335352022	2.31688196199	3.18549979088	4.07039528252	
0.419680702248	2.3567696915	2.83085291829	4.15196595494	
0.409368236357	1.74980466621	3.61733085847	4.8805402562	
0.410809378156	1.92169190133	2.96799092974	3.98189391405	
0.390955414764	1.97711248581	3.33804599388	4.06605576631	
0.399411794593	1.86649533471	2.96582885893	4.16019592698	
0.372798843281	2.6448543669	3.3589715866	4.10782513964	
0.326262621488	1.86640029297	2.97694255354	4.74522605702	
0.403972535395	2.13698263235	3.66591343305	4.31597686117	
0.391743361962	2.08998340057	3.20032585102	4.88507928694	
0.381815137795	2.15853905799	3.47090107153	4.69482268763	
0.379501104256	2.16547893443	3.02128033792	4.80789153681	
0.337964470808	2.02008710938	3.73226814109	4.84770776451	
0.393268634273	2.35682752872	3.01990058779	4.09504320643	
0.404337986134	1.92344924237	3.40395759644	4.71757396502	
0.426333784852	1.56101408478	2.98527213587	4.70911128975	
0.391552573172	2.07969847368	3.44536314703	4.07554252931	
0.342944723565	2.25427012876	3.0070058299	4.27741680609	
0.429648869864	2.22890625941	3.69694000504	4.62987815429	
0.380389790269	1.96362623157	3.43499927469	4.5192974867	
0.398977388341	2.04651434355	2.95788050758	4.24480255736	
0.385173908014	1.98181598483	3.2705001829	4.46630279901	
0.418622685046	1.64604670098	3.07356839229	5.04215239956	
0.383194109252	2.13200950893	3.26832958377	4.48664987717	
0.345524506667	2.45836717562	3.38863842833	5.08789392778	
0.417576778396	2.04692277257	3.55906358502	4.16287757644	
0.376726870932	2.04519842992	3.49089509969	4.13208237545	
0.428940075224	1.80016211032	3.87053618606	3.68133522906	
0.344005879101	2.50676800917	3.82743362114	4.07993658042	
0.369529434534	2.27129328919	3.43154314049	4.93754879616	
0.332687317264	1.92904621574	2.66177836492	4.94661950811	
0.355391369141	2.14385518439	3.48675876217	4.65422802962	
0.349086956654	1.9001162444	2.948908667	5.05179274394	
0.372312192692	2.12042083236	3.11788402151	4.31227293417	
0.373246573907	1.68217109337	3.49972471579	5.26507204489	
0.422906325279	2.00058957717	3.23429007807	5.3308577189	
0.432325810732	1.84835560055	3.37288591369	4.30861971601	
0.362877636883	2.38816660324	2.75558811438	4.76723824191	
0.332173468746	1.86793680622	3.81668232654	4.80582021697	
0.411240390398	2.45115039432	3.46679928078	3.95033659438	
0.413274602204	1.91893085114	2.83135392112	4.48186484595	
0.398405652	1.5026967063	3.31919339882	4.19228565967	
0.405854656962	2.10723789657	3.11219934873	4.49540929767	
0.360426986104	2.00719264311	2.87836890699	4.27221164441	
0.358235952536	2.40342212149	4.10158086007	4.818259152	
0.387741527537	2.40796971185	3.19717153094	5.62176954825	
0.413188079361	2.39294309587	3.21528341101	4.30413448689	
0.43325067052	1.95281049437	2.84317228861	3.80175547856	
0.403599835568	1.86260375165	3.18719706915	4.20156029056	
0.397909334593	2.09386004634	3.3593137908	4.30430036965	
0.320279779641	2.41564043116	3.24627896934	4.36418752456	
0.404911984071	2.24027807526	3.39369281991	4.48649453844	
0.337632787851	2.08748597679	3.74675592935	4.90604587717	
0.299467793576	2.08320854903	3.51661354642	4.58887728581	
0.415226783064	2.17009612965	3.64045013467	4.39723083496	
0.365812785133	1.81802831566	3.54375090316	4.26867387841	
0.370502899707	2.23585529456	3.12613274737	4.55288347552	
0.357878547153	2.05114552839	3.39974793712	4.43164645011	
0.3781501603	2.04669103332	2.89825000492	4.82450647105	
0.382372727011	2.59311770635	3.3246989513	4.96920454379	
0.498180005574	1.74156881672	3.26333929891	4.04389564208	
0.36148375053	2.1375016963	3.49634972259	5.16587424281	
0.389988285621	2.27578749995	3.23822588478	4.10719184412	
0.337423748295	1.79265296084	3.01068034103	5.07650910449	
0.45580003282	2.13651188773	3.55658271619	4.68358053459	
0.401485211103	2.30093058558	2.83067359416	4.2130675389	
0.401128615426	2.02266856898	3.70567621723	4.2217743227	
0.365876115076	2.5376482566	3.06283833841	4.71309619811	
0.421999459519	2.19134077411	3.10897862139	4.35217099264	
0.371735963566	1.80642128332	3.33970555028	3.53556825308	
