10	89
1	1	1	1	1	1	1	1	1	1	
0.0877658227177	0.149843067237	0.416803609241	0.665188696348	0.952842069999	1.48160139228	2.1229968971	3.21129862202	4.54846020267	5.39972704276	
0.102734394555	0.171107960762	0.403283035978	0.551071814038	0.931011421257	1.57660884938	2.00560570498	3.3788226898	4.42268317741	5.77906807864	
0.10650796492	0.144615037444	0.426288081866	0.568543676389	0.949232082488	1.57848919534	2.01148633059	3.33091482874	4.78885765117	6.36142672028	
0.100750511435	0.191590532348	0.403276090443	0.642068809411	1.18087097689	1.44078971968	1.9810139253	3.58018312729	4.45507295205	4.90798732623	
0.105099620592	0.159597768679	0.319703291483	0.550224040067	0.935869824934	1.1869361183	2.08546024713	3.11962514214	4.23839267727	6.02436986512	
0.0979440446221	0.153392915653	0.370765972982	0.511721371169	1.07549998603	1.4185820065	1.96294855819	2.9636211048	3.78849276763	5.35871106496	
0.0915062661136	0.149130693979	0.370371601843	0.587731946748	1.00020467232	1.55446728355	2.06972542633	2.83171428003	4.91251852521	6.21359045658	
0.117765862319	0.142915550271	0.33097783751	0.611019178468	0.844012564938	1.3327112909	2.29680681621	2.89259108116	4.54963793295	6.68228876795	
0.115401687159	0.193796095584	0.439843844751	0.520536568147	0.990915152535	1.43254660303	2.12540055442	3.82181160761	4.49026796099	5.98344171382	
0.0866557900939	0.137250235024	0.333678832598	0.647493956163	0.96831211067	1.37904396352	2.05188351583	2.88014893904	3.898762198	5.55788144019	
0.081128838862	0.134778931933	0.321066883194	0.646026356831	0.805495865304	1.50620391446	2.42969476113	2.85877080605	4.90278566061	5.86635037353	
0.106245702555	0.152231916294	0.402819075978	0.518384976633	0.747686583828	1.51774291934	1.93750415142	3.20666339234	4.14669705566	6.15351594886	
0.100667476558	0.153540238359	0.46531925711	0.572725037978	1.06549157948	1.40549299734	2.25411936103	3.60933336921	4.00212040438	5.76991887923	
0.105596552055	0.152173880931	0.405611209317	0.65510361379	0.958418355508	1.47208273318	2.51395887948	3.27019683149	4.68655743443	6.37522335964	
0.0884989162975	0.147676223045	0.408382872736	0.582904735987	1.07424656713	1.43219913365	2.12635981511	4.00821571256	4.80766331673	6.63882147291	
0.108429104152	0.131557945634	0.374526834866	0.592893208182	1.01175946275	1.36212531935	2.02495037088	3.34840152367	3.52708637685	5.77148343598	
0.0998955408701	0.140233453933	0.425188193866	0.630801793759	0.925865797401	1.41095348247	2.46913329726	3.23567273414	4.65022232279	6.99907861416	
0.0924255607665	0.143777073357	0.451973820779	0.571321037735	0.887638320969	1.38392189666	2.28252590636	3.23532779727	4.59825810013	6.10165471142	
0.0975562421341	0.137712166711	0.364541890716	0.591330101892	0.817563435003	1.04820142488	2.25111033809	3.23919825263	4.54897551042	5.68158542769	
0.113520195289	0.139596753972	0.387290214364	0.593770675393	0.942713147993	1.58138311078	2.14686327925	3.04432975493	4.21392210213	6.19456767629	
0.101116049628	0.16759833376	0.371404066833	0.646803533086	0.908129345669	1.38641365036	2.19512114421	3.25135455796	4.29936391521	6.0183533681	
0.0909234948307	0.140415757051	0.377941237291	0.606302755383	0.909987962698	1.16164584777	2.49278605209	3.2898369401	4.09309933553	5.30892567028	
0.0870212355542	0.151238709339	0.375211742903	0.545294157888	0.959664305364	1.15802572468	2.13902401519	3.50586428637	4.40256619127	6.01066694789	
0.101028083023	0.137135332374	0.373549585564	0.515584189311	0.904970884961	1.7758136764	2.02862787632	3.9302184429	4.57338548896	6.67710383768	
0.0915415543804	0.157187786579	0.376732762175	0.58986961374	0.82678072305	1.49373088517	2.45830465946	3.11069964608	4.63955487189	6.57394000031	
0.109782018582	0.136077584735	0.4267642934	0.519147370992	0.846158639794	1.22620255846	2.09112533434	3.07907223721	4.14756532825	6.57374013148	
0.103558826328	0.16711773822	0.359487784384	0.579498340656	0.886750936204	1.44027767743	2.12865030491	3.14497551962	3.9717317615	5.51575203153	
0.0966841640071	0.170957493946	0.38630270935	0.727277132544	0.883161531478	1.77759174142	2.31553345511	3.66644651494	4.40141172198	5.76680326534	
0.121442867197	0.145639227564	0.397371630038	0.630954471585	1.0001340883	1.51536070693	2.16212591065	3.34714230137	5.15615042538	6.3689880693	
0.0935368404771	0.144816088502	0.28943144877	0.619619815051	1.09065630408	1.37506307279	2.63575363556	2.6799457103	5.44675585048	6.62535821896	
0.0942211046591	0.160242689439	0.434817542758	0.531045068337	0.982458340086	1.43969711992	2.00501458755	3.9676530352	5.11292215977	5.46531302406	
0.0990072066053	0.158996281475	0.354579048038	0.57835632099	0.861176666713	1.35871217282	2.33084970274	3.54479105927	3.89261808883	6.10721356107	
0.10501531138	0.168859765481	0.448523157573	0.583284387182	0.938028747748	1.27757239976	1.9083795671	3.25433726506	4.03862470748	5.63349818524	
0.0833334588706	0.185128553047	0.351301449446	0.471508479176	0.912766177562	1.5995592624	2.21560367013	3.83333819484	4.75481541636	6.22944995622	
0.110007089818	0.121898579923	0.426877071521	0.650833317659	1.10558924906	1.34475459994	2.17360995614	2.81539435115	5.13573326758	6.3356067343	
0.10714831681	0.158248607278	0.392417334604	0.700062190421	1.01595645685	1.57452808643	1.67343918541	3.44110784773	4.49412836911	5.68275858207	
0.0973491860401	0.131608749293	0.378765481477	0.623794015227	1.10966797469	1.27821127773	2.45109144402	3.42701693974	3.81921987483	5.60771046801	
0.103137250141	0.156092839431	0.39409440174	0.602414111334	0.969380944337	1.51727115613	1.94800963619	3.0319835353	4.89127173468	5.34927480093	
0.113246039419	0.146847779609	0.420368252087	0.607965276147	1.0748546316	1.40258157872	2.56799049826	2.91990384672	4.51159054976	6.18245979441	
0.102393310844	0.15815163268	0.354092724718	0.606417685226	0.730543770067	1.61977901155	1.98187816205	3.15382608349	5.2642474006	5.85721611448	
0.107974555689	0.135550666143	0.396928169804	0.673358889266	1.06360886509	1.4531257249	1.90761508857	3.13700771008	3.64005056852	5.7217647621	
0.0872280957872	0.152025175935	0.367547176629	0.679367928893	0.900853658119	1.23446291208	2.24312424869	3.33171823124	4.03285743963	5.65045537453	
0.0986409016356	0.148135416922	0.393198139198	0.585175668527	1.00341863019	1.38084122145	2.24890030048	3.1748583832	5.07403021873	4.9854865505	
0.100641826005	0.166407862636	0.313685784814	0.65149236628	1.11043858586	1.35656825859	2.61265486685	3.42303017227	4.56965313399	5.75308092952	
0.0916781788921	0.159476054507	0.365743201744	0.588299747664	0.854819850438	1.33123578123	2.01161189885	3.47059176593	4.2359375312	6.19782581365	
0.0933350860942	0.147362767706	0.381998205704	0.567934784153	0.827608460701	1.43810382522	2.18225928626	2.75680128619	4.15916098961	5.84728602541	
0.080132305431	0.154423893399	0.338113016068	0.591201222953	0.820013606732	1.51974516642	2.26912702208	3.51625106799	5.79608623828	6.1192579512	
0.111348762946	0.135998187793	0.407995779468	0.622628732848	0.858201829947	1.48980886836	1.95230891186	3.49613260479	4.35141301632	6.49620427374	
0.106995802354	0.144177637662	0.419098567139	0.642316217916	0.918726846189	1.30255444944	2.32456403271	3.04845197876	3.93612627791	5.99153972417	
0.104837602105	0.133490684867	0.394790956436	0.675513936481	0.803806254981	1.26769888242	1.88400980769	4.03662070736	4.68098246154	6.83964434646	
0.109241007839	0.140486179081	0.406470397886	0.598708564728	0.64882483239	1.36411117396	2.06868769127	3.33927463494	4.53163284264	7.21869430643	
0.0956713544548	0.19604357013	0.357488434584	0.657398613408	0.900586035632	1.49445753273	1.8059429604	3.33345532113	4.35321551209	6.32612627786	
0.107653312785	0.146046389525	0.364395416243	0.594079039501	0.834891228449	1.29442353925	2.10966216358	3.43277388465	3.80701342429	6.65285634127	
0.0999177696515	0.154958985703	0.379271496349	0.707606443781	0.994976821143	1.43200935376	2.23806898043	3.68610083354	4.23497344677	5.83461363482	
0.107348302298	0.140196873449	0.380020781303	0.490847852702	0.938732744073	1.52853187187	2.32884671726	3.61710816666	4.63284182841	7.29356551802	
0.0946127984625	0.133570696993	0.421077417676	0.532537297393	0.859205222872	1.32106554777	1.98853946789	3.46125602072	4.20843319277	6.40960624169	
0.0839637965293	0.142533935763	0.372683163507	0.552892005247	0.925919789223	1.17267092603	2.25252671193	3.60084183873	4.66760375224	5.62933401077	
0.103423999121	0.156751978971	0.393608758576	0.53464410825	0.90252090214	1.33214562848	1.71595424813	3.22082233778	5.47828261689	5.68830082023	
0.0960357457471	0.169774106691	0.469287098329	0.503004075464	0.949135013148	1.1719959778	1.44407898715	3.66446961584	3.90880355927	6.63051296983	
0.122407184465	0.155783210987	0.41194807903	0.605777790919	0.931938058686	1.695905533	2.28971984051	3.39896579599	4.08177633586	5.78822021371	
0.119127358557	0.154179295756	0.37740385757	0.626434802425	0.925674151199	1.20413693612	1.80241875736	3.5373786347	4.61399834984	5.71636284136	
0.103765015133	0.149886236127	0.311476419043	0.655954285771	0.963113263363	1.53341067742	1.94250419211	3.72358141094	5.13361465877	5.83017171167	
0.0891500573422	0.144249587759	0.430473637687	0.652969048159	0.966733553785	1.48074248054	2.34347862753	3.09459005091	4.60904168097	6.47119281541	
0.110359458297	0.140773867945	0.376528028855	0.617628896443	0.948076277386	1.35705798908	2.14605667306	3.0451855347	5.0894010307	5.66293168837	
0.0909471104254	0.157063006093	0.346200398619	0.61873180433	1.04690939628	1.39593757261	2.24605288102	3.53510778675	4.19415995853	6.133535103	
0.0919148631309	0.14001907128	0.410825021201	0.656580800507	1.03822581288	1.33571339473	2.2461491715	3.43805781907	4.17959539327	6.01986751378	
0.104456801583	0.149771474655	0.396636667993	0.599942046703	0.945112395478	1.41053794435	2.24376201354	2.95005669208	4.3053133745	5.18829360253	
0.0976432233348	0.148188641244	0.319900121925	0.553422822879	0.954452646923	1.48678365045	2.08464618601	2.72735403985	5.10117867753	5.57643382932	
0.10971107597	0.153389808041	0.374121151253	0.572077344465	0.992873220628	1.35036772938	2.06201477922	3.00362637412	4.80359794484	6.12597465844	
0.105247857391	0.137627349049	0.448021739726	0.491209236323	0.996800668909	1.4442436182	2.1415281939	3.165421672	4.06715981517	4.70571370538	
0.0942301200887	0.116853850177	0.397890567007	0.577833991585	0.905863250784	1.37674464001	2.12847206006	3.47061191189	4.43634593367	6.56589393032	
0.085229386465	0.1699501988	0.438050333774	0.544447929942	1.06686223315	1.3662864963	2.29021211714	3.19126748965	4.29169571144	7.75814916542	
0.102365023787	0.158385624356	0.367706668998	0.551667614134	0.902136333966	1.38161067843	2.01581623135	2.94062939587	4.43008835834	6.94783132898	
0.0981836700615	0.14327072256	0.407142178735	0.621779116443	0.979436730707	1.28204908507	2.35211281913	2.8760595644	4.6647344329	6.62463751399	
0.0844546799048	0.121560316523	0.418992137688	0.54176157586	1.02110438223	1.31213512596	1.78121965046	2.86529834862	4.7532689534	4.89951855473	
0.0931836650502	0.157990075735	0.407801685178	0.486807662944	0.955559864098	1.46365336779	2.36266077328	2.61347559323	4.77048426921	6.50743177704	
0.0811882426783	0.1537796652	0.397729016784	0.620655323925	1.05697106708	1.50432820349	2.18486130519	2.88746601089	4.24108650513	6.3980763862	
0.121830199083	0.117620339372	0.385931058185	0.6386747412	0.859698737754	1.46323029667	2.33485163494	3.75218158556	4.60722549875	6.00237767642	
0.100571723931	0.139457092223	0.376449138598	0.533180774608	0.965731085239	1.6549798839	1.97783359837	3.22924024172	4.95231586772	5.7698106163	
0.11692103096	0.16089111128	0.40195691718	0.565145766771	0.925841443471	1.50881657546	2.27680211782	3.85459719058	4.46887500869	5.52046599867	
0.102499690836	0.147825627601	0.422928597559	0.676177537313	1.00080725971	1.44311599807	1.94980577279	3.22007869536	5.1434817999	6.41779660804	
0.10573364437	0.123848763377	0.353358093031	0.520235586172	0.921497845088	1.3280767318	1.86944993277	3.0330319174	4.76765795949	6.02789257843	
0.0906876076217	0.146605770046	0.379686115491	0.753394318215	0.89327151769	1.29350927567	1.95984881536	3.18319898264	4.1090479986	5.40946005631	
0.103227412488	0.135191708518	0.432127538769	0.457634892819	0.902380765801	1.59567268756	2.43310415182	2.99740654848	4.03370527248	6.84789660576	
0.110710043208	0.173439435125	0.364011961115	0.645967277308	0.846394090222	1.64627231157	2.00324090872	2.91446199655	4.6845905958	6.12230679674	
0.0941518628915	0.12572989482	0.358053937853	0.565679953064	0.714539566702	1.46835724101	2.5148101767	3.36762325456	4.2809351352	5.57968753293	
0.0805817562764	0.15573658418	0.33849974561	0.536229269075	0.998840617758	1.29511741289	2.35484432052	3.33504851277	4.59902254899	5.5564791666	
0.0952925686529	0.116639140971	0.328465040933	0.531234624757	1.05400621067	1.57443744138	2.23842021277	3.44127918279	3.97250648605	6.41936509697	
0.0961969508352	0.164500134845	0.376711175173	0.592305036149	1.011521483	1.45739993526	2.08594721267	3.21212610031	3.88879794582	6.51957702097	
