3	25
0	0	1	0	1	1	0	0	0	0	
0.361981194413	1.06616943869	1.37802474492	
0.400326719856	0.924805399577	1.37347805781	
0.385108736932	1.00364212207	1.52635656902	
0.334065752069	0.961158026153	1.66316817024	
0.391586612909	1.03517138024	1.6788865292	
0.386231074015	0.924237639781	1.49146259991	
0.428916589027	0.915201664565	1.26602388644	
0.393671479454	1.01632913309	1.48714280394	
0.396677699434	0.926414337819	1.39640812696	
0.428289514768	0.764102835498	1.44310868668	
0.342672526115	0.926955653686	1.46774496879	
0.399223408797	0.943187169528	1.62885124504	
0.384012774319	0.831286464266	1.5779729532	
0.392790578327	0.840748430045	1.53451633751	
0.358784750867	1.01698078367	1.24959846399	
0.375248462403	0.970007518079	1.27746241002	
0.39988181224	1.02605030762	1.40088815064	
0.394933433852	0.856032101959	1.83917354191	
0.380236650987	0.960805764474	1.39167997425	
0.354897498186	1.01969089987	1.08581736976	
0.310690588891	0.959782777761	1.37741753842	
0.412124773698	0.88182883645	1.19097346839	
0.377478665907	0.905077492846	1.27520567744	
0.409878463594	0.963196214795	1.28902384188	
0.321748971939	0.963028286377	1.29324418868	
