5	45
1	1	0	1	0	0	0	0	1	1	
0.0989557745982	0.149696919921	0.676331069989	4.8720254222	5.77130429917	
0.110810693724	0.155610227011	0.559452925565	5.14767559909	5.83318649034	
0.100360719596	0.157553718803	0.555583291827	4.2520113424	6.53361029812	
0.0934118566597	0.140679019756	0.557156995576	4.25032107517	6.07014391406	
0.112923223234	0.159393925042	0.6263051558	3.97135315179	6.56145608051	
0.0987965105918	0.171198750027	0.637745949166	4.0402793828	5.58938977797	
0.0945654176365	0.160022871819	0.610474608672	4.66271036339	4.90632345132	
0.112495739054	0.161461891759	0.662276207474	5.57811934123	5.8057535686	
0.0984412360237	0.141567839659	0.666698985545	4.84111266027	6.02725433003	
0.0815650860429	0.133842808442	0.593219598098	4.2626208987	6.23636616495	
0.0795592007114	0.119415405009	0.593523800613	3.79794053549	6.36699919253	
0.115154130634	0.167780429427	0.578739740052	3.97412970521	4.99606461029	
0.0987128133327	0.154672547351	0.66708635474	4.00212724231	5.30912374355	
0.0979281456359	0.149300557294	0.64878651587	4.11986340672	5.53083727981	
0.106217980076	0.117265422982	0.631235181305	5.10004011748	6.13032533314	
0.085580467941	0.164498771316	0.620111603875	4.96981200098	6.03061770027	
0.106539955879	0.160804094467	0.580417621362	4.28584354911	4.58719574547	
0.0994777693923	0.1259398288	0.744429828366	4.49293187468	5.57861423167	
0.0987093961595	0.173599144609	0.543655866705	4.70107005234	4.69580206737	
0.0940808095057	0.148257179947	0.617704327552	4.88066695804	4.52009013154	
0.0998432119381	0.149389771724	0.486571645888	3.89997154418	5.70049384631	
0.118654783349	0.152108789553	0.688969100297	4.67498161794	5.92914294444	
0.0886202534465	0.158889006259	0.586363794413	4.62262816431	5.89303660375	
0.0969985690919	0.151545196895	0.546034702228	4.45749008448	6.71489817745	
0.105593136607	0.169064697367	0.513869777704	4.59623801345	5.59137731983	
0.11971123737	0.163934899971	0.615213917498	4.26389202603	5.89992281553	
0.0946011649668	0.148550251593	0.635060984413	4.11371606823	6.07854433183	
0.0935506689134	0.162679357053	0.725967303704	4.02896999419	5.01136960469	
0.105232751422	0.130135187793	0.561524328234	4.21023917312	6.60865681032	
0.0999847092057	0.17724884447	0.549623024236	4.50396511521	6.43929761793	
0.100342763321	0.142222138694	0.629826382165	4.82569295718	5.14580102381	
0.0951106099556	0.177988186671	0.581532392234	4.2550851387	5.3523536885	
0.109528746124	0.146876736318	0.655230359428	4.15226387902	6.10423820526	
0.108178007778	0.148389887053	0.620539936106	4.1780945506	6.20193280655	
0.109823865641	0.144432779292	0.614537998497	4.61304653085	5.81842359902	
0.104705834482	0.140606544989	0.54738781244	4.27147364442	6.72356429993	
0.0983668030267	0.142542939736	0.492015998159	4.22885257835	6.13276393464	
0.0991723985339	0.152254406282	0.658094764118	4.773080285	4.8263651029	
0.0840057288589	0.141104266897	0.55398618602	5.27747059209	6.27549373369	
0.0967212485173	0.135612079894	0.591416230344	4.02277152761	5.59214395819	
0.107190900783	0.153556158251	0.572989928021	5.21380973389	5.5952362949	
0.110228899773	0.143228926993	0.623964768749	4.36673282473	5.44883456932	
0.103539845334	0.139651969055	0.634826373833	4.36103260352	5.570301112	
0.119890319327	0.13910214195	0.556971264953	4.08255891012	5.5282724363	
0.0962855674395	0.166700657541	0.51441569486	3.85459394063	5.84212736299	
