8	58
1	1	1	1	1	1	0	1	0	1	
0.0889327439951	0.158020962491	0.456731434333	0.644074756999	0.955192483881	1.36802968225	3.33658893056	6.46698105289	
0.0913638758124	0.14508456975	0.356799914972	0.542090323988	0.944403953671	1.69188799181	3.16379332479	5.38055163847	
0.106137992451	0.158342764265	0.376394175502	0.584157212694	0.852717650919	1.49183474604	3.08244822697	5.75934462278	
0.0942964615679	0.138672606215	0.375337711014	0.633224259109	0.869364223007	1.28349365872	3.3254255177	5.58131405169	
0.0951039391175	0.144825064933	0.309542228592	0.626411820602	1.04008791602	1.35661599337	4.15409169549	5.41489036702	
0.0963356293291	0.164281917266	0.388105053155	0.665394974278	1.00249430126	1.52052157586	3.39555048904	6.79369483166	
0.0994135499973	0.137999021954	0.3212484913	0.592508162296	0.90693511682	1.49424227063	3.25420703858	5.74335317145	
0.082241154071	0.138858841173	0.363418836297	0.61464881335	0.976889146427	1.2600155062	3.43201891592	5.46852536059	
0.106767771206	0.137930675725	0.354625713714	0.662076067778	1.09808149296	1.32036709382	2.91948616127	6.28154039076	
0.09506415688	0.15551781131	0.39086557928	0.652443113214	0.962976677065	1.288385811	3.22624927271	5.71745036741	
0.115043173596	0.14727592863	0.398569305843	0.544616393	0.938400777468	1.58388769382	3.18983731018	6.06666183879	
0.104230070746	0.140568908325	0.349816558786	0.530599336157	1.08343111544	1.46411960935	3.42905967613	5.30926900993	
0.0938745789375	0.129230986759	0.402985592936	0.633197120828	1.101640928	1.2471062418	4.20296262659	6.63561773239	
0.110136380316	0.15680007905	0.324767036776	0.560446146112	0.942221976064	1.23221878932	3.30448507582	5.9461425697	
0.0929633191271	0.154697845285	0.346075469134	0.658155440408	0.824136629766	1.44795177028	3.00905001028	6.20468770295	
0.105532053149	0.175814409515	0.352025577191	0.693386482455	0.908506920805	1.63253829914	3.28168162543	6.05585931877	
0.117445499562	0.169247660934	0.38178901662	0.597461270374	0.896487462024	1.81120891856	3.50727600288	6.31767117507	
0.0967514376017	0.148901921886	0.409031584353	0.60199207155	0.761198806505	1.30698576825	3.65060020765	5.80826042997	
0.0962338973871	0.174948240112	0.36359956378	0.633592347587	1.00376359997	1.61073577199	3.4910459602	6.95024955741	
0.100328537718	0.135336407526	0.458943878817	0.693192992503	1.00394549033	1.10163551562	3.23115237099	5.28920173136	
0.104438745568	0.14637694748	0.438390814871	0.604848720744	0.848643525873	1.40390882505	3.1510616856	6.2752447954	
0.102630637357	0.141206197215	0.388974998771	0.551654640926	0.940165804504	1.52907440803	3.94187880026	6.30635307638	
0.0940185670849	0.157986037553	0.410652774325	0.607216075567	0.931767406557	1.29338302406	3.03868101566	4.56839129873	
0.0879121278547	0.158692165785	0.402798289771	0.703415493767	0.936989134214	1.28602051035	3.52233098347	6.60621748791	
0.125681021849	0.16880324319	0.399556522834	0.644188092842	1.03441495431	1.27290265096	2.76776431311	6.54816240053	
0.10080698495	0.137230818037	0.374847190223	0.581007843565	0.880436682305	1.58490990442	3.23304077764	5.77254382202	
0.102781731698	0.156538836742	0.397623452381	0.497192758767	0.938384812663	1.58492211069	3.2347844205	6.521340341	
0.110915764366	0.150377350161	0.381750868688	0.710344737378	0.948169220382	1.40802563482	3.90171752665	7.36239643643	
0.0954082358981	0.164301613166	0.413592814093	0.59603073447	0.967280670472	1.1702019819	3.05817216504	5.13208439559	
0.0963333765065	0.15394041695	0.400616480589	0.640076948924	0.878542286567	1.52188545823	3.5400789783	6.87995085685	
0.113437134107	0.153845758242	0.416737009805	0.611751542253	0.919670123403	1.40970164556	3.4256937718	6.78504523323	
0.101702764608	0.13414909249	0.365353099828	0.531799374083	1.01505383945	1.6749768377	3.44154827685	6.62913082642	
0.103725062513	0.145642898819	0.398740229076	0.585465811203	0.99704573964	1.59863134736	3.34644201711	6.10080055134	
0.0948918660923	0.161766167274	0.407592236216	0.795345847343	0.948019338456	1.54788258862	3.79538626899	5.4743172383	
0.101111418848	0.135480302151	0.463815585771	0.638208672088	0.950480260468	1.64145110835	3.38235197535	5.93953527633	
0.112738869618	0.169119300641	0.386692028124	0.61126276742	0.80541567216	1.45718932112	2.64123202695	6.82812781335	
0.0991541082726	0.140618781502	0.380253750524	0.621641185712	0.848686244943	1.71935199639	3.23692125451	6.40625975584	
0.102857595535	0.18068785587	0.415849646793	0.611855009426	1.04451588101	1.43820443441	3.26676572636	6.4438496866	
0.108656450358	0.150954699936	0.381550340528	0.55395858895	0.917547369783	1.42866669513	3.06908246256	6.46155946742	
0.112422578416	0.141648038281	0.369116992577	0.636459304798	1.04543401641	1.2226081302	3.62503338653	6.10107979545	
0.105067497776	0.177811762911	0.397881247326	0.691303876129	0.979227279502	1.4635434134	3.20470218557	5.32220161952	
0.0977392476558	0.150176350791	0.419766498637	0.609135647798	0.918173038949	1.1046399277	3.65017300254	6.24280354041	
0.0817886513519	0.124758175348	0.371416333992	0.675660447548	0.849803880927	1.64847975395	3.31385067816	5.56204735729	
0.103534111367	0.170915500914	0.442349580401	0.518647038685	0.856089918834	1.57425646071	3.59685695237	6.39238545247	
0.108500945699	0.163784081162	0.37871569734	0.46745186335	0.802859864133	1.55435785264	3.2865183813	6.28861743633	
0.103795894708	0.145448297618	0.382312479143	0.51280372301	0.753631908093	1.01849220573	3.95357137307	5.56006289039	
0.096454312567	0.14457047073	0.362018875874	0.464738854116	0.780900846975	1.4203891323	3.46217519874	5.88113201608	
0.10716021301	0.143260138304	0.369409113736	0.608448322726	1.02186306463	1.37110870312	3.24423128518	4.817836332	
0.0958321274198	0.143528039732	0.422011618972	0.586371131858	1.06029737202	1.38991890885	3.41259856243	6.46330402501	
0.0915996927137	0.161305114175	0.405667600029	0.599162235903	0.778158713814	1.37224881969	3.4399715375	6.63464640114	
0.103815449599	0.138062116971	0.395882748251	0.551964372193	0.890217093304	1.5479726073	3.33413564928	5.42054018922	
0.0872412321048	0.167588771993	0.408370853011	0.654227158688	0.912304292136	1.26146917218	3.5618659004	5.77206982589	
0.0946491866418	0.163786212887	0.366170117	0.696537701085	0.987074091276	1.24499226002	3.38777711952	5.90991944048	
0.0996643619364	0.136974891181	0.381159017173	0.496988736148	0.998739094293	1.50528026614	2.99447281812	6.8382409715	
0.0997217733764	0.153281087207	0.404786100634	0.551042518311	0.847022590479	1.43541149153	3.41118488053	7.32965552137	
0.104820706101	0.143590522413	0.460856846706	0.677771828707	0.869036231469	1.31119243247	3.32922668497	5.07600233322	
0.0941692760211	0.16871567738	0.441721820184	0.589025004644	0.939618395856	1.24569616599	3.76487362604	5.77785032365	
0.109034025137	0.142021617922	0.42131407976	0.645554773795	0.821491813264	1.31255799396	3.32880721005	5.9414869322	
