9	30
1	1	1	0	1	1	1	1	1	1	
0.0954070912825	0.140037405861	0.376390748251	1.08679240424	1.37499876852	2.15427077775	3.52799134457	4.48087848033	6.31256066803	
0.101907060767	0.148260775747	0.412683289948	1.0071113321	1.27052306338	2.45138904023	3.39283701202	3.9358045778	5.84019004961	
0.102935356511	0.170683364144	0.339613066182	0.947313650338	1.55011613232	1.89586063481	2.94323269848	4.10916739659	6.42356705735	
0.0884394802137	0.151791683107	0.463427741638	0.903506922872	1.56516931142	2.31994606241	2.98651459713	5.01575878128	6.58711107138	
0.0899929288134	0.128374282579	0.40144475143	0.92454359396	1.41657247087	2.04760763921	3.06447464147	4.70851439145	5.99774201032	
0.125686482675	0.155410892021	0.41308784414	0.888916859035	1.49301778511	2.33241301635	2.71091767945	4.56450895486	6.56573770571	
0.112327311548	0.138715933447	0.394371497475	0.983508338348	1.43057094049	2.10083554567	3.70918512778	5.17242457036	6.18768477043	
0.10151690583	0.17343546515	0.377023398065	1.01208427708	1.48457497568	2.1232194285	3.11730205504	3.50256587883	5.9429314968	
0.0905996747523	0.14781334165	0.346273847575	0.876096623278	1.4337732961	2.54429557574	3.78727989045	4.70221532352	6.43774996542	
0.113339696889	0.145164361107	0.426415371212	1.01254893909	1.33509271618	1.89714266954	2.97443656306	3.9968435382	6.73340653403	
0.110387412409	0.131501903678	0.408934180624	0.944915297109	1.37210742185	2.50758205029	3.48480207324	4.96810253632	5.89575996595	
0.112450566711	0.170420074553	0.441836567101	0.992467351746	1.49042649549	2.08761752558	3.06865301136	4.84436365261	6.91153433556	
0.107072776021	0.173276009259	0.356127507245	0.788153138269	1.5337973713	1.85543504272	3.76173310193	4.27879797387	6.24880593103	
0.0848395089916	0.134164045635	0.457786793843	0.942357281291	1.33460968888	2.10356589317	3.08909479839	5.46134955144	6.22185075781	
0.0967346375652	0.173135078158	0.346158151162	0.835985204472	1.12396881646	2.11225015962	3.23478943354	4.43588574233	6.26589725984	
0.112674509561	0.159742654172	0.437772200704	0.863280273484	1.50249215184	2.38163372818	3.59714017277	4.15287272711	5.50282560202	
0.0996722721152	0.150188231719	0.3762280776	0.988063077992	1.45943349058	2.48370588356	2.77941469685	4.40085996093	5.16228694855	
0.118597683914	0.134996200319	0.36443260436	1.0873037476	1.43532384417	1.94315214546	3.64024429705	4.68302690591	6.29555834966	
0.114921758757	0.158180469608	0.404786037722	0.889401709136	1.46192532392	1.98616265442	3.3312659188	4.54398660603	5.27103879587	
0.100211789373	0.179675487736	0.397371934714	0.869291866477	1.52162200365	2.23137999359	3.24028264024	4.43681140951	6.49783014882	
0.0926455469002	0.157300884208	0.350406314211	0.873440480882	1.3234524789	2.02944979396	3.05700861883	4.712040424	6.42983533255	
0.107451376161	0.137457009962	0.413085554293	0.965595311862	1.57041703859	2.12346532473	3.82462233211	4.72050849665	6.89061784955	
0.0890789613932	0.102282383167	0.420099254581	1.02809546826	1.58481153475	2.18944679825	3.69700391066	4.15061733168	6.86564587975	
0.0950162274708	0.159451244422	0.380001501467	0.904517293655	1.36853932725	1.94184526708	2.41046683259	4.77842065794	4.78021685338	
0.110733203565	0.143206649461	0.429276633266	1.03236560217	1.3410517786	2.15117594475	2.86983000402	3.97385306786	5.93736136825	
0.0896056154812	0.112692643892	0.363227623411	0.783972592598	1.39075489896	2.51265757428	3.2862482353	3.9278998033	4.8625171284	
0.113024442426	0.158176508882	0.371987125441	0.862646652049	1.64729410203	1.79206809379	3.06733594404	4.65064011597	5.66359169488	
0.0991149926847	0.179347777203	0.422034518304	1.06817237699	1.49625970443	1.93837024785	3.18304912253	4.59206338167	6.57797294707	
0.116201333741	0.150943581974	0.365068690619	1.03799780425	1.48539295694	2.00030012551	3.47031339173	3.65812219541	5.53363158545	
0.101522455645	0.161796503109	0.396685675801	1.02645269938	1.37433283498	2.19321479624	3.59374844656	3.63973910476	5.80495792268	
