10	36
1	1	1	1	1	1	1	1	1	1	
0.105015205618	0.172028963583	0.411471234854	0.556380265698	1.0201130863	1.62230683768	2.00275882482	3.25523539009	4.29867413584	5.95039211196	
0.104253184464	0.136247534034	0.384337451987	0.648876350853	0.965119581403	1.38101325984	2.13434112978	3.00208789128	4.80880297563	5.84103182762	
0.119275807777	0.159413032638	0.37042480756	0.580387927695	0.845742114543	1.23667099448	2.08971177879	3.22744646794	3.93957234669	5.86218047745	
0.0898901926142	0.141082112531	0.365281290988	0.658118510447	0.893157888753	1.36135991548	2.2796468112	2.54861082121	4.41809947881	6.46741324172	
0.0998096213831	0.156806924177	0.413033573412	0.641738142965	1.0197997607	1.40685899569	1.8944358351	3.05157716681	4.02622622467	5.53987320862	
0.0965227296408	0.15455983308	0.340226718069	0.511590579141	0.976903645762	1.5289059349	2.10876919229	3.04915100889	3.90990058254	5.95830112491	
0.11068827397	0.156477989455	0.469306359041	0.564105272001	0.987791860765	1.62172944627	2.15782326762	3.60474976327	4.81753780982	7.8662759502	
0.107060312343	0.144049854029	0.403284259837	0.551141160265	1.025544675	1.33001950002	1.75179776438	3.10709168531	4.33221540014	6.6178633206	
0.132135603348	0.153627047123	0.366670554094	0.653096660406	0.661886215432	1.62771745867	2.66095787145	3.16383682805	5.15905205784	5.67797104354	
0.105993495643	0.139715714534	0.33048659962	0.637779524433	0.996974420109	1.52125493494	2.62427748586	2.84526081524	4.57272429385	5.94490569905	
0.114478020545	0.17154337628	0.386805788704	0.511932564874	0.895613054459	1.43891359416	1.61170281023	3.16340743118	4.23893637558	6.59203058473	
0.102885084028	0.144351991274	0.402088514593	0.681650266498	0.916073381731	1.54746888801	2.45310334497	2.90356471278	5.40625754684	6.145102856	
0.111093583314	0.132588359791	0.435906112847	0.641663990226	0.974145699707	1.24536883213	1.96900919048	3.96966464506	4.53146342318	5.8037367781	
0.0886047239699	0.144389957705	0.361552379249	0.588026466825	0.874908131531	1.53212050851	1.91595118066	4.03800755821	4.95491722239	7.01808975884	
0.104991037783	0.139506095367	0.385315102658	0.43125610835	1.01229234859	1.55054845035	2.41726902508	3.73737407811	4.46130105072	6.16532861835	
0.102196582151	0.189995349726	0.401558341419	0.608626396892	0.990723317633	1.27568402938	2.32106663967	3.19968084861	4.00878159673	5.84105788593	
0.0989250867094	0.133753731739	0.403769204531	0.649835684219	0.904283392775	1.54868286506	2.22825270671	3.52039545277	4.39384974814	5.53118186783	
0.0842948327969	0.155040196479	0.367876033843	0.65934762927	0.877473674355	1.63617289998	1.92568881311	3.67863456094	4.95849830775	6.57387630403	
0.0977752441689	0.135544736375	0.376222451801	0.624912462234	1.01243285678	1.65054965591	2.29497395955	3.02209788353	4.04309251988	4.96719599473	
0.114336520262	0.151956351828	0.387095097888	0.523688251824	0.805654411887	1.38001913686	2.33086107935	3.40716933778	3.6574353667	5.51419757981	
0.0953023484086	0.167807054386	0.390011227969	0.623373695581	1.0671642241	1.2883535725	1.96989100552	3.08184945972	4.16478163479	6.06975911936	
0.100056894593	0.141319126062	0.33819940607	0.687595322531	1.05407252362	1.30418615491	2.38842978173	3.27567288695	4.29150438877	5.93639240498	
0.0988192655381	0.15844022338	0.328161599813	0.617912871791	1.01198659249	1.37768250008	2.27804627739	3.2990949331	4.66378302617	5.20149013398	
0.0902719105999	0.136949404057	0.356657850888	0.569616876834	1.13068703575	1.4865713643	2.11913373954	3.3146651321	4.7939921711	6.39574339167	
0.114394316409	0.163936828596	0.40369820378	0.559467918747	1.05751118943	1.38097388201	2.39319293813	3.01251921946	4.57564848864	6.44487895032	
0.0810369046434	0.138361555282	0.364887439249	0.627134827097	0.853189423173	1.46722463364	2.19476952305	3.40774449937	4.0317776721	5.30734522105	
0.0899792562715	0.139002381314	0.411504372085	0.55477008613	0.819014522788	1.73353156622	2.09952306302	3.28521618104	4.42196111801	6.36287777781	
0.110427585939	0.141476026185	0.354907959625	0.655630177307	0.854376767783	1.59053027614	2.07202216334	2.83346578213	5.23473547649	5.36487914793	
0.102006565775	0.146783057542	0.417850038276	0.682388462419	1.11716631606	1.41626182353	2.24466566404	3.30909619147	4.80945189157	5.1301253748	
0.0941227079501	0.152889750834	0.280095136411	0.532934811834	1.0686016458	1.61706041108	1.9337307462	3.70450728402	3.99126395178	6.75178157977	
0.114924715022	0.185365420113	0.394369725734	0.541089711001	0.99677311501	1.55645061297	2.05646854834	3.12934755396	4.39877484787	5.50092580664	
0.0887540026171	0.126906609074	0.37768496721	0.542444632584	0.838562565061	1.42785723832	2.29898749625	4.08774440045	4.49427263373	7.00551094375	
0.0944920415073	0.143560152066	0.403738635999	0.580437429364	0.828649036159	1.68944646296	2.0739969121	3.24847947481	4.89821254004	5.52249875365	
0.103902126345	0.160256898007	0.367188875137	0.604215452928	0.782486936704	1.53915492133	1.90947342256	2.58329753324	4.29947200626	6.26717355529	
0.106378697873	0.131929973183	0.355704212639	0.515353773824	1.15013578414	1.52865893386	2.12243891851	3.81317990754	3.8541253143	5.69808974461	
0.0899710831082	0.151702618204	0.369760381901	0.54933361496	0.932640743555	1.41553629313	1.62633779941	3.48731145383	5.33927582512	5.82487957595	
