9	86
1	1	1	1	0	1	1	1	1	1	
0.0919310883476	0.15987970285	0.321934622995	0.540823048391	1.2590043566	2.42782481727	3.22966747133	5.64646472477	5.37175317316	
0.0997679717527	0.129593579278	0.398381560034	0.550004964647	1.46502073417	2.2845137567	2.66825241337	4.39397167267	5.97668111297	
0.106677304117	0.117755032251	0.335781976697	0.584067279033	1.3258047772	2.23413813621	3.20426849154	5.3501728844	5.175789464	
0.0995965490498	0.173834258462	0.388197510809	0.577835610473	1.46501633358	2.08028809142	2.69280780186	5.07678362641	6.42417768518	
0.0968484501826	0.151250644693	0.413480467316	0.619111296804	1.72244950973	2.1579442076	3.20575574046	4.79169737213	5.76702356488	
0.0835512369114	0.16109847614	0.409656396766	0.440070935144	1.35562865792	2.17874759833	3.08623552446	3.52826061529	6.42688927978	
0.104781093017	0.162025503122	0.331344028632	0.648498584505	1.45536948331	2.09807798924	3.8503237839	4.65628764413	5.53257193624	
0.104532016445	0.145082370755	0.353259322822	0.55262127198	1.40226017253	2.34634950752	2.92042238915	4.68328067609	6.06309497691	
0.0953703531311	0.141244744828	0.342881749585	0.551854913118	1.64676506911	1.80791246173	2.75972983842	4.56173592747	5.65917202204	
0.0969045062709	0.123077974862	0.404054418241	0.595124238892	1.5561467713	1.79468932947	3.27766782972	4.29313749111	6.64259813211	
0.0855631562639	0.148920744129	0.36815876741	0.613762092162	1.48225499091	2.3640641094	2.9034492819	4.62118704485	6.1451529609	
0.101752828983	0.145188321262	0.389390853372	0.578770898646	1.55899917247	1.97792269259	3.16691016445	3.85866173898	5.39715219698	
0.110399234212	0.151832730948	0.344885381424	0.547506141711	1.25455862073	2.07447338867	3.22521851435	4.21834209544	5.39530359966	
0.0968604122723	0.156367296589	0.377687942841	0.577205481186	1.19948931492	2.37060629369	2.34029107735	4.79592256213	7.16745343162	
0.0867932173562	0.123842089576	0.381351997943	0.539783154427	1.51495934938	2.51082496622	3.32160563149	4.27621528816	5.67098556216	
0.0826306534348	0.164089261883	0.369648785076	0.622189362481	1.32367664749	1.86569824988	3.26304975586	4.10422621812	5.92925499888	
0.0890631362135	0.153715279412	0.402458542112	0.515757466746	1.53004138053	2.48270041487	2.7835487938	4.2739498527	5.85754744161	
0.0915343413943	0.157012382865	0.289867691414	0.63369954279	1.38004862904	2.11686178435	3.46984666239	4.4740469093	5.77613943298	
0.102681176106	0.165614977052	0.41958655599	0.504197281261	1.38685365191	2.10022285373	2.91782593328	5.12027381433	5.96321170183	
0.0950341536847	0.16549617418	0.379521215315	0.591520091822	1.51785517645	2.22371219953	3.37077101676	4.1143811588	6.09592304015	
0.085856190969	0.131069015648	0.382736476304	0.62671429434	1.47351349378	2.2500855726	3.25997913646	4.35208275394	5.98444787614	
0.106565074099	0.1518750386	0.343052364428	0.574086328777	1.50746795437	2.13877387481	3.77753991984	4.3936106494	6.62005904347	
0.0949541376401	0.172793104636	0.393137723166	0.559673151955	1.39466536489	2.00283109355	3.44303153123	4.37279968828	7.15261340563	
0.105646237171	0.161098712879	0.349358121525	0.51250020062	1.3286248725	2.30272120568	3.28231752138	4.52157597552	7.18587606861	
0.085281370078	0.152474702856	0.440419549009	0.538823868184	1.40597226073	2.35759590933	3.45048891856	4.6611358289	6.12981037377	
0.093052557961	0.171710810738	0.363185665472	0.714567914929	1.40367159619	1.98768086629	3.64413797417	4.24270720267	6.13156181147	
0.107619025844	0.144606286888	0.390986084491	0.610517313676	1.38837498168	2.15249842311	3.85409261954	4.55343261573	6.93712473144	
0.102908376934	0.168462697262	0.443011099588	0.567420853092	1.47133829742	2.2620119876	3.23303387375	4.34990932357	6.41422590548	
0.114472118842	0.139935183344	0.391110780372	0.575985186512	1.67862996741	1.91686015006	3.33396366235	3.69300195409	5.23342271704	
0.108766751079	0.1766171422	0.426351800251	0.61859496092	1.62848355345	2.06899014441	3.20360334725	3.89547229756	6.63945006901	
0.0988468473599	0.106263980446	0.393207944186	0.445046430741	1.65889585146	1.95682658724	3.15659046574	4.20391737571	4.49698596861	
0.115161351095	0.141317022322	0.407082441563	0.515121413696	1.29867915409	2.24970709674	3.04247951843	4.47243214227	6.00001312443	
0.111015381282	0.160656276181	0.382810344489	0.584307836365	1.4496332859	1.98944905461	3.42417882628	3.79079353115	5.66383985552	
0.109619089816	0.111854337758	0.337425540572	0.545691160316	1.40461383009	2.61980604377	2.9632320606	4.33634647606	4.92655977154	
0.0961025794311	0.159456913824	0.415576368944	0.616862480322	1.37660077574	2.22723059343	3.02253846265	2.80356380178	5.73145518057	
0.0916115622283	0.156804266005	0.365257999074	0.585952286585	1.47650812632	2.35130632053	3.38891622537	4.63362873316	6.56949290901	
0.0967969325161	0.125624269237	0.441427387892	0.562130680199	1.47968591601	2.14499701926	3.3372377685	4.56458164767	6.60945078829	
0.105667039212	0.151041710398	0.403380169831	0.544047807568	1.45897710122	2.29224381285	2.88700652108	4.82423991943	5.68115778106	
0.109082970012	0.119609038665	0.360393204559	0.584750952518	1.16270891849	2.09890639095	3.0937673902	4.14867240154	6.75011800875	
0.0967448359517	0.172247157327	0.342615724063	0.7468225913	1.71875440941	2.27546413825	2.62185937086	4.00581358346	6.39276416482	
0.110327246436	0.116396125264	0.327616570436	0.674852401074	1.70612735632	2.09172311363	2.96544122707	5.49381157543	6.02503593517	
0.099615860676	0.141193706948	0.38504420495	0.58935862685	1.35327290051	1.99035087729	2.87777365803	4.94586001684	5.71037583419	
0.0981938303791	0.169310148782	0.343823562597	0.578888614533	1.45327051201	2.32144387566	3.77559565445	4.90896388109	6.15295698969	
0.114049202053	0.155913536337	0.366881657931	0.690341721625	1.29768840431	2.56601838134	3.11745699126	3.58066392497	6.52070496839	
0.102944645305	0.144491875784	0.356835318789	0.613584019158	1.46525450005	2.00039186055	2.36051336791	3.78029744228	6.61864947311	
0.0921633136868	0.149030288086	0.403919698271	0.610491290607	1.62317059619	2.11158641834	3.34544159768	5.27440745106	6.52765619789	
0.107946687729	0.137055445224	0.418576067849	0.61938090597	1.52110281509	2.37236677643	3.26480159003	5.09636533204	6.39963565808	
0.101060158497	0.13332035317	0.308404149398	0.598681516974	1.55934396161	2.19099887696	3.52502678221	5.09957020732	6.78343558803	
0.081946512187	0.156476777423	0.373053630048	0.528481811556	1.56781324318	2.1561296558	2.97638953541	4.77160382303	6.20119307059	
0.0810410036226	0.110853683425	0.432983212652	0.475945972132	1.42421510353	1.99153542091	2.46200678879	4.62741114618	5.29394189527	
0.0950748444866	0.157462437834	0.405657320924	0.513477151396	1.44507237562	2.29254539247	3.38369854352	3.3780236727	6.24399727826	
0.0871391906023	0.154853586177	0.426310124292	0.605451843385	1.39831604312	2.53281833651	3.44931803967	4.22871636164	5.94313568953	
0.0969626402096	0.139101458442	0.378282238833	0.558919950968	1.36560196712	2.0662758177	3.44145631612	4.63574435188	6.07785106867	
0.0901063107056	0.131958249948	0.318791352109	0.686126334945	1.4243152525	2.12233011325	3.35674811546	4.42665048449	5.16917501499	
0.102743775671	0.176420889004	0.381506364356	0.624625824333	1.51197333266	1.95178764116	3.45532188524	3.99858972355	5.61890383658	
0.110522610132	0.149356755608	0.399240968899	0.668177547408	1.36427399792	2.34186617141	3.11149642088	4.87066888183	6.18704747168	
0.0876484071642	0.151924693482	0.324820711995	0.588296520337	1.4773959231	2.28778916005	2.7995100321	4.66324694726	6.18316634939	
0.128779927767	0.143388515493	0.344266616817	0.757518751469	1.47187166737	1.923975285	3.10118907797	4.79156544182	5.26092284861	
0.10856330946	0.148500196164	0.375461733587	0.614045445334	1.46155741451	1.93183459951	3.66716471435	4.65102368466	6.17937666235	
0.101058434809	0.162980263419	0.373481352674	0.563935790387	1.42505380745	2.10485437534	3.21976779714	3.94879890159	5.30507203652	
0.0927399963725	0.144997404673	0.372061819728	0.740733328187	1.52125625079	2.09563699897	3.31174747412	5.54812525976	7.35566159446	
0.0939897180781	0.158185770708	0.290804504842	0.571573110695	1.44038015328	2.04877572856	2.72480348912	4.64043257851	7.15735265885	
0.0914202623631	0.143695030261	0.291322178541	0.656065983175	1.48515606867	2.56906101914	3.59948596085	4.09618834151	7.05980433165	
0.1058390639	0.166715603827	0.379586226384	0.508495205867	1.56909636595	2.13038664477	2.91833337052	4.99034205393	6.53957745926	
0.0980537781251	0.155871748306	0.35028898456	0.666014983969	1.64776667419	2.13255204607	3.43610722095	4.02322753848	5.21905785305	
0.0909119714472	0.143263070284	0.448165224783	0.589155054479	1.37760092707	1.8361181423	3.20107670751	4.30524323727	6.82308489045	
0.0826635556692	0.165146596536	0.328541862084	0.668430486833	1.53291065163	1.70403603672	3.42738795473	4.69997664207	6.44640424275	
0.102251988744	0.132284037159	0.397741267892	0.721154889537	1.47822872614	2.4771361266	3.38610075683	3.87888780203	5.66576883505	
0.0998298854222	0.138657488092	0.334266677318	0.638855069158	1.35513315551	2.34825298272	2.85184613109	4.81053826563	6.80637412973	
0.0960494689213	0.163735313187	0.402907270493	0.690944507561	1.45395540449	2.12504619099	2.85792568549	4.30273195207	5.52254292109	
0.117569804264	0.146880748074	0.324409346321	0.589683838796	1.33033478732	1.83750445901	3.19395773525	4.74049462232	6.25095103139	
0.0960161125926	0.140986833714	0.346446494131	0.573483073104	1.32121670921	2.29531965592	3.41333842972	4.96713119047	6.565952502	
0.0986860354298	0.131186123624	0.33991257165	0.607191730605	1.58310806477	2.1975850021	3.00714452008	4.46863954216	5.78974582888	
0.108689283006	0.14135044802	0.386933534099	0.621429190017	1.59001168048	2.36386245202	3.21500267524	4.84827430974	6.80076018358	
0.0965971713254	0.141294875453	0.342269558535	0.608890983204	1.58921635314	2.10382509603	3.72077507588	4.98715742021	5.82002926851	
0.108668818911	0.1398890786	0.41581318785	0.614130248532	1.38870278568	2.20970543806	3.20871599037	4.67418614441	5.72729504343	
0.107757888739	0.13539439068	0.376006479804	0.603802177981	1.59575333761	2.43101568502	3.47517153779	4.3420194636	5.58290687457	
0.120536620559	0.152749222705	0.329979801467	0.555543814373	1.56292118972	1.76217314373	2.8363328823	4.7649167715	6.44786601267	
0.097677006586	0.16039282337	0.385008203648	0.604511873458	1.51905066187	2.21958171699	3.61164515683	4.20895997124	5.42034923228	
0.0909653961847	0.142550681661	0.340767158651	0.604202346731	1.38362799655	2.06913864354	3.05767652308	4.00984458872	6.87183019274	
0.0923134130624	0.159129867343	0.361983864726	0.672381215434	1.37510769952	2.1721797261	3.2816814352	4.38558998625	6.57277807737	
0.0919381394448	0.139377174597	0.416344964474	0.704437516775	1.59522888434	2.43728506223	3.53060171408	3.99272800043	5.34630514763	
0.0894425077385	0.175284993738	0.361227743807	0.677208263911	1.32554588029	2.26708567502	3.02586995966	4.81245575523	7.25698210047	
0.0951520591984	0.15212194988	0.365978476578	0.655550385648	1.21195539446	2.38550164577	3.56810061289	4.40203792828	6.04359504503	
0.103280986947	0.167103271169	0.387022725781	0.627941651167	1.65136578051	2.31909406959	3.17281690444	4.18956154333	5.40873993803	
0.103939009891	0.151627736934	0.365752930416	0.612842260545	1.57039851242	2.14488281199	3.25861902482	4.50757660682	5.33985349036	
