8	31
1	1	1	0	0	1	1	1	1	1	
0.102098935965	0.157711843172	0.368825667131	1.29838775602	2.63334645867	3.44715101713	4.54858351433	6.0041251112	
0.0981891054831	0.140342186962	0.391836202774	1.25670416315	2.07115111547	3.3886561977	4.01163703063	5.90614969603	
0.0991109122613	0.15307459724	0.357459743252	1.64632608728	2.1484482508	3.44106837744	4.88674958915	6.44904111738	
0.0929191074249	0.152219115283	0.303871793891	1.32381740599	2.12285392332	2.82851191449	4.95020760272	5.74124284662	
0.104963873065	0.156909105871	0.377281301975	1.16350852351	2.46255602485	3.28992919503	4.24050308412	6.63574844453	
0.0808950040227	0.166246472758	0.35188939421	1.36883548517	2.19951435266	3.23298560501	5.01077254784	6.50460445214	
0.117266762682	0.158420225473	0.384771756788	1.59143228563	2.16983481499	3.49489379398	4.36104121562	5.7806762954	
0.0955916432856	0.142461670797	0.367475316944	1.58797402512	2.25845039605	2.95459289681	4.35385223722	5.11700202642	
0.0974708001443	0.128706106997	0.352110004985	1.18246213964	2.08959172517	3.08646828868	4.85125425186	5.48020290366	
0.115071759633	0.161467644458	0.333030325814	1.33686620161	2.24852259194	2.97218417977	4.88003149809	5.57770090138	
0.112294595794	0.148956272941	0.394397684101	1.34755987907	2.19214531264	3.7032542751	4.46699183178	5.90159079371	
0.104815954689	0.135868908711	0.378247119899	1.56920288479	1.72655175392	3.94009487294	4.75334188952	5.96544780465	
0.11154053405	0.151169338581	0.386068859731	1.27791787688	2.0659480834	3.12191173325	4.05077783665	6.84035213743	
0.0974091097456	0.147511737303	0.441863656115	1.64099609224	2.42403814701	2.9226125352	4.84859883045	6.72137093309	
0.101942877906	0.15425633951	0.433042225501	1.68060748956	2.2819690296	3.04690691007	4.82620656103	5.27043228686	
0.0814319559377	0.163707317113	0.382636632763	1.36755775513	1.86288058187	2.18900753566	4.39367424007	5.52085274768	
0.0782241370487	0.159590218203	0.428580582703	1.35057835716	2.14857656872	3.97806613747	4.51621839831	6.35280164859	
0.0902528191328	0.171056362482	0.447875977511	1.22950536474	2.38419887598	2.79668993494	4.63748504851	6.1545393923	
0.111993004859	0.130678906809	0.410518901202	1.53240076954	2.06673987381	3.59126949103	4.0467423552	5.41166463922	
0.094215260856	0.109193960943	0.403233280287	1.43749638178	2.04781116627	2.75147260031	4.72387029288	5.13019895176	
0.104317557806	0.161923148881	0.374973663356	1.25435080566	2.42429928856	3.41510965383	4.88993563233	6.21236998604	
0.088230150006	0.148642259779	0.384199122729	1.50266238687	1.9558551366	3.25383053439	4.1702232785	6.24902525382	
0.0874818199576	0.130869779851	0.438008220325	1.42345295448	2.0013245553	3.80532476716	4.21516255616	7.51109077104	
0.0987880217897	0.123396351396	0.373977848866	1.54371327383	2.12049374741	3.50572609528	3.75309554953	5.9273463322	
0.0976799526465	0.152330483984	0.3448065844	1.33682528639	2.45195828017	3.86677309639	4.06684532435	6.08676994328	
0.0966648770317	0.142599457154	0.34324309049	1.24239074005	2.42639176159	3.13527592244	4.98212812275	5.34534138752	
0.118576259795	0.146962895197	0.404438781152	1.54695377813	1.99601231305	2.9813310458	4.88428895319	5.91720563585	
0.0951785049407	0.135757545083	0.36396823876	1.3795799684	2.06962574019	3.27629927815	4.73335891999	6.23561310607	
0.0986215692016	0.140672419706	0.328540205459	1.48915072159	1.96957785225	3.35777205649	3.90111510224	5.69868499488	
0.10498622578	0.16123303184	0.368540245134	1.59930872486	1.88166355529	3.24245406025	4.82378669745	6.40013740342	
0.0927098335183	0.130303943588	0.387012362997	1.42660941937	2.23283274527	2.95498370434	4.01656407328	6.81186828978	
