4	50
0	0	1	0	0	1	0	1	1	0	
0.398428286069	1.32368464539	3.27840814765	5.07054706774	
0.359252742141	1.33043160992	3.31982016821	4.99298327215	
0.37290967915	1.27797882397	3.18789500052	4.20303917895	
0.359648432108	1.52209152921	3.13197792181	4.83891999353	
0.400768070256	1.36787874764	3.3064874772	4.70184107373	
0.354720414418	1.50451411968	3.26550598797	5.20654704214	
0.267001206546	1.31620520758	3.88143916356	4.28823416259	
0.348773579545	1.66543974204	3.6103165039	3.84177597187	
0.351007373136	1.37098905457	3.22680078788	4.85164239325	
0.375344160131	1.45102453784	2.91801460729	5.55796955545	
0.346698784861	1.51002063512	3.2821028429	5.40655352323	
0.387676723548	1.74487789662	3.51522923016	4.56649970193	
0.355863753015	1.51419526359	3.28557440823	4.11536446173	
0.310602487973	1.195613501	3.61762917318	4.52415160641	
0.407910630462	1.32892375127	2.60402899027	4.2673568299	
0.410007483218	1.39592176181	2.78180458584	4.99928191198	
0.420037842124	1.5910962194	3.41902765679	4.4214364715	
0.32565478029	1.40918904483	3.77546813891	4.3307805854	
0.355871870865	1.38092378853	3.0428133154	4.49600917912	
0.361112231857	1.35448964511	2.79515390385	4.25986483398	
0.329300648392	1.38173548604	3.47705253988	4.22648795254	
0.326519383018	1.49820543564	3.25703550545	3.60407547922	
0.383078294456	1.28088269315	3.57937876874	4.18490038226	
0.306844298681	1.52732858608	2.7135145898	4.42810136378	
0.36156825523	1.20666619658	3.84858094096	4.46488843289	
0.422314201963	1.30379822904	3.42339453246	4.67790058424	
0.372061575829	1.31079140104	3.40836169948	3.82436531973	
0.433674875503	1.47397093929	3.70595918512	4.12288964389	
0.413110698198	1.3964373383	3.4235253176	4.40859281526	
0.389971213115	1.58202510251	3.53871785307	4.89591279686	
0.393380466	1.29095780596	3.09969984728	4.20568166731	
0.362602810309	1.18668438206	3.18542763323	4.37170465399	
0.346193280576	1.50569151029	3.11581599779	4.43190083355	
0.381544731098	1.50133950342	3.57075072114	3.1802001554	
0.398274762404	1.38402325165	3.56042008669	4.45929150257	
0.37303977416	1.46392480076	3.66053538531	4.88490913542	
0.40611425498	1.33966958954	3.1256080168	4.43206462591	
0.402022665024	1.24020255964	2.87994223975	5.29196397815	
0.365857637939	1.36431016599	2.52055290861	4.98858155001	
0.321018820145	1.51318625377	3.83717199783	4.7365325782	
0.454416839043	1.55517724339	2.94615551231	4.01160304539	
0.356257755335	1.43797428554	2.76345460222	4.22039434782	
0.482782829671	1.21342780505	3.07226057052	5.37391463222	
0.404873073628	1.76678848636	2.88998228158	5.3064963157	
0.346902767732	1.37971311846	3.72717247864	5.5379547202	
0.412584687572	1.20267849573	2.94209169362	4.80597571692	
0.380068117622	1.48629074746	3.28583517229	4.84760534045	
0.401078686928	1.61140573596	3.54518660091	4.44179538837	
0.33664007654	1.4722373386	3.58018634145	4.25459989847	
0.449267045567	1.45499344615	3.14718108949	4.96891033748	
