4	40
0	0	0	0	1	1	0	1	0	1	
0.840775514322	1.27517389054	3.20076819395	6.17576733856	
0.983344540276	1.35625026014	3.03066740705	5.80927264813	
1.00429933756	1.17201278479	3.15889576198	5.58358584965	
0.976227818381	1.58323492466	2.72029202112	6.19061395842	
1.01224775463	1.28962923322	3.56470165907	5.40333896846	
0.985104720212	1.59764494097	3.00358268269	5.84140363016	
1.03355968233	1.09165594808	3.40827313973	7.07886924515	
0.652804381612	1.58406514609	3.51811938546	5.96772268768	
0.968116373137	1.46512965926	3.07312366335	6.74229401845	
0.929417835864	1.48628734866	2.93797978789	4.59904589692	
0.820368185367	1.69157182102	3.4593659681	5.74077551729	
0.983230689327	1.49046804951	2.66470645485	6.50992995771	
0.752546245192	1.34008871784	2.93145758294	6.12064218734	
0.949621373951	1.00025967359	3.64977991772	6.03746921725	
1.01954522612	1.43474026071	3.30721149144	5.13939059242	
0.857652675972	1.39924629019	3.47620624372	5.72958703925	
0.863112935558	1.3008125197	3.36650498461	5.94504849876	
0.847900694291	1.40231583607	3.00531878262	5.4130071576	
0.78137552066	1.23568142532	3.23286118657	4.78409735859	
0.85164279891	1.52252646708	3.56914654438	6.22209143956	
1.00587993574	1.43281147296	2.90788440448	6.41149889748	
0.975262657116	1.35278667384	3.04771495228	5.97260698594	
1.03537634718	1.37624181477	2.26222749964	6.26006716684	
0.826831287111	1.49364372175	3.38216234637	6.92313725739	
0.920773609929	1.50092810462	3.29346515464	6.52726449007	
0.599834231956	1.33316381526	3.16976856223	6.02804963309	
0.817101944275	1.47238124826	3.5367314064	5.58437838227	
0.839590530823	1.48654833197	3.30175622396	6.14009759575	
0.794941064565	1.82126075033	2.44783835503	6.51938407381	
0.863270130874	1.86211520886	3.39276260821	6.64010235686	
0.976306614125	1.08046581303	3.28651878011	6.21635056129	
0.97403182448	1.59917834915	3.32383392509	6.48282580308	
0.859247332819	1.17763959648	2.94979669116	5.55445182693	
0.844210552113	1.25502074796	2.93879663707	5.73567534767	
0.835112528996	1.79712827026	2.79508134706	6.26395668587	
0.879702799818	1.50676588143	3.17132509479	6.51044051382	
0.892837412367	1.44248606433	2.53254802952	5.17515617423	
0.78545724768	1.64684588576	3.55291545084	6.11692019136	
1.0272296488	1.28502485383	3.73345219854	6.05816816485	
0.907836537999	1.57511905507	3.5604583953	5.14835620483	
