7	44
0	1	0	1	0	1	1	1	1	1	
0.133461662949	0.546020009291	1.50250422945	2.21822080072	3.96071258254	4.81841404383	5.3997343724	
0.183639358473	0.681430352548	1.45192161526	2.28411761012	3.50071692554	4.56486909475	5.25410783447	
0.149198920748	0.554645744439	1.39249021972	2.35707159097	3.20078901576	4.95591151605	6.78686954572	
0.136343158455	0.592011213808	1.6221910577	2.42222278968	3.20264001127	3.95571634982	5.74077625391	
0.151079447667	0.635420435624	1.53642998446	2.24466543187	3.31353680691	4.00341102647	6.56934172412	
0.154410849274	0.525204683389	1.48465618013	2.386370604	3.6512210616	4.6889150733	5.91183901687	
0.137917263976	0.695740035234	1.42484783452	1.87781671003	2.47970892444	4.10445696868	5.43911688164	
0.172807026171	0.629582896889	1.31307180536	1.90821330205	3.32850505085	4.71109584623	5.97701018817	
0.161593443066	0.643562696127	1.210479202	2.10804141372	2.81169644504	4.16154265109	5.68664998192	
0.13617965366	0.599707612371	1.38704575904	2.03742718169	3.18834857852	5.09728914771	5.82727633082	
0.140675942764	0.568318815269	1.28424169832	2.49843604664	3.080370505	4.84424534549	6.77182807414	
0.145580942381	0.559367453418	1.3640889538	2.35429562319	2.69000412023	4.07050436935	6.11455466783	
0.200723887921	0.501479579938	1.12653270369	2.19501643186	3.16424483815	3.7614478401	5.55518540123	
0.153454143286	0.588741697107	1.17496714738	1.86474371866	3.44043760623	3.95635810932	4.9939898242	
0.154476786488	0.59786731706	1.47391819087	1.79541687799	3.38249702303	5.07871838404	5.39116906554	
0.165123768453	0.568551702304	1.40852935894	2.04449804319	3.30705139301	4.57812914847	5.47897885568	
0.172573886907	0.526820410835	1.43590577345	2.31284897824	2.99273965856	4.02078125576	5.68457460476	
0.150893772138	0.601204644261	1.2253510444	2.62134646376	2.9210047229	4.14447215033	5.91562392394	
0.175982633009	0.533419552018	1.28691157815	1.89511742382	3.29998793045	5.44461297845	6.08563932758	
0.133038627522	0.728101015777	1.58341553498	2.35514461294	3.07168616889	4.35712241337	6.33821739292	
0.15331989718	0.619972508952	1.43025617108	2.40908058683	3.67467047957	5.03283313626	5.45562184698	
0.146655334181	0.520227059528	1.38906239166	2.07513342708	3.10179989907	4.94586128195	6.91882372193	
0.154483126709	0.555214072433	1.48108317757	2.04564019629	2.51144268792	4.68395172923	5.20155537748	
0.134930888636	0.631441105229	1.37487762016	1.950519904	3.32669637302	4.4429725272	6.5263921212	
0.150242494851	0.63170305044	1.40229447839	2.08398339018	2.55247114036	4.08226357253	7.19400702895	
0.14727458365	0.570620818119	1.62259962256	2.42284662504	4.13268039148	4.04842619534	5.4365135553	
0.154707830935	0.596048650144	1.18235035334	1.66279620864	2.97052415782	4.27198117069	5.45363804987	
0.163863548405	0.618973209695	1.35818286431	1.87452932878	3.17026107144	4.20913581608	5.94731027327	
0.147525951296	0.62993946086	1.25762159545	2.30426371205	2.72896053873	4.72373289066	7.21365894101	
0.13368981482	0.560023865308	1.50260444457	2.04107136493	2.77149281587	4.76757108704	5.66437816651	
0.158639485285	0.602165976208	1.4959011295	1.77259920165	3.15750805954	3.88192025862	6.60420020907	
0.129100179218	0.505306032578	1.12146202164	2.1833481997	3.17038727368	4.02579069742	7.1179825862	
0.138692544317	0.515445666384	1.56777951712	2.12622315252	3.43747686538	4.97383699409	6.87201256327	
0.13498825372	0.639351684727	1.39787839457	2.08783068854	2.76009283609	4.64981577622	5.61708991355	
0.142480364827	0.618109309819	1.42238890681	2.28689160872	3.65235613664	4.72780723318	5.80817155012	
0.17706510583	0.601193565837	1.49642371738	1.93819852294	3.37248272146	5.06254037053	5.53950802195	
0.162464877291	0.633472866843	1.60490899435	2.31057290771	3.0749743636	4.71461284535	5.68086176244	
0.143314315054	0.658119866502	1.49024394975	1.92805370255	3.19977345278	4.86715621881	5.45726320086	
0.148850267431	0.619152582342	1.37889042702	1.79584346083	4.03308086176	4.29736504225	5.47146732183	
0.153889315588	0.554292859485	1.62937973808	2.03104057111	3.42827292673	4.19316380821	6.26008168631	
0.162048183082	0.643177064459	1.57000219806	2.25573351555	2.98568186746	4.44857964507	4.78450012214	
0.134968681346	0.481575659034	1.59655745193	2.21007481813	3.08587229214	4.79035288492	5.65993924633	
0.159480232482	0.558606799176	1.40172196631	2.44333056231	3.4369100654	5.41749813499	5.87059686492	
0.167774689427	0.604033583474	1.49565841688	2.38575985723	2.67450052322	5.37220517355	6.18913892526	
