4	99
0	0	1	0	0	1	1	1	0	0	
0.407017538865	1.70112394155	2.0471147189	3.55705582129	
0.352070598197	1.17319327878	2.23376089507	3.08567674511	
0.405979771632	1.38734845653	2.0061711644	3.55638499826	
0.371052852296	1.37974739508	1.68044156325	3.87791926278	
0.371915559355	1.59529578785	2.57651849358	3.17338841614	
0.383211571396	1.22061611819	2.09147696631	3.3507728476	
0.389800382929	1.375632475	2.41858223746	3.26206261338	
0.353023816857	1.60988771507	1.77049837871	2.92450398913	
0.28890572266	1.42557849297	2.09356512272	3.40194275751	
0.386852885532	1.33501305436	2.17489704296	3.3422401451	
0.401822037237	1.3888427644	2.0589999555	3.81870555192	
0.388990555878	1.68392704074	2.10843434476	2.99532508084	
0.348739263158	1.32464456041	1.90973168385	3.26785750383	
0.448052360479	1.243043661	2.23592368562	3.28718131013	
0.431849722521	1.48925530115	2.22301358324	3.00808330414	
0.327548690665	1.5752407124	2.21928994248	3.12574284249	
0.408469087431	1.39013158879	2.42515802427	2.87523589752	
0.336975243011	1.09326370128	2.18848104898	3.20683835129	
0.376466829674	1.51904569672	2.3388387335	3.3148768052	
0.393393912932	1.49393488328	2.31467867743	3.12079301229	
0.37287292361	1.60590938657	2.27733278397	2.91941796427	
0.292585999441	1.60397211031	2.14906179625	3.19368227454	
0.342054538232	1.30246645533	1.9000570589	3.65818412188	
0.33162850057	1.32643453275	2.19412044464	3.27474844543	
0.333550285555	1.32898141245	1.78820471494	2.78225944991	
0.316648790175	1.40571471022	1.82759343279	3.14810643511	
0.311760162496	1.43877413533	2.16035402512	3.2039388034	
0.404885124388	1.07701489482	2.30844746144	3.18057057862	
0.421843258994	1.46340028937	2.3331502154	2.94912158154	
0.3336015399	1.52664449732	2.17687169545	2.69836168266	
0.446473807856	1.4441234348	2.19970921826	2.88242354266	
0.437289882223	1.24825931738	2.12736818754	3.54786664252	
0.37646205356	1.37951605951	1.99264096788	3.19591739192	
0.310429729562	1.414385759	2.21834524898	3.31539332097	
0.413545610307	1.7616703101	2.02127211127	3.54983518768	
0.381069238372	1.47415800497	2.67431787271	2.94925233094	
0.358891202607	1.23389790547	2.09632524251	3.37431084661	
0.413923307451	1.5876679958	2.17280605968	3.49212802123	
0.41828286779	1.44338663483	2.23141439203	3.29997352313	
0.397455018238	1.35037551575	2.30664165373	3.7969798508	
0.376459186122	1.47319608674	1.98691105553	3.24460438292	
0.355648224089	1.21843835611	1.8609260944	3.0796369934	
0.387277307337	1.35461203574	2.05548570166	3.46875252701	
0.364751080903	1.48402464259	2.31483864572	3.51613685384	
0.352335149179	1.28108214553	2.42110021464	3.35856918026	
0.405678690342	1.6461581092	2.34180101045	3.32442413899	
0.36177030301	1.50775886414	2.14749052433	3.03460435124	
0.387279422773	1.48779768787	2.13147638259	3.68753199034	
0.369714595644	1.39947681971	2.08143724689	2.85975533045	
0.417256632656	1.53511391587	2.0548410232	3.39499200358	
0.313442840083	1.26368980864	1.95998072055	2.97978437289	
0.333040190929	1.1866268596	1.98958828096	2.53099918206	
0.435998696595	1.45908646092	2.23512646244	2.81657212648	
0.401018730046	1.54976534894	2.65732575334	3.84003700563	
0.35721263936	1.12754621649	1.77055555165	3.15912180348	
0.458090181335	1.47678665498	1.87783717257	3.26184640878	
0.296735688441	1.28300795174	1.9838380058	3.38018879094	
0.441895306128	1.18720049558	2.412058452	3.01853442197	
0.394009631353	1.61205191243	2.26772482501	2.823742486	
0.41209945467	1.27100408603	2.51309816999	3.47212606062	
0.358665404092	1.45793122577	1.86922822857	3.86673525373	
0.401164800035	1.45208800303	2.10694381268	3.40979018541	
0.415400538654	1.34690702083	2.20068180882	3.00430691992	
0.383834254172	1.65019900268	2.01429646611	3.28606289324	
0.450839719373	1.59062905503	2.13919702296	3.38533692356	
0.33212979552	1.42916619832	2.00359043948	3.81674193869	
0.402701857866	1.51082621465	2.06823249358	3.14926684271	
0.403708478839	1.56651933516	2.2554218077	3.28279822315	
0.341002852014	1.37590566896	2.82607338973	3.37211894627	
0.373291945667	1.56957111055	2.31180473256	3.22410026782	
0.421415296471	1.58868674684	2.13859768743	3.47589000662	
0.411924424991	1.62672455719	1.67275788857	3.23137131021	
0.327607523695	1.27099409949	2.18767016607	3.51481323035	
0.416538429998	1.56755835799	2.18145027845	3.27406614105	
0.407103306504	1.45135803743	2.38305853016	2.8446404666	
0.473574537495	1.42163758433	1.9863425277	3.50019809343	
0.306861995881	1.1146939478	2.32974768848	3.33978282044	
0.362824926836	1.57312265336	1.95527950925	3.47315449948	
0.311720197094	1.28322241605	2.25759777929	3.51638533779	
0.368782077011	1.45379408997	2.17383023584	3.50558107954	
0.382056981843	1.41373727075	1.96478711029	3.40062272205	
0.368373129116	1.63553643289	2.32311805398	3.35093461685	
0.370378423783	1.3927938968	1.98134420628	3.16993128821	
0.39143279508	1.32326097502	1.75316851957	3.02157219597	
0.377736687023	1.58552262209	2.02884542359	2.66953694875	
0.429466060329	1.33438185083	2.19131812041	3.35054648246	
0.390899411288	1.69057667464	1.96853258383	3.14284219432	
0.349843833104	1.39578056018	2.23760208367	3.21322905268	
0.355302315393	1.61849671717	1.90422186134	3.47007340383	
0.435107600408	1.38320804312	1.74739800476	3.77262922335	
0.47585476554	1.56920040292	2.11108724219	3.60383105662	
0.43448505398	1.31052799976	2.61285222691	2.71389901324	
0.358128954632	1.39780342181	2.00790703739	3.35055008639	
0.392794599203	1.53174717945	1.63769395225	3.61772643682	
0.303932277242	1.51218281319	1.90905149871	3.32690330713	
0.417992495993	1.29640801316	2.20841274765	2.98741868594	
0.377124413382	1.32814855299	2.32534027985	3.18335658998	
0.322953920297	1.51285615927	2.17618558651	2.70875938735	
0.340680943721	1.46144667025	2.23678363081	3.63293963982	
