8	52
0	1	1	1	1	0	1	1	1	1	
0.140236098097	0.402434750487	0.532489384414	1.06010772714	2.23323954664	2.68155933639	4.85681434729	5.46933860684	
0.176423621726	0.345417673991	0.723364718693	0.880307180985	2.08266200266	2.90259705337	4.01576596763	7.18405407167	
0.148852821688	0.369793835963	0.578803934473	0.853551710905	2.05604197513	3.35573211149	5.10866551923	6.2252788287	
0.13457819207	0.362549233297	0.497645381054	1.09062687096	2.22028406563	3.73367071134	5.20121216925	6.21274409006	
0.145802993652	0.407846977631	0.578002981121	0.872007847173	2.05365772116	3.40475928217	4.28578851529	5.54584211519	
0.150388902351	0.374216558147	0.585598012667	0.87696644025	2.20640790258	2.96367335554	4.91207660695	6.39284522139	
0.139568980401	0.407201335963	0.553980005459	0.79430439141	1.87358211453	3.5330776128	3.98990057869	6.92947802077	
0.157229426315	0.350871601975	0.69560945796	0.895791705688	2.45010389894	2.97511255962	4.45195879279	7.29213807168	
0.137304457536	0.391730635797	0.603260914131	0.983553935999	2.25738750301	2.7230174251	4.07310072435	6.3435622509	
0.136932631849	0.336343133949	0.53340333943	1.06358962898	2.43690433163	3.5262507869	4.31636043682	4.80674687915	
0.158000779035	0.409761910864	0.606639136494	1.06698591548	2.33482719576	3.64331468046	4.42229181799	5.22875209224	
0.146246605399	0.363324870602	0.583821042939	0.836339494644	2.34779020263	3.048799092	5.22139459632	6.35885042863	
0.135814461637	0.292140646983	0.528471155375	0.792054433011	2.25755739653	2.95653800061	4.79052485241	6.15183270694	
0.185465823442	0.365971228741	0.56968131164	0.945307401436	1.86575223811	3.54827130486	3.32921723626	5.31015027394	
0.146101946708	0.363317020052	0.590937857533	0.97278765826	2.19722310024	3.23639132804	4.13863350564	6.84323494568	
0.135771164206	0.351942158061	0.595147428235	1.03368540819	2.32111462797	3.20674303124	4.13763516484	6.60594983626	
0.158823300631	0.359343252547	0.699347162113	0.815904061594	2.01417181948	2.88712314805	4.16013606457	5.84732649472	
0.122907475732	0.301780851033	0.618129036242	1.00795295956	2.20856095511	3.51866607101	4.53122073626	5.73665467928	
0.13538031359	0.41069767706	0.645686115793	0.905515936826	2.06894372856	2.86755939648	4.81373144431	5.88936053555	
0.170194374603	0.430599879521	0.582597800285	0.902536546171	2.36964903709	3.88132647383	3.82081417033	5.16037301576	
0.165327334148	0.295392664919	0.717211991114	0.978173490192	2.42697427144	3.39742865871	4.96451463693	5.72647781083	
0.161126590063	0.372056312352	0.605762030615	0.986250567167	1.83913788635	3.40387007377	4.14901794493	6.74173229827	
0.176227859892	0.377340085852	0.677839773566	0.923781119524	1.98921420849	3.47536657627	4.74570091777	5.86819929482	
0.152360141869	0.382319400242	0.639609201321	0.971652696747	2.38246841011	3.93695165226	3.75107463816	6.39420119867	
0.181139118967	0.366304736639	0.624885382669	0.951362176326	2.00275296559	3.27082494847	4.16872066324	5.59807552874	
0.150979026789	0.359488369322	0.478528832391	0.926302785175	1.98875533955	3.41226473299	5.10120318267	7.31413010986	
0.15322944484	0.384566038273	0.672048717454	0.751550970446	2.02274642377	2.85167249383	4.78684196514	5.77650481808	
0.137852133436	0.332593240572	0.575006732694	0.812186574926	2.21464957659	2.97548708422	4.33184137771	6.59067737642	
0.140153119381	0.403136561636	0.568869925969	0.89228241737	2.45249684945	3.51218760989	4.06929721518	5.49609296767	
0.147262855624	0.446488101058	0.479174036168	0.95971922681	1.9933149321	2.99076564221	4.2658508285	5.69521943647	
0.141056361388	0.392916390228	0.712585921076	1.04380606476	2.11639476094	3.68649224435	3.31542257064	6.06338610565	
0.147644776946	0.411151060288	0.503331395896	0.99556313882	2.10869624657	3.30434715127	4.06793191594	6.4764692874	
0.141134612315	0.320823810177	0.655950566522	0.938961317704	2.18930349563	2.90902134964	4.87498647355	6.5616654682	
0.14945081299	0.363111720926	0.572986963379	0.984334540252	2.00123090388	3.0248313453	4.48293008095	6.23574409513	
0.115492462951	0.417356837702	0.55506662687	0.995675470877	2.11004429881	3.10117426864	4.1938238713	6.07419473345	
0.15984855533	0.309010622202	0.546259324123	0.869411354826	2.26228108628	3.2703512681	3.63445162511	5.14481387236	
0.16354832513	0.370559199262	0.671761074797	0.921333825668	2.19144991565	3.61360270065	4.28154576914	6.47468336951	
0.144622391539	0.395802450421	0.489772435241	0.917593352064	1.65530963426	2.80641959508	4.61393351649	6.82775253072	
0.158599803483	0.465918055629	0.603689432124	0.869074184685	2.30543155571	3.89193681727	4.61443508299	7.68541225781	
0.149723714012	0.408599759928	0.588706206467	0.979691993904	2.19835364636	2.88133869035	4.52479797621	5.56504117656	
0.143647654864	0.353037176676	0.653555594417	0.983310496927	2.18395581489	3.41009514725	4.42248758565	5.33426270667	
0.151528103585	0.400910988079	0.607935930703	0.873645662949	2.1778137457	2.91879150337	3.86565313139	6.17394419606	
0.148688870965	0.354809650118	0.678029959638	0.999666792359	2.6543802031	3.20612856696	4.08546067049	6.05696686749	
0.151938485961	0.339430918692	0.601405556974	0.938857512191	2.20001012369	2.96569600449	4.55227683806	6.14226367917	
0.151980678454	0.345260375086	0.449219378373	1.06905017732	2.10743028727	2.95476142028	4.11972700378	6.57278512739	
0.128775269952	0.467907469489	0.570966161575	1.01015069378	1.85150393778	3.73875206786	4.51233060119	6.14101103658	
0.114804898384	0.316353850265	0.608544981878	0.917885671279	1.94341178259	3.17372956248	4.53307495898	6.07004304585	
0.14915191282	0.342318706463	0.674732518775	0.905137262472	2.51824439861	2.64543444475	4.83783698762	6.01640847614	
0.134768473154	0.359040429597	0.541678287766	0.935004141647	2.25337946121	3.36001004258	4.48605953602	7.32328352579	
0.134037102802	0.334673910446	0.567003864667	0.986236032457	1.9871408125	3.44572176893	5.39972374933	5.51879845534	
0.169377314856	0.369708856558	0.52542358109	0.951210255603	2.09597016877	3.83485524677	3.47208452151	4.7847085885	
0.148843033857	0.415749543109	0.674355123942	1.03239697885	2.06014838799	2.9397271389	3.67692452568	6.66124752322	
