6	48
1	0	0	1	1	1	0	1	0	1	
0.0866953588182	0.501384979158	1.10959580307	1.6300595446	2.94405764051	5.63183043668	
0.0892919299661	0.527010464363	1.02112350104	1.42444407819	3.26870023678	5.87983526778	
0.102276542857	0.528485701679	0.77383924926	1.48114611935	3.43035458876	5.7194625767	
0.0852206502617	0.625394493202	0.992085323525	1.29973459365	3.09587273492	5.59028194504	
0.112137725496	0.707973019277	0.875635397173	1.2174608205	3.36074639381	5.64542785275	
0.0989498495954	0.50878871788	0.838612157523	1.31869382142	3.3631440456	7.55811083762	
0.0965370277572	0.602400921235	0.930953614665	1.59839023771	3.13381368489	6.25271667788	
0.0881080204062	0.665989627523	0.886291588474	1.35241078273	2.70273474896	5.75664605573	
0.0824367739916	0.565521516766	0.927932471979	1.59817923492	3.59035885005	5.70625472048	
0.102798766333	0.59584484231	0.955060694987	1.07431637424	3.27179499859	5.1790255448	
0.11623288972	0.585774662162	1.01307869081	1.08050125103	3.59093266025	5.78781003897	
0.0981956308428	0.569671403754	0.953592930307	1.28191398608	2.97218979097	6.31497322216	
0.103733912917	0.736951503272	0.815471849116	1.30642600548	2.86350981781	6.14888163342	
0.10015566024	0.646177343108	0.892509688095	1.28139127945	2.9680311939	4.90005954638	
0.112175553915	0.55388462273	0.951659436732	1.35977263883	3.02622895222	5.79341189793	
0.11140364464	0.502145780672	0.832615250209	1.45559675334	3.48588487657	5.94555474083	
0.0946428864822	0.528382181867	0.988813066377	1.60428461715	3.46656580412	6.30591943148	
0.106759053731	0.696321288683	1.02736061388	1.54087407754	2.9356332896	7.55617332298	
0.106515033136	0.633161167532	0.801731356419	1.26253006916	3.19742062591	5.189687472	
0.0929435865575	0.551782567879	0.814762634154	1.50522998725	2.64249442425	5.26091260527	
0.100724694753	0.632464629076	1.03881940052	1.43452806487	3.46149248045	5.68125739993	
0.0967541444458	0.668901710602	0.776124199112	1.60941000099	3.13626396183	6.30758855492	
0.115759919923	0.53970317586	1.02900024522	1.29231558093	2.84965730938	5.47517812618	
0.0993845360077	0.57351947983	0.842080194749	1.56310292798	3.2775531255	6.75443541192	
0.0946278220682	0.610836603724	1.03953549126	1.6734146594	3.08720723825	5.31666634162	
0.0980680205106	0.717222772532	0.91158213337	1.26903085986	3.44244364067	5.46284183855	
0.100880000406	0.58946590384	0.999788460674	1.54532212404	3.05068116715	6.31116908302	
0.093552181408	0.60511919993	0.988805766424	1.11940010081	2.7919318097	6.3443981276	
0.0992547002018	0.520832210492	0.884629954692	1.15310869182	3.49796130291	5.78232336301	
0.107376930226	0.597349239098	0.862534874375	1.55753156143	3.16496926366	6.64415980954	
0.109819885399	0.6554997925	0.991628273086	1.49627219953	3.24624848102	5.81818861349	
0.108087572969	0.509117268934	0.959634278437	1.56104480489	3.28589297553	4.99500304873	
0.105249737085	0.52548074218	0.985997525771	1.66345721891	2.97529804013	5.66468508499	
0.109560663815	0.559292817352	0.807909511861	1.40658961304	3.62285117577	6.47110944138	
0.083687330317	0.590029754502	0.911735405763	1.25822152848	3.38770716145	6.69064747524	
0.115141280744	0.496866482022	1.02723847363	1.37477035254	3.15950750297	5.33447213828	
0.113962994041	0.648975111159	1.02260448644	1.36040896103	2.90622374738	7.2421706964	
0.0952805586348	0.599419694768	0.863675380764	1.30280630871	3.21410111308	6.00448825181	
0.0913789591511	0.675989716221	0.965767657841	1.17254158145	3.41445702218	6.5231939199	
0.0978629003791	0.483649116607	1.06372495573	1.45243852668	3.36561537513	6.4912634496	
0.10855404782	0.53181958599	0.820757382658	1.39491350092	2.93747380801	6.58824632829	
0.0937484446158	0.671583979616	0.909809060378	1.5919123218	3.73196375366	5.91457395858	
0.0945690274803	0.538788516492	0.941635645258	1.21779544948	3.36353567992	5.57031043007	
0.093785565454	0.700288601831	1.01231715685	1.4395666869	3.64815599769	5.80203119165	
0.104378639311	0.55135094601	0.835258598587	1.35354243352	3.44964219336	5.19012828144	
0.0991190807462	0.610719905719	0.876423341167	1.58117785408	2.56366010529	5.89269689892	
0.105482790745	0.631203937626	0.890245832598	1.43665008283	3.52122150227	5.04756568176	
0.104923753311	0.569250804588	0.916099697518	1.64707225301	3.26301671587	6.92685395998	
