3	93
0	0	0	1	1	0	0	0	0	1	
0.510858461097	1.02109675974	6.87806176834	
0.641011460375	1.01432275077	6.40301839264	
0.59533194006	0.847043200457	5.29310374611	
0.625873157441	1.00622382992	6.12532278272	
0.577510307819	0.802495839844	6.48333448571	
0.582816963871	0.911846590371	5.42848725422	
0.671356521364	0.866736015615	5.36912275353	
0.653644644257	0.870575946836	5.23586764024	
0.556325667364	1.05191538389	6.4139398082	
0.639235003395	0.804055885654	6.51563947232	
0.580911987032	1.08698395219	6.41370905949	
0.535417808072	0.816390069949	6.54014723314	
0.61547481358	0.909435802609	6.17629920926	
0.611389504048	0.970865410876	5.45669517798	
0.704884707146	1.12554517945	6.93650676943	
0.632445053235	0.837070465338	6.14173919647	
0.471716876039	0.967641442667	6.13256165053	
0.567273394035	1.11057204572	6.32532466829	
0.558037060357	0.845980292598	6.15015224067	
0.676834786462	0.861323384227	6.49521283257	
0.744446723628	1.17746603473	6.60723904826	
0.666782455568	0.957374096967	7.25198551403	
0.576981525365	1.01078591921	5.62820949203	
0.40555415429	0.985526072204	6.58598162074	
0.526205617845	0.851579067069	7.14558982218	
0.641782344969	0.849370904826	6.05121195077	
0.649511299582	0.927590724556	5.14484657667	
0.519315247816	0.834858865896	6.06885843217	
0.568194826388	0.784673887534	4.66374427168	
0.598824598258	0.977532161204	6.40626294433	
0.578352150555	1.04487712487	5.50967412739	
0.628366573105	0.749343651362	6.45243697183	
0.498958769444	0.822829002744	5.83362949427	
0.547467055117	0.952637291585	5.91528056253	
0.526836913415	0.924415051476	5.57398068988	
0.607607503126	0.997065062449	5.32963482331	
0.563341776558	0.90914943386	6.42761332235	
0.71097307084	1.06911208815	6.52664091767	
0.62976793418	0.881676261864	6.58672013196	
0.622218010181	0.915238717858	6.43452977186	
0.580917764733	0.82584681893	5.00628566084	
0.687083424168	0.815499301555	5.99228801874	
0.572465265534	1.01940509574	6.27109485266	
0.682833494193	0.893150178867	6.26233380305	
0.612465017569	1.01652999861	6.83925408024	
0.635727591346	1.01571596746	5.91061555029	
0.635902644434	0.857567108119	5.57763591949	
0.601991431341	0.993591826978	5.59863561595	
0.581386225733	1.03090078567	5.23843714546	
0.533608279555	1.04092916726	6.64799432855	
0.571898523225	1.15641924129	5.21677904791	
0.574538974798	0.934663707004	5.8748430182	
0.671354643133	0.83546687647	6.04838102303	
0.480243106478	0.965941306853	6.39443800973	
0.568226138556	1.01431566399	6.26442053318	
0.652672879807	0.961928686621	5.26020722592	
0.545633983345	0.876801858701	5.72559756388	
0.577116171775	0.87297882671	6.23611482231	
0.625720040108	0.951328453519	5.87407991569	
0.662845406833	1.10676495818	6.26387051321	
0.637021692543	1.00841546166	5.66771106536	
0.617018144531	0.865649526541	6.3815490721	
0.726066691873	0.877176211849	6.97442821223	
0.512127536036	0.923374610845	6.25313976551	
0.546037330994	1.03241328066	6.12656178253	
0.606107661644	0.976386037946	6.29317343403	
0.627142446794	0.915179228414	6.15002381475	
0.538865131837	0.950607115522	6.14797872514	
0.534595462833	1.00179945808	4.77833205236	
0.656425733852	0.802051214811	7.0999842262	
0.529119917413	0.857599031952	6.00856778652	
0.639507908347	0.881289016266	6.80046534113	
0.617665548326	0.898930548027	5.48881254702	
0.644471396731	0.834083171747	6.4092088905	
0.614912516275	1.08812566012	6.17093267412	
0.64213289708	0.952878824748	5.1810208613	
0.771480759053	1.02538468887	5.71085377509	
0.580377093575	0.921845555624	5.97687450751	
0.490873370185	0.948534403717	4.60522637978	
0.522292803112	0.950491429676	5.67445923217	
0.692936223391	0.936953870592	6.41789878144	
0.593906170624	1.04686305711	5.57962318589	
0.667178722344	0.874794034391	4.66442971258	
0.595064324047	1.11561069352	5.29158170821	
0.636776141908	0.872453593387	4.2368728769	
0.69210919623	0.926677454148	6.87503268793	
0.489386118303	0.994560601186	6.9421772665	
0.711360037102	0.818522840352	5.95114042306	
0.709358042077	0.914496932674	6.35881025482	
0.64214825591	0.972118064382	6.67699042103	
0.493631837711	0.749485478217	5.85251062353	
0.712448569293	0.996237833449	6.06242924022	
0.526812986603	0.917791517299	5.44612805705	
