9	38
1	0	1	1	1	1	1	1	1	1	
0.109670095505	0.400047119137	0.64032706588	0.832367887144	1.3663762831	1.91688727473	3.17174422135	4.9534437233	6.00032420459	
0.0834654046795	0.40138528363	0.697236161952	0.90969491186	1.58797282643	2.13580883033	3.87524800618	5.40188795797	6.36012058195	
0.109644571705	0.340665187957	0.574280947659	1.00107996531	1.48638097695	2.2460940209	3.51356132847	4.42760430151	5.4296369984	
0.0909437423171	0.350924924202	0.566762870979	0.743884068498	1.31226819005	2.64303559965	3.03250922304	3.98097383096	5.64680439997	
0.111529772015	0.307344295677	0.664233032344	1.03230942036	1.50723653508	2.43140653679	3.20020543005	4.42776249211	5.59726293377	
0.106891665081	0.44101449463	0.580358124064	0.662997188321	1.66192367512	2.00400583901	2.90203181296	4.40357109712	5.39859288312	
0.10331099048	0.43762360841	0.646900031287	0.949133921648	1.32017714765	2.22139262651	3.02907251833	3.8887391891	6.04474046698	
0.0902374396262	0.389025300636	0.559459363328	0.991708115206	1.46592842723	1.8534330348	3.0367560789	4.30685460632	5.59990173672	
0.102652143781	0.388580704076	0.554083399526	0.884796098836	1.53372388712	1.95505483996	2.94196839757	4.03536173517	5.26162105193	
0.0971619242727	0.331206846958	0.620450952898	0.813715835202	1.28813029657	2.2131033879	2.6629027126	4.1359961469	5.97950908831	
0.0916877911728	0.388574327062	0.634820975033	1.0114648877	1.54099964182	2.42445050315	3.32019583326	4.80789023532	5.81468935525	
0.109876545053	0.370390988687	0.588295490044	0.900043233124	1.37474272092	2.18526502338	2.75122418215	4.00326686762	6.50794118562	
0.0842096806285	0.355068804798	0.627380617419	0.843325388929	1.47734781669	2.20474118948	3.71561066883	4.18443514128	5.40448228058	
0.100677152818	0.362985669615	0.570557499111	0.869251691585	1.37084994026	2.36999005513	2.73866981068	4.95617854128	6.65110821494	
0.101853744728	0.429858725029	0.462928455038	0.949836640158	1.33624909917	2.18087427898	2.56357941616	4.42998866155	5.41083693256	
0.10305748967	0.406044549697	0.563976214389	0.928568694861	1.68361589891	1.84636575931	2.98348735659	3.80824550637	6.37736741277	
0.100481387322	0.422133074593	0.605787658273	1.00127973503	1.20051999976	2.09087414866	2.75268434219	4.82350790534	5.47709760744	
0.110980813194	0.340736343467	0.605856158244	0.90476754762	1.37799425929	1.93028526906	3.17733288708	4.07913705204	5.90609514439	
0.0866323703464	0.414449270347	0.643406219854	0.912150806813	1.32086785518	2.25947110672	4.05171948211	5.65860120892	6.05401531572	
0.0943345824615	0.406551139021	0.581540513056	0.73787688535	1.34935637276	2.27731862693	3.01493471376	3.89909604129	6.5682402607	
0.0932892526202	0.344044111384	0.444044949227	0.883459970938	1.42459084296	2.23863963166	3.71738404335	4.73904942797	4.96622580252	
0.107625165726	0.407985252529	0.611190793828	0.904846967138	1.45840060475	2.06194049205	3.7574528841	4.87838103015	5.96786727456	
0.0949614295573	0.446812020274	0.586882116183	0.713211350106	1.46998091791	2.01298689944	3.01940513963	4.82380824719	6.34983943009	
0.110777069304	0.400906363861	0.555512875632	0.798556802915	1.41923181105	1.75119763549	2.7128284526	4.16964161044	6.09766470503	
0.0993464589427	0.386289372506	0.547068113051	0.927539300468	1.45761972089	2.5848650928	3.34944454998	4.60059183809	5.65561361713	
0.118914944271	0.38092479909	0.571099883946	0.984929028614	1.28176912904	2.08655790042	3.45292106012	4.1945748021	7.03824930195	
0.115170885561	0.422758013663	0.473398552283	0.902446441454	1.78725365789	2.35531890124	3.25156191739	4.46613655853	5.69274725679	
0.0999760062272	0.360190191383	0.578118259531	0.88612993397	1.38395904564	2.21231631916	2.75843476339	4.76587450526	5.07454289298	
0.113772215018	0.416277118307	0.574001996877	0.884774157829	1.33300903014	2.28171214942	3.77149573599	4.0612351746	7.23774233943	
0.100939306465	0.371985291493	0.548200876006	0.819506718675	1.28712060887	1.96346374737	3.14732645945	4.57720193213	5.63046569591	
0.124276275288	0.385961899246	0.707935620493	0.854176089665	1.51254922754	2.21856853722	2.68296156392	4.88360632661	5.74564443409	
0.108866423825	0.351731069367	0.467536570107	1.06986432664	1.25453715538	2.12228072338	3.19522348497	4.92420243683	6.82723034684	
0.10797282978	0.351187779135	0.575956672306	0.99269760149	1.3648765831	2.03290605261	2.88013905414	5.24263270689	5.70135957359	
0.113269073134	0.371037608977	0.532930835943	0.849699130196	1.24665891687	1.83423972556	3.08266526424	4.19627506779	5.98711124155	
0.110056001447	0.301903109397	0.695925980952	1.00916971315	1.19414921132	2.48692822417	3.16090524992	4.58708087364	6.50698730804	
0.101264167292	0.367750769271	0.574065227008	0.840746755971	1.21714577989	2.28298306262	3.5310657816	4.13378923969	6.3712629789	
0.107198213167	0.334556971385	0.576230197981	0.924874874411	1.52555598658	1.91980377531	3.34803464278	3.99147027382	5.88351752768	
0.0989364503724	0.410475107989	0.567224406001	0.922618173183	1.44868487043	2.00194785339	3.23426269836	3.82633346509	5.02148392932	
