6	24
1	1	0	1	0	0	0	1	1	1	
0.112183783192	0.139003116627	0.544939101488	3.22486871928	4.28597023143	5.89394341195	
0.0894415389761	0.155899692749	0.555595811328	3.09422983159	4.89899002542	6.73661704973	
0.100491428296	0.158304555789	0.550275224661	3.2420432617	4.75318030273	6.32577249504	
0.1087113316	0.137766826035	0.640085129563	3.34447559519	4.60971638566	6.70888687092	
0.0998955567461	0.125579100983	0.623010570033	3.53587870807	4.92240605703	6.3864389208	
0.0862077717579	0.135042045487	0.662905482934	3.40884040513	4.44155152683	6.41854480086	
0.0992600086212	0.153419794935	0.57854011762	2.92365317142	4.41416001079	4.31305100363	
0.109851887123	0.151685718744	0.57382548704	3.86013498455	4.22023138289	6.30235434212	
0.102031972345	0.169372378454	0.649988038279	3.79103796554	5.16022853018	5.4245770623	
0.100387964054	0.151896565324	0.694581354927	3.55135218107	4.34518534638	5.60032705547	
0.0910294159004	0.140451783238	0.703143921342	2.84204061696	4.40697151314	5.48051451813	
0.113018418606	0.12687054627	0.538772387833	3.20170727264	4.20198672113	6.30606031287	
0.086974617932	0.138080273772	0.701667312198	3.56203317872	4.66207177494	5.97623872378	
0.10298282225	0.149741116955	0.584166832324	3.37771664293	4.92299576144	5.720384834	
0.0952535383018	0.154284258474	0.566866314683	3.1179571718	4.58659996025	6.4486247457	
0.116266362059	0.145339013905	0.749431653925	3.15825232595	4.50311701268	6.00450024005	
0.0933769530137	0.151957609505	0.576870917393	3.37423456882	4.04892767691	5.68078686784	
0.104367365868	0.16837411907	0.56358599299	3.22812546751	5.15003360558	5.56731543396	
0.0945788949368	0.137787697005	0.702214364516	2.90165107092	4.38504459906	6.94422970059	
0.100985343376	0.149879007788	0.600385183085	2.44072593584	4.50383336527	6.08540712751	
0.0929830291869	0.128235848866	0.638828442285	3.49281214711	5.10921780364	6.26265198084	
0.0936887595059	0.137468376968	0.610634304585	3.23595093984	5.22631449524	6.8491163437	
0.0929063823119	0.166116768196	0.603754791522	3.02201601389	4.21432976045	5.72461854672	
0.103765271026	0.150388409386	0.618851619892	3.43584295211	3.50952103255	6.38481907999	
