8	21
0	1	1	1	1	1	1	0	1	1	
0.163865752512	0.390643298308	0.595720580542	1.18668948331	1.43512241736	2.2227489327	3.63231074106	5.77088413857	
0.117783811706	0.437563594766	0.591208956137	0.905105478953	1.36719767124	1.95167223473	4.54793990985	5.53099842661	
0.13070141553	0.449245473851	0.762840419743	1.02764907801	1.37875727671	2.18740342121	4.03870446549	5.97745470367	
0.134536711659	0.390654676459	0.699372090917	1.06031399033	1.28432898185	2.1294333027	4.62183108416	5.60675491673	
0.159710501261	0.442098448245	0.65026044781	0.859299842124	1.62635928822	2.09857890774	4.60275196991	6.19825493126	
0.144715865068	0.355375996212	0.545833422013	0.930618498153	1.35190220712	2.18931421386	4.8150423996	5.23706687871	
0.149681390677	0.398397414637	0.486550827572	0.986809873831	1.13928062578	2.44463134045	5.26981389732	5.38753571348	
0.148969858285	0.345385180554	0.608476492748	1.02168188636	1.28674987323	2.27004356204	4.74155934366	6.99573322318	
0.15937841683	0.34551704459	0.616628498092	0.829852675923	1.41242025728	2.24265860022	4.2367647934	5.90920715255	
0.146658130279	0.356246500429	0.493888587128	1.00491355605	1.23265162807	1.89465694807	4.3581352294	6.26129158193	
0.158410515317	0.46217670465	0.563129732944	0.932907549493	1.29382917587	2.52393864681	5.05424093928	6.78604969123	
0.147605116372	0.405253728469	0.658632774776	1.00207499927	1.30044556559	2.30249730384	5.21437802243	5.54940465476	
0.152713612363	0.434720872741	0.692989685073	0.869174032469	1.53744884123	1.96428132194	4.40621788851	6.05872286716	
0.133111793325	0.404790413119	0.528924789027	0.903563845919	1.36482554914	1.66506084267	3.72042647981	5.76080895141	
0.134560737213	0.470973824859	0.627062022467	0.729414848149	1.25390435196	1.55122880356	4.52579949161	5.95549580955	
0.152140343752	0.404314453074	0.558957372845	0.833743255869	1.33712515411	1.66574822398	4.1896757858	6.54473450781	
0.132449363274	0.362591746396	0.690005238119	0.881861255766	1.46298699338	2.46773508385	4.57274373318	5.11609514808	
0.13417870245	0.386118247786	0.591825354329	0.932588862948	1.23797198793	1.90432616333	4.40436017833	6.35927479117	
0.169540673421	0.4154013093	0.594679093981	0.869762518052	1.36014642366	2.31877186775	4.97105739403	6.10563598186	
0.139280464544	0.406036321441	0.62272761023	1.02808028679	1.56496216385	2.07805574085	5.1825166232	6.77554159019	
0.183701416202	0.36185306462	0.606584288549	0.88781838083	1.55434256724	2.21912459032	3.71174835684	5.24936528989	
