9	59
1	0	1	1	1	1	1	1	1	1	
0.112538958448	0.374102489541	0.637962110973	0.860501797631	1.41773909312	2.15244097155	3.56918482866	4.61672382085	5.47454812931	
0.0879123646841	0.444985009829	0.69509042543	0.875130003367	1.52365328947	2.31551602635	3.36117970689	4.99879234076	5.63683655177	
0.0919962252822	0.351630909013	0.584026596734	0.811982790765	1.42142426015	2.12960872834	3.00122957874	4.31160960748	6.20482393254	
0.0848511338823	0.350033016319	0.743732888109	0.899912016375	1.44987674201	2.3048641442	3.00894697428	4.44159542855	7.46905245685	
0.0871542373708	0.415491089832	0.564363606153	1.14842521181	1.52446899625	2.34585123222	3.5383625285	3.3450213503	6.47300010511	
0.0894055731731	0.404512086291	0.621953191631	0.96573454865	1.21667334466	2.51201534481	3.35841439904	4.65229394687	6.20355288897	
0.111296391701	0.37795998034	0.5591425725	0.93147116735	1.22799851682	2.63346653955	2.85510060842	4.41521541751	5.87726490601	
0.105718563793	0.344619409194	0.665192649862	0.902466291663	1.56357788293	2.20477577757	3.07366435402	4.46304200333	5.89086064165	
0.112181717642	0.358510313482	0.647408557418	0.922592648516	1.55425432414	1.89074837454	2.88479263081	5.10113144993	5.79931799717	
0.0888531956886	0.367878110981	0.582463142985	0.979401705044	1.67697493597	2.21358434737	2.80461626398	3.9555581364	7.06603217218	
0.0811798079742	0.394529723865	0.656707683919	0.854032600081	1.47328555002	1.99366033934	3.38866379378	4.42119458073	4.93075688746	
0.0914948104788	0.350444424136	0.730557183629	1.07742101752	1.34040684897	2.04438710761	2.8798445763	3.79200727361	5.87575706166	
0.0947045359851	0.427128535799	0.511097297234	1.12611765925	1.77403080829	2.47579460025	3.04766895842	4.85160704967	6.43972657436	
0.114785373406	0.324078068108	0.618124336337	0.854359132322	1.71643629029	2.07464762881	3.1551002177	3.96010759037	6.01471305775	
0.0966408956111	0.442653763977	0.530930376618	0.834981202713	1.3666926371	2.39680520319	3.35413007139	4.86375355194	6.58134517149	
0.102949383704	0.425610443122	0.477809368837	0.690197662414	1.7524735458	2.27183562148	3.90236575636	3.92129077509	5.860492401	
0.104905701052	0.35482568873	0.652951387612	0.781060088272	1.69081021394	2.05571191427	3.03395254075	4.53892411244	4.87361551395	
0.0865141066926	0.412150763325	0.602358581571	0.94193364506	1.38752344646	1.80544259631	3.11386867654	4.3650255472	5.76599157511	
0.128738044739	0.279534822983	0.514568216312	0.975010554323	1.54770593338	2.57486587378	3.63580941016	3.95163951216	7.48932153192	
0.109355862622	0.387494593832	0.732987316154	1.07897466004	1.35075746257	2.1721045443	2.92288651501	4.55059240562	6.01770421154	
0.105591633226	0.391154546586	0.629252296773	0.903160096875	1.16042767453	1.99107134017	3.03180047389	4.0897818491	6.14981863846	
0.0947727202081	0.40827610746	0.737629961059	0.964577862442	1.49748244041	2.21140773158	2.81688302419	3.86232253067	5.80230518075	
0.113363335449	0.364353549982	0.589536986821	0.811076462116	1.68578825282	2.25701841254	3.50057431827	4.11865921283	6.00978625698	
0.0910609262579	0.374612500227	0.517870180836	1.03665492723	1.72828617499	2.33439351273	3.25170610777	5.18094767271	5.81462601719	
0.0991625309257	0.330101384578	0.606731807581	1.00708548258	1.37548257711	2.01510722476	3.23810181038	2.78806363116	5.83546482753	
0.0865612788939	0.349873166559	0.441360414158	1.08764082531	1.55945840117	1.89386628543	3.61085426316	3.71558819654	6.11543238062	
0.0971596947972	0.414867453467	0.569804589831	0.946681836495	1.64021664001	2.29528663071	3.13060958577	4.99318018754	5.79768247471	
0.0801249078346	0.381170954533	0.665745289552	0.897504858451	1.25925521293	1.90000392022	3.06750180967	4.29603321997	6.43748859173	
0.0857412864036	0.421486602823	0.603837072923	1.00596566431	1.57072135014	2.33890081516	3.87726871326	4.75156970233	5.46386741677	
0.105211113185	0.339494265603	0.662440883965	1.07886359701	1.50604135753	1.88075557556	3.24809527631	4.26250221156	6.03797359491	
0.0804387736054	0.361074249758	0.561014083469	0.888046663098	1.31247394131	2.17842061149	3.50453843206	3.82753118253	6.08461168408	
0.0939235630596	0.376928382339	0.617282174483	0.797684390757	1.3183672725	2.01580395605	3.6504257368	4.40428442536	6.94266932803	
0.091966975224	0.36749346705	0.48704072974	0.796735522072	1.31744650979	2.14095357428	3.03605062949	3.36633698699	5.99572863201	
0.103783987115	0.40412673252	0.550713672868	1.03995638785	1.32974543122	2.37789786594	3.49825093866	4.52431826858	5.60252914749	
0.109946992305	0.334336812224	0.627054494001	1.0399280182	1.29913432943	2.52816618616	3.02215317506	4.40583916769	6.32796962233	
0.101603078114	0.370114292129	0.564035960527	0.931961021448	1.19660227204	2.22456195491	3.10004653051	4.68142424957	5.42159789763	
0.0979600205362	0.352756521747	0.7458103894	1.03442351399	1.40215184716	2.25955680085	2.92314274737	4.4623923543	6.35923393602	
0.101959945283	0.396628514864	0.526430189212	0.920108331542	1.59874247302	2.29137191535	3.30133491773	3.83287257511	6.29256023715	
0.0968580265121	0.387457448608	0.565352703226	0.996596410935	1.5460521299	1.79702181252	3.03911967859	4.34831380046	5.69358281485	
0.112032980769	0.351730933398	0.546542701522	0.843211689957	1.41822130916	2.42181651213	3.46789465179	3.77065386201	6.23710388682	
0.104370586023	0.43698628994	0.571778335103	0.903553009336	1.44503973248	1.96942697728	3.1933294733	4.02159173514	5.35254454532	
0.0984520013562	0.428591646755	0.537605245453	0.945810233664	1.44177988781	2.39986476662	3.235976042	4.92954690615	6.25217573736	
0.0977990228553	0.394983045384	0.516268392568	0.943838090002	1.40235322881	2.35123194361	3.26916718496	4.28384770587	6.16022988866	
0.0987327088356	0.357958146203	0.629595083612	0.772229766883	1.54012359076	2.30706304624	3.19603377569	4.63714927894	6.52718187754	
0.109852074652	0.399151132403	0.500627606751	0.758032794679	1.29049319808	1.81379144628	3.20368876351	4.004296405	6.5382368715	
0.1000873352	0.337539344603	0.45137442194	0.934520888371	1.88197434034	2.13886831222	3.71870753417	4.49283819405	6.55933564507	
0.0991080653714	0.3711780628	0.6590111485	1.00016068109	1.32958824905	2.25311060119	2.77408333626	4.38829256716	6.31367348901	
0.107216518219	0.363810608365	0.574229289533	0.909373459628	1.3620973523	2.11724076113	3.69241596681	4.25105105201	4.47140588645	
0.103277934228	0.349596155382	0.589074767727	0.822288118142	1.48958575251	2.31988075394	3.43557095304	4.21282851296	5.94586371154	
0.101843637718	0.38687528382	0.54093617662	0.873824347729	1.32041380851	2.35469027002	3.02206540565	5.04066788878	5.96082057742	
0.101442303396	0.448183165784	0.527945598447	0.974545009108	1.25192810586	2.18103994964	3.26894355718	3.81012719772	6.06855397335	
0.0942824664685	0.422278170167	0.604145106188	0.858093950817	1.53176038122	1.88244641915	3.25662014274	4.38546492719	5.98818161659	
0.0917339642344	0.37646874031	0.623352173252	0.852844929033	1.41421888419	2.06209037105	3.38128457002	5.02858208213	6.3630753958	
0.102851306806	0.407895981645	0.498685794081	0.910784880529	1.5497802483	2.23094427765	3.61375818891	4.503708578	6.38978078636	
0.101020122344	0.368608399603	0.673119901793	1.02694955738	1.46615898735	2.29220157357	2.93747305299	4.75600999993	5.70713797883	
0.114126352085	0.467097704211	0.547035616317	1.08567216827	1.29573595669	2.24210599762	3.20340828503	4.40031785953	5.56641127332	
0.103363877383	0.384311584657	0.615769357448	0.82158475662	1.60809684989	1.90863840549	2.96218968323	5.01367009704	6.57619666745	
0.0855122008588	0.348794773922	0.737693738217	0.930217959866	1.52388747811	2.02148592869	3.998840507	4.04238434841	5.68281346441	
0.107342400599	0.346014540333	0.651540170918	1.09922133872	1.48961891442	1.96778858747	3.43121506395	4.70595104315	6.2916349686	
