3	50
0	0	0	0	1	1	1	0	0	0	
0.868965569042	1.66930380402	2.66229726693	
0.893266998363	1.56713810505	2.21639737573	
1.15588581575	1.51578024317	1.93805651714	
0.962975893581	1.44927871784	2.47481824374	
0.881309528862	1.5010471199	2.44172700133	
0.966826811295	1.38350052746	1.95116598288	
1.12731785089	1.31098885481	2.05406378163	
1.01260762043	1.42435191551	2.38439288885	
0.899122779043	1.50626776855	2.18680957011	
0.931866599251	1.22403917865	2.34614278043	
1.04730339702	1.39996975481	2.04322135549	
1.03705623851	1.26688012709	1.61977731461	
0.940493440804	1.34682537723	1.86028276791	
0.854090998255	1.68150025337	2.30522386145	
0.914347985491	1.41541411755	2.25776164844	
0.772309933859	1.73619878174	2.11757407857	
0.846404956519	1.53963658871	2.38730479208	
0.975736725908	1.6048050463	2.00261751206	
0.716689820258	1.30698782526	2.32405918266	
1.03639043381	1.45032450026	2.62291222049	
1.01801086288	1.25252372439	2.15806073586	
0.979234803547	1.22372690703	2.28213424393	
1.0102018202	1.58957778452	1.90086275704	
0.911341509689	1.70071561551	1.8462047009	
1.09088377318	1.36589991994	2.66953250577	
0.976631563014	1.37067731331	1.99895997315	
1.06872847919	1.56467530675	2.18269472279	
1.19370551186	1.73077678619	2.22598030025	
0.900165743414	1.41624383225	1.95256282488	
0.948016515978	1.53952089167	2.00269442038	
0.962437011494	1.31614542337	2.5529247498	
0.852037099073	1.14305381315	1.84945991483	
0.897040431421	1.4621996644	2.20014288809	
0.770426956992	1.60066114537	2.21290558857	
0.954964960034	1.33832027981	2.21021497247	
0.969937254554	1.35027994615	2.36976737016	
0.981086484847	1.37383070811	1.84655740813	
0.865238971538	1.44697532644	1.82400438182	
1.03515788675	1.43839739946	2.04438794674	
0.885013859271	1.51717852338	2.01339160726	
0.943835035722	1.3428684676	2.54570965459	
0.679679015918	1.41088846563	2.62326843096	
0.854935246375	1.72153075208	1.87702862902	
1.00854764793	1.50947755116	1.82537649777	
0.913038953843	1.42810494829	2.35083437372	
0.962056889355	1.61925525963	2.20021255414	
0.984082061135	1.36685585248	2.29393843602	
0.953102778	1.48699505995	2.17908840275	
0.844374398766	1.40053030333	2.43028478135	
1.08447320036	1.07925837469	2.24855049027	
