6	80
1	0	1	0	0	1	1	1	0	1	
0.0921759794799	0.344266857171	1.30047732828	2.13168048052	2.94462680743	5.66975911098	
0.0954473401698	0.401663836878	1.60692958961	2.14741479064	3.25622537836	6.40322958007	
0.104055072433	0.432528571105	1.33492949671	1.97054217232	2.66525073323	4.91811507559	
0.105184185725	0.369567397542	1.45591629052	2.16848884504	3.48997527379	5.06888971723	
0.0944600626687	0.416515737315	1.3282792382	2.0892241707	3.30510160869	5.97038098926	
0.0948922133136	0.394249694538	1.45584421722	2.40010759507	3.42609306815	6.27510080532	
0.105357638105	0.327411626424	1.19724461658	1.90859274454	3.89427068487	6.84430228221	
0.098470908223	0.405522724196	1.44673170851	2.09871629914	3.24749140194	5.63670206898	
0.0797495625534	0.364251346674	1.38108943692	2.2663965924	3.66465958168	5.34860363675	
0.11540654512	0.360827757315	1.49409179468	2.34349454568	3.29624809836	6.15313903664	
0.10654025996	0.356137251336	1.4572738428	1.81756842716	3.1830115715	6.66379343565	
0.0952607140074	0.463030051588	1.44102381177	2.09156723944	2.67444817062	5.19526546206	
0.108098548407	0.427243932999	1.32374660876	2.27104116845	3.19488578498	6.64135662572	
0.0998937952224	0.386826370466	1.39238998647	2.13801705898	2.63234208504	5.29954835183	
0.0888548678294	0.27551732945	1.53110192167	2.34997278762	3.24213533947	5.95861457229	
0.101182337176	0.324645551832	1.32104489399	2.18058473275	3.8442083581	6.00305230723	
0.0894554321657	0.405812183532	1.66185315357	2.31879798539	3.34384391021	6.51754045272	
0.0937707305751	0.340948171549	1.65167593344	1.92306031943	3.23471820565	4.70013972778	
0.0859309566492	0.417900336394	1.43876151045	2.07628263184	3.25828790547	5.15816976866	
0.101014764301	0.372595812109	1.57123166698	2.00416181257	4.00471194675	5.6144055945	
0.0962767969143	0.441726625957	1.39841848358	1.89312034058	3.4154716247	6.78219922098	
0.0899245407188	0.370268399346	1.7924369374	2.39586234139	2.69534126349	5.57697187644	
0.104936579763	0.327172434492	1.39798524876	1.92468857843	3.11664684477	6.25364335104	
0.0936651533127	0.323078067744	1.46464094804	2.12893564269	3.68196133779	5.19832534021	
0.0999067040087	0.405961376725	1.45357690566	2.07683407179	3.37900329003	5.562926907	
0.120268108614	0.372905478202	1.65130265969	2.36657855864	3.56399424153	6.64011132633	
0.105372717937	0.38021463272	1.30844406403	2.40302872313	3.87859746205	5.63242180207	
0.0976181971286	0.338522548707	1.57088494516	2.24748166588	3.50434742837	6.36106684461	
0.105412947884	0.393801691787	1.33131923919	2.45007539774	2.77981001113	5.17035487178	
0.107110333444	0.377491389075	1.55318572132	2.31393826656	3.00424573266	5.75566863454	
0.101991709786	0.391426704725	1.40793653551	2.26170189722	2.7291948766	6.32072297697	
0.0931788447339	0.360258381491	1.61959954515	2.14566946401	3.14034367297	6.02223899713	
0.0829517334285	0.311694008928	1.55378185334	2.12749950715	3.14756056657	5.97387621468	
0.0875200730782	0.441306098463	1.71309730461	2.11521712016	3.8360274198	6.21258217294	
0.0929732948343	0.344038382156	1.29996355853	2.49645426249	3.3387595914	4.93088275433	
0.114045012033	0.377589834986	1.76279888824	2.5266824158	2.97226852827	5.72988911787	
0.112582240348	0.414441206003	1.49501611078	1.62913997687	3.34491195115	5.91406594053	
0.115357258166	0.47777255381	1.30246953454	2.1691720742	2.83411712124	5.83758560596	
0.10177743732	0.319239110643	1.3957765377	1.93727403926	2.9010871567	5.22370357268	
0.0860400581616	0.403144708895	1.35066254396	2.23560054898	3.53560033247	6.78805686046	
0.101193363105	0.374516905522	1.36951894892	2.1528491058	3.20687147027	5.94790138773	
0.117664534243	0.361744412832	1.35027921861	2.00616946239	3.02360698835	5.54702424494	
0.0935421304201	0.455011232421	1.69214316672	2.03794345049	3.61568833888	6.12309909734	
0.110525733993	0.378573419211	1.40192692803	2.11385279076	3.38743931093	6.60237356466	
0.109315098811	0.393515412905	1.54724859834	1.99674545003	3.34880324614	5.82442604771	
0.100288825789	0.418148343698	1.15207719411	2.35518673585	2.80291912296	4.70620370131	
0.108735480092	0.433021892404	1.58983841107	2.14684482571	3.19891496225	5.26359989137	
0.100626196206	0.3620564478	1.51814249445	2.50444510683	3.87786483879	5.68522368148	
0.092777235039	0.329114309768	1.29286004546	2.32018575434	2.99171313157	7.05723690373	
0.109453256859	0.321221896054	1.36728126623	2.54780941407	3.30741332424	6.14719238749	
0.110601038423	0.370325263807	1.49345347175	1.76158385116	3.71502222174	5.05853841163	
0.104571759063	0.422441633179	1.47415639901	2.47876438706	3.0698396282	6.49942527452	
0.0800733884578	0.381128564718	1.32179316407	1.99502753481	2.65489159178	6.39520308191	
0.102404262436	0.306015574565	1.41871605779	2.49592448996	3.10975828506	5.48783880814	
0.0929112982791	0.394695725865	1.43382470913	2.08049653213	3.13152290508	6.86364109966	
0.106506715367	0.442025690864	1.30399213477	2.1033078715	3.23902520676	6.65309878728	
0.0972830344325	0.385747967302	1.56703692614	2.10899193065	3.01274893403	5.3737006001	
0.102799636729	0.410743478249	1.52868409448	2.35238565302	3.64812193705	6.19018226756	
0.1166558034	0.356626163019	1.54003201969	2.01780858912	3.53464558783	6.3884992604	
0.0962224168523	0.410238120247	1.40372374615	2.26159199899	2.9288706813	5.73270601983	
0.109997107726	0.379999302425	1.38824906567	2.08426274735	2.79249734477	6.33844801021	
0.112979932164	0.396569842005	1.70865962129	2.06420996887	3.39754579919	6.60717080675	
0.095989605625	0.407690406909	1.18897854439	2.11246722129	3.46627545007	6.21568897121	
0.11216457587	0.395196542806	1.78393195288	2.1033520041	3.5158984468	4.83008101738	
0.104069548785	0.385643597146	1.55673288549	2.09588924694	3.48292798948	5.56040883434	
0.0968366186236	0.4390296583	1.48846094244	2.35513435925	3.26752752519	6.19541385823	
0.105752605851	0.306909716108	1.48302773111	2.24737408747	3.27853407076	6.60187263223	
0.0931865543371	0.353601675667	1.5593261616	1.91689460673	3.30033110827	5.92507898163	
0.0875874247043	0.427332281674	1.42058493884	2.35052150434	3.24364828943	5.75228462538	
0.0998481305932	0.36103507408	1.47660343012	2.20493664538	3.22398903831	6.72172631734	
0.0918373642906	0.368532422212	1.51244037747	2.09410162391	3.3058652812	6.89953180574	
0.0991414860978	0.459492083597	1.32733065301	2.09390248296	2.81505284882	6.8042351297	
0.108600517475	0.328939866238	1.18235343115	2.29982288503	3.40299279931	5.15823528788	
0.0976483729532	0.410556541966	1.61454799823	2.12122101966	2.82658449717	5.29068886065	
0.0943344456704	0.333628634523	1.47867078452	1.98137486768	3.47519903998	6.40724243294	
0.114813410881	0.37566891718	1.62015935774	1.89581721814	3.16553799088	5.91946628204	
0.10231238188	0.396222923096	1.28863808176	2.52637909087	3.21604056914	5.41031393042	
0.103320383571	0.374058867984	1.52598540521	2.34364261893	3.21170594857	6.76596678859	
0.0892368353835	0.361500741601	1.255881866	1.73969069084	2.72629340173	5.42195480197	
0.111200400512	0.435595691298	1.46702473886	2.22022925588	3.47207502377	6.10768062461	
