7	34
1	1	0	1	0	1	0	1	1	1	
0.0940837253748	0.156650447729	0.570588281824	1.30754917811	3.253557151	4.81400677961	5.67487377076	
0.11465524667	0.132414110307	0.58076673538	1.63867579845	3.0203674411	4.85367535473	5.46210547141	
0.112747260288	0.146078405538	0.61709995876	1.42354659375	2.23330736532	5.28271877911	6.66291890532	
0.111911045246	0.15843538046	0.68581207693	1.12252066493	3.42811083328	4.3137735515	6.16834129097	
0.115427502778	0.151041572569	0.637975663454	1.70232536847	3.26522222406	4.50682573369	5.60129049814	
0.112653119436	0.168294870706	0.607155082231	1.34416926343	3.45485536122	4.30002951868	6.34383059631	
0.0960738922367	0.132208816904	0.571859814623	1.48632956975	3.06098492638	4.74350302455	5.460307506	
0.0960472126983	0.18458147532	0.591806774803	1.27442245581	3.06620511132	5.1233107116	6.370824657	
0.103968900086	0.139075233352	0.57281435002	1.53430214393	3.46876127586	3.87658349158	5.83371681933	
0.0902871032987	0.116859734333	0.561146019361	1.52379119317	2.46515985776	4.21054507599	6.31873732115	
0.114784498709	0.146976419354	0.604375244295	1.40448168912	3.10502077676	4.4105591847	6.69300103593	
0.0579207132991	0.142639893518	0.586595811012	1.34872819349	3.64448328343	3.39560198702	5.96926031414	
0.0921881442169	0.158926756276	0.539817195044	1.48772451268	3.09217262501	4.82666698395	5.16874343442	
0.094894565991	0.149590587698	0.576203062861	1.3604209182	3.26034535676	4.90868510131	5.71338012437	
0.109527713907	0.147934946344	0.594975452831	1.4005937471	2.83193348583	4.77441519882	5.42754133276	
0.0946839184171	0.14789228955	0.651528760838	1.57326389521	3.01862620114	4.41184711652	5.6758057156	
0.100279562418	0.14548739789	0.615723610858	1.37050975071	3.49122300268	3.75398178531	5.12739762899	
0.0982437084415	0.1525304334	0.577109054003	1.46701978499	3.50216341649	5.34726578388	6.26088294611	
0.115913454434	0.147974208787	0.749904029004	1.45226206632	3.43892722492	5.10945344616	5.74654308003	
0.108522862331	0.142690498706	0.716382485334	1.69343447234	3.32930704976	4.62111397555	5.1981933739	
0.0996210485659	0.150084188833	0.513016229542	1.33679935913	3.16854298555	4.20563777995	6.36126657792	
0.089954604111	0.172433669519	0.600614271257	1.51263133746	4.22200996732	4.00399389477	6.2525350304	
0.110164460099	0.150141770546	0.624948385425	1.47606282577	2.64469330465	4.89862727515	6.45908590737	
0.11655073648	0.132267337545	0.636232582484	1.42901016797	3.79354628565	4.42807621007	6.40203150768	
0.101242855126	0.155494448222	0.666032584232	1.52165336591	3.04496672284	5.09893259905	6.2950885654	
0.102599130221	0.153969664982	0.62189781537	1.44786369152	3.18959339649	5.03624452123	4.54126654034	
0.0986493883765	0.118090468218	0.601727835414	1.55226876419	3.90953696609	3.671233374	5.36025616361	
0.0867055182857	0.154243508838	0.626746421798	1.57974754758	3.4834629655	3.96760076466	6.86522004194	
0.101732467356	0.142934050662	0.728320280265	1.33108019592	2.88984799255	4.10115772382	6.0082781552	
0.0950450417911	0.159042216341	0.631628831462	1.2129724902	3.26022173683	4.27485340534	6.54774755089	
0.114126820023	0.150512920799	0.471630089614	1.15781151398	2.85932725906	4.23034730051	5.75631604209	
0.107493620579	0.133531613518	0.591686421755	1.2298577733	3.15164009876	4.82440387824	5.95349939364	
0.113281225685	0.123993739467	0.736574234102	1.43436310437	3.47966847111	4.35538632226	5.30687222444	
0.0849072647094	0.144379657603	0.556450603918	1.28793781365	2.68873067516	3.64840774025	5.58294456049	
