9	88
1	1	1	0	1	1	1	1	1	1	
0.108215356974	0.161361934081	0.339472383223	0.867133442746	1.47732228107	2.2483027962	2.53348443613	4.40253800816	5.51717215093	
0.0939335874526	0.138495258749	0.404162730859	0.887055947325	1.38166553733	2.25975720885	3.08824803616	4.62613858142	6.07423752572	
0.0790842027516	0.165338118687	0.451154486704	0.864555526654	1.25244483922	1.93319571344	2.97299294412	5.09100171625	5.75818124603	
0.0948049294247	0.134583841806	0.321923584243	0.90353758358	1.5668614295	1.87882423679	3.52685952829	4.68860406635	5.73636493477	
0.116156286103	0.141853578676	0.302018152523	0.842449610283	1.61489790399	2.22402384067	3.82252013529	4.81742069344	7.18213822336	
0.0945557313099	0.149150834931	0.466917340907	0.920064291494	1.07042077361	2.48435190459	3.24701905332	4.66222102345	7.06713042436	
0.0923143366091	0.168764700188	0.439418594622	1.07364051771	1.42828956322	2.26081883413	3.09278045411	4.18676634733	6.14859748459	
0.106069683187	0.155630235302	0.414391323218	0.873722964916	1.19898892785	2.15282493636	3.20959337179	4.59834727225	6.53877016264	
0.113877006875	0.133898066482	0.399397531662	0.963256680931	1.42396768042	2.05336578027	3.12621612326	3.73456083328	6.67807481316	
0.10005530664	0.151322571578	0.411060165899	0.932783821955	1.29126678952	1.94452888185	3.01963597447	5.2618727705	6.43060528405	
0.0999552318035	0.130251917757	0.391945003812	0.839416500264	1.42080885069	2.08608812244	3.73941860359	4.78963176884	7.19644674141	
0.101440417086	0.137620369328	0.397829459202	0.981120935683	1.39958630906	2.10697725731	3.53080879291	4.31632950085	6.03477369043	
0.115117205784	0.123050666384	0.413279999809	0.88924059182	1.44524126636	1.80682437051	3.26619911052	3.82570452687	5.7318540937	
0.11901845123	0.139318836829	0.383302224733	1.06319873236	1.50020779223	2.40806924535	3.36517673298	4.68246520495	5.39294085881	
0.115198219732	0.138208637464	0.326016384626	1.00796287878	1.24178174269	1.98402744713	3.10196048633	4.91022109571	5.81368910432	
0.096248241718	0.153067733643	0.376231203214	1.05276921973	1.30631856395	2.2152846531	3.05916856411	4.92782503998	5.6065348649	
0.106468860725	0.16997552467	0.427292311563	1.05620936942	1.22350569921	1.81490987503	2.81598904638	4.46799739962	6.50372183262	
0.110292592368	0.148936387808	0.369183469076	0.740272079859	1.33940783822	1.85379273174	3.27768345923	4.71203036229	5.78559217825	
0.0972449549509	0.17112448249	0.357611768654	0.999861996796	1.42822709941	2.01483209446	3.48437039036	4.66037442881	6.12202578807	
0.0846209151234	0.137149356732	0.434685389646	0.993947572854	1.22768893964	2.6847206639	2.74963295316	3.97645113851	6.74425383794	
0.0943551166264	0.121967492283	0.356290932236	0.93671048238	1.41065693632	1.97929865164	3.58120418582	4.01492731913	5.87614169014	
0.1002061159	0.10642653598	0.441439532505	0.89380175907	1.3192573961	2.59244194001	3.00337598613	3.68688323796	5.79081439852	
0.110946899178	0.146199651703	0.337858880498	1.00650576489	1.4944432091	1.76243439454	3.08528771155	4.65037796403	6.81669966692	
0.100096875258	0.1676190532	0.397993979171	1.0149094343	1.26992951172	2.29980018169	3.27580730288	3.92665699014	5.7218924855	
0.102557881556	0.154868264501	0.343191906928	0.950790571332	1.43600469052	2.32210533822	2.73492580225	4.82195397404	5.16368004036	
0.105941119529	0.140891147069	0.373413362881	0.974457004985	1.52072352002	2.2798167813	2.65550173214	4.3232443979	5.62539895814	
0.0932210663081	0.158499265089	0.389043661176	0.950449842527	1.35420135895	2.03571194835	3.22789136856	4.86388181772	5.99833317654	
0.104166248569	0.154254634522	0.392141758885	0.731767018898	1.32592699571	1.95838023597	2.86924351672	5.07016581621	6.03106462478	
0.103753446104	0.175707499651	0.42085743324	0.807193116537	1.30983063425	2.40682609479	3.62021658607	3.96589307183	5.39095912256	
0.118452204078	0.127368487701	0.331011135396	0.86351565235	1.63036586761	2.15940648727	2.78686784319	4.87546659664	6.03015154952	
0.0981168324511	0.187192733492	0.366549790495	0.917110824895	1.47387163889	2.43229811293	3.7149674591	4.50955600475	5.79650201487	
0.103880121971	0.152284216909	0.417756792348	0.891196595899	1.25198848672	2.37508951092	3.43071241648	4.11767568756	5.17935342317	
0.0940392909629	0.156365117749	0.388869327944	0.892722315728	1.23177562827	2.17743061795	2.73883482007	4.86847266183	6.57577891877	
0.103443839998	0.146735116379	0.428467069019	0.894187547179	1.78429952802	1.87274986527	3.03250875859	4.39432312136	6.15367382238	
0.0906817712853	0.149613777726	0.417770620599	0.820205155558	1.40173662896	1.65195447433	3.41609611658	4.07095861759	5.92700155522	
0.0974848700906	0.135140420468	0.290565662215	1.00041825809	1.52053266142	2.36352215709	2.82807315282	5.00402942156	5.79154541184	
0.105322547695	0.151044188456	0.374597191267	0.76783080673	1.52597312233	1.80025696955	3.1065700167	3.79452035914	6.47903971927	
0.105162717363	0.150387630014	0.378500038108	0.953446786779	1.50153812318	2.00207974976	3.45314525508	4.19659676703	6.34826070931	
0.100602355628	0.127588343171	0.392859820269	0.9092532714	1.51885616991	2.50425810529	3.5517026952	5.1660675491	5.5882873699	
0.0857326198319	0.157971389754	0.453352749491	1.07932766434	1.32403095778	2.34030552238	2.93917232211	4.85330638819	6.39918236	
0.0874415337166	0.149137235192	0.422767278771	0.967311529839	1.63878086361	2.41724111916	2.82496116437	4.78660514112	5.80753244768	
0.111727040319	0.164193582362	0.403156874019	0.892697635223	1.35405280073	1.89834223866	3.16859632712	4.60155335392	4.97273104021	
0.0956889104378	0.159290521406	0.395727234166	0.94759484721	1.42406805414	2.39577494312	2.80809334519	4.7404836893	6.45854268362	
0.0955148850603	0.16088497953	0.364079901883	0.88984309911	1.32915884244	1.90141290446	2.95477140532	4.95530013935	6.87347683434	
0.0843242970106	0.1182780219	0.43632680726	1.05012070514	1.53846323581	2.2690058493	2.88143134024	4.48633342544	6.14006847938	
0.0899457536433	0.160747643224	0.391168354461	0.943833715381	1.80483417158	2.65365693167	3.13433258498	4.18713974889	5.39320025168	
0.0896935525433	0.150969433611	0.324843267875	1.00754322475	1.33889315723	2.2314244695	3.31572898527	4.63646691583	5.83771981204	
0.116623900968	0.168152761282	0.370905011559	0.949138613807	1.33423083545	2.05972057728	3.64000306651	4.47824763033	6.5243820344	
0.107560711459	0.162899840035	0.380963451114	1.01346019548	1.42141586759	1.68449073742	3.95868533366	3.9564910021	5.69266124312	
0.0796617194366	0.15075143187	0.419639852935	0.950161608283	1.26985380282	2.34553739024	3.42374516669	4.64270263646	6.43584658463	
0.0888968545582	0.154250369605	0.361344093408	1.04965884688	1.11937545928	1.87366532028	3.20912108552	4.15369897586	6.21634632469	
0.0827920421615	0.116667548016	0.320139252947	0.974414087209	1.59304631402	2.05611183039	3.42487863411	4.45855232024	6.56757268358	
0.108394993287	0.138788097097	0.349260110405	1.02418338035	1.70049736142	1.84984406352	3.91415970478	4.58181727848	5.45815715179	
0.0987876910977	0.160069142264	0.427225415622	0.777089359596	1.43838634286	2.20319791773	3.08474495368	4.6567727125	5.29315754345	
0.0966998986067	0.130990240078	0.379449820414	1.01487388191	1.26075078628	2.223852213	3.06860378571	4.66490937898	5.33440901816	
0.108373039122	0.11832779868	0.401925056355	0.917516559376	1.26028745797	2.08658544808	3.3795881858	4.30346416862	5.9774243614	
0.10276691237	0.151697534573	0.474121730714	1.00907339418	1.18738449513	2.42740472338	3.11696327061	4.75155153197	4.87752467226	
0.107984547707	0.162274490688	0.39645256601	0.953322653927	1.28234802368	2.48055437495	3.08802645876	4.60419455846	6.08471733241	
0.111694266596	0.154460375916	0.428300515382	0.880217722326	1.54978517761	1.77039794491	3.05029351308	5.05315890315	7.08590089961	
0.0934351369111	0.169855475418	0.362753363023	0.645566614038	1.42486440769	2.12282724068	3.81257612198	4.53639467943	5.70535717385	
0.0891120415493	0.151897763555	0.419734487364	0.791946851197	1.23812689964	2.29239133288	3.62181669525	3.90219845923	6.63619845198	
0.112312310496	0.148720226774	0.329915448556	0.955153992283	1.57771056998	2.52737620603	3.31428187213	4.08047343698	6.0357585792	
0.121369698735	0.152291706188	0.367140510728	0.804786307548	1.24272866785	2.23050224097	2.86102524155	5.338038096	5.69728619077	
0.104262229641	0.16037953111	0.408322276717	0.86120381194	1.29469018993	1.84963032578	3.60841197218	4.6201818395	6.99082631572	
0.104760062212	0.148013244289	0.382524993648	0.812253138763	1.33801883151	1.89063339693	2.95988198805	5.46589337412	5.87571520936	
0.104668813462	0.155100109997	0.418514807311	0.940135227952	1.32407292396	2.30573738362	3.44582102436	4.17625575566	6.04432561419	
0.108593907811	0.14192968811	0.429969959537	0.846949551939	1.56315711719	2.38403718353	3.79686073361	4.23538272789	6.26552588624	
0.0836379522062	0.163083418505	0.457047277209	0.958463749174	1.2794831763	1.79886441833	3.07777632485	4.24723862592	5.81411228706	
0.0814346925372	0.145803982199	0.390907297412	1.00040382452	1.61006170627	1.9442293785	2.71047530788	4.69036623385	6.76846185427	
0.109942234804	0.198413805717	0.409059280858	1.08283570285	1.38101455794	2.09354114594	3.33252409054	4.80319129921	6.01797764959	
0.112735551698	0.13540500827	0.415278988652	1.01978454323	1.40287675009	2.41488520596	3.40089095226	4.5851787149	6.0241822313	
0.108428503459	0.140813114319	0.348114282183	0.858448642168	1.41805391926	2.27028165052	3.35737984052	4.92422313716	6.12457876897	
0.0944571954163	0.138569497032	0.379300420778	0.914482184429	1.46455309844	1.9335728915	3.65502344478	4.64760067094	6.17055760896	
0.0877677308291	0.135902253735	0.366447842443	0.714195885919	1.47294975899	1.80674305895	2.69785030436	4.53430680221	6.66971631761	
0.0979938713945	0.151091732776	0.367462354625	0.932052750307	1.53685091187	1.7719796151	3.18543043366	5.35881377158	5.85268807265	
0.0876715143555	0.145896529676	0.463997727882	0.872671580066	1.77386410932	1.73021412496	3.35442072714	4.67134279066	6.18317029679	
0.104406147202	0.146145158877	0.297637782115	1.05341753048	1.19894479311	2.22733876857	3.22460860393	3.52123147393	5.86755369107	
0.0992533372383	0.176520398848	0.41636710267	0.865612181391	1.59699167609	2.2672467182	2.66074215399	4.39068111974	6.80238026475	
0.0977262604151	0.158035364158	0.387935198044	0.850383876544	1.69696379323	2.02991221193	3.35392772669	3.98826900503	5.76632303993	
0.094197105078	0.163653610298	0.407192772778	0.828016764121	1.66221984363	2.03325846875	3.02775336764	3.97191636921	5.27214978364	
0.10948071983	0.139085524134	0.439242484003	0.962640128785	1.24770817305	1.74340465595	3.54785011059	4.16607904596	6.89161507208	
0.119165353516	0.145744361819	0.40148575425	0.889973079307	1.374883277	2.01559578031	3.49191183788	4.86368068264	6.63062992301	
0.105193000444	0.135044940847	0.44219920913	0.873127197891	1.63438803393	2.34781004175	3.28062517817	4.21555887386	6.39606082967	
0.0867090740297	0.166023754587	0.372026418647	1.04546004203	1.32813780308	2.32714830208	2.3523106258	4.18089395191	5.76782864958	
0.0871995614078	0.149644509709	0.371078135349	1.08486043443	1.27431817395	1.7167277203	2.58013187682	4.91281589392	6.44718037225	
0.0861258503187	0.145431615634	0.404671836965	1.01566813476	1.33326626759	2.07591479022	3.84217784375	4.74748994594	5.37908573989	
0.1206976645	0.160345062185	0.405708478107	0.991442854174	1.34273529949	2.20244232693	3.21907476945	4.24447773261	5.8638943563	
0.0985783066294	0.169965481178	0.375704747841	0.972370812861	1.64696638763	2.1496241087	4.11815155669	4.41478890212	7.07015879882	
