7	55
1	1	0	0	0	1	1	1	1	1	
0.0924952724331	0.125408299332	1.45964669931	1.83926329955	3.16901400901	5.31493206787	6.00207357672	
0.100144177103	0.143991746816	1.64522178395	2.24101079501	3.09789923212	5.16597909805	6.11110809583	
0.0958501734218	0.118677887951	1.44965039479	2.05295255872	3.14771267439	4.33307891116	4.90163884646	
0.125637753723	0.139592856312	1.52557034292	2.10293653954	2.36035296466	4.43329542258	6.07166963212	
0.0945492082639	0.171763624909	1.68625321681	2.21172810164	3.38756760462	3.98135325787	5.30623755871	
0.0934555432321	0.180002205858	1.3515546113	2.43316982122	3.01516991346	4.06699556076	5.69978004938	
0.0947408905965	0.139117292371	1.65330008019	2.13835023911	3.18533619091	4.5114202673	6.54894840115	
0.100250824477	0.154582997542	1.57552789481	1.9201536195	2.97773860559	4.54880269642	5.57533594427	
0.0976790419008	0.133457779099	1.30661514308	2.38873326441	3.13075750023	4.29355561937	5.50376926745	
0.0911461636914	0.134437511738	1.24537155064	1.99868572313	3.21241265857	4.78828784475	5.94933473958	
0.0899246487091	0.141880051915	1.34394569358	2.00785198218	3.12690760991	4.90031861135	6.40426599484	
0.11596703091	0.136602995617	1.27030006497	2.07062757947	3.62908061689	3.55286922931	6.06835830294	
0.0966148845641	0.159352967227	1.49009421053	2.28311059582	3.40929567238	5.76099389723	7.0705785984	
0.108253964402	0.142721606653	1.37626825715	2.39706416591	3.63605678391	4.1171399277	4.80055033998	
0.0816804470314	0.167589854185	1.62453021659	2.15372086389	3.35525189376	5.30205409664	7.20845769428	
0.106796661294	0.149674524994	1.36817368488	2.08947915701	2.99825914691	4.79327532327	5.92117540925	
0.0918037794218	0.166938140893	1.50906862973	2.20540280785	3.19777838429	4.7057147337	5.79099588827	
0.127691144966	0.184238940793	1.31312988611	2.09416331616	2.95792940247	3.65595361704	7.02408885095	
0.0985023891484	0.133586635992	1.18219033578	2.19791160132	3.36645012788	4.685176784	6.64214526885	
0.108963135525	0.130689443124	1.27434115405	2.35955235109	3.04922142535	3.84011271884	5.17581200426	
0.109369294901	0.163790743347	1.44833138687	1.94730570531	3.22953819587	4.42814091304	5.73573538605	
0.106839061114	0.142799832997	1.50725024752	2.22177452692	2.78152380964	5.39700412712	6.34615333853	
0.0840733583038	0.128446704999	1.65653488458	2.18864832703	3.43225004179	4.67455381472	6.65241592896	
0.111318274953	0.136836523767	1.50195623056	1.84793127797	2.8964261699	4.36347947741	4.97969695168	
0.0922235142777	0.117414024531	1.42713406428	2.50315912452	3.26040972726	4.51569498676	5.78438323795	
0.109768193617	0.149222813673	1.27279625035	2.18647651157	3.75454907442	3.85766892893	5.43540625805	
0.0989556750751	0.144742510426	1.49005680344	1.93866083307	3.07783973043	4.52359926636	6.05203374318	
0.126033750972	0.161749332566	1.20969922685	1.93169435487	2.80748141781	5.22628780325	5.358489443	
0.105873623377	0.157306727378	1.22040265185	2.05994194388	3.16406417883	3.78855847987	7.07099934117	
0.101703633402	0.1738970091	1.74575256899	2.18431591874	3.37141695355	4.14549366648	6.80015201164	
0.0995217830803	0.143649419357	1.3202225347	2.16575129392	3.45199411238	4.59164058615	6.27748916896	
0.0978433664954	0.157572356137	1.49779921908	2.41118934702	3.5120350847	4.56958042492	6.24885282629	
0.0884866895251	0.169168057855	1.39431411943	2.12318738208	3.09451792201	4.10099025181	5.50947259837	
0.0892240660495	0.146408456396	1.54916991159	2.14512408319	3.46561490406	4.71654048605	5.73091741674	
0.112381751594	0.164988663045	1.54743603211	2.2394068584	3.13957594958	4.34609782197	5.98207271554	
0.113779234451	0.166765857858	1.22370421875	2.20582651671	2.44166620122	4.30139699503	5.59371276794	
0.105560661226	0.133678838274	1.21144698353	2.04274559474	3.24745561653	3.7175028596	6.68268547877	
0.097986769038	0.150379322421	1.58767483345	1.9924374983	3.73141996991	4.50249558507	6.4751853133	
0.104439634436	0.160304994435	1.44087104608	2.04935339181	3.8800979751	4.49093904458	5.3414005112	
0.114688124736	0.145338429893	1.18358021078	1.97279072127	2.61362507638	4.14978810498	7.0548649857	
0.104589562565	0.149928769735	1.34742720382	2.12031476818	3.61229170166	3.677534061	7.76365680246	
0.0911734404683	0.146257509318	1.40714966501	2.10999921825	3.03166912025	4.89366383215	6.68453310057	
0.109552922509	0.15133644206	1.34572514669	2.11010514954	3.22189896063	4.05880722919	6.10689432086	
0.117995277615	0.147453511102	1.50148852785	2.00876236319	3.53786923327	4.20399971699	5.7520719377	
0.10517420683	0.13513910681	1.49184946935	2.37598958514	3.30294916341	4.89091942418	5.22501184721	
0.10448198728	0.143157499836	1.48510017961	2.49007734988	2.27989952203	4.22067874062	4.62547370346	
0.0876896752008	0.142870920802	1.5529714838	2.32368096458	3.50313960192	4.75208126759	5.1953622489	
0.108020507987	0.139833280564	1.49405091236	1.95262253766	3.19134852948	4.46953644879	6.20730494691	
0.0916065932035	0.159923612673	1.24222295314	2.51561334526	3.00572362016	3.61910781674	5.95674129421	
0.0958812856932	0.136229513205	1.62243849661	2.31230056358	3.40017080367	4.07007286845	5.68200115981	
0.0938895377537	0.122596723529	1.46881189888	2.22406812431	3.28969659945	4.60237174549	5.32032158225	
0.0910554303198	0.145253661096	1.62797012973	2.39994930518	3.41802200662	5.40669386104	6.30585983082	
0.106359548668	0.172196729494	1.52948030426	2.50445035011	3.25926711507	4.21185250912	5.94276594919	
0.102377224009	0.136428461186	1.32813185611	2.05907753644	2.89303619175	4.2353526834	6.44094596418	
0.10794028376	0.128961209653	1.47419153371	2.13510170666	3.59159853924	4.37885155302	5.2562786907	
