4	73
0	1	0	0	1	0	1	1	0	0	
0.155611584291	0.94754397253	2.12779128591	2.9468076737	
0.188557397796	1.0522020308	2.11074229261	3.24332644093	
0.14891514704	1.02994508065	2.05092485601	3.05007518313	
0.148643032026	1.07335815429	2.30465234153	2.93285805215	
0.157348663334	1.0219186181	2.53511777852	3.19178338052	
0.143786893639	0.849845714651	2.27975003747	3.70000579874	
0.148351442185	0.771003506256	2.11527481794	3.02108331302	
0.151113881781	0.740991961949	2.05340103788	2.4889172165	
0.149022903328	0.907880290908	1.90940633727	3.5429262959	
0.13109177139	0.726778325927	2.11991995707	3.3671594648	
0.148724922727	1.01804555059	2.31632870902	3.4485193656	
0.161011578554	0.957296369504	2.04058069311	3.31422992275	
0.138428463213	0.93713924203	1.95529230045	3.48874876931	
0.151703984143	0.837286327375	2.35878207634	3.47560164785	
0.152436340906	0.994701272695	2.35836301366	3.64284508632	
0.163004422919	0.8504042455	2.24210983333	3.78701204246	
0.154000895455	0.967856619357	2.15069248401	2.87461425176	
0.150973881254	0.914314889998	2.2202789924	2.869703358	
0.16449062752	1.0451664022	2.01473855755	3.36242715683	
0.133804371864	0.864649989679	2.00900661456	3.74200230548	
0.157979823657	0.883840099704	2.38139295723	2.88655603204	
0.156558122913	0.905855506122	2.24165574581	3.00236740306	
0.149184615338	0.992224989962	1.94350795728	2.97748719568	
0.167025449458	0.8325253021	2.15222911453	3.40112075758	
0.163263953416	1.0690398632	2.38283808623	2.85171269744	
0.175705342881	0.972822274448	2.08279461371	3.33529179908	
0.185703408234	0.96092932265	1.75430166001	3.50139966702	
0.151597122227	0.941887360812	2.64854127028	3.03488582359	
0.154266146729	0.918793101595	2.42413782039	2.9918101548	
0.159933767919	0.911793059457	2.26760889207	3.40924820542	
0.140541365963	0.970429021984	2.19533756812	2.67368472687	
0.149067391186	0.968400757159	1.8799623528	2.8123010302	
0.133492773415	0.860853588901	2.40492812662	2.95346435461	
0.126562841072	0.825920762796	2.55960200478	3.06050928594	
0.140345721044	0.900501114618	2.30292865631	4.15257905664	
0.155162518973	0.902035264755	2.36594992178	3.84618794315	
0.141952227652	0.929868926712	2.39262605783	3.39029522881	
0.14233269908	0.795795035284	2.24318804527	2.70184323328	
0.150184784512	0.748668702118	2.12128362623	3.36757902921	
0.152170062637	0.825293875151	2.20923985667	3.37043113654	
0.142861208775	1.09366976469	2.08700552459	3.53142393758	
0.143406628877	1.0135335342	2.57483080731	3.95038875328	
0.134202011087	0.833590987478	2.26221826287	3.78963672223	
0.168204213293	0.948262785455	2.22489226454	3.17270244035	
0.165437657548	0.929485877469	2.22662784494	2.7531690585	
0.155924309787	1.1521339453	2.41619700836	3.46236864002	
0.156415704437	0.936158354641	1.9005492885	2.96294699244	
0.135708071261	1.07446353704	1.96302382373	3.0067808087	
0.167411941092	0.786860772664	1.9138763788	3.11728583424	
0.16285682628	0.98807394926	1.97945992004	3.21766286765	
0.147829470659	1.0073693972	2.21439278332	3.26858400533	
0.163303333733	0.888918549368	2.22441884036	2.6959374451	
0.136989188563	0.898986265263	2.14618519168	3.53757721345	
0.170534119334	0.848553492186	1.99355095149	2.98713715116	
0.153346702764	0.807857939171	2.25728108063	3.90747061593	
0.137856927067	0.898503296931	2.46970729721	3.18619468326	
0.111161994622	0.973258362047	2.19341040388	3.53782070063	
0.151447959054	1.00377605803	2.52648032069	3.3418085332	
0.15623667433	1.11226621142	2.45169800304	4.01936251736	
0.141414756054	0.921575287076	2.16635272648	3.12237677246	
0.160212471783	0.835963977535	2.43754569315	3.66760708648	
0.144361473119	0.94476803144	1.94419833973	3.617760852	
0.13842090048	0.814646217939	2.01376235628	3.26029063978	
0.145920679916	1.18212683453	2.42761286178	3.21740616003	
0.173514561522	0.898567697943	2.02041008933	3.45025652873	
0.170800291063	0.822305737452	2.0477336343	3.89893313757	
0.139401228998	0.968778538331	2.49325838762	3.25652887399	
0.151631362544	1.04087782819	2.08885007968	3.08101782514	
0.158378084567	0.793403098451	1.95077784421	2.7024209963	
0.171970962459	1.02737146502	2.02618060714	3.0733185836	
0.163658598885	0.876869064084	2.51146347733	3.57247488759	
0.132003135655	1.001527072	2.09818619136	3.22929872458	
0.137219743665	0.881178058626	2.2933352571	3.34946739236	
