6	25
0	1	1	0	1	0	1	0	1	1	
0.15144167627	0.403276978316	0.92055361768	2.50310769785	4.78592677038	5.10719265057	
0.164080866924	0.330796428815	1.10178051814	1.9180612496	4.23097351845	6.69384954584	
0.157525862483	0.347922404461	1.09308919274	2.42891804022	4.67070924866	5.67575941059	
0.206087984507	0.334569570542	0.847591181151	2.08293790239	5.14505375082	6.34274225789	
0.152299064176	0.391746376015	0.841368065812	2.54976397913	4.25026304646	6.36907752179	
0.137543199307	0.378528068541	0.978879505073	2.26969517351	4.52858990031	5.35194061092	
0.15971182986	0.387239295313	0.813235150926	2.19038047348	4.39767274532	5.85961922738	
0.146775710477	0.451775204325	0.930404576115	1.95598426161	4.51134638771	5.4373723722	
0.133775011153	0.417162872636	0.768819908942	2.30173476997	4.52920261121	6.24471564964	
0.167091873253	0.400598922562	0.894058261628	1.75855423955	4.08302347823	6.34534692752	
0.168970273478	0.418651040623	0.85748967958	1.96780559807	4.31803989087	6.60699757953	
0.159958227313	0.389341389659	0.838049832879	2.53930936594	4.45775041746	5.78069394883	
0.153810032847	0.379852494313	0.951912571437	1.67954809812	4.87023683336	6.27774770098	
0.165342362465	0.367245594143	0.749877261009	2.3589826845	4.92509043854	5.50102878615	
0.124632654983	0.372062187583	0.936391491643	1.75814074757	4.75564456968	5.89106031336	
0.156286167775	0.302644970894	0.919416663455	2.38274849768	5.11849345129	5.72726138836	
0.126578339769	0.415680671872	1.12606819392	2.1703129403	4.18879584499	5.9741925943	
0.158550958956	0.358162791936	0.911404220447	1.90050885517	4.21539014354	5.24740872992	
0.13431893832	0.458082951921	0.911230946184	2.12289283525	4.73456896147	7.12145875467	
0.148673764112	0.301502177143	0.871768107503	2.30755668395	5.07200451135	6.11824291238	
0.152442141656	0.430747605584	0.707308550649	2.59495551642	4.65546966339	6.45655748863	
0.164018675778	0.39935955749	0.954447137143	2.26313568296	4.08901448936	5.66608360143	
0.158624879137	0.378053878369	1.02182332771	2.25133138709	4.23647237273	6.41609768004	
0.154070035445	0.41169634007	1.10510797887	2.11805159763	4.99103159497	5.46356190159	
0.151760709553	0.426756880493	0.894904374075	2.38257931958	5.0242672221	5.91836667019	
