9	43
1	1	1	1	1	1	1	0	1	1	
0.104901214106	0.147498925619	0.449962602187	0.701590382869	0.881596620065	1.26405450993	1.99847564006	5.10751557713	5.67157565895	
0.0923418672451	0.164970636708	0.391483371138	0.489560888354	1.01982386402	1.20227452861	2.13063501553	4.36690528082	4.84231545088	
0.105419239047	0.150658192604	0.404083625917	0.670210163281	1.01192537581	1.34771559804	1.9033971515	4.83384005554	6.46538478789	
0.0915794542947	0.145881875376	0.391749457437	0.516497142807	0.994306068852	1.21153794232	2.05709123131	4.84773256688	4.67452092421	
0.112642753857	0.175530074534	0.383505784956	0.611223748565	0.981040362281	1.26724518769	2.32003759541	4.46070160903	6.20468546932	
0.105177108547	0.178934891825	0.382845186876	0.685610071447	0.937872047354	1.56572036696	2.15510468831	3.63587622213	5.81677561474	
0.0826985155058	0.156406156573	0.383040875991	0.659716633575	0.843104804705	1.576361504	1.70352116654	3.81194173614	4.96666758927	
0.098356209807	0.13444719788	0.375391019434	0.588414089805	1.06348817583	1.3266224075	2.15317056464	4.98966526958	6.30777707568	
0.105428268819	0.166401087359	0.445908301598	0.631070967503	0.830908071947	1.18545585777	2.16249091043	4.75240191478	6.75265906078	
0.100753057546	0.16475477085	0.392320400581	0.543868278346	0.954152802273	1.36698358185	2.12172411643	4.20816839864	6.63245744398	
0.104912948043	0.157683750111	0.390176868881	0.595517229199	0.941393352233	1.33953496108	2.55054707225	4.07537004432	6.53009378374	
0.100423842247	0.173791488591	0.305716423471	0.589804684373	0.977610379464	1.47092297159	2.29097444396	5.03949545972	6.20277285769	
0.10431173317	0.179690099465	0.451562617849	0.599183576055	0.697833555568	1.38967718785	2.5917035694	4.57787689458	6.421083137	
0.110297919927	0.139237050334	0.297708941657	0.682250660036	0.912189430345	1.33258085572	2.07888940646	3.77716372376	6.45631470712	
0.109320152471	0.182662722199	0.359762697882	0.606354543027	0.990638060877	1.52763585438	2.09772115969	3.69911508673	5.98180315542	
0.0935623922077	0.137338829914	0.368109435891	0.538094011298	0.845701306741	1.47942857135	1.92981415212	5.22021167656	6.69488428201	
0.113918720382	0.149929337144	0.453728546835	0.698686989521	0.942713504108	1.32960737146	2.04590973977	3.71009041062	5.66035595259	
0.0827951461272	0.150361773044	0.387999872056	0.61564193726	1.04897337138	1.3800551614	2.03697590331	4.60385627345	6.07711642514	
0.0896268901192	0.163239524231	0.406823353418	0.678817065979	0.943966103976	1.35323116078	2.45558586155	4.93315236632	5.95774231039	
0.0926894127293	0.150180326884	0.350976369999	0.585643293366	0.958317830767	1.73358172873	2.08316805282	4.37113034187	4.73051582734	
0.11434753805	0.147174758324	0.401583483849	0.643776898432	0.840755341722	1.371952771	2.02181474485	4.36184273984	6.13116177142	
0.0999341729234	0.138082252662	0.348814738452	0.673029952252	0.817702013941	1.57391556921	2.37835530308	5.20816859289	5.67245299914	
0.0964551588624	0.169816471162	0.415454979887	0.491305861352	1.00791137316	1.30264325378	2.35562482993	4.94126883166	6.02153714292	
0.111637251428	0.158278152684	0.323221193782	0.543827639498	1.04013015296	1.56744451685	2.21700448554	4.46307145361	5.97394770215	
0.083098897844	0.141839907298	0.318295140619	0.664176542848	0.958787873212	1.40868283375	2.41749157909	4.52917674806	6.79481543024	
0.089886815235	0.148712320718	0.407961858185	0.571403583364	0.925912876783	1.17555787668	1.91418858983	4.40497300084	4.86500163786	
0.10958667494	0.15421983479	0.397445559541	0.522115296963	0.860858868643	1.68907495561	2.05648907835	4.1659043752	6.33443816082	
0.106905909582	0.177013734172	0.332967129493	0.722308188019	0.797538541307	1.45500625448	2.09239720069	4.96906509774	5.7539104907	
0.0998873963751	0.148708904673	0.394958550448	0.571130901713	0.753373772002	1.29531974311	1.8699183103	3.67611440471	5.69357815817	
0.0802850748321	0.142828727501	0.45657280264	0.651559534917	1.16397355205	1.48007039673	2.16387465575	4.92826489896	6.08611021021	
0.111233690571	0.129784053904	0.385189543561	0.58563037326	0.82400166382	1.49851620781	1.95363811802	5.17092090342	5.36632541599	
0.103987785501	0.142546915161	0.402611259592	0.633778241811	0.979593291063	1.27559225403	2.01817372427	4.97135963129	7.09606013562	
0.102179217105	0.187107885934	0.393601950902	0.648524457576	1.03593600401	1.3884087504	2.13517791535	4.2791526163	5.27629429288	
0.0872831378979	0.145546059351	0.386237515001	0.557262168544	0.869051624689	1.41233698985	2.13059168489	4.33084391626	6.07990053519	
0.0912382471524	0.143031687124	0.354931085633	0.650143698737	0.956028694776	1.66295856132	1.90220047787	4.64753941231	5.20460386589	
0.110326571669	0.141501412103	0.419503829395	0.542372811451	0.914883428196	1.44440736245	2.35033704604	4.22055662975	6.64169730387	
0.0931136537628	0.164200119772	0.351657654739	0.613131912206	0.83177058114	1.23215503772	2.01708605517	4.37321037579	6.9908206496	
0.10350862384	0.124979546822	0.368656556898	0.611534157391	0.921928835587	1.61547293114	2.24091929168	4.3002320921	5.67931243241	
0.109033093797	0.120660440977	0.45834457516	0.605349636958	0.888194079705	1.52582303615	2.13914125364	4.99310324152	5.9720033169	
0.107156941156	0.167717837083	0.453958119572	0.561872933925	0.889283201533	1.3299284714	2.24056736931	4.52565402641	4.18182031002	
0.0897724095269	0.141341277536	0.485552797732	0.55124792752	0.87762398386	1.49871570126	1.69123336768	4.80722220556	6.6570014281	
0.103995758934	0.148031651572	0.355976374222	0.58016092472	0.904092929755	1.59827592044	2.53140314542	4.44368719418	5.13692057968	
0.0965647506321	0.147120099708	0.382397786239	0.562874537126	1.21708525179	1.31316166862	2.4258796655	4.23674377571	5.51157615823	
