3	68
1	0	0	0	1	0	0	0	1	0	
0.0936135779701	1.02905745805	5.47301300444	
0.106334597978	0.888438944377	3.74883306934	
0.0998272366859	0.763828697689	4.4132634651	
0.100884276978	0.953847336431	4.23235993557	
0.105716255071	0.900314162149	4.86231063192	
0.0801400680255	0.907013142707	4.48987597895	
0.0942017551338	0.856165431498	4.18518890232	
0.0830530476736	0.838335955239	4.90344780944	
0.107626494922	0.896890963576	4.05742372431	
0.0886480621233	1.01307695373	3.95232030084	
0.100667736795	1.01263980996	5.50221898675	
0.0951487851553	0.930464809555	4.85793134025	
0.0994981888119	0.983420407012	4.5664212457	
0.0952745180608	1.10557009998	4.17908015554	
0.0836155693971	0.948579406767	4.4371421661	
0.0961710633101	0.945153500308	4.60185452256	
0.122798200842	0.925477374802	4.13684979687	
0.10486726403	0.92130003247	4.50233881307	
0.0955673156194	0.97095947441	4.82041912177	
0.115019391713	0.792214101677	4.24161435168	
0.102016229531	0.918904374977	4.6081881394	
0.105536082691	0.785367250902	4.9752973748	
0.0924012146594	1.05165848789	3.81657945888	
0.105836935387	0.843019841304	4.71139620398	
0.0989272024817	1.06602790402	5.0071847956	
0.104850681613	0.901800809581	4.50146652799	
0.0955548917256	0.981764604896	4.7027364088	
0.0977322778593	1.05907995504	4.63792043497	
0.0845371259287	0.961277678273	5.2129651702	
0.104551725815	0.91319907248	3.84728323936	
0.103242189331	0.947662540712	3.87184259017	
0.110018626956	0.862654264783	4.78389031102	
0.0921249101011	0.858766614781	4.25195844492	
0.115571622153	1.06794001832	4.78552836532	
0.092055362101	0.865690161851	4.71387709457	
0.109274908123	0.997397992258	5.08992257675	
0.106454688787	0.898707448399	3.83234621754	
0.0902309957835	0.862968443187	5.19635414807	
0.0949652463848	0.85842678119	3.8555500407	
0.104002214358	0.908049366087	4.38406795761	
0.0985382731672	0.868392054028	4.5206117535	
0.0830641114826	0.742134707529	4.37401239445	
0.0937500902728	0.861382371427	4.24475965745	
0.100391513188	0.905880659925	4.89081597282	
0.0984091985579	0.932787379349	4.65428509048	
0.111882327702	1.0419367145	4.22804602078	
0.102448119599	0.923429683813	4.0394418802	
0.112749110106	0.860522516995	4.36267528447	
0.0912053410285	0.850829789297	4.50623538693	
0.106063846444	0.909369992697	4.5034199119	
0.0920449181029	0.87284391766	5.16145975505	
0.107199334134	0.883427705793	3.74510201483	
0.099870410101	0.963819569417	4.03865178521	
0.102432260322	0.821438331486	4.48941181764	
0.123048520946	0.888967429244	4.45403852938	
0.100667199888	0.93302336794	4.65760267625	
0.111714391865	1.03765656299	4.78993608917	
0.0970779044286	0.759636397433	4.24096994382	
0.0933203002443	0.871586164322	4.20999353058	
0.0844870011492	0.979877526026	4.54036088435	
0.101296168689	1.00900721852	4.46700366661	
0.104868992532	1.00537818715	4.2875018938	
0.103850157179	0.902723442214	4.26966453811	
0.0688079515897	0.788307691535	5.53671215823	
0.0771052381394	0.916344024889	5.41980376684	
0.122916816547	0.845759721711	4.8671766766	
0.102486154299	0.878977210659	4.63330569874	
0.0980715575455	0.994782511858	4.14264750826	
