9	44
1	1	1	1	1	1	1	1	1	0	
0.0893849901237	0.151696211446	0.393956890772	0.581785683893	0.953716466235	1.4975302596	2.19300503222	2.81284294997	4.57740262224	
0.11853964686	0.153613380877	0.385208113285	0.693602259473	0.860657753128	1.55722390253	2.03601616909	3.60313958659	4.85912166951	
0.0958772113667	0.146010583105	0.417156838574	0.488672945927	0.88890059278	1.51871970016	2.08375704415	3.29383059857	3.58148207445	
0.0914552190433	0.160191790082	0.351461719672	0.521852417351	1.02872959356	1.50374281973	1.91596532914	3.29501374944	4.02482349237	
0.0984754094312	0.152639822843	0.34927713683	0.644539976012	1.01345370832	1.46768987006	2.23900616258	2.77783062753	5.11298425208	
0.0990867501194	0.135971154523	0.385541760873	0.644728199543	0.977648509736	1.27488927784	2.31289214625	3.23028579842	4.72554188207	
0.0919844849942	0.165688673841	0.386943189998	0.671329398848	0.787257265876	1.2295970659	2.09839401297	3.72697813149	5.38326490395	
0.0911157370093	0.150795705474	0.385895775061	0.643089456782	1.01230152798	1.27064105841	2.16388757245	2.59723167477	4.86485607737	
0.0966138013168	0.13191926881	0.392636778778	0.57780784542	1.04731587586	1.30236075462	2.62793536801	3.52773055146	5.07946248593	
0.0897116379845	0.176826890657	0.333923197074	0.587411298213	1.05133306635	1.50246797737	1.88358018778	3.6190082701	4.65297950373	
0.0958379976395	0.126869861159	0.396520520135	0.590194331822	0.944536769433	1.2033162055	2.05998873245	3.406099002	5.34440907509	
0.0979471837715	0.171649485886	0.409919239992	0.614027097975	0.835852214119	1.29122156828	2.2827712872	3.07888893842	4.22308677656	
0.0981938966097	0.147542537545	0.414229183095	0.569670138104	1.00451532335	1.49287783417	1.79009086272	3.34571499047	3.29950870458	
0.0910477673835	0.156946152698	0.37959556219	0.493926473642	0.825917955671	1.0569254248	1.86134889974	3.43819558853	4.24915517764	
0.101699455417	0.150204665723	0.381238156679	0.661387945387	0.911129310278	1.56022557735	1.61737117052	3.61121343597	3.91946485855	
0.0892706027692	0.139430737658	0.421186498392	0.546642009051	0.869002343531	1.29247865632	2.20490988218	3.49167270884	5.26694603209	
0.123998174998	0.159752711298	0.393894859101	0.526959616074	1.1075651933	1.46080264463	2.08785105899	3.37594782494	4.21364217267	
0.0766232843571	0.158577043814	0.431014006373	0.633415358112	0.92934164091	1.43189786059	2.18704014576	3.29603762185	4.47268440713	
0.100253428795	0.173325191107	0.397946382145	0.606308819041	0.991308101356	1.52427975511	2.353389562	3.00400379115	4.28376244223	
0.0918644254581	0.161500843852	0.407279097027	0.523605427649	0.966347916592	1.62622944311	2.09940348267	3.35204131403	4.82871856627	
0.086794417606	0.152279822385	0.42834041521	0.564407470994	1.00741935123	1.43388410982	2.00498150194	3.21863472099	4.26324243416	
0.0911168595824	0.146184828413	0.382600199871	0.590036737047	0.905320256955	1.46231741126	2.26425228462	2.87816904933	4.38642185878	
0.0802645909001	0.147567249614	0.385720103751	0.63418680073	0.944331747004	1.5083891171	2.16402337106	3.03045652709	3.99782917422	
0.0973699729271	0.138505856949	0.375450673644	0.570487379791	0.968974534168	1.4370005685	2.2462112823	3.39377503506	4.41914713033	
0.0988166365508	0.157524067325	0.472945679366	0.540652131184	0.933882888383	1.25901370635	2.14550384485	3.03093020631	4.44604211503	
0.101553103339	0.142659133314	0.312217170305	0.685532140629	1.00805275912	1.41133003027	1.95763240538	3.27763299184	4.66244497127	
0.107700118158	0.162933332466	0.419925699602	0.49554841863	0.901668181096	1.57201341735	1.95141918393	3.64626196258	5.31466992681	
0.111912543195	0.159923856107	0.36299476336	0.616898088225	0.804813197669	1.31830117496	1.99717725126	3.27014108654	4.32352023056	
0.102615999566	0.163167402373	0.353030353371	0.608916065576	0.891314883947	1.45719323659	2.29752710862	3.54940163202	4.80163685368	
0.104139856289	0.128696800905	0.338911894677	0.550549303212	0.963351679233	1.24538629753	2.22256730056	3.33595250857	3.62893990252	
0.0891239717823	0.165658133623	0.406501547639	0.548976360168	0.833757928356	1.07960042403	2.46632900286	3.26334266974	5.34767582491	
0.0980832891303	0.154238839483	0.413869341914	0.698330561171	0.976595014239	1.43034423217	2.15601089714	2.91010342928	4.32815270991	
0.100512194846	0.170728408127	0.363658358648	0.663759278728	0.922389064952	1.60782887402	2.2954953362	3.44798849293	4.940471997	
0.108331599113	0.165957200936	0.461007030451	0.697013682681	0.973377453777	1.36683019921	2.22877982478	2.62398638916	4.87304397563	
0.0893996680543	0.16683721914	0.45525098328	0.512943939439	0.925321691153	1.27778896207	1.77841335775	3.21544546336	4.78582516669	
0.107544004293	0.152308887188	0.316759181849	0.607402725747	0.791193034489	1.2259406791	1.93568372402	3.5911886372	4.74536490556	
0.103225906979	0.137060787287	0.365264535425	0.517792649631	1.0568800234	1.74420789508	2.26966865903	3.48782011858	4.42846793735	
0.0838054763634	0.137340528141	0.362315387141	0.576884639369	0.872768392543	1.43682872313	1.96721364597	3.9545103392	3.88558169325	
0.10887309544	0.146072179348	0.39758632762	0.630486892031	0.944605020401	1.26792798309	2.07861145367	3.30495596346	4.54789522588	
0.0897686802522	0.169368186886	0.285244209815	0.584992506734	0.844317355768	1.45604965454	2.36859605904	2.79273507137	5.55912235453	
0.10201848637	0.155725859851	0.325289335257	0.5972059687	1.0203657584	1.46001878483	2.18014204835	3.23314564018	3.87989995875	
0.0861629132894	0.1675399069	0.413526894826	0.661816270348	0.853477735926	1.40746781015	2.41483703999	2.85068701945	5.0084470834	
0.0941348040738	0.137171500493	0.378787180607	0.532979885453	0.753588895712	1.44087224519	2.26486714063	3.64496930611	4.77313862093	
0.119653971848	0.170416124636	0.408046992564	0.628117129521	1.04439950303	1.11353783808	2.04678773613	2.64599365974	4.79839393457	
