7	78
0	1	1	1	1	1	1	0	0	1	
0.153593533377	0.423700585603	0.523057090941	0.891483106414	1.60550211514	2.19001005866	5.46004740371	
0.146405734694	0.406989018257	0.659097164644	0.939718937358	1.37957155054	1.85420711584	6.25718401277	
0.151408791378	0.352338638642	0.631258364418	0.93126751491	1.25458135627	2.22527953262	5.91793099655	
0.146565733511	0.378030765461	0.636925242154	0.852252978471	1.45610814109	2.22596386631	5.75639285549	
0.1703248539	0.426127628032	0.659773332808	1.00357652602	1.26311796022	2.01142600256	6.54051932168	
0.158775212938	0.430415886715	0.631717388007	0.991160053659	1.44408332104	2.55937516523	6.54723417657	
0.139063402453	0.379067257528	0.563916530621	0.882066934359	1.64236840592	2.09423962794	5.45425457627	
0.136857675756	0.295911582041	0.544174995849	0.977620209911	1.45559167261	2.08161671261	5.93097808311	
0.177274939103	0.348273062263	0.600170875565	0.800151834915	1.33089720771	2.32895558657	5.44977325634	
0.158367036811	0.366520209322	0.509340392979	0.927261246858	1.84427597422	2.50884276472	6.41623559756	
0.149880750425	0.395761966836	0.541108245919	0.96105619711	1.28993584063	1.76396291789	6.87319169475	
0.143987075182	0.387139989697	0.53619379491	0.851559895785	1.51229017143	2.16476552475	6.916219712	
0.13307868468	0.351539303726	0.528243540588	0.908798447039	1.38487711593	2.04623333547	6.52752093131	
0.155167090026	0.415607736598	0.463874232679	0.894893264746	1.62931757557	2.49268309588	5.75909831408	
0.142645431279	0.363753591952	0.668126107845	0.897015659157	1.51731724314	1.95323251525	4.89284988506	
0.131455632721	0.350365830381	0.523087493956	0.933767562871	1.35283826463	1.96918403527	6.76053743085	
0.136186130071	0.388615659265	0.554176647864	0.8706193137	1.65277267568	2.12396421632	5.52617362379	
0.176623132974	0.342798758539	0.57613057645	0.890272162424	1.63722267125	2.10762282379	6.08044884095	
0.135562861854	0.434031473066	0.538703471587	0.877422600045	1.2014191029	2.16839248706	6.64427910619	
0.151308566659	0.350993843068	0.579063660447	0.910074020365	1.25544133129	1.84243256389	5.70067245396	
0.15123853748	0.312154162649	0.613535792145	0.845189652668	1.52777093521	1.94623524858	6.19083798388	
0.16890528483	0.407881660054	0.594688806294	0.810107989235	1.41192279427	2.26277797661	6.08369030562	
0.157553844089	0.33173390278	0.707258248939	0.750548135276	1.34901969234	2.22126531744	6.27384483493	
0.148295392077	0.374827520477	0.566947743085	1.00527961827	1.49034146134	1.94365650783	7.34571513974	
0.139828538036	0.375279842379	0.48054898251	1.02858741411	1.50685508642	1.6511353557	5.64867275676	
0.142459981334	0.437016231591	0.668016208819	0.962645622418	1.56145808605	1.94694841901	5.75304773898	
0.16577619697	0.340328750444	0.55704311272	0.946069533659	1.13679595982	1.95126710605	5.96131124784	
0.127008270154	0.371972743686	0.627085998679	0.964119831457	1.20105008557	2.40182068609	5.68629114007	
0.165984461836	0.382094467775	0.537893177073	0.972427461003	1.45921799671	2.07227417495	5.93553602548	
0.12694724565	0.344967287804	0.724540178425	0.970403726386	1.29852409499	2.59191803161	6.26976498977	
0.146548017919	0.380429676146	0.732982368929	0.772176368679	1.43038726068	2.07939800183	4.98888195233	
0.129722241219	0.385906522908	0.566564677302	0.867186106748	1.54891044178	2.03225798328	7.15442540572	
0.135742528727	0.352813754946	0.664587507863	0.740100763418	1.49851630581	2.11990247242	5.6324842453	
0.145196377619	0.36394132183	0.65866362998	0.991684621544	1.39943928154	2.07947815871	6.89535352096	
0.147366531701	0.394801050623	0.636921140922	0.746450984904	1.4267793604	1.99191848331	6.2102465189	
0.144768118161	0.419824884601	0.574022040578	0.821303823086	1.49695770201	1.95414409608	5.07137954645	
0.134876000429	0.395322974406	0.719121460447	0.789071019292	1.35543050278	2.27510828181	5.39008048691	
0.133493645038	0.427220838107	0.687067814873	0.911008731867	1.35099169659	2.29989526848	7.18858656785	
0.161533543559	0.347309849583	0.60489042954	1.03527915428	1.15444379386	1.89348578358	5.90351320543	
0.14164856852	0.371773794718	0.593879336379	0.880157726647	1.57371910966	2.06824192644	6.97536188427	
0.177958670051	0.349044378251	0.661308567363	1.0655258749	1.45582025655	2.49715735598	6.99631958036	
0.147152089902	0.38073811701	0.430300709742	0.806755472497	1.06868620243	1.84642419286	5.58106754413	
0.154706029537	0.334763064444	0.698709058225	0.818050104174	1.70320090404	1.77928913602	6.42743575771	
0.140624695019	0.407619288836	0.604212079955	0.951682906285	1.40720088155	2.27880718294	5.50323191882	
0.119026787976	0.352065548566	0.678927673604	0.929368662974	1.29846315042	1.98813182056	6.20702287916	
0.161446165178	0.395478468075	0.57643841675	0.933324896034	1.33637578081	2.43013163395	6.18361275554	
0.15160170692	0.354592870225	0.555434740678	0.97541882898	1.38757738416	2.11769475619	6.72232341281	
0.148597812373	0.396243373718	0.521323323347	0.909352879278	1.3124003513	2.04553453469	5.94079093833	
0.155290800873	0.450613879286	0.638087728815	0.860812441201	1.12537704384	2.15891156759	6.76739362309	
0.151100940242	0.395515262428	0.679642157845	0.990846599418	1.41739129838	2.2360962893	5.10704220647	
0.151245481222	0.362528292997	0.655014692337	0.850068317747	1.3069241809	2.47945425278	6.90990212427	
0.161380859808	0.385650127084	0.595426172038	0.80105643944	1.43616079204	2.0005871825	5.37102055815	
0.13330690744	0.375603930361	0.605116329391	0.961718908339	1.26375190052	2.27289656356	6.73244668819	
0.156836598295	0.423877489791	0.599221208997	0.696005586581	1.50392533922	2.09010534637	6.83801837525	
0.126960723667	0.405587835828	0.587142534839	0.948942800851	1.53671477849	2.22227720077	5.47576605377	
0.144273283896	0.418083434228	0.628147986567	0.899747910488	1.40959483438	1.9764505238	6.76068809874	
0.151164908178	0.398027540977	0.577311380946	0.841864633873	1.37516801804	2.3126059804	7.14995523419	
0.160382085102	0.349142983767	0.584839941717	0.888536927115	1.48015824348	2.25324802422	5.95986422254	
0.160071716378	0.360942893547	0.62861737353	0.932134335588	1.3322447922	1.98757467089	5.40881979006	
0.143262894702	0.337874934588	0.609096102754	0.873376203656	1.37954301288	2.47176243104	5.82093297141	
0.161100942918	0.353604193975	0.592797890703	0.975178715398	1.18875412386	2.22699624891	5.41861039702	
0.148423576308	0.368688719773	0.689263859341	0.938471335321	1.37262255937	2.22484931866	5.8103440736	
0.15596305915	0.418441170386	0.677079106869	1.0857950436	1.51303482013	2.39079631078	6.67520055671	
0.133605102438	0.356486473618	0.656601850608	0.827915486385	1.5642261998	2.25813296149	5.98781226134	
0.151588396558	0.406731386015	0.495504402876	0.983335952088	1.22380491446	2.34849744045	6.31781125519	
0.156580039063	0.346893229931	0.684575247182	0.917423375057	1.51660523774	2.02870857405	6.57180403553	
0.145219267299	0.364893863021	0.638550200982	0.771408837368	1.34030590375	1.86032959149	5.0046317283	
0.14336148114	0.386431985498	0.54370996209	0.843775685959	1.43084496843	1.82676919139	5.04918085188	
0.125371397884	0.371133197164	0.622382317301	0.982615276926	1.44177014556	2.22310077176	6.20197588384	
0.161692869093	0.467034412235	0.610731974086	0.823139737459	1.37803031047	2.12097829713	4.57028076472	
0.154696470046	0.355067500898	0.617533033008	0.866332493923	1.47905199806	2.38928665985	5.3248425582	
0.134286181606	0.421949600506	0.623080688904	0.950220608612	1.48441336693	1.9675159524	6.73951036522	
0.147357926174	0.319299445753	0.599976855432	0.814512790876	1.22274177221	2.52580761628	6.46523839095	
0.133786619583	0.370717702769	0.675815187661	1.06209707621	1.64402596199	2.36521137236	5.37516273745	
0.171800439627	0.444754625313	0.624538705738	0.958882442192	1.38440513723	2.57886345034	6.52979846271	
0.132297787628	0.403642169182	0.543686608498	0.888627373369	1.40345958989	2.1251047841	5.80854561285	
0.166128073629	0.477377076715	0.763847192391	0.884042163189	1.52168572675	2.02862723909	5.5218452018	
0.170090966257	0.37667126715	0.629949645733	0.900995553186	1.65991756458	2.48467446225	5.99228166505	
