8	77
1	1	1	1	1	1	1	1	0	0	
0.085823421328	0.164186961012	0.327048451526	0.559891343728	0.749723650391	1.60678257513	1.71785057932	3.21608236541	
0.0942918211205	0.14977360593	0.423023934045	0.624134800562	0.837241044338	1.3626723633	1.81328464103	2.81883453126	
0.0993432973874	0.141639466106	0.342079561891	0.578132695403	0.883568262235	1.70044616221	2.2748405574	2.83183322395	
0.08831908915	0.158512691154	0.425908124626	0.527033462683	0.923273073702	1.2958627893	2.06836405077	3.29624260754	
0.111490811995	0.144919108387	0.351622882798	0.594579630077	0.771576691163	1.66234428471	2.38013811254	3.32616334108	
0.0825672992282	0.131232690745	0.350372208982	0.60922537713	1.02720039874	1.45589186504	2.70748847813	3.38882650314	
0.100898515241	0.153124050144	0.346532303579	0.578446003297	0.994422276986	1.46683579838	1.81648032974	3.38544704814	
0.109723140264	0.142485588108	0.381036918614	0.652563253217	1.01845574677	1.33467872426	2.12319178338	3.1605276057	
0.105812837824	0.145777319125	0.380143264684	0.688009900701	1.07120462669	1.32522427281	2.0488943695	3.46261776517	
0.106616876714	0.167222172296	0.444332309559	0.47991362496	0.982102604259	1.29071329367	2.25960537543	3.97261321169	
0.104701342156	0.14439375318	0.327705438307	0.545143423505	1.019769096	1.33660999865	2.34615710133	2.89794932554	
0.0869274790716	0.153924494358	0.37751535753	0.71898566145	0.879088017882	1.26435544706	1.81071149687	3.48650468309	
0.0977436588678	0.162845134861	0.39022904185	0.499146585218	0.814000962805	1.16241980935	2.04248105381	3.62897050771	
0.095090800072	0.129687592645	0.326129927781	0.584247689235	1.08477316336	1.22790156022	2.71694526952	3.13341221905	
0.0833425048095	0.168266325098	0.380780640403	0.58944388567	1.02770308052	1.49390209268	1.99961249263	3.94048656762	
0.101031223579	0.127226954395	0.34788292995	0.647683145279	0.920143711696	1.4353059179	1.82804078734	3.28096320073	
0.112154274343	0.132527758544	0.386133203837	0.54654127148	0.857039207876	1.64858279443	2.28240320068	3.54107418357	
0.108325478276	0.16470618538	0.412066170978	0.627424827937	0.917764822251	1.31462746928	2.19987885915	3.23763075182	
0.111490348653	0.156943967596	0.409067246265	0.494814563691	0.975772545336	1.27113194347	1.73059210933	3.14939489682	
0.0911654220518	0.165356485411	0.425220913945	0.616669901175	0.988028654096	1.29409770565	2.28950238938	3.58929477905	
0.102920857354	0.165199244401	0.413061289861	0.66532646752	0.930340477695	1.55002437636	2.16169766004	3.13518707341	
0.0933539672971	0.166368281741	0.314228807771	0.546572749978	0.881042233257	1.1838266341	2.20386671301	3.0675404451	
0.0884628446646	0.139834511825	0.364314043269	0.760558361811	1.03068081676	1.56848860406	2.20656294316	3.52813940673	
0.106279863906	0.165140438335	0.426702978421	0.578063653549	0.918552017662	1.18776934464	2.20358179251	2.7808124205	
0.0907801617986	0.134576614602	0.415675181199	0.632834360091	0.8695198939	1.47583673395	2.46336566477	2.82496157379	
0.0926884103844	0.175392842949	0.360089301005	0.56033259568	0.848187783537	1.33359000629	2.15337565351	3.32332604765	
0.0883086249672	0.140254106456	0.404390153286	0.59561790666	0.879051322968	1.57518889271	2.45179251991	3.59441964885	
0.0913004920319	0.155579072831	0.361322712304	0.652195120025	0.837430822598	1.51638856399	2.34944742403	2.87386671037	
0.0848438929235	0.136987369508	0.42311354211	0.530754665985	0.991790179397	1.68677526798	1.85718516989	3.26413491588	
0.0840971985987	0.132014719273	0.398534416069	0.617058260143	0.949725782056	1.43076678361	2.41113976778	3.59824831519	
0.0932204480493	0.133447646669	0.379768611572	0.589713136762	1.0358806505	1.39584647037	2.49933721466	3.15413956378	
0.0828125854483	0.158987407413	0.370741327443	0.5697018702	0.84305856855	1.524287632	1.93974807685	3.59349591721	
0.086120079089	0.157283483042	0.363491713795	0.579714532819	0.662394199569	1.32082123186	1.92261328293	3.31030714388	
0.0958885075086	0.163953909509	0.398083457624	0.659780886395	1.0415606553	1.44992919192	2.30416701108	3.07891720177	
0.0931005280497	0.169849752997	0.273844080684	0.56311707039	0.853999013211	1.49137054504	2.16395729847	3.34944088168	
0.102375157724	0.156187523082	0.369943551113	0.692244108151	0.967255139211	1.38731343014	2.42434883673	3.31302753497	
0.107622415546	0.181482252238	0.304251666025	0.61898551915	1.03995847237	1.39419180297	1.83748388396	2.91699118826	
0.114943593242	0.166545940283	0.395180989132	0.576270518171	1.00821662714	1.51791146969	2.56957783024	2.67717772345	
0.0931206625431	0.147045755234	0.381168647036	0.579273872128	1.07416298122	1.54201185724	1.88142471358	2.90895670431	
0.0973365448682	0.140442422959	0.38450769278	0.590762919711	1.05642488339	1.41230945336	1.8307787768	3.19961964573	
0.0876877495659	0.154261977679	0.3084494808	0.63570156544	0.855631967608	1.21358573109	2.05507917467	3.14509837265	
0.106473576065	0.157852760381	0.398927080646	0.569791302225	0.9357530732	1.55925330227	2.02238056609	3.28304643961	
0.0880050126827	0.170970804049	0.331745185086	0.656124269689	0.968562616127	1.27958933445	2.28211690473	3.34594954225	
0.0953199805893	0.16814360516	0.381164474432	0.684824858471	0.735303222568	1.38902227068	2.28777696361	3.51782754633	
0.0841899602618	0.174540139185	0.3032842123	0.549586427172	1.00001553512	1.31432257507	2.46913520211	3.32853526615	
0.0896663537519	0.171763191915	0.385836577349	0.578101371249	0.8193821913	1.45095596624	2.17962622955	2.69899681929	
0.0822673042794	0.144032973508	0.30937271427	0.611099257718	0.862537635222	1.29048142934	2.15980846465	3.0266237627	
0.0951623824623	0.163772036205	0.39669789659	0.616231548648	0.770221062587	1.4930263124	2.30485633231	3.27102604552	
0.0996464447817	0.161194218486	0.332211637701	0.620574076483	1.01008729326	1.49656511107	2.24569463107	3.43772130031	
0.0962390110883	0.143529028868	0.366771734385	0.599790032757	0.827966632282	1.30893831981	2.08706177797	2.72838825987	
0.0961911746843	0.135586411499	0.349113544771	0.533983298459	0.859148703031	1.2774225089	2.03087067027	3.27501496389	
0.10017796436	0.141235251886	0.362873943772	0.614615607284	0.988718529851	1.56390324959	1.70597150163	2.48197836926	
0.0968936382948	0.155923095068	0.371913066992	0.604295279609	0.96835224415	1.4572914361	2.2563663418	3.70931106351	
0.0940911593659	0.150714036453	0.438324257579	0.613452920192	1.06805477653	1.48721461648	1.92926791705	3.11549214548	
0.107169058863	0.151091934225	0.349570104794	0.64641414401	0.899924245169	1.37525840341	1.94583913161	3.14101994902	
0.108802319852	0.143406980496	0.439263981068	0.643755381034	0.883926971605	1.39618304803	2.03138832954	2.98701686417	
0.0961538141684	0.140224298154	0.390072886367	0.476144839584	1.12469032529	1.65968101765	2.13930462739	3.31468773021	
0.111469700222	0.151434750488	0.341898263228	0.618174388957	0.866132409494	1.57108759489	1.91764090835	2.9966292954	
0.104392094105	0.176812381824	0.371862060632	0.619008700027	0.891321170791	1.53047651238	1.89134083853	3.34141676109	
0.115486079918	0.138405170355	0.377171902336	0.544748080827	0.873460781159	1.61820209967	2.19708234947	3.19891075271	
0.103166586722	0.120082006412	0.306329424721	0.624921872026	0.931702560675	1.28682814208	2.28154206463	3.15329676781	
0.0974780761956	0.143155405138	0.380254033113	0.534329463158	0.878614427643	1.37703385412	1.94077373188	3.27464771407	
0.0984008805353	0.154784633216	0.363902599012	0.719625746904	0.753038704037	1.45533390449	2.54454904187	3.23917729566	
0.0975165757931	0.146764856794	0.343967931549	0.567678745484	0.968427849069	1.41459441569	1.93543931078	2.99830804565	
0.101556411755	0.149978631709	0.342818298521	0.666041284771	0.94252308597	1.34708125343	2.13266491437	2.87479034478	
0.0795286990941	0.136913461173	0.407583909624	0.535790042957	1.0115036968	1.54171490526	1.96028180618	3.35580498366	
0.109159898993	0.130259873698	0.334470893314	0.604056357315	0.910145694332	1.43021341016	2.11481469691	3.0583861225	
0.120356647671	0.159031408706	0.361698139629	0.488257565912	0.812328715322	1.11870004985	1.98627167595	3.49880042418	
0.102929064606	0.152247524777	0.311776468231	0.571601385131	0.997117324211	1.23416596561	1.99315547093	2.84148037349	
0.109395057124	0.148156699528	0.343331702701	0.702223921026	0.827375386271	1.29571161284	1.85381141161	3.28660237229	
0.113506770089	0.152736052669	0.369661323719	0.60352288108	0.986829227944	1.12289501458	2.25959252534	3.2957783402	
0.0862693643516	0.127027749628	0.419726446116	0.536854648908	0.920752779159	1.51193264387	1.8742637876	3.77375698613	
0.105679244906	0.130001446747	0.424355480236	0.637158317864	0.85283864392	1.56850331264	2.24352069958	2.71424706189	
0.0872810102708	0.16133106796	0.411604027371	0.69039172967	0.987973392705	1.27914443556	1.95002469841	3.82853267141	
0.117013052139	0.126777814369	0.339719516834	0.530898489387	0.86632638396	1.5571552997	2.32426329281	2.92879509834	
0.0910929698057	0.172586704416	0.360159171858	0.558310900897	0.925310525586	1.16575139391	1.67630333847	3.42019670314	
0.0844052368979	0.124506930717	0.352377990446	0.607132817706	0.984975143968	1.319389677	2.11612113597	3.44533361162	
