8	20
1	0	1	1	1	1	0	1	1	1	
0.0870744331798	0.416252477366	0.589179027086	0.959693583943	1.26699256593	3.4880961522	4.90604430021	5.79467256616	
0.091958188633	0.337024274708	0.670633075609	0.802218753932	1.60779423723	2.75589133349	4.09602715334	5.10542030343	
0.100317750654	0.38457873153	0.623553448792	1.07128250339	1.70986085215	3.10930477285	4.78917311451	5.70755953126	
0.0988105769543	0.48158602956	0.68892049617	0.858299382067	1.45360530943	2.58181510319	4.63999525477	5.75549071546	
0.111945756665	0.376580521898	0.538622258062	0.893842645458	1.48430123401	3.31076672761	5.05283416662	6.14839894501	
0.123640490539	0.44207578238	0.629107565105	0.937694320609	1.39518176332	2.84056924886	3.98115582243	6.45045198375	
0.0981876797499	0.325903246695	0.51256715703	0.882611905994	1.42782981335	3.2879523458	4.43539220555	5.80639315117	
0.103120666524	0.399485381009	0.692218466739	0.812519140174	1.36348246969	3.02970189291	4.43561608734	6.76199185995	
0.115233077778	0.321857212849	0.410471619681	0.939718292453	1.19017434791	3.10342365615	4.89589129217	6.10463709859	
0.0943639438779	0.42544660441	0.69286969127	1.0329750109	1.52016566397	3.17759142725	4.41895671776	6.62362423985	
0.101757993314	0.397093073141	0.558939738763	0.947914313302	1.72642338519	3.12340122242	4.29629510486	6.54731673452	
0.0845873870443	0.395595191828	0.622761704399	0.857640648414	1.32159599395	3.01378194232	4.98599775395	6.00775279517	
0.0945372348921	0.393807405382	0.580605315447	0.942028302111	1.82100427734	3.25795683947	4.94976669443	5.24508919046	
0.0885029938315	0.356838641735	0.690642649598	0.950148366254	1.70659266416	3.515505082	4.84599400732	6.11496522246	
0.0748195174652	0.323338092065	0.514377236431	0.90974447713	1.70925385405	3.17319717903	4.72128105012	5.86007273547	
0.110625154414	0.341086386101	0.578911118134	0.975391913895	1.38086860199	3.35608183015	4.86236473626	5.36123815432	
0.104667452764	0.396813403331	0.635450090155	0.914797379564	1.48133478095	3.50915464117	4.15007824378	5.99137961918	
0.106999104729	0.398218546581	0.622457393306	0.91293415469	1.40698353023	3.10136201998	4.91234488158	5.53067957473	
0.0985235818309	0.39093716954	0.61092997392	0.927191418775	1.3906393939	3.52524792706	5.01996705922	7.82301792907	
0.0975336991905	0.416300729282	0.677110513347	0.845574233808	1.53091537459	3.63893696406	5.47028404433	6.38126813974	
