5	77
0	1	0	0	0	1	1	0	1	1	
0.166000782451	1.38396642082	2.09105183463	4.45908232223	6.46447494041	
0.159464386155	1.44931527882	1.88603690156	4.77587662909	5.48315721913	
0.136261539093	1.26719663214	2.13211872718	5.04527593431	5.42078367337	
0.175178639298	1.56010286181	1.8351105564	4.32775116802	5.37584983981	
0.159974331866	1.28869264128	1.80145931243	4.35342340047	6.70163644422	
0.147112256642	1.48697747246	2.24400468597	3.81947598327	5.46037552371	
0.150096962808	1.35029823734	2.51645772833	3.94725492221	5.45444393806	
0.154358163892	1.3402112527	1.52825599123	5.37060655324	5.35541676826	
0.15841339084	1.25076506251	1.96444749498	3.76968014879	5.55528395984	
0.140335772738	1.41104310814	2.06989769889	3.85131607787	5.68566010299	
0.171705160002	1.61995984799	2.24797271122	4.79839466103	7.23649368068	
0.158568714894	1.52211915006	1.81361464939	3.99931624744	5.9803858098	
0.137888366624	1.28729239396	1.96027130463	3.85939321102	5.52516930835	
0.155091533322	1.68687432149	2.32135116928	4.78626996827	5.02587996936	
0.151789450575	1.42042473383	2.21250933584	4.33769063874	6.99724604461	
0.150791632744	1.45148193976	1.72807535166	4.45199594313	6.68955561002	
0.158333634122	1.12175049562	2.05331985927	5.27935476031	5.90961556783	
0.154836239741	1.66151832808	2.11675795957	4.85596343698	6.2468375263	
0.159377232953	1.48422783893	2.03225957612	4.29849110186	5.48725429178	
0.125404363217	1.60796777723	2.15216783788	5.03737208214	6.93922360475	
0.150801262214	1.24217105417	2.10781954864	4.19798537696	4.81190972457	
0.142474066426	1.41977017867	2.01168525491	4.15280471087	5.23347850672	
0.152938832225	1.6973055075	2.42490413593	4.79413209959	6.40524547136	
0.148010352836	1.17195461536	2.07057218677	4.0638250407	6.09281804961	
0.168498220559	1.71219757141	2.1638935217	3.74977964827	6.0376056301	
0.151347842444	1.52707467349	2.14587295666	4.52993322328	5.62076354527	
0.145321470253	1.50339223703	1.71817600103	4.35722014545	6.4127399808	
0.174610934115	1.37303788849	2.40485450288	5.26051073044	5.76877055936	
0.141626872008	1.40396335078	2.13238036621	4.99087020053	5.53576489229	
0.173070981542	1.31549166996	1.87814864228	4.7356997452	6.73833625732	
0.152679832215	1.49221706891	2.57017390618	5.06009375169	6.01855525067	
0.143532796752	1.58659341791	2.32829604139	4.6883595072	5.8037917884	
0.148854155456	1.40890470226	2.08327071153	4.22948333853	6.15911918157	
0.140305270563	1.45536522144	1.69852725507	4.23005662413	6.65899752042	
0.136493561618	1.51467058043	1.97428399374	4.84910354556	5.82173463168	
0.144950300935	1.43777226143	1.86116320207	4.93744086844	6.78206006491	
0.144599527545	1.50496119644	2.31746579625	4.45893410145	5.33505170837	
0.173911231979	1.3738693962	2.01903602462	5.2374563691	6.36603526053	
0.153861451141	1.29118122513	2.32260287252	5.80343337248	6.52830459833	
0.157441327444	1.5331162699	2.07945520337	4.34805717168	5.78973270946	
0.141375750669	1.37960038419	2.07322195367	4.38989197102	5.83639318105	
0.153645177855	1.4412674016	2.18598292751	5.18503390351	6.04604054323	
0.183163364892	1.48043460419	2.05383918796	5.10731245757	5.95228363938	
0.114094737724	1.42942755072	2.09642719484	5.22294632383	5.461459989	
0.145010177729	1.61127243078	2.23479783454	4.42284442876	5.54610860012	
0.155276185903	1.42580993652	1.98491670798	4.1778690564	5.51131673133	
0.135111665794	1.56356682768	2.3218695721	4.92105350537	6.00269972926	
0.146360568183	1.39791335829	2.36953683817	3.6809334801	5.69130833799	
0.136689815587	1.62446391916	2.04734663246	3.76380502405	6.13405418535	
0.144448287077	1.3503591805	2.0080931293	4.18523184938	6.42513618891	
0.153356810498	1.40169089694	1.91387864148	4.42399800448	6.15637671456	
0.154479816724	1.45300646677	1.95164257663	3.41857053333	7.07977125603	
0.130355446888	1.14901101191	2.1780608568	3.73116667355	5.51712075086	
0.158232756387	1.68349427939	2.23331503878	4.30237832811	5.96914826736	
0.122871210642	1.36554244839	2.05329695516	4.56899789796	7.16531376762	
0.120948070669	1.37170210154	1.75579544804	4.27348615804	5.48123871533	
0.127584805387	1.56057216037	2.20496425633	4.85813503334	5.6810077052	
0.148939252863	1.65803361169	2.14941515805	4.86358044712	5.62952621837	
0.16074026015	1.35150453155	1.74226918915	4.49658770044	5.71781811444	
0.125628279609	1.45738347779	1.95789180574	5.89168857531	5.12133465995	
0.131806125863	1.55434580825	2.12140029566	4.88214103917	6.22823463234	
0.141265393081	1.23278978779	2.38028286236	3.92019741648	6.3353435767	
0.163784981359	1.41185075402	2.08460827983	4.0573232529	6.27764563002	
0.104311067534	1.53234886649	2.17568741331	4.39973293513	6.1453813648	
0.129396654121	1.08494204561	2.25074364004	5.09244577748	4.95635881684	
0.134212798845	1.5375824597	2.22716129839	5.83339880534	6.6453944813	
0.162531367078	1.3207782159	2.26283324622	5.17293614811	5.90136554096	
0.148241781394	1.4502135543	2.00713278348	4.62103358136	6.14638328297	
0.172199796198	1.40291688072	2.2950666374	4.4281956231	6.38385566507	
0.146249123163	1.51200663713	2.30657070325	4.02000474012	6.6614252524	
0.147502839196	1.36281907267	1.99734825599	4.63419012514	5.99722698666	
0.155562107783	1.48580157216	2.28084569875	5.74932785227	6.0238150544	
0.138981399201	1.14116669348	1.89300688839	5.05590689284	6.43195470406	
0.129750209302	1.78238237906	2.2202543627	4.70714252395	7.34653510796	
0.176091835812	1.54170265904	2.32828099728	4.91525329328	5.85541972097	
0.154301893463	1.51212783065	2.12274174221	4.06556122063	5.84032175921	
0.135181010881	1.43920527763	1.76720171232	4.65346732973	5.02123530266	
