10	74
1	1	1	1	1	1	1	1	1	1	
0.0925723612259	0.175046376329	0.40272772966	0.648875375259	0.913684911959	1.38920234799	2.08513265408	3.49835552486	4.51347481049	6.41492103253	
0.0982273506287	0.165228563697	0.406416334078	0.606752762073	0.993365162804	1.57779554498	2.54848760396	3.0220028243	4.89686248937	6.41207845293	
0.109264086095	0.143015884962	0.383915511445	0.571801698046	0.962645379932	1.30649439325	2.44305554268	3.29508637601	5.27632758995	5.60394812935	
0.102013472583	0.151544377431	0.405289339936	0.645483845172	0.806263553128	1.59988209849	2.34172741998	2.7636652323	5.14836293645	5.24242031904	
0.102773990832	0.145566141138	0.373146611661	0.579421059547	0.978697894143	1.30327500213	2.35226709979	3.42400463885	4.42731090303	6.52685952626	
0.0949225029333	0.149383780455	0.32298326925	0.566514390658	0.848586651559	1.17870101886	2.11646831514	3.21300157247	4.63363577815	6.34645253627	
0.0977388091616	0.157467554657	0.414017520054	0.66587704899	0.98375522631	1.49986105279	1.93828197662	3.51293057785	4.05362278769	6.19339483926	
0.106631872041	0.156468095895	0.279994135933	0.648303282326	1.07033003017	1.20343253046	2.18813690808	3.18887031949	4.52056730985	6.77050903278	
0.102404408629	0.135318396451	0.354730401992	0.553520515995	0.756152956747	1.35148951657	2.29532685942	3.35825045605	4.57710717963	5.82676494965	
0.0992660065217	0.158097092293	0.412244861065	0.617991694492	0.82901059335	1.36863566094	2.24395267439	3.03409522848	4.22222671753	6.41979150008	
0.107912023571	0.135599770889	0.328569282285	0.527473058889	0.992215676327	1.30932341363	2.03469047836	2.84918603104	4.50644936359	5.85878017392	
0.104431810436	0.155138224105	0.306051137272	0.621161170331	0.921970037585	1.60617452002	1.97295810123	3.42866950429	4.54084208101	5.48681779804	
0.110651000005	0.156016957885	0.366978744367	0.54798907012	1.03737904523	1.55285451773	2.15238747305	3.24492911973	3.99546013931	6.8226712273	
0.0888380020846	0.163573126663	0.456760381186	0.553908521089	0.883753367953	1.31720254793	2.41689191519	3.29209189405	3.83428751224	5.35221511802	
0.106633990385	0.138980567022	0.312911550014	0.633747557588	0.964338690284	1.32151820562	2.07470027145	3.14255763395	4.41273093676	6.81905733981	
0.107392418873	0.158748393726	0.376537865936	0.554281088	1.06398012592	1.42783614824	1.94444781635	4.23039516892	4.60292429266	5.31744647876	
0.108808884537	0.164473831901	0.3647503841	0.54637887339	0.905822506249	1.52755110497	2.32119513562	3.0520312733	5.13505817204	5.0862273171	
0.0940042207438	0.148196569645	0.368229113438	0.569105529487	1.04800171049	1.40994497868	2.23083259312	3.35679779203	4.6641414278	5.89944726655	
0.0819715974206	0.16353339624	0.376852561191	0.571953819302	0.886718582365	1.47357694851	2.04240111927	3.17904488088	4.81219878583	6.12226350069	
0.0912255651371	0.158251516407	0.368549908779	0.650543475031	0.894324984492	1.45138601923	2.27866080901	2.96835428319	4.82187329563	7.01996071119	
0.104740700418	0.153048183613	0.413942693114	0.649855009956	0.9430502164	1.2954206787	2.00994237407	3.13175616156	3.92751906127	6.8324695976	
0.0906591335612	0.149247959787	0.345954365032	0.635294532881	1.02206743005	1.24277963762	2.29217786319	2.86197040499	4.321007395	7.59037335199	
0.102810672381	0.163515954809	0.391947410094	0.590602450666	0.872854167607	1.64176100474	2.56303850675	3.26753448171	5.04536551953	6.52443168597	
0.0981119758127	0.150868666164	0.363418456675	0.722556892274	1.00525284634	1.43449709895	2.04579007571	3.41810663709	3.91459110487	5.54599914677	
0.0979943594775	0.143678263773	0.372019044351	0.640752754513	1.1104117445	1.53213424302	2.116854475	3.57697244449	4.52187523013	4.88081722524	
0.111973148861	0.132217139199	0.385046297596	0.552145767202	0.82404246957	1.36622429586	1.60484412627	3.02443649577	4.68834270795	6.21991072219	
0.081277744225	0.164551191999	0.470146701666	0.703683098377	0.880975294714	1.3357079947	1.95717314628	3.84327568824	4.26673232593	5.57456719606	
0.108376787397	0.167039493162	0.417010721631	0.536721247975	0.975899702407	1.63906925927	2.15048880501	3.34586928787	4.59143437362	5.83814127349	
0.104533104197	0.163338154819	0.429504013756	0.596685197318	0.936262917907	1.35785202344	2.48927261316	3.1095723203	4.45580426361	6.04770540718	
0.102087419127	0.127531657139	0.400747778753	0.62667275086	0.944700470897	1.48147129068	2.13825663572	2.78268996221	4.99244815812	5.12870905612	
0.0912947918345	0.167994335278	0.328601007436	0.590513590103	1.09865345914	1.44036298643	1.85381070048	3.49451702704	4.70235905702	6.07290862615	
0.0796097554444	0.169599718307	0.447244326205	0.5985247957	0.868364496839	1.50628065785	2.26723996194	3.45553593879	4.5044933259	6.32704276135	
0.107492566062	0.188466274951	0.396765818007	0.610670687051	0.788747222942	1.22528864599	2.17694500341	3.22408851126	4.06959242613	5.40587553466	
0.106044039062	0.141329462154	0.350798595891	0.537029912485	0.854131189198	1.37631630166	2.14509066702	3.32588114868	4.31105157446	4.92951477932	
0.0888033461265	0.142304175538	0.419226779094	0.593930093563	0.969645135657	1.63031169488	2.11421700634	3.2466583356	4.5174054446	6.03792837765	
0.0895801560346	0.157500876271	0.38379504955	0.550347954501	0.913810485673	1.16430631011	1.82025992784	3.53752159057	4.40257644909	6.79826579264	
0.100627190448	0.153298242903	0.379173776482	0.539409727887	0.96822323535	1.33419388812	2.21834373893	2.97875874055	4.83514629288	6.2607966888	
0.112227726578	0.160863642066	0.377865671425	0.69220815431	0.965650943492	1.09947929228	2.01913466172	3.20170801346	5.08843596368	5.73959124865	
0.0931002291917	0.119242943474	0.429093867316	0.686374463067	0.82400969022	1.22706658741	2.37364792629	3.67082379677	4.1750492508	5.86057268901	
0.10556920017	0.134674096105	0.345573944469	0.579522030914	0.837357584193	1.84646248159	2.41773594381	3.15117591206	4.55841865829	5.03813982876	
0.104017956329	0.161120223133	0.354633915259	0.573049998475	0.845300554302	1.62803127426	2.43682988262	3.37722615748	4.56039637206	5.25112087261	
0.0928251424177	0.145636354296	0.35452673999	0.63383690211	0.777604446525	1.24564398963	2.01452921402	2.73874753309	4.95028063238	6.68361870979	
0.083060106869	0.15434815721	0.364665589247	0.599367954109	0.979705860796	1.13533216353	2.37988986441	3.4194426073	4.98898686538	4.88772733512	
0.0996630220806	0.1580537993	0.396550645506	0.651236221127	0.972382820591	1.15135767259	2.39773529366	3.09377017223	4.59062698987	6.93232515043	
0.0999085358041	0.144749439446	0.335787504522	0.520097586896	0.817646517329	1.4247933839	2.6209107998	3.14991957244	4.48685820068	6.41548688499	
0.0929805586497	0.170598838135	0.361428180058	0.673566540802	0.985858728236	1.44231201297	2.01915265216	3.55703752583	4.44985967802	5.69578058347	
0.115905416475	0.118316913486	0.437500696198	0.721767811987	0.847155912622	1.33612499112	1.91016415377	3.53341212044	4.21189810364	5.92598698677	
0.106361298891	0.125895089	0.321611696428	0.620051940024	0.894191468162	1.28813317103	2.15007352729	3.21015742886	4.09032025243	6.09529826263	
0.0900552466479	0.160784816194	0.37251431654	0.710389102529	0.808749332713	1.34549014099	2.3506897748	2.9084249426	4.51483318425	4.81341821533	
0.0892930345043	0.13598994746	0.373507922816	0.659469202378	0.904707031701	1.38369963044	1.9772192115	2.87847690746	4.95825288702	6.10562197952	
0.0967624044554	0.174041674623	0.27455892344	0.661320064666	0.783724128885	1.4489787632	2.35742209531	2.66963935004	5.05621153777	5.91744472682	
0.091963634137	0.153326592835	0.399857342198	0.742356033968	0.912147883445	1.55101093653	2.17582463184	3.36550102438	4.38637752157	5.54460649291	
0.103842739678	0.135057019771	0.303877012172	0.60643194148	0.853283990768	1.38850127007	1.79143213085	3.55985380631	3.28794534546	6.25617199053	
0.105264770864	0.152993186739	0.419094314801	0.529344401377	1.1124469036	1.3015919745	2.29210732712	3.84218222659	4.40499263322	5.56790241625	
0.107939608313	0.14140088736	0.347194357714	0.641523840846	1.00005165138	1.42565202264	2.16414658873	3.30426900039	4.41371441416	5.833621071	
0.0864445064102	0.139040515452	0.379689185317	0.72648521587	0.82360646495	1.35921495751	1.87181762473	2.57457309856	5.12344320144	6.31810035197	
0.113552897736	0.121776040224	0.404017438062	0.728291131219	1.01919098659	1.5108459865	1.98468208223	3.7238896299	4.21003062085	6.30263854223	
0.0896140307089	0.14855693759	0.417111756356	0.654214799728	0.931621131054	1.737780797	2.10489946671	3.62234531941	4.24686830704	5.25318377215	
0.098005986495	0.124785192883	0.392198315821	0.606414835026	0.987370675076	1.42799979396	2.08586879015	3.27476177731	5.00851697896	6.61516887899	
0.112782709637	0.116132690044	0.420652936029	0.641828670673	1.1203505541	1.3548431967	2.08501808706	3.33618469548	3.41232000338	4.35732501743	
0.103132770203	0.132615494909	0.329143104523	0.632508294409	0.782348764383	1.52980728458	1.96373988257	2.95490825558	4.66208156603	5.25771745536	
0.117328474347	0.148420438243	0.379324893389	0.637950917778	1.02960100186	1.35509190359	2.29880328397	3.49430678205	5.16024594751	5.71867183747	
0.107522523693	0.158563100715	0.39622235566	0.467308787392	1.04690934831	1.57864617627	2.2918948636	3.05208543968	5.24149389811	5.96522953746	
0.104864844152	0.132822297067	0.368079989161	0.604055690633	0.848080463649	1.33567961422	2.26521948704	3.58990883708	3.84454312468	7.37767442989	
0.0913494536372	0.134469649693	0.438161293387	0.641363999279	1.02037779978	1.30924428233	2.24714629275	4.08079085275	4.11596038608	6.43907826488	
0.0922561771153	0.134332041992	0.370564937991	0.598160849841	0.914286924595	1.4196961919	2.62335928018	3.80502558697	4.57859056538	6.05739818945	
0.114516974388	0.161032852804	0.390124122716	0.734790622775	0.849769169568	1.42812152669	2.12051629969	3.40231120968	4.0243966375	6.28311121829	
0.0972733504231	0.165545808521	0.368127376048	0.565712109049	0.994239008937	1.44611783137	2.09429695626	3.18620621024	4.28282881212	7.23685903927	
0.105492092743	0.161521565567	0.399820480003	0.616915681719	0.891030788552	1.33115220909	2.05894831759	3.464647105	4.30544832033	6.77717798302	
0.116944700344	0.124052724768	0.440887567393	0.533439109146	0.905652024368	1.45142516976	1.70186846615	3.02699652244	4.57642033572	5.26746602876	
0.0873645295732	0.177826347118	0.385057977455	0.660677378251	1.10942562755	1.54630600535	2.04242583271	3.0568347014	4.74117362756	6.41757388378	
0.102654951511	0.161552569816	0.375562943042	0.600857980875	0.89085429489	1.3062143277	1.9592818221	3.13041506009	4.83163802112	6.02096472365	
0.0958034939094	0.146115627021	0.311045376766	0.568112825694	1.00067795854	1.26478370112	1.81383353601	2.8511906094	4.2781922399	5.96224077698	
0.102320288213	0.160571676192	0.370714796867	0.643748360837	0.818932866445	1.60187214789	2.22722822893	2.5977332498	4.54841375441	7.39045092754	
