6	79
0	1	1	1	0	1	0	0	1	1	
0.128828742154	0.312930935143	0.634239549953	1.39567302722	4.00751045588	5.61097004428	
0.166566856849	0.362509103496	0.610976020814	1.40280400641	4.66578025355	4.90098503195	
0.158412526757	0.364510554106	0.530828442805	1.67745173847	4.68199298834	5.30344920267	
0.147837181197	0.414228921498	0.633401342985	1.29874004433	4.6970104858	5.89014517044	
0.159927055807	0.38416910683	0.51923860391	1.29540837866	4.51437177581	6.33261788269	
0.175368982412	0.466701521277	0.579214024606	1.23272369297	5.4038618597	6.87694260971	
0.161342547976	0.411713698875	0.462187853355	1.35490798392	4.82286753142	6.95846508748	
0.126242758756	0.389107590175	0.652453990972	1.23423530696	4.89806385153	6.94209586932	
0.132480182273	0.432683573997	0.647119078218	1.76562146456	4.3288399187	6.04149446036	
0.16117853061	0.41732039128	0.571415468727	1.4403561697	4.85967772525	5.88235655025	
0.153746256747	0.371393678701	0.624623760481	1.42815235973	3.68160339537	6.2101108607	
0.137400027492	0.384176341052	0.743081451136	1.36428535536	4.63629238374	5.97679664608	
0.148368615722	0.34681921876	0.557525961089	1.29524723262	3.64788954362	5.78019996127	
0.145573559786	0.408485986057	0.631090023718	1.53417068212	5.20780596719	6.21406190407	
0.14925730527	0.377857074181	0.564289173991	1.13128375476	4.55369159819	6.90250885356	
0.158500598197	0.355645884461	0.6266084635	1.47583349467	5.16884811112	5.55367785219	
0.166075726479	0.373100539564	0.712843545709	1.52351540766	3.62517566616	5.77748026251	
0.135213680947	0.4062146729	0.585703475282	1.40609011035	5.1449402006	6.53479523275	
0.16363813053	0.348566605148	0.628525273694	1.66503083822	4.60041432819	6.08231514173	
0.12679317043	0.320666000066	0.767673803863	1.52819376929	4.79096692793	6.46690692504	
0.152008189704	0.426424293096	0.553911912963	1.47737136444	4.95278269558	5.33459408333	
0.14819912721	0.345280960912	0.670753781046	1.49277109609	4.58638437837	7.07181556932	
0.125773246992	0.416097313799	0.647133800206	1.64661046767	4.33760423569	5.65403662582	
0.138081217649	0.370612137261	0.6373058189	1.70885770353	4.12494467169	5.56773824968	
0.157837864899	0.399232949515	0.689487908104	1.47369878117	5.57310198688	5.69815754657	
0.114286127893	0.355119557127	0.70202530371	1.26782907433	4.57793606619	6.53257998861	
0.175779254423	0.387297131464	0.712337048851	1.2411489042	4.76929547644	6.17270572068	
0.140378378476	0.380854908609	0.629453834176	1.41870470834	4.95769266518	4.8608030563	
0.153312671597	0.429905558623	0.563677823141	1.50572864238	4.38523343762	6.10795426237	
0.145339291322	0.322616376379	0.642984479237	1.37364309316	4.55370603299	5.89293451513	
0.176256153077	0.401333385074	0.514362357151	1.40726356212	3.75106883283	5.72791402498	
0.151681349162	0.329007763026	0.623327118754	1.41846754398	5.06736210707	5.60099938456	
0.1619215559	0.34259084579	0.520811780814	1.59366099041	3.44715598559	5.62524370364	
0.129879489302	0.363001236632	0.727738057149	1.47052168878	4.19998473921	5.91155518519	
0.171224332768	0.343859991444	0.61505281758	1.54753527132	3.75178222388	5.73163114312	
0.155536669099	0.335966088686	0.668008433323	1.34899856277	4.50017817146	5.26178495621	
0.134728204846	0.403420469282	0.62129398398	1.43701632119	4.48497686125	5.5970383753	
0.163252007536	0.419549060093	0.566659969066	1.18037776266	4.85062030477	5.87483067269	
0.142156570695	0.384154458622	0.656034004289	1.70565747256	4.46413493237	6.45040588654	
0.135932477127	0.337165149215	0.658034338804	1.56941128691	4.5622416262	5.10181908713	
0.15550276026	0.41669126641	0.627908323746	1.43915543794	4.07464193686	5.90050372793	
0.155711693357	0.342248868335	0.647221856633	1.1895351023	5.06731499968	5.7717539676	
0.161238965645	0.338504543257	0.704850286908	1.47694674784	4.84470752879	5.5029294098	
0.167725735843	0.395385985657	0.513250171808	1.48920066455	5.06042089821	5.06148932371	
0.152346391053	0.369749556968	0.479280074062	1.46971101252	4.39448116154	5.73224768025	
0.142646178914	0.335060041767	0.703803424542	1.13963114288	3.8508268579	5.95556848056	
0.158988262099	0.429396894932	0.535138222842	1.52579989513	4.16691838151	5.60186136009	
0.125440208541	0.418464272509	0.736101401431	1.60868134408	3.96967834031	5.86153890253	
0.149817220158	0.423272002634	0.626435414055	1.26985803006	4.50134686218	5.68752090101	
0.158470332134	0.449714513823	0.62630852739	1.55570964161	3.6451055165	5.97344970912	
0.143863512807	0.339054906144	0.520009369021	1.58643096149	4.64436797615	4.70402278691	
0.12427040627	0.414056011769	0.590336757023	1.65965812778	3.67403022401	5.7904028796	
0.139979392043	0.479982475792	0.548918640301	1.44914756901	4.06752666637	6.8345108424	
0.152229745603	0.313614422582	0.692627098938	1.31412097105	3.48240898858	5.9159214945	
0.162637000076	0.352877054243	0.708231284429	1.23447189204	3.99714607165	5.85823278726	
0.155413835869	0.397824765613	0.616904775867	1.8307677513	5.06158699882	6.96517126573	
0.148559635113	0.330883984049	0.570318040119	1.44258735295	4.14213221135	6.21207991606	
0.143414764057	0.402551485455	0.619960794371	1.44212290241	4.03161107792	5.1607671176	
0.131522993565	0.383441739998	0.661400632004	1.54064300549	4.30933516845	5.81312067728	
0.134548216647	0.343471571144	0.675375739141	1.25516836159	6.05849402919	6.3553202873	
0.147650465709	0.405630925621	0.561938440958	1.6227922782	3.88562236883	5.32328563034	
0.138802301335	0.409866755714	0.506471041543	1.45335310717	4.59984755045	7.61231107932	
0.14495102954	0.36237937969	0.495469109513	1.4643593359	4.00143321324	6.40375518352	
0.159610945756	0.422660708677	0.692703987109	1.42549088828	4.61801650605	6.23441034321	
0.141526714403	0.414756732627	0.61314931231	1.5050089079	5.24540275282	5.41126773184	
0.156465081677	0.378961411855	0.633698288265	1.455284964	3.52089154157	6.70779069149	
0.160523290897	0.425880293433	0.59005661681	1.33654533974	3.65669877077	5.35208123912	
0.183735846757	0.448469210311	0.594695828702	1.56622969574	4.82393998622	6.2472498266	
0.16305850846	0.352593475792	0.556581138696	1.26435619632	4.16894503856	5.58047305688	
0.146644822379	0.439894562532	0.547257242323	1.67143774612	4.38124704679	6.91618017127	
0.144264441179	0.40325055034	0.506256338493	1.4388659543	4.30651175761	6.78824692653	
0.14468677769	0.322076502938	0.581467911592	1.3929558477	4.54097251004	5.0734250226	
0.142393516776	0.402671940594	0.688000653585	1.28547346498	3.81982906932	7.34705844426	
0.124239987317	0.351572219749	0.574410204534	1.19429524144	4.20290659799	6.02798706964	
0.143280597238	0.395049214457	0.579553327164	1.17009449749	4.16881146244	4.89445719481	
0.182002530122	0.358214470552	0.546577975024	1.17103464412	4.30917380715	5.93397689387	
0.14256844581	0.377130283663	0.634888738111	1.39142702185	4.54433253219	6.96231473356	
0.145700990208	0.373894702173	0.574768565872	1.38881876157	4.92526657687	5.58010127349	
0.167913718057	0.354792349975	0.610526106923	1.38602445822	4.86929024228	6.37692602906	
