5	90
1	0	0	0	1	1	0	1	1	0	
0.0971878175589	0.78195773956	1.39466438765	3.25639920558	5.00285844966	
0.111116649872	1.04301128241	1.41537609369	2.77412559399	5.48133915401	
0.094587969671	0.949390609386	1.37385755446	3.43149490433	4.3776397476	
0.101558165368	1.01949823374	1.59230806101	2.67452627097	4.90977921794	
0.110168281066	0.948105998167	1.23821034802	3.0513214642	4.86544637357	
0.101290641604	0.889011935023	1.60775520616	2.91475347669	4.91155090908	
0.100767149224	1.10827990408	1.12757831891	2.88000499434	4.88728104284	
0.097572508486	0.762375494236	1.30739255845	3.40382286725	4.45751382739	
0.0979282689645	1.13088350075	1.54175973996	3.69790241548	4.61290007695	
0.117226409464	0.982752028923	1.44190414955	3.53428515111	5.32170056492	
0.100032516895	0.921352175002	1.57126379331	3.86151105139	4.99185425473	
0.0987701749537	1.00329303859	1.63548965951	3.40154917066	3.74718656589	
0.0888407593176	0.857848558458	1.42535012398	2.85138409146	3.7800662967	
0.10986949547	0.932705556324	1.55410256912	3.25562027838	4.0881504669	
0.104321634384	0.950732163982	1.50914578515	2.98170234589	4.99151474861	
0.102225576865	0.935068272854	1.26588667155	3.08767555948	4.28098156282	
0.0972798696522	0.915885527932	1.43572270948	3.52403204554	5.09520077793	
0.0900319407118	1.12292387955	1.22715496189	3.24768987057	4.69950120378	
0.108616482587	0.832121025835	1.32400826831	3.54261117309	4.16897345535	
0.106602215939	0.903624569258	1.34804422083	3.24013747949	4.35034664903	
0.0938126244877	1.14743474905	1.18245884084	3.10708109219	4.53500595209	
0.106062646845	0.871673709814	1.25806606945	3.06734253701	4.31103849365	
0.0876332087504	0.929266133194	1.56745769132	3.47331668746	4.58321134504	
0.106762253145	0.927760846321	1.12816398142	3.23250293516	4.73813209054	
0.131837651476	0.97441939286	1.0380001429	3.09137032874	4.12783123343	
0.107700713513	1.05439115055	1.39661036879	2.7980879969	5.23752693957	
0.101704634176	0.866971857721	1.45913636165	3.67242479636	5.47614921975	
0.0981294386145	0.873386602036	1.53187611071	3.06571153637	4.34754651799	
0.105965263936	0.870013098109	1.2205938603	3.10032869678	3.99079586858	
0.0917134809323	1.04569936596	1.39747586724	3.34611565058	3.46667376152	
0.107507896691	0.880658327005	1.53518224071	3.06775670436	4.70298151984	
0.0916412868892	1.11241149426	1.46085532713	3.37377312827	4.13581145533	
0.0826617366342	0.83343095006	1.26122431101	3.60856983151	4.41817733157	
0.0997085743985	0.839856342132	1.35888291023	2.86480356433	5.31240238946	
0.0898741924161	0.902215982675	1.1343876958	3.71806023229	4.57960829151	
0.0878582954407	0.804035044681	1.37465564594	2.54348546777	3.53970609395	
0.0982472290857	1.00627312494	1.14075382884	3.43779086481	5.11109263575	
0.109921154404	0.983275342406	1.52503473903	3.67043574397	4.68601812097	
0.0966508492922	0.856089030803	1.44528243557	2.69187954294	4.05811968411	
0.093609977457	0.831267307221	1.68995547212	2.98824314068	4.06490845729	
0.0954533608703	0.893648375628	1.34813271954	3.21225804472	4.40054896521	
0.100312581792	0.823581135932	1.50609541507	3.53739587195	4.54977586352	
0.0967578033666	0.994530171744	1.35764600235	2.81221799587	4.09737041941	
0.0793996085693	0.924819842046	1.12577721758	4.17968211027	4.4854459787	
0.0838208636248	0.812819429695	1.3375881314	3.33630512337	4.42419556455	
0.104259295306	1.07841496121	1.58073481531	2.90491718868	4.85387111272	
0.0974042455419	0.948098688614	1.65608249613	2.70974853396	4.72946256668	
0.0938046152782	0.923674703416	1.4454630387	2.72541886866	3.94990614582	
0.100663229975	0.927381995108	1.44442420739	3.31418426419	4.65292335636	
0.106389686456	0.824213587183	1.76600247424	3.51646334174	4.9814017252	
0.109418575316	0.884948376752	1.464630651	3.0777834766	4.85082736587	
0.11133341195	0.809018233328	1.30619902242	3.12878262622	4.97551607535	
0.0729035943235	0.863646199239	1.28234968667	3.02526891793	4.82753433396	
0.105283992982	0.982719082364	1.12173455015	3.54492582801	4.36908911447	
0.100638575887	0.805164634518	1.635181497	3.48631506411	3.91407690105	
0.0962776187047	0.970204272286	1.40548549549	2.97072408014	4.60283584307	
0.0926983135246	0.756639513871	1.32311094905	2.81347837324	4.33881341198	
0.101486695921	0.941978266455	1.22238184688	3.18557494016	4.26199088198	
0.0911493793548	1.03487047282	1.44399784332	3.425751328	4.01040577719	
0.106590540969	0.997517481874	1.44005395817	3.11683815873	4.680237437	
0.116356299804	0.686601120926	1.42268821691	3.17416097523	4.42465138414	
0.086045669094	0.799863759677	1.33340811146	3.04056058322	4.02685376821	
0.101175762338	0.87719121298	1.54604372144	3.55063795689	5.14962872141	
0.0923092806759	1.14951172532	1.53261706781	3.31361763652	4.46544772253	
0.121454867674	1.0018452477	1.48772439135	3.42834777904	4.64184116806	
0.104920106629	0.895938549064	1.60425765298	3.07677761823	5.25550757576	
0.104345332639	0.853661854821	1.24968155093	3.45351741581	3.87493892417	
0.0998299063581	1.00789834674	1.39457978229	3.0828228735	4.60009320446	
0.0991536418215	0.864333914832	1.37333196766	3.62131469961	4.72730064414	
0.107548736344	0.820424655966	1.2423658176	3.31023327239	4.8937914061	
0.116314047476	0.969999024985	1.51105179886	3.82911822107	5.06371731181	
0.0917849271299	0.996769891815	1.19487811207	2.91328397487	4.31795976177	
0.0928325429414	0.877111414439	1.30417543055	3.03372591167	4.62365889142	
0.0963522136398	0.905358036921	1.25708536943	3.01840671399	5.27232611478	
0.123089069598	0.97105456438	1.47354741254	2.97372154378	4.47154221045	
0.0920613404473	0.816601014803	1.51956376836	3.03951924181	4.92731972316	
0.0988677333341	1.07300095581	1.30199312031	3.45739978227	4.95458624086	
0.100284161053	0.78962744743	1.33880879511	3.43714770028	4.57874330139	
0.111449085428	1.01103838317	1.51103660778	2.71140404209	4.49688857604	
0.0994257626537	0.859716463355	1.54474196385	3.00794923167	4.9566575639	
0.0918333629461	0.921994358898	1.44477987661	3.74916068045	5.02056826121	
0.106816959292	0.825286906671	1.41484931623	3.74118424548	4.70885862813	
0.095672011859	0.863257569301	1.4492163076	2.91073033035	5.46910719689	
0.0990498623318	0.844795016067	1.5032607838	3.03061017515	3.90796763825	
0.106001265832	0.848770555223	1.23607054111	2.90585370961	3.97113571179	
0.0952360543608	0.833297932883	1.45522147255	3.32987948346	4.50710578081	
0.0939489863745	1.04876843209	1.40313868072	2.38712333664	4.18377250086	
0.108376563613	0.845058384404	1.48547930585	3.78582973411	4.28622695936	
0.103076737842	0.955221576779	1.59667292105	3.17205648871	4.45045213907	
0.0856747766939	0.963681847484	1.42176296124	3.76946551253	4.82462017908	
