10	100
1	1	1	1	1	1	1	1	1	1	
0.0921618490126	0.139341119682	0.402519058062	0.574201468858	0.808960444247	1.53858543309	2.18312056335	2.98924214498	4.52916041044	4.90904932311	
0.114006457514	0.153068563512	0.347375606542	0.499868150966	0.939390703319	1.34061401539	2.00691476202	3.99648935023	3.59753436123	5.47949655927	
0.105118855915	0.142731274882	0.3853431942	0.729855077868	0.900661586674	1.54907793653	1.92128250973	3.14501269494	3.52148764501	5.39358262077	
0.113307252976	0.141264264965	0.388399284286	0.578121885851	0.791225443505	1.44600723651	2.2236614377	2.76575974349	4.52110377415	5.65180199848	
0.102677867775	0.149246645312	0.455286570351	0.550522969015	0.87617066691	1.4394448716	1.8559429166	3.50829677588	4.1847839108	6.71638632304	
0.104009028799	0.175101573926	0.317600692596	0.559158835545	0.899949897895	1.35237397335	1.99694911175	3.71063182733	4.83084418691	6.26527015843	
0.115353056368	0.137343249166	0.423822046259	0.528207167064	0.8847977896	1.53622682715	2.17517908387	3.21963340911	4.329379095	6.46592251545	
0.0902395884483	0.13560360994	0.417772548798	0.557403849111	0.882463656913	1.23901096679	2.47061110778	3.65789470611	4.16708986486	5.24998301162	
0.118384802904	0.158531388726	0.401956808281	0.748777070375	0.899015888296	1.56566835177	2.36699220258	3.74653232782	4.54364270736	4.99685135724	
0.0985584435617	0.136175951773	0.337540086487	0.535915321027	0.984181440045	1.70620737135	2.41069881014	2.64777260527	4.47293284958	5.51266381469	
0.107070949065	0.162179768636	0.383062590198	0.645645634793	0.912686868323	1.49616040945	2.21353163512	3.25441886061	4.94235207687	4.55078997469	
0.109716583703	0.158346038717	0.379622164307	0.619778606986	0.780499090386	1.45585242475	2.65075017877	3.53151915118	4.20598223978	5.61844430679	
0.099981157154	0.145952896642	0.348186736929	0.675376671129	1.03200656073	1.35168127946	1.88982948074	2.67816044275	4.44600821002	5.51282336577	
0.0992751160208	0.154529376651	0.37437966087	0.67299817146	0.825870077056	1.33600877275	1.66512199006	3.15728932824	5.11074503335	6.667961582	
0.0987471028007	0.141036819296	0.39897273926	0.578218736269	0.903556958078	1.60368524138	2.18363453607	4.29985044598	4.21376190381	5.89242264503	
0.100240503576	0.162925903918	0.376823210986	0.62517007222	0.785545888185	1.55889616725	1.92754599367	3.10974655885	4.78863627481	6.33383419118	
0.0851700466186	0.139115225036	0.383072994396	0.607956942618	0.931248656398	1.32965337466	2.19750189037	2.76993618646	4.98298347567	6.00639506979	
0.0960640953087	0.161640272464	0.405405923479	0.623268915629	0.879469148699	1.46200378832	1.8128782499	2.96824262491	3.90008696081	6.24338848912	
0.0910651087419	0.156348946008	0.369075338992	0.494692045031	0.87449898639	1.36838038324	2.28451899034	3.07253104213	4.94463971834	6.64441699313	
0.0896930579474	0.144379192466	0.361012798129	0.689850602301	0.852533880544	1.34832491796	2.299391934	3.43940582208	4.64093037079	5.95974759116	
0.100419106604	0.119557161693	0.393251946966	0.679913332965	0.965721075891	1.44848915561	2.49435410522	2.85293708086	4.58301429132	6.43328448867	
0.108361422594	0.155407231877	0.390057384222	0.540409771439	0.955270143109	1.36515993107	2.34663343906	3.53466346104	4.70296053639	5.16201837488	
0.0812629527265	0.144389785049	0.39594042695	0.55440232637	0.850386552012	1.54258284531	2.06037946392	2.92391097332	3.64456598863	7.32284425352	
0.0965383821984	0.13312000634	0.374560251185	0.548339014092	0.876630892368	1.58508517728	1.87138067269	2.57124039704	4.26254254216	5.43192498184	
0.113874353762	0.158008971121	0.404643152483	0.584867736901	0.725521757945	1.4003201889	2.24042116855	2.8424216607	5.08814529086	6.05627768855	
0.0959864901896	0.164387331312	0.354235578519	0.602020080005	0.770070115861	1.3739393522	2.14906681938	3.51020077583	4.89193888484	5.93539014714	
0.10174215393	0.159258724898	0.384478165351	0.539221460136	0.871796640161	1.40815442642	1.96528002922	3.49374767658	5.1074590614	6.61196153674	
0.0856735701605	0.177102807667	0.421788402455	0.633856484337	0.943450682619	1.3770007223	2.4122747742	2.9108523254	4.99840778672	6.89082995999	
0.0911870577233	0.1499753608	0.322843424706	0.647737376004	0.883311408016	1.49546138207	2.23230558024	2.84944901242	4.18726385173	7.59202450277	
0.0908914312573	0.14759270057	0.402119805721	0.588212508849	1.00442407452	1.25191181657	2.28778798988	3.09028463342	3.35113203661	6.38996245007	
0.0967953305115	0.145544884041	0.407017421296	0.685502912523	0.932961483667	1.39693492565	1.96207412731	3.34706036151	4.16920437417	5.96990431049	
0.10785139861	0.140395578627	0.397165114944	0.5556132916	1.05057602212	1.34062655752	1.61804839332	2.84974632316	4.43309976424	6.43517971989	
0.100254159017	0.140331617439	0.275818857818	0.704488737416	0.972688863793	1.29428040273	2.1936910077	3.06112160151	4.11008576215	6.04079439856	
0.0942812772061	0.13218710433	0.415763969146	0.648695163153	0.836234112316	1.3686457132	2.08729569113	3.95694744434	4.77705890837	5.86037488912	
0.0867393629871	0.134670343567	0.315961472475	0.684503069139	0.912008557523	1.5591048785	1.71987447939	3.54206668004	4.24810122561	5.59622554943	
0.108703158228	0.135304474292	0.399392714497	0.536787199206	0.868504806331	1.40000168022	2.3615189498	2.98102189238	4.4910534797	6.5919991309	
0.0983718688378	0.137903182328	0.41026740344	0.756843957324	0.98277535648	1.60081124492	2.31638509007	3.21790216849	5.85476563999	5.1009417374	
0.101290871602	0.126804748811	0.463920608894	0.522809834491	0.935298404842	1.55921768739	2.1689044074	3.25234490091	4.2989084678	5.19884446811	
0.0976686563128	0.144523516721	0.333834886276	0.627985878516	0.88869935706	1.35753860717	2.23557269813	3.06971864778	4.31297944261	6.39838248729	
0.0914537507848	0.145775252717	0.314185069793	0.632084846424	1.04623506568	1.39682230284	2.49967513169	3.53603112365	4.09186650331	5.85281802429	
0.108072919403	0.147678809541	0.385594813128	0.551141065186	0.965365757749	1.60635438112	2.08126527489	3.24798354531	5.11789673008	5.96381705903	
0.0918408569827	0.125764083488	0.419707264386	0.687737868999	0.917236871271	1.37663083748	2.08333641391	3.63056510806	4.79463967996	5.5359746669	
0.107075427227	0.168075808237	0.328700189675	0.644485397549	0.97579471637	1.51866656531	2.16531756255	3.19773069882	4.60968776146	5.688870732	
0.0815238170871	0.14759552124	0.43321871617	0.662967598808	0.956868990607	1.47521321159	1.81998959144	3.36911450861	3.60894436096	5.28870935747	
0.107684296427	0.15364853303	0.399312537459	0.560519147827	0.973449452834	1.34356159276	2.13841154939	3.19535287989	4.20408608338	5.77813579827	
0.112515507761	0.164092617624	0.376973149079	0.637871043335	1.05120953159	1.32696561016	1.96942375776	3.13403594594	4.33823861854	5.79451264297	
0.102425714972	0.152780655864	0.38490901668	0.682679861161	1.12394956685	1.35748067894	2.17160395768	2.95487641651	4.69965096303	6.2011093696	
0.102184386666	0.160988532453	0.370278178769	0.588067011791	0.881582040073	1.63947341457	1.94316693727	3.08743923056	4.15493143171	7.09909375211	
0.117906840163	0.135962925989	0.401920539423	0.641717974079	0.937679221122	1.4699053128	1.99875104894	3.41624924147	4.95052866514	4.85094864211	
0.115353095463	0.144344083857	0.419833023544	0.685067180936	1.03771909366	1.51611406403	2.20726050378	2.65312078217	4.64274530974	6.31101325234	
0.099223150835	0.150693354884	0.428259555968	0.585834094587	0.981998667724	1.45408540105	2.33820887094	3.05389995326	4.83694146798	6.27850374321	
0.116742642893	0.143687084039	0.356077574635	0.658234830453	0.95942093492	1.33005822296	1.85737476404	2.72221937724	4.66610113208	5.66685379788	
0.0935881206163	0.156007180879	0.28653463749	0.64317966396	1.03071771294	1.58251175352	2.27303662885	3.61069509262	5.1916867088	5.45820189307	
0.0852574453964	0.146795627575	0.428418463562	0.643902175818	0.748601057828	1.39615012163	2.11148804257	2.82514798175	4.71254133253	5.75037971054	
0.0900422875794	0.171959225628	0.334730353277	0.69492342281	0.883138058178	1.47836402098	2.20178263743	3.52828084595	4.40643505145	6.01437341068	
0.107055573764	0.154464990087	0.329499937407	0.549241356592	1.08243684535	1.49474434639	2.15669171618	2.85930311163	4.53190804689	6.461658876	
0.110200556774	0.156009735215	0.375325540416	0.554137375148	0.874777124191	1.57469909608	2.01079629347	3.23314092984	4.92276788508	5.67482230508	
0.0882254262639	0.129336025859	0.422063013572	0.57109299528	0.96074577265	1.51774485616	2.12036636713	3.03649091334	3.98227996277	6.23422869335	
0.106997296748	0.141355992173	0.379092152492	0.616380306295	0.987302521902	1.40103287589	2.31797978355	3.10018335672	4.72764645729	6.58111239298	
0.0766444302083	0.156683462297	0.480023281997	0.633452461061	0.863028762852	1.26628081599	2.00214522774	3.1807658416	5.4324887939	5.74399593373	
0.0957731484505	0.143751219113	0.457701004424	0.564229276367	0.969123118403	1.79502478113	2.16400961871	2.92617560004	3.43451670813	6.40568717118	
0.084065861762	0.140122964188	0.394771602206	0.613004032308	0.960643437208	1.57296069047	1.97242152773	2.88439070584	5.43241071483	6.98973180198	
0.0894991145728	0.145668202488	0.313630321289	0.658117676069	0.951641160036	1.47040274731	2.18939956822	3.08849249452	4.4945909996	6.07368693755	
0.112668641181	0.140214501505	0.337063564833	0.774085145123	1.00378290432	1.35714503217	2.30009135298	3.06950944181	4.45312312879	6.34365859025	
0.105230455661	0.152594264936	0.342226037347	0.513990438479	0.96698037168	1.54192382309	2.28819312939	3.37284852789	4.39173418576	6.14093006854	
0.102823128936	0.164695430711	0.334960060419	0.540098208254	0.96556391945	1.5158063009	2.38747248452	3.36101741951	4.3094835358	5.5011314714	
0.102836447788	0.144365394316	0.331586930556	0.607501990367	0.96710600157	1.42984485428	2.46399520197	2.84288902978	4.69929187261	6.17548074324	
0.0811857472583	0.163927121363	0.350590215585	0.725545919113	0.901554548091	1.40044807998	2.0693437593	2.97451185625	4.13920527234	7.00385372099	
0.0926551812748	0.130288815109	0.416070740612	0.558395381525	0.933859149705	1.64463938822	1.96028845039	3.47992489936	3.88528426352	5.16337131801	
0.113233228445	0.161894040412	0.286318147544	0.587250265278	0.858692090717	1.55804283328	2.19919466743	3.33369408134	4.57710332054	6.7556866234	
0.0802504237998	0.181580537723	0.410835416717	0.592153060462	0.959921757909	1.38276672003	1.72314917931	2.91097808593	4.81443321171	5.78876493123	
0.118466360437	0.161631536606	0.381504164633	0.63467753215	0.818227503274	1.65734348221	1.61516420848	3.32417211881	5.97901349057	5.81800219233	
0.0995399492366	0.154747740501	0.381577750493	0.653872062237	0.817121095229	1.10309703585	2.07299132856	3.31876987167	5.69607379094	6.15508221414	
0.107863051437	0.163718786284	0.48189477683	0.628525331519	0.85324959369	1.56474612781	2.03834067066	3.07609634338	5.60699632468	6.13795694367	
0.0937155106475	0.127442363389	0.345986823973	0.627721646813	0.962636898468	1.50974123595	2.68282876931	3.85768713057	4.47562504555	6.32499641927	
0.110151804306	0.149022763229	0.473696765663	0.510173240566	0.935284426583	1.4177901374	2.01965173607	3.42986429247	3.59562030104	5.43194457786	
0.106585916809	0.152759495573	0.395851276129	0.584580222073	0.883951230642	1.4693435151	1.87525252765	3.64727120908	4.5187708748	6.0670432091	
0.093957820712	0.134229337065	0.407888111108	0.580865031861	0.742222726034	1.2667518442	2.2955438341	3.33107453661	4.00422087289	5.7832837325	
0.0863565117016	0.148458303945	0.418542319253	0.521258807567	0.785761917059	1.48410452118	2.08841568678	3.38916314494	4.60822366287	6.00287284995	
0.0940277850485	0.136301524539	0.368992388508	0.504027145471	1.00032796337	1.33521276796	1.94827391153	2.69298054479	4.96368409901	6.97796306114	
0.0993193138741	0.171937113474	0.300459520107	0.584871005706	0.864501792107	1.24282961411	2.16265680116	3.32328300557	5.10823954543	6.37588868105	
0.0906921472064	0.179057977404	0.393916428357	0.700700456902	0.994500704727	1.69252296859	2.32156214238	3.70025672256	4.31196567129	5.49979235147	
0.0981837920945	0.186149001297	0.419805658532	0.609976594222	0.975739698165	1.4354697669	2.03103477236	2.8170406434	3.9870839803	6.39793209517	
0.100201014141	0.159459429981	0.442011997337	0.710672779515	0.984020105849	1.2807368723	2.30237118931	3.33910192199	4.72839583307	4.97527978233	
0.12196099727	0.159981414422	0.386843718549	0.589456182974	0.798462562195	1.39116875229	2.48372492495	3.34014595521	4.36911851223	6.12426234018	
0.0929628347741	0.153217095084	0.365425348692	0.559476546976	0.96805771382	1.68361934659	2.07352275161	3.48276026306	4.24567976128	5.36532830346	
0.0961018451423	0.168517454294	0.407835706268	0.568997317576	0.919535301487	1.39993991148	2.33723984564	3.32729335235	4.51190079789	5.13921956618	
0.0892766158669	0.151387495952	0.36852731064	0.758941295662	0.906684247928	1.34235082409	2.15787159423	2.82344699661	4.32396075441	6.27645991916	
0.0976050919325	0.150031949953	0.458465709588	0.637308964524	1.02965658323	1.32692114519	2.01288816704	2.75635531634	4.81349838352	5.39811273054	
0.109840384484	0.1358018766	0.335368037973	0.668511153033	1.01529728375	1.47212439989	1.89772055844	3.61253949177	4.72404074576	7.56691985614	
0.111382028671	0.139245757584	0.390055291254	0.521659239098	0.840217774416	1.36804854774	1.63544764526	3.45320509882	3.73067378642	6.59343960616	
0.0944692832222	0.141268724611	0.400287071814	0.590645263618	0.864766138867	1.56653635079	2.24529895839	3.62759151276	5.24623879362	6.90056609314	
0.100224821648	0.13839764827	0.357984433762	0.611913908995	0.989731025601	1.59609495786	2.13526188904	3.00752491317	4.04036020615	7.10082403223	
0.100384738314	0.115599114753	0.310032025414	0.6220409732	0.852845278043	1.51105808786	2.16003110174	3.6779746918	3.90993831603	5.41959008182	
0.0962618456695	0.147351576376	0.382918447953	0.711684882503	0.860698674887	1.49884348943	2.01223399322	3.40601676331	3.95930739515	4.90143095022	
0.11126866972	0.16461610059	0.415574756978	0.64001695998	1.03983772741	1.79016956826	1.86157756883	3.38886772339	3.90077778427	5.62198982567	
0.126050137288	0.165331780352	0.315956507085	0.563624290842	0.918193836493	1.31533196484	2.39273329089	3.50565298252	5.10605551169	6.61784516147	
0.0998551683873	0.128262451206	0.364680844079	0.567616961641	0.6354950103	1.30914154248	2.23487698235	3.02993589256	4.5296938831	6.51967693539	
0.0812499936247	0.144687552645	0.368004247495	0.68762175935	0.956156477561	1.46630811853	2.18328678451	3.18287697889	3.80946550786	6.71064945968	
0.0821160137211	0.156992253697	0.410964072064	0.646992325908	1.0398203919	1.51238428827	2.13346620002	2.58964516049	4.54629917151	5.86604280728	
