4	94
0	1	0	0	0	0	1	1	1	0	
0.11474065925	2.60603251706	3.42684276725	4.9652707423	
0.149605237406	1.81031273259	3.30373778861	4.69469638712	
0.162309360669	2.44751731176	3.2025241969	4.11658027725	
0.126637503321	2.39581386846	3.27108717725	4.45792960817	
0.139474831398	2.20028875878	3.18209357294	4.5031846799	
0.149132558191	2.10455841324	2.95006309314	4.10676379834	
0.142649591599	2.24888866268	3.37634400488	3.87555455795	
0.151802460058	2.00216918184	2.91727685289	4.34216738072	
0.135699361508	2.18001493554	3.11572065428	5.28839867168	
0.141239659192	2.0489477454	3.35990653489	4.16926346829	
0.138803491392	1.58019365298	3.6365026959	3.71758543111	
0.155950798269	2.36633549375	3.28505503481	3.81296295919	
0.140787657354	2.1136110564	3.48523176918	4.52666441269	
0.156168719295	2.3526965859	2.86106681982	4.55682104602	
0.153377914334	2.58102180223	3.12161956429	4.20956448579	
0.139097046621	2.11790790558	2.99008828657	4.33877973244	
0.175321516305	2.28005344237	3.36838006429	4.79825193987	
0.155583051055	2.36177179645	3.00343614708	4.42963619122	
0.155119405638	2.20560253985	3.19138633789	4.16592344613	
0.164578129889	2.03153202304	3.42794777456	4.49646454788	
0.161680622145	2.08350858887	2.76968488687	4.79725255511	
0.129727449451	2.11804191362	3.52267671811	4.80056623178	
0.135277628673	1.79460170665	3.1163574537	4.39944197757	
0.156803383268	1.99220945272	3.32549415	4.38761038899	
0.149063336711	2.18214254302	3.22161153257	3.93363719476	
0.161615273543	2.36391170262	2.90782822846	4.41402612442	
0.168787331243	1.79179267566	2.94652025581	3.96449986307	
0.135493503166	2.26658727493	3.32942102972	4.38512493436	
0.170243693442	2.16256230449	3.16149861282	4.65100971467	
0.147623709503	1.85853168143	3.51989552921	3.90420566191	
0.143314827596	1.96833451622	3.17878560137	5.50258292866	
0.153500988485	2.09769948173	3.54471894643	4.7314951571	
0.147028953874	1.83543940824	2.96712811014	4.24184381315	
0.159619894236	1.84048820846	2.96681298677	4.72196945533	
0.153634190137	2.32145737292	3.34821661256	4.30446562809	
0.173604135841	2.12921621979	3.88847534066	4.62983203518	
0.159447810648	2.22536601546	3.25502374853	4.80482833035	
0.143399157988	1.80686347963	2.96159757899	5.03267627235	
0.164740656011	2.28913599964	2.74239546198	4.15609610482	
0.16622242782	2.08146188623	3.44821604836	4.84458594958	
0.143423616179	2.13377449487	2.86355687907	4.82954219761	
0.160728763415	2.01925056235	3.49210077728	4.47325762633	
0.148090649851	2.16195851335	3.38921294528	4.32612496272	
0.16353896798	2.31808986738	3.4093751261	4.53991335382	
0.172090722439	2.32955786416	2.80631673519	4.05810554799	
0.163017778712	1.81164378973	3.12723806087	4.98945696252	
0.152784720238	2.50252142295	3.26565892124	3.91560000318	
0.152303399009	2.10613892232	3.66895336049	3.68126970583	
0.158153092546	2.24505092448	3.31680298455	4.33285846215	
0.158768086056	1.81375408997	3.88484044436	3.490537948	
0.133415921239	1.86504957522	3.29010969937	4.83418854767	
0.157493373653	2.15922582414	3.05406687077	4.53148438384	
0.143357606359	2.14458192356	3.29757111614	3.53992496006	
0.151183392518	2.23293040026	3.61462069541	4.12301049791	
0.152175662284	2.27850852856	3.1603025797	4.61775225637	
0.172310744913	2.32473364959	3.15952946741	5.18746953642	
0.150308492699	2.05070523817	3.11547280561	5.26478942967	
0.165453660261	2.02726883968	3.45508409874	3.64993887036	
0.159596111015	2.14452569817	2.72507554014	4.54400120281	
0.148748317196	2.54881035662	3.76409027119	4.35766665345	
0.151233405807	2.34235751279	3.36438073091	4.4976391006	
0.148374229343	2.00646193937	3.06748510981	3.93011579806	
0.135734988156	2.14347420761	3.02538471994	4.68516366603	
0.146923344042	1.56747162662	3.03861175974	3.86368918931	
0.176982041459	1.91030547875	3.30301608926	5.05104873378	
0.157308944757	2.47523556421	3.53729129094	5.37354057144	
0.131915105349	2.29937222882	3.23506294625	4.43866029978	
0.161426308825	2.04011075178	3.4293243541	4.90593048627	
0.165261659802	2.35662059574	2.98869019567	3.80719267719	
0.145940787722	1.77500231651	2.93291844769	4.32387282454	
0.15887900746	2.20566049824	4.12041706308	4.56191062358	
0.121194277149	2.27972265503	2.6598261138	5.18123576756	
0.145746004791	2.39041074033	3.02744248039	5.0495735151	
0.152036869246	1.97587520174	3.19263721355	4.96168134836	
0.143722258899	2.11376827273	3.32196356923	4.88403564595	
0.181289810758	2.38294211876	3.25696446879	4.49724118672	
0.128988267984	1.98374653011	3.10891081826	5.26084190284	
0.132195638101	1.88586443688	2.91210967956	3.90509207689	
0.155875574762	2.2311665611	3.4073948376	4.59924290646	
0.147706569389	2.10321946556	2.93805167899	4.88584777546	
0.151367205526	2.28807001612	2.62080184407	4.08922174004	
0.154922596683	2.07572627014	3.25220090784	3.96719150381	
0.120621561045	1.95564449435	3.07946333775	3.96973255475	
0.154018735284	2.41004312433	4.29765131528	3.82616643249	
0.158807344772	2.02978512224	3.20218269394	4.85186076157	
0.143050110086	2.48690405543	3.76679704057	4.44463107126	
0.136843445154	2.14637983808	3.68093783369	4.31759690483	
0.125429259962	2.55368318006	3.59895674126	4.20605038625	
0.147193809503	2.07898886669	2.60384523577	4.25142437055	
0.152479661498	2.04228803958	3.33170594481	3.57696492491	
0.176361138419	2.11668005845	2.84994055232	4.97303234108	
0.14295058844	2.17929146484	3.23992755696	4.26280169828	
0.119624487811	2.14015358441	3.33155484896	4.62759856395	
0.12044446166	2.13845776412	3.3415972202	4.02756542354	
