5	78
0	1	0	1	0	0	1	0	1	1	
0.110402815472	0.620590621935	1.94529559352	4.03370417075	4.63819932132	
0.139659179422	0.654854088117	1.76210514958	4.00081759963	4.91288103918	
0.125153861673	0.58825372497	2.30887471729	3.96347441359	6.59951859362	
0.148994436008	0.7535843805	2.29149170958	4.89492802721	6.11579949677	
0.13613302156	0.57604032387	2.21508034685	4.14871114791	6.6901062597	
0.147884679045	0.588484359273	2.02513284817	5.07732270611	6.12441075875	
0.124131775357	0.568730833776	2.197626639	4.72670570685	6.45444698673	
0.175406041195	0.612353758216	2.43256023286	3.87684658346	6.13541643811	
0.142755523456	0.57263582504	1.8530386382	4.42875699716	5.63285322847	
0.133227565415	0.563100417648	2.76336007802	4.75318856385	5.64137591203	
0.135351673688	0.539060667841	2.03291070142	4.31806379151	5.19197140471	
0.146827314177	0.647227173748	2.06041950129	4.47049181963	6.27640006885	
0.140390548252	0.539352972138	2.34598400612	4.12904399904	6.35339895913	
0.150689692962	0.595960648879	1.97217972302	5.40979868551	6.47338247618	
0.142781175646	0.548131300806	1.79638591964	4.93009787755	5.76874205553	
0.152563698315	0.582091983465	2.00367647455	4.85260035813	6.09919236169	
0.141965731014	0.642116623644	2.25914334812	4.42328351142	6.12187360693	
0.163183638907	0.685690303754	2.4174883862	3.84854633134	5.01939313622	
0.141253005374	0.593136559502	2.3126480221	4.07910139726	6.58230057043	
0.18759082744	0.688782250732	2.11196710335	5.12726233039	5.17397857012	
0.133707964508	0.510233119554	2.35081476999	4.51820260143	7.03043526296	
0.192859498303	0.590295455697	2.36845416766	4.85787263411	5.68885404093	
0.150601008375	0.560094007483	2.2327691727	4.60935308291	6.39337231262	
0.15476973612	0.650437243582	2.10810835741	4.64216293271	5.84191268422	
0.158088971005	0.64346612812	2.22769245699	4.7773610096	4.63839577399	
0.169756008473	0.613379986163	2.37100439568	4.92400687197	6.25528379301	
0.159815427947	0.698328935683	2.13798825907	4.8602341617	7.18788898985	
0.134657596162	0.627471753774	2.07908226451	3.97944651739	4.98650524054	
0.130822969983	0.65800791638	1.91631827053	4.42780224696	5.64630621698	
0.16618509095	0.549399385465	2.28393939394	3.96377650391	7.34165134881	
0.174054573867	0.514669818938	2.40094782726	4.28300174649	4.73922381824	
0.16780716128	0.502488753972	2.01708541504	4.01642167069	6.05770734083	
0.143062717312	0.670043017999	2.17009103197	4.9860036511	6.57543537599	
0.153934489677	0.615222618359	1.93582683356	4.4885159499	6.00234151893	
0.158870215729	0.540068134809	2.10507382424	4.5988401376	6.06368273547	
0.168286349803	0.614752857069	2.07474351994	3.57033708447	5.37283256779	
0.149027528209	0.586550222487	1.90657098415	4.27828487977	5.89758891366	
0.159993884715	0.551166364256	2.22508974917	3.30519086402	6.15447262513	
0.156670934981	0.515705925215	2.41889157873	4.50523650538	6.41582785915	
0.136971073253	0.553901286627	2.16393735036	4.73796567606	5.62733887419	
0.141037442868	0.52440962472	2.13873055793	3.97480618915	6.78886692178	
0.148747362873	0.633854421602	1.98240156831	3.45523481777	5.79753423686	
0.161061836121	0.626355590281	2.18711658404	4.43323227284	6.91240574402	
0.132435272411	0.607939793516	2.34908453611	3.84396803208	5.92648043403	
0.133503840371	0.521706773351	2.04392074361	3.95126126632	5.47300768241	
0.130618255675	0.616962002041	2.37196605992	4.56967498928	5.26680734775	
0.147625593499	0.532170368324	1.76498818476	4.45746521124	6.53867900242	
0.130004060243	0.61570175683	2.18636255848	4.14547588345	6.31994672866	
0.174045869864	0.636304303316	2.03420145949	4.92686303066	6.13942369364	
0.165200102053	0.578581271241	1.86030728788	4.4886682789	5.31061148439	
0.144916734796	0.629634561202	1.87036265316	4.73917302298	6.0931188651	
0.149681358754	0.564074964067	2.10086036023	5.14271847741	5.03091214092	
0.13894252209	0.592546797297	2.11106855327	5.3549956802	6.20454396581	
0.152327128435	0.594096070646	2.09299638595	4.50717607913	6.26873757613	
0.161381457924	0.577083489175	2.20862338207	4.78655914318	6.46213360229	
0.175757159539	0.558322400231	2.5308837033	4.72900388421	5.3528958169	
0.152627270897	0.601013970678	1.95382570613	4.58835503377	5.31842094703	
0.155129808477	0.699387621489	2.31665813544	4.14476788283	5.4485077151	
0.143451411058	0.628445667162	2.17593120953	3.95351769708	6.27327645846	
0.13269553343	0.562740631228	2.01797530749	4.06805242832	5.39286916784	
0.1779129057	0.701612649773	2.19664393967	4.80451112341	7.29767476011	
0.136442325023	0.72928462706	1.95985998872	5.58730387663	4.83911378915	
0.154763224758	0.594993929923	1.6512714412	4.35873538992	6.57227320874	
0.146573393101	0.507832829958	1.799319861	5.0191431615	5.86023713352	
0.124862671138	0.613678123591	1.94539937435	4.25206771865	7.33817412831	
0.149711505622	0.622720633022	1.69328561157	3.6451401017	6.92876067049	
0.134589497071	0.579085908772	2.10134910984	4.66134553799	5.56189717813	
0.13914824325	0.642976414396	2.10620087662	4.74021541622	5.13929071045	
0.173393619536	0.570524552553	2.35214126633	4.37476904079	6.48098433724	
0.12497275622	0.574788020609	2.36639550386	4.59714405629	6.42315750321	
0.118341405543	0.570357932873	1.85049238393	4.24833066788	6.21606148178	
0.12903408766	0.651414172513	1.61943555524	4.40781067815	5.84568718467	
0.172918097369	0.544587893062	2.02611530788	4.7027227988	5.88159133725	
0.142389774361	0.515927132636	2.17786990607	4.09640544206	6.01948720808	
0.164914241539	0.557590594432	1.75985140505	4.46100016658	5.83599240028	
0.132017445778	0.520932143126	2.51223303549	4.33218855023	6.83851428395	
0.120910808124	0.60328793478	2.00300609244	3.89755561246	5.41238607222	
0.176832496041	0.710725184353	2.16185969378	4.6790773847	5.95508989256	
