4	63
0	0	0	0	0	1	0	1	1	1	
1.38641628988	3.43779729465	4.84877856785	6.4226044261	
1.49117949658	2.50971410488	4.28642635417	6.13031463655	
1.44886011562	3.44854762737	5.07910846397	6.07625796646	
1.16273012321	3.7399445679	4.13399903334	6.21597560365	
1.31669016434	3.00401308839	4.28347664524	6.05728155301	
1.42622852481	2.98231345056	4.34204131237	6.39119323591	
0.97909807164	3.11420433833	3.79230511494	7.09493723369	
1.56887299761	3.10007402444	4.69370496464	5.58271512159	
1.34872415255	3.11568630817	5.00832484447	5.94942411846	
1.53984010481	3.38994305409	4.41798417276	5.17705717402	
1.35268510612	2.66243094802	3.98319815162	5.73517727926	
1.28805538683	2.90567244117	3.76399614308	5.3479757696	
1.26866722524	2.99732062253	3.9524279513	6.09894670046	
1.42415848705	2.79394392744	4.78764798954	6.50804490428	
1.79039653915	2.85219859987	4.87119704346	6.06611510289	
1.2642262814	3.28105999903	3.41815496186	6.38023634783	
1.29397688478	3.14600566851	4.43339659368	6.24116503588	
1.60624782475	2.99736130801	4.71466643996	5.23676320143	
1.17581653981	3.66526886358	4.23261938662	6.33158243779	
1.54610098041	3.11170766521	5.17130909201	5.35245786433	
1.53685458447	2.97616936413	4.41235693089	5.46078202214	
1.47571921204	2.94812209433	4.28386800062	6.16191365496	
1.66728770879	3.2010039648	5.25016146715	5.74863693187	
1.28235165674	3.69796617547	4.45710619791	5.72858697322	
1.49231456352	2.96266279546	4.20222628921	6.2010796258	
1.24309638276	3.07803828919	4.78723858001	6.55567521525	
1.30379813814	3.19126044575	4.91817957633	5.57277097503	
1.41348019643	3.27783924165	4.6716903001	6.07775321198	
1.50047725976	3.17753803159	4.2349933087	6.32323617814	
1.36247970011	3.45770381289	3.93738186236	6.00074358338	
1.55978497664	3.08388933243	3.02290511394	5.92260853197	
1.28781080584	3.73395355292	4.06142383868	6.07349560597	
1.3531039747	2.61768268703	4.05032750964	6.22734053335	
1.5585314192	3.03638209074	4.64639489014	6.37264562263	
1.56677335154	2.91266524269	4.0546641151	5.5913600066	
1.37379695438	3.50426590632	5.50177064547	6.68232120191	
1.14032032842	3.31778956808	4.90973402159	5.55388140369	
1.45294160521	2.1306025649	4.78312547633	5.2779691945	
1.2366971033	3.32289823969	4.17039252811	6.22361523524	
1.65035229499	3.33316687829	4.52559355309	5.98587295246	
1.46792001466	3.21368789073	4.72083607075	6.31745845561	
1.60872092736	2.92871135828	4.37204505164	7.3690384666	
1.23836831437	3.16593819977	4.75950487763	6.05772736497	
1.37287660816	3.17890126183	4.64554482868	7.02593824003	
1.61232630712	3.51004419794	4.18803998938	6.59940042309	
1.5731663495	3.01598496006	4.07552250975	5.8607898553	
1.48938162396	3.09485764155	4.43445755623	6.38020560575	
1.33524961033	3.026047701	4.23228474968	5.52909649961	
1.3096577074	2.56574923699	4.44027396791	6.39744249751	
1.31179707083	3.15159427663	4.08111077634	6.08917128622	
1.34005671545	3.52061396763	4.82327633937	6.14055365332	
1.54561577936	3.33054635955	5.06741254212	5.80992577248	
1.50232933882	3.20013800899	4.65649643285	5.68543187408	
1.35698952783	2.49336111854	4.5296215478	6.54746896004	
1.46751252092	3.5513387353	4.85541534615	5.68049188878	
1.54299605927	3.34649515234	4.15904251046	5.93347660869	
1.30505871223	3.72067490512	5.7602284283	5.83757415258	
1.49317554293	3.29393344794	4.90877920059	4.88550050535	
1.58806667322	3.53012443529	3.99589089504	5.36220730422	
1.30506302629	3.37312640628	4.22662217285	6.369505659	
1.63913692874	3.75930982493	5.54983944178	6.11749069544	
1.61155429092	2.96592097769	4.88038089316	6.28604063332	
1.4735935298	3.55613948339	4.91596933253	6.18109223543	
