10	100
1	1	1	1	1	1	1	1	1	1	
0.0977601421739	0.151690824596	0.345132051096	0.65596149745	0.929072696403	1.3007966875	2.29159073819	3.13755733621	3.13908796202	5.07286288891	
0.114447895477	0.164624682284	0.353547301836	0.571193666287	0.853188551991	1.38450423791	2.18791024918	3.43549887925	4.29407233758	6.07143876089	
0.0957373092256	0.142397798621	0.406042863084	0.542322907857	0.908149711811	1.39725682364	2.19385988665	3.22653859196	4.45207775956	6.10202197276	
0.115822457793	0.147576826962	0.307894066466	0.721053188771	0.978607651771	1.51238764491	2.16649715998	3.60188271297	4.58758975411	6.74474737737	
0.10303900826	0.148597906065	0.407618666143	0.559706121619	1.07851932907	1.7723511457	1.69087456747	2.88168847503	3.9722286067	5.70776788694	
0.0914972310347	0.162487240006	0.398954461566	0.592563653646	0.817723572212	1.5611791276	2.23620615814	3.25851245099	5.71345525372	5.23828587467	
0.103580211973	0.135275759673	0.419062380537	0.589792725347	0.923974221604	1.53955747024	1.90740534102	2.81420372516	4.41939601596	6.43780962983	
0.113446067056	0.15122630942	0.345941238058	0.592492253948	0.899939351769	1.49448731277	2.35159397187	3.58698616996	4.65120494883	6.8184594676	
0.0926326898692	0.159411969341	0.3683499712	0.577260439547	0.791449045339	1.36918816096	2.21487322647	3.70670529939	4.35888307908	6.75151138263	
0.0946708448729	0.144795065907	0.351359057405	0.645768260091	0.911241528411	1.31141653285	2.02920483738	4.04155403724	4.8784384054	5.99856637772	
0.112157963871	0.151966851936	0.384911685647	0.544263198504	0.818228813597	1.05851962059	2.40142918906	3.08687137312	5.13365343127	6.55694733082	
0.102249667178	0.147263077299	0.363015228091	0.563714356747	0.884223081426	1.43365172843	1.99789433648	3.05235974459	4.80221828688	6.75894699759	
0.102901360536	0.132028481328	0.416201707348	0.64803140396	1.14699397776	1.33921224665	1.95289670969	2.60528475378	4.7030614371	4.58254705495	
0.114660890551	0.156453816958	0.316709562858	0.64846118235	0.993286225639	1.6640116853	2.10161124592	2.94448163931	5.22157160425	6.36583167298	
0.0988143002299	0.126304044726	0.328339908704	0.605738633522	0.874668522111	1.3349849968	2.47726802209	3.59426554342	4.54926121505	5.67636060094	
0.0934126709983	0.160321945906	0.368667426869	0.500181442132	0.927267882773	1.50335018583	2.73400490675	2.86577029711	4.50520545599	6.63460769158	
0.10555290806	0.125600011202	0.372809361073	0.684576182489	0.810421371261	1.48101295328	1.9691305593	2.814728131	4.5293348155	6.42113846769	
0.0926116361469	0.136963829439	0.400310664613	0.601199168839	0.72710707352	1.39700846435	2.18603168946	3.39987752871	4.65074330159	6.19722339064	
0.108844024998	0.118790040802	0.32939786945	0.603693357655	0.812765111387	1.59213630573	2.27525935264	3.02828007588	3.76358574854	6.80198098586	
0.125424109942	0.145090777522	0.38749637664	0.559389705434	0.98844171317	1.68809173153	2.21326906489	2.88558718362	5.22329812561	5.84467647485	
0.124323250344	0.0964558794627	0.354762547678	0.528898678779	0.846920059721	1.530990364	2.21400405841	3.81940262157	4.0934027365	5.8668195829	
0.0839588565725	0.139992368514	0.399186231109	0.550455392668	0.859662751948	1.47141532	2.02993960792	3.64986274087	5.12460607402	6.38220819783	
0.104614805102	0.160939607213	0.323904876334	0.598508870638	0.914103518752	1.59842501565	2.07937000102	3.05039248785	4.54560470382	6.21320254084	
0.0930243799959	0.15720750157	0.410399985049	0.578857138047	1.01551114563	1.36564838789	1.80239341033	3.50357450771	4.64133077907	5.44754492623	
0.101288624643	0.194370263825	0.373782067236	0.629528013819	0.902946212526	1.27136748442	2.22440098494	3.53313108438	5.02900648128	6.30957722735	
0.0895895494198	0.135859367475	0.339972488646	0.636604414964	0.962317257011	1.53558129489	1.96543475315	3.17242062359	4.35220744627	6.6630115177	
0.0911831343611	0.164060775073	0.39006555866	0.612348565236	0.857476591082	1.45917171404	1.93552987794	3.09508408098	4.69973476383	6.38356658084	
0.0840830326476	0.160572792218	0.409116095834	0.585864093905	0.981198474577	1.48251973424	2.13099889985	3.05894762111	4.77706237505	6.62670328113	
0.0953552158033	0.148626819684	0.456714815392	0.613891249222	1.00628965487	1.54340627552	2.5100446692	3.57427077015	4.07453382311	4.70071690594	
0.104750065186	0.156443101379	0.36576771989	0.642386041938	0.925085042786	1.57318987472	2.31114632332	3.51438463418	5.16057093083	6.06093767117	
0.103027449675	0.1600990735	0.353956430963	0.644990949999	1.17315549314	1.17894929388	1.91880103144	3.1839773175	4.66085421283	6.53748474353	
0.111458322683	0.158680266235	0.348281439022	0.602128480732	1.03000469972	1.24861389349	2.27623382614	3.35812727821	4.87136482829	6.61353409784	
0.102029420036	0.149207697641	0.36518490289	0.526344079396	1.05610186782	1.18097901305	2.10896160864	2.90295834196	3.71089711147	6.87567307888	
0.0954826505335	0.1562289123	0.395747117947	0.5633335867	1.05925998024	1.26664169641	2.01580343526	3.46249079248	5.19044255637	7.00592955727	
0.106312720054	0.152591380486	0.431151847084	0.479169710382	0.84630703854	1.6897714938	1.85862738082	3.37198101605	4.8727742896	5.54722087605	
0.10777993067	0.141133251866	0.361447842718	0.512648099744	0.979054438257	1.78714986262	1.96446370322	2.96055159407	3.95515569643	5.58068806086	
0.101638299508	0.141777705497	0.475028001896	0.616476325587	1.03818672733	1.60247962009	2.12808927392	2.94630665552	5.01512917618	5.83159000019	
0.104855084513	0.169645445051	0.389417893299	0.669611381803	1.01618624327	1.48776231017	2.3431852433	3.32186225543	4.28461944224	5.84904100513	
0.100165958347	0.163310781282	0.508613618985	0.570458986258	0.83991939045	1.22273003113	1.76870984148	3.31491550552	4.78788254016	5.78312088406	
0.107711688131	0.154276172057	0.454807693158	0.60315347759	1.09506600222	1.49506922954	1.83147312382	3.39731782906	4.81708719864	6.27993700261	
0.0908790439219	0.145437344866	0.404430665043	0.687911868369	0.963416234583	1.33925061898	1.82686248766	3.05026711438	4.69052792485	7.18691192471	
0.113986530167	0.165405754123	0.374840244198	0.555397322512	1.14685852676	1.45566237727	2.41159540584	2.72683103416	5.80404775705	5.27630655983	
0.082689357319	0.152026427224	0.395091441356	0.644899486415	0.868672154	1.45093592268	1.80332286293	3.52925606801	3.74702257177	6.19849593758	
0.107759568805	0.157019855925	0.396510041676	0.587231453036	0.875921852837	1.34328431836	2.28915912394	3.10121767011	4.02198730728	6.24099390355	
0.103584928487	0.165471985184	0.33066889603	0.59360085337	0.920710148373	1.62848038372	2.27215618187	3.8996734701	4.72424974959	5.51406598599	
0.0927752809545	0.149997939143	0.416033036683	0.600719959884	0.940371155543	1.4223020796	1.82619462326	2.95979471323	4.56432221274	5.82132356188	
0.1006147515	0.173064865988	0.379233674994	0.575460147234	0.97740475631	1.54362909536	2.34038294315	3.39868235775	5.04234640591	5.34377430018	
0.0957752287439	0.155041318635	0.350828132933	0.728145567437	1.19340369119	1.21976037514	1.78564665228	3.01085909344	4.58967131127	5.88503195613	
0.105190414276	0.144918064172	0.373455163859	0.678820992243	0.934951499142	1.44322787518	2.44311709971	3.04698451003	4.44428476904	6.42579945253	
0.102049135587	0.131664980729	0.391807754161	0.54690979277	0.894664110404	1.49867633454	2.3192215675	3.14173566747	4.54092182759	6.85784077389	
0.093793436932	0.148938585388	0.409673879444	0.607904803765	0.925195296519	1.35668457049	2.45516867015	3.07177442708	4.44311070732	6.95605170724	
0.0908384365956	0.143212682207	0.453263946228	0.661466328852	1.05941426072	1.41981107044	2.07071601836	3.4289835947	4.71305782478	5.10447191676	
0.0816491878146	0.134241433172	0.405570749338	0.674965839323	1.12769119486	1.52745343252	2.02152770727	3.29464959812	4.81952411047	5.61901977629	
0.0967717335842	0.134395592126	0.465837577876	0.538081330334	1.05318630905	1.63393970425	2.26214747852	2.90664501297	4.88675425709	6.98566821451	
0.0800754824261	0.152292731274	0.405434160614	0.566922414569	0.850732225489	1.29826014321	1.94584359422	2.99420248584	3.90311808807	5.74373461624	
0.0814977988241	0.14680189156	0.386071033272	0.565420965448	0.943091668195	1.3725416741	2.17269649866	3.43799843284	4.46887321182	6.37407677561	
0.101038010577	0.152421240684	0.381064762182	0.489587889202	0.858590935175	1.45591394133	2.40921507413	3.14574754599	4.27084326551	5.27339378426	
0.110393653867	0.153593825255	0.305229757327	0.621267746479	0.940803858604	1.2955473421	1.9901749145	3.87514572441	3.93461764733	6.43043225269	
0.106930579491	0.144148352655	0.384504901135	0.566341586982	0.926047226311	1.60259724303	1.80513626726	3.27448210339	4.24774327907	5.77289773811	
0.113725581727	0.137822195088	0.431949134601	0.620469245084	1.06043803392	1.37211678452	2.48388449705	3.17152368285	4.17116324322	6.5014570084	
0.08288811036	0.166820843299	0.440296659915	0.501571045995	1.12580261757	1.15760626923	1.97103750225	3.01366992011	4.21470253793	4.71528407865	
0.0871186708461	0.158770059741	0.424621388845	0.517031339381	0.900278674549	1.48821979354	2.08803962006	2.69168909195	4.11437153092	6.68792694333	
0.104969015646	0.136713982611	0.455761927927	0.557952843276	0.969314450863	1.63790959015	2.20645581997	3.12958397586	5.51820157257	6.69518256263	
0.102006332402	0.159286139671	0.380902708307	0.743899216345	0.913523189469	1.26327458638	2.35910070707	3.13342125854	4.65400663525	5.68309099531	
0.102496531864	0.14238511228	0.340778935122	0.527352861381	0.969867516912	1.29673869019	2.23436533993	3.50457474423	4.91929887554	5.52086285201	
0.091977021406	0.157111000795	0.317965571456	0.66119899229	0.819994290465	1.52292338616	2.31750851863	3.31378270249	4.91405946967	5.6030218639	
0.101784658294	0.152819805144	0.331329551576	0.564472099992	0.989111363148	1.44297213013	2.09809709942	3.46669918092	4.78767436607	6.11530624634	
0.117473282097	0.177151084776	0.383581285214	0.741514261741	0.906216860996	1.69378151448	1.80543938121	2.54734957911	4.43720021795	5.88494197796	
0.0933798891361	0.129293553088	0.392078442942	0.662810231268	1.05231721043	1.40643499255	2.13526869371	3.77065143961	5.03160019371	5.85939854353	
0.10423021907	0.143655501801	0.385363330429	0.65857458981	0.940007524002	1.42238392964	1.7930805193	2.9568301179	4.71357945725	5.95754678014	
0.105849872889	0.148229454423	0.359565548436	0.629441596002	0.908116032856	1.27624686287	2.25827704533	3.15345568375	3.99283181799	6.73344814629	
0.106380565585	0.143693640643	0.35399488292	0.657088145588	0.849455642521	1.53556900928	2.38757561664	3.29996111452	3.76206175835	6.87935851064	
0.107157527623	0.148646502153	0.38169439914	0.561952865565	0.939612527898	1.37492616254	2.0660343788	3.43530155605	5.13387704492	5.39445773439	
0.0967313277355	0.192741451232	0.343043189849	0.586972122942	1.08098816654	1.49216506284	2.43364454209	3.68458827537	4.44510391219	5.31718733378	
0.103777794312	0.139332134523	0.427320810196	0.580671228978	0.953406170101	1.39097864356	2.29500536062	3.35409328968	4.60014012521	7.17251164966	
0.126513626302	0.176184491071	0.385063444783	0.616754832601	0.979844705092	1.32496523474	2.5393633694	3.46230252461	4.61905442664	6.19939598889	
0.0943173691747	0.152571187392	0.467377948351	0.547325591062	0.924027216649	1.6719015568	2.43595508973	3.15125430113	4.57479283632	7.07468369024	
0.087025015748	0.146769879665	0.389008230043	0.608272531879	0.983839468275	1.44610463177	2.28185948685	3.38109060401	5.98709801121	6.54406858076	
0.102157716662	0.152531807705	0.392236316151	0.574014727151	1.13670432304	1.25161141324	1.80778169614	3.60207870419	4.94713187453	6.43648103691	
0.10508527887	0.135165299639	0.410050413076	0.557397927885	0.843187474491	1.55056899752	2.10301344922	3.66069968723	4.79517842284	5.69270547418	
0.103940241725	0.155120539009	0.35715133495	0.690164670652	0.812494021913	1.63717420593	1.9809542293	3.35974520998	5.45497539925	6.59888165359	
0.10995476675	0.152283503412	0.418403531703	0.616801093089	0.920947825451	1.4814343133	2.32433608934	2.75185538827	4.7275097171	6.55959010819	
0.0918742854671	0.148938765534	0.432642753782	0.658512830522	0.893835902125	1.26610769602	1.85259271954	3.4859454703	4.46946562693	5.0328461099	
0.104071299365	0.133638572415	0.330576959152	0.574989824806	0.801799211454	1.64019536482	1.99663018148	3.16015232676	4.50840649425	6.34643901361	
0.095283154462	0.149626098571	0.352528105857	0.577777593103	0.995486831741	1.50617685294	2.24493289861	3.49863233894	4.44857287601	5.60013892049	
0.0836845248268	0.145028855158	0.383810914024	0.691489466584	0.905383789946	1.66451126852	1.73009388438	3.93402249922	4.8753181483	6.86505129517	
0.0914844878974	0.172603997496	0.345427983011	0.631161919141	0.969353209636	1.74995770682	2.18161370812	2.79372748014	4.83009778708	5.85548122075	
0.115277767117	0.14345863788	0.381350042651	0.582401446172	0.901220764823	1.62465613308	2.38734426279	2.89501492459	4.33524261151	6.67428377564	
0.107690532196	0.159265699866	0.418428498683	0.666077454573	0.917453060443	1.40920947348	2.31737948693	3.692275467	4.86112652088	5.50538339229	
0.0985595859409	0.15809829714	0.455944488664	0.670873146967	0.796959769518	1.38174310297	2.21681502922	3.65287144005	4.65240141433	5.73295657979	
0.107348716762	0.149787253604	0.394428331945	0.607958436211	0.98140593722	1.44875040833	2.0490550883	3.16747448433	4.0316338679	6.77332889405	
0.113612391419	0.141738378147	0.367300843785	0.480320650715	0.992151947853	1.41446667439	1.93885306438	3.61537049512	4.08254948768	5.83138795854	
0.108225766401	0.152012672086	0.40662255916	0.520008950103	0.867912024464	1.35299032578	1.94322084264	3.08351914826	4.16394569237	6.20920467418	
0.0875043497018	0.134341155987	0.4301075107	0.693172454873	0.89389330329	1.48182667234	1.48388179169	3.26612086621	4.49377726456	6.29842016375	
0.0944662000122	0.14653032964	0.375069980379	0.577607199786	0.915947970664	1.24224951928	2.40723996547	2.96974499609	4.54785637855	7.05347423121	
0.101221902893	0.131067947011	0.293953937318	0.666240995361	0.939612001839	1.48946496903	2.19711960031	3.38551593282	4.86743206316	6.11318467792	
0.0965166278075	0.131804397186	0.329059943559	0.663597711752	0.90639114302	1.18742876742	2.10637744911	3.30538087331	4.536797164	6.79784332944	
0.116084541649	0.173972632509	0.381966006263	0.687602459707	0.715433916424	1.66903427259	2.09184998324	3.15533795507	4.17185200518	5.84791708578	
0.115305139723	0.144627810354	0.369051798584	0.568254698268	0.983513633449	1.51374427172	2.36524542923	2.83155283497	4.28868490079	5.36728572612	
0.0925354074878	0.162488513656	0.331800543378	0.637952800142	0.89981680824	1.49422151713	2.25188471535	3.51128275918	5.29946800582	6.39843215901	
