8	31
1	1	1	1	1	1	0	0	1	1	
0.093473245468	0.131671348863	0.314234860841	0.516895411098	1.00379086545	1.16690736028	4.41707536868	5.33910133419	
0.100795534577	0.131574631548	0.389493767559	0.620743402574	1.01105511947	1.48392357685	4.5603784412	6.11485305034	
0.0849047567787	0.15001353585	0.374861496317	0.656827016185	0.866362150795	1.34620287306	4.68031078002	6.40986345536	
0.0978376973372	0.150983591529	0.344040148093	0.548017729348	0.945443844979	1.31696023105	3.99902454661	5.6662896913	
0.0892737111243	0.155133726089	0.286796934771	0.515223122451	0.786092768107	1.40895001903	5.10679302038	5.27086554297	
0.111725934131	0.127466682601	0.425596145911	0.61196930168	0.907835818585	1.37799352572	4.04390193024	6.17743185114	
0.0890908079771	0.158278925837	0.317919924206	0.557113129057	0.894827464441	1.37712731439	4.95868000626	5.68782813629	
0.0928673551659	0.154181582508	0.406426414753	0.529621777335	1.03520449388	1.45534736913	4.6689131138	5.78860343591	
0.102273522413	0.138076297874	0.33682266494	0.566442721978	0.825916789445	1.55918510503	4.78007077623	6.43421503155	
0.0973582919425	0.154225169135	0.453097551718	0.606845898307	0.849706376164	1.3156517009	5.10549093538	5.88765644678	
0.10725367621	0.157174734531	0.31030186261	0.544004990877	1.03934244156	1.59277510104	5.04982225398	6.29106074201	
0.132183017735	0.150255021325	0.40352492924	0.649596758855	0.740278035221	1.65812522185	4.24877870099	5.72410884206	
0.0967053376652	0.142140154839	0.35266866862	0.617006572687	0.885129577925	1.25437445257	5.2586944097	5.73164987569	
0.0982343487517	0.157378644378	0.392427419523	0.600238559281	0.860373968074	1.4393409458	4.3824734371	6.39668204275	
0.101770045983	0.152997071197	0.318166219359	0.60650454016	0.74809245481	1.27981899101	4.02571815239	6.39251795568	
0.0969801861126	0.135368254377	0.312134407355	0.543534481024	0.675907988215	1.33840918131	4.55207445891	5.71613413741	
0.106612953894	0.153890579017	0.387706964044	0.525750607092	1.00289790051	1.26487179018	4.65428040456	5.71226383643	
0.114262162299	0.167430792075	0.367589972022	0.632222434119	0.933469496393	1.59793330961	4.78901704426	5.33511180462	
0.0956097131302	0.138634587034	0.366696057833	0.618454983242	0.917384094159	1.24116644706	4.20871702061	5.71698080763	
0.107614693026	0.159355721418	0.381722956361	0.625585366792	0.742666785682	1.25092929264	4.46947279287	5.98370929428	
0.089675446253	0.144855503775	0.397567384374	0.569504063692	0.877953538354	1.35013557049	5.17448279614	4.95226340054	
0.107248668684	0.130426912762	0.36520635662	0.553951357542	0.998805057911	1.57060211603	4.37954369359	6.51285045863	
0.0897059556728	0.163303351261	0.363826561527	0.578209561178	0.96387615236	1.40170798005	4.43395844864	5.76707827494	
0.106264893252	0.14805076715	0.372282778716	0.596414852431	0.864399704049	1.63704625777	5.01651613548	5.99745945457	
0.108440422016	0.149141762029	0.378492155465	0.543632067595	1.01070440089	1.42611005736	4.69245910031	6.42363589807	
0.114973798961	0.158095537549	0.335393433992	0.552509672546	1.01905531898	1.30145680388	4.05038588074	6.44659629309	
0.104747502281	0.136423294193	0.416329050433	0.526152849896	1.0406709745	1.62509191037	3.87973777311	5.28838063321	
0.103950339062	0.15649725893	0.386572311388	0.529607450762	1.05391037944	1.38283276158	4.78053172852	7.34039222624	
0.0983966363948	0.178278561732	0.367891251933	0.652660930656	0.990815121222	1.62237234505	4.93637392099	6.1054840458	
0.0874097397101	0.151364542638	0.331229108948	0.612454924409	0.977929073962	1.41527669743	4.05103535612	5.28359079995	
0.100014684031	0.148046473266	0.356797707567	0.61658145517	0.970696392711	1.4560278555	4.87274630646	5.65999943969	
