4	93
1	1	0	0	0	1	0	1	0	0	
0.10740749009	0.137333209072	1.32842721226	3.01744588012	
0.11374510643	0.124160028688	1.30928346465	3.42592093284	
0.0831397804933	0.13816549448	1.508522729	3.41359321049	
0.0743326384106	0.143736663346	1.22427767223	3.37409112382	
0.102227413011	0.16636358621	1.48801873837	2.92269985577	
0.123354036618	0.177191822496	1.36628071154	3.14712264074	
0.094889644112	0.175181559329	1.29167708196	2.8821041514	
0.104972730504	0.148147835774	1.85923217975	2.89066655798	
0.0904960206361	0.143533749869	1.56205015714	3.24556647013	
0.106432718714	0.17159955091	1.30651231713	3.0273609273	
0.0882274149511	0.143486211008	1.37639839307	3.37846288723	
0.100397276576	0.146358262794	1.45731665639	2.89771432244	
0.110472128353	0.171554757347	1.56117373168	2.77870249865	
0.10257535852	0.148340414835	1.44990085568	3.43309803157	
0.11686835855	0.128575666255	1.4245688009	2.9165292508	
0.0956653266672	0.161528213388	1.49153516504	3.92002462742	
0.087033467203	0.155076000441	1.57289649339	3.25345627315	
0.0998965149018	0.148660599585	1.42681895884	3.67065202054	
0.0863583950984	0.0981476801407	1.42211310553	3.49355134577	
0.0992665924298	0.144212377733	1.47016328667	3.22459555321	
0.0968281152472	0.132684059059	1.7886734736	3.03125207678	
0.0979299278726	0.132875425309	1.41666684846	2.93181485961	
0.109551521426	0.148694398776	1.267202976	3.88047401663	
0.0855971036795	0.144994164422	1.41704397173	2.96657328415	
0.098322655213	0.153957443619	1.38298029083	3.35641751351	
0.104253009831	0.147164752319	1.10412902301	3.11415942622	
0.100419374824	0.16737952152	1.28908855234	3.58154201627	
0.106631568479	0.154217568473	1.2934743068	3.18337639271	
0.0799596648824	0.163916536199	1.65100805923	3.13926443113	
0.105813465221	0.157878494557	1.22349486212	3.29723497337	
0.0971516801785	0.158616385358	1.61810298286	3.15019120655	
0.0837915758931	0.149237358798	1.41395795373	3.35309076741	
0.122088275292	0.130861498628	1.45136833453	3.64719296649	
0.12127947017	0.15663420191	1.34992487553	3.20356827936	
0.106077632208	0.153939906171	1.30504385612	3.20787291898	
0.105506463057	0.140394581725	1.15469485492	3.50563901947	
0.0877205465499	0.168848784226	1.51230598872	3.63685855338	
0.102109566116	0.156610277217	1.52139998248	3.25854672536	
0.0938040104241	0.117299237154	1.5568382327	3.38083514466	
0.102369164767	0.121203049417	1.52213819886	3.09793848804	
0.1015008434	0.137480570655	1.26925346345	3.3969486417	
0.111352057269	0.145464663483	1.22992632172	3.28487389112	
0.103310067717	0.136085867125	1.31417786194	3.80150861655	
0.0889531262753	0.158896870985	1.22877736047	3.36890769316	
0.105534112895	0.14499763106	1.60944221455	2.68379572564	
0.110924673209	0.157323964362	1.59004671858	4.06020676416	
0.10661423949	0.145439187834	1.14081664705	3.2949675194	
0.121513379048	0.140655191622	1.49474922494	3.07911972261	
0.0804146622316	0.128965361787	1.45565748572	3.51585951376	
0.0927058198986	0.158149242651	1.47183725959	3.2297824296	
0.0950901992951	0.136584526561	1.35193518465	2.93848493529	
0.0807150959818	0.137647954116	1.46114616209	3.41567907717	
0.0888168775124	0.148245873083	1.21793737432	3.5172110007	
0.0921296704626	0.136322610386	1.41486056494	2.83859310965	
0.121086933697	0.152450284562	1.43974058861	3.42278858383	
0.121745668283	0.157644271826	1.33113672288	3.15704848047	
0.102700567097	0.163098469923	1.35235643509	3.70866311923	
0.120454881762	0.162020467064	1.48708149533	3.26886794564	
0.0951719892364	0.162280297836	1.30555101706	2.91624322821	
0.0945388072782	0.143613762349	1.54590986448	3.07433338887	
0.0922855680216	0.153862962669	1.39197236721	3.22432049156	
0.0949989651723	0.144624732359	1.31951501473	3.74833917025	
0.0919959461232	0.141424201782	1.39236717917	3.56830991926	
0.0962444066616	0.157101769155	1.57852534587	3.26196903763	
0.0875185363828	0.149076232789	1.44887347971	3.03015224971	
0.0834702461924	0.157064975096	1.3580993195	3.80980639609	
0.104662759783	0.134571874165	1.23032704857	3.37584954374	
0.0989514637039	0.16234107834	1.31958869574	2.81337214528	
0.091723996128	0.151585225495	1.52270192985	3.3826832923	
0.0962637481717	0.148081764512	1.41185667854	3.79102041428	
0.10053487499	0.161484281531	1.29054968008	2.91056635959	
0.114920864791	0.139821741903	1.56477247586	3.18155861179	
0.106233395283	0.155165689768	1.68940258971	3.01431170732	
0.108608727623	0.148434535929	1.47085087821	3.11712083685	
0.0752245322454	0.127628366412	1.31907173803	3.59867417266	
0.098905927701	0.14689644666	1.60536178185	3.79436716976	
0.101509615947	0.134716620716	1.63365231961	3.08444982504	
0.108144266184	0.171181213539	1.44891417237	3.02804818688	
0.0820769536134	0.124668103264	1.6322498555	3.74436106276	
0.107147081546	0.170203659554	1.44015046697	3.16598952699	
0.106726687906	0.147553552709	1.45973117845	2.98104162852	
0.108000637143	0.145218072821	1.56678890812	3.201457015	
0.11188416055	0.156734680168	1.38725398546	3.50950666344	
0.0919578921938	0.142467851997	1.33892258801	2.95254556755	
0.106106541925	0.148380987295	1.35604741812	3.36200562112	
0.0843562979738	0.176511453144	1.42014960337	3.21218569736	
0.094738933724	0.135362349635	1.53011507576	3.64931916355	
0.106181708837	0.171247505455	1.48767637859	3.47284322005	
0.0960789620852	0.16440971478	1.6162911017	3.60110260622	
0.104999909482	0.132249667301	1.24133952235	3.23638694325	
0.0910422371084	0.179300059838	1.59847864715	3.43453136204	
0.0903837590707	0.151706370618	1.24567958918	3.70812113243	
0.104575556328	0.150133106969	1.34627792229	3.20326730735	
