4	22
0	1	0	0	0	0	1	0	1	1	
0.151114737283	1.91278110692	4.64107906563	5.70262334234	
0.126664862822	2.37751178259	4.95541044486	6.85896686339	
0.141101398384	2.21834017549	4.71277986545	5.6803409207	
0.149566867617	2.27666630628	4.97112681164	5.64835871997	
0.137042005019	2.08103763196	5.02573863034	6.548826966	
0.162155157321	1.85761516121	5.40117897581	6.16368482611	
0.152959448156	2.0443075092	3.80913650916	5.63381785628	
0.143950130802	1.93907239096	4.24638432442	5.6294096017	
0.149249313695	2.22647266105	5.40102995801	5.83500595717	
0.145621771371	2.13409219294	4.23029723635	6.50126762902	
0.163428542768	2.09529621536	4.18582800955	6.37348844084	
0.119121098711	2.0598780259	4.96630589144	5.59798205983	
0.141689756246	2.2614611904	5.06522994649	5.59745602829	
0.128785013385	1.77769389156	4.5418030016	5.08506545943	
0.12330926851	2.21317751987	4.72258837047	4.92503526368	
0.138647514919	2.09543145005	4.69590326004	4.90314837848	
0.111121026821	1.90906858073	4.65410069756	6.31035794092	
0.139908183919	2.17086267363	4.83635080221	5.50524792468	
0.164245262797	2.15949048995	4.40033188267	6.46717004495	
0.151383488678	2.2383592353	5.17229817741	6.26132805846	
0.150976741575	2.36760490654	3.79079140994	5.62741535443	
0.151031685578	2.20580228296	5.29324188284	6.01853993232	
