8	70
1	1	1	1	1	1	1	1	0	0	
0.112625168587	0.157369544836	0.369686168363	0.620237546245	1.12033342867	1.74893226004	2.37706985535	3.21733757947	
0.0886011233412	0.139073800086	0.400477093144	0.652317148098	1.03963344346	1.46853771916	2.00919414429	2.80109061709	
0.094415258495	0.160442841127	0.410800131615	0.580072504566	1.05988239622	1.52670005841	2.277451305	2.98477646024	
0.104799018439	0.146591479653	0.340338615626	0.629031715207	1.04505190575	1.28546470422	1.88262197458	3.28774395753	
0.0929309947877	0.175020060071	0.449956365981	0.659177026478	0.968277341991	1.34237319115	2.23225032644	3.67172300874	
0.104834602259	0.132389733468	0.426695913654	0.600375797639	0.832076633319	1.55543194809	2.38668661209	3.29872295805	
0.0853362126133	0.162925070844	0.41668796865	0.599513911253	0.968979264549	1.56984922824	2.41670335526	3.0490441574	
0.0957778712282	0.11516627028	0.395032153616	0.629800770896	0.770769759416	1.68537976447	2.08701342908	2.59375963677	
0.0962225225415	0.166884535852	0.369821401754	0.563140272306	0.912577075778	1.55766428438	2.17137337068	3.50246805547	
0.0813385632686	0.144164956638	0.283097237854	0.520748573032	0.804882052669	1.32456639829	2.12821980179	3.83030241258	
0.101975240132	0.156777014666	0.356102926981	0.606700877865	0.849112661882	1.59216228076	2.1443519532	3.6920624082	
0.0889736112222	0.144555892571	0.382355095837	0.63195173377	0.948531451923	1.39604097761	1.9876607536	2.78704024767	
0.0963674685018	0.167356490067	0.501450381767	0.620114072358	0.973550251405	1.45651593151	2.31277106154	2.73347772069	
0.0896735517116	0.119433328965	0.420641818285	0.601103282217	0.969818493146	1.39053974985	2.50949225837	3.00045695995	
0.0922083387985	0.137545036001	0.457145790242	0.553600890359	1.0291151621	1.10822389601	2.17896954496	3.43827036634	
0.10305344854	0.174531353968	0.317203288619	0.588393264588	0.958510560883	1.34177205047	1.81346267506	3.36105404548	
0.0827601362002	0.145277747836	0.395522775711	0.7022651232	0.923269483001	1.24185832811	2.23506741449	3.50068360838	
0.0839842157176	0.179581450834	0.461803263073	0.585258040723	1.07489244143	1.27949919686	1.91713297893	3.32952312747	
0.130336214251	0.154107962728	0.371279232467	0.57490074333	0.828092120231	1.38136922591	2.32685208825	3.21503938961	
0.108849267179	0.132413855362	0.467092653306	0.678701070042	1.04163104519	1.39640297224	2.16591876532	4.01571379989	
0.116313134219	0.151941503933	0.420570457972	0.576684086419	0.87052605685	1.5037476617	2.04340604324	3.52018885825	
0.0982561724467	0.163152012177	0.371277626971	0.644903261636	0.956921958659	1.62741163357	2.01894078467	3.47876505346	
0.102969446563	0.148510948775	0.391695948542	0.6930765756	1.02212785876	1.35982745131	2.08988474396	3.4341875102	
0.122428284375	0.148323739513	0.373928004784	0.61710498186	0.88087722262	1.48325752348	2.11137046967	3.08603805455	
0.106581972019	0.147878130538	0.332584424112	0.599086212583	0.813596768345	1.6149567737	2.22785552932	3.43693981345	
0.092648628762	0.132560627004	0.370614465165	0.663341665956	0.994816470299	1.60668741761	2.5049983774	3.02197683321	
0.117186091928	0.138437837577	0.380713344694	0.55610809725	0.987432491372	1.33030651934	2.04994869394	3.34397554391	
0.0997870299529	0.144771184223	0.41922478469	0.613814314793	1.03518674472	1.35939495208	1.78069151579	3.52360475222	
0.08569434361	0.133908387707	0.37557790079	0.503878406858	0.933060017531	1.47035203977	2.08214806	3.28423481238	
0.0994766604658	0.149907162362	0.346306469416	0.670822409119	0.871061563708	1.43272854516	2.32215538119	3.12494552797	
0.107381526381	0.143639693725	0.405725018715	0.498700513277	0.87898365866	1.17148556434	2.19215582304	3.23735365698	
0.088347937119	0.121265610978	0.374549598438	0.696844253311	0.928485991483	1.62701748882	1.94026374493	2.86636249678	
0.103736423194	0.151564022441	0.386653420248	0.511702040897	0.856236759096	1.27713276319	2.29689686002	3.40726807492	
0.096571785704	0.133163157874	0.34466868176	0.554605124208	0.93701338303	1.47313004302	1.83886595444	3.61803157268	
0.0967046216826	0.122205687127	0.364523963835	0.539752870978	0.989512928461	1.27451868475	2.01328306194	3.21934975127	
0.101065818797	0.15636998492	0.359412840411	0.528766751476	0.916520738488	1.68483270354	2.32710099327	3.74117946665	
0.0874004714348	0.171423249152	0.382159235278	0.60239456277	0.962586014017	1.17632193084	1.93989221749	2.77033699069	
0.0892871868738	0.137440945368	0.449314315936	0.725112005255	0.878316609424	1.38457096062	2.38834826966	4.11324476719	
0.1111192515	0.157563325274	0.360107345599	0.687934054285	0.891558102624	1.52801720263	1.59450844946	3.12735393724	
0.119918721257	0.133949861402	0.358159563995	0.57161636059	1.03111148644	1.29126268062	1.92187263245	3.212593174	
0.0783040622312	0.137054366944	0.420680945424	0.634757344878	1.09101493509	1.29331530094	2.01232617161	3.61513193213	
0.101181686622	0.146786691456	0.451527317899	0.588172515191	0.744803090333	1.34959944191	2.09311246753	3.12220981412	
0.0895221116042	0.125504578047	0.335968380877	0.604236485397	1.0657315065	1.59768106794	1.86006070628	2.96134643434	
0.0999952371819	0.150303459337	0.441829603623	0.735027036809	0.953874553524	1.45396663512	1.99028781253	4.05395613044	
0.0986932072812	0.156951021688	0.430482136819	0.598646137226	0.952059530527	1.19650642343	2.24098655492	3.71155898295	
0.118522570717	0.147559060073	0.433081053113	0.6357782095	1.03387562273	1.53043927031	2.22624418499	3.06735519803	
0.101947286577	0.139774220712	0.361971808695	0.521259813818	1.11600284234	1.15867888046	2.06743012784	3.25387285007	
0.108822536138	0.13657229989	0.333454009683	0.621004946165	0.864861231592	1.44149159229	2.0497003019	2.89244050776	
0.0829844218606	0.115089252575	0.460676291512	0.659687385457	0.820729776367	1.16938275463	2.36135655263	3.05154826483	
0.100118582168	0.151569600027	0.383654857987	0.671614731551	0.879895047752	1.46125347846	2.09571008885	3.31659354109	
0.100646985151	0.156489600523	0.333134087749	0.655819257095	0.910623948704	1.38950084568	2.24659880824	3.59666831471	
0.0936817903729	0.136131610466	0.379757734978	0.560619157766	0.864896722561	1.49292688962	2.23218544328	3.58397082752	
0.090937517902	0.161404319783	0.417080038583	0.646689994665	1.01577419864	1.32989969723	2.2381457114	2.59850993803	
0.100548464116	0.179370897041	0.312779346813	0.677737512106	0.875740753126	1.75957662254	2.38860776192	3.48234532134	
0.0999133898834	0.161935973557	0.387922767877	0.573221147622	0.871922714058	1.61790555629	2.2793424408	3.78500780131	
0.113556277411	0.16681482365	0.357523992699	0.633857610552	0.929280268511	1.60751253594	2.11956666265	3.4693712345	
0.105607234606	0.158839376451	0.398607024759	0.636960823837	0.947200009834	1.53450775494	2.14722526278	3.5204043525	
0.0946948976794	0.13744843987	0.394588596549	0.683491222538	0.960134012814	1.34876962381	2.05264551349	3.28676103156	
0.0996278571693	0.162811928419	0.408890895843	0.581479779657	0.89742396298	1.46828202959	2.11193342798	3.82375025306	
0.0941596745172	0.131226706313	0.357863387713	0.564968791933	0.94597132898	1.3235298002	2.07651881501	3.10517423058	
0.0993814917786	0.158367338703	0.379401241896	0.637102417674	1.04781782204	1.53054260895	1.60997128731	3.32194823232	
0.103606303432	0.178494057203	0.349839997366	0.507725905101	0.871582772695	1.38546141737	2.00828989685	3.23558438847	
0.0952806517789	0.154861147365	0.362346889783	0.660697724619	0.984436741887	1.1214417817	1.82087711549	3.40432215565	
0.0898765275475	0.160585661956	0.433590698398	0.635362462843	1.09606921587	1.42314577018	2.30019165	3.13854583992	
0.0835221254774	0.145631914103	0.379397231745	0.741386554912	1.08982005078	1.45598485488	1.86982608305	3.55622770492	
0.0988768601201	0.144358665752	0.38873958628	0.691015045803	1.02540181758	1.16988111271	2.39075918555	3.28422082778	
0.111656952317	0.155235511527	0.325984766069	0.577413130764	0.851755549468	1.4044484011	2.12364598125	3.36883863736	
0.0896367728483	0.208607857412	0.371917435649	0.641091159705	0.862003579931	1.11757291968	2.08985584307	3.00676621821	
0.10937154617	0.153283441471	0.337306190994	0.597791470804	1.03999518123	1.4967408228	2.07485852489	3.65727912973	
0.109007673875	0.133543589623	0.336775256665	0.532448486098	0.809516034554	1.49454703972	2.18559778759	3.65698756415	
