7	99
1	1	1	1	1	1	0	0	1	0	
0.11616569666	0.151259906392	0.445258707936	0.576384503765	0.824069508642	1.22963738199	5.32111774215	
0.0870895353862	0.152627052921	0.353176149461	0.523530171705	0.912145749143	1.48968786063	4.22241741256	
0.103244352139	0.144912221001	0.359169320049	0.703172332582	0.969054239504	1.21824680153	5.37432324041	
0.0859583892368	0.153692285708	0.455456097297	0.543178016013	0.842800403091	1.30692756289	4.35011331169	
0.0924996476271	0.152293192201	0.389390309588	0.645421824305	0.919350561751	1.37462291378	5.33253808737	
0.102023197115	0.199396726498	0.41357021603	0.67829742864	0.960468529375	1.371457498	4.40810518894	
0.108746966388	0.142824853905	0.308015949585	0.617069100665	1.10539489593	1.52860001114	4.30689770332	
0.0971007284455	0.136833739648	0.434223624748	0.64936125011	0.94356172523	1.68793987045	4.42500847889	
0.0853685171979	0.157442813357	0.384023814991	0.528402608279	0.972910126665	1.82306120654	4.79815364575	
0.10132237045	0.152343699217	0.433025036265	0.637423430496	0.830162021449	1.34523400008	5.24279478603	
0.10402153513	0.132471492779	0.384782615949	0.562296205569	0.953166193323	1.54542641064	4.94129831821	
0.104334689038	0.149393770229	0.333004755548	0.540395653028	0.965487805577	1.50734673967	3.90218008368	
0.0905815194526	0.175012174415	0.378801099861	0.649478919257	0.952358394361	1.39572317445	4.38622078413	
0.116246959828	0.158754327801	0.355773975313	0.545538266513	1.11310963856	1.55981805564	4.72991289244	
0.119372292511	0.143469386445	0.392134803656	0.719692188316	0.900286337027	1.48612148073	4.75519853768	
0.0834046948115	0.135001060012	0.397530219497	0.548950298372	0.934529382671	1.4001141396	3.53688741749	
0.0724995524533	0.159214384361	0.379452133694	0.564120166454	0.942374041595	1.54719685138	4.65032426016	
0.108644595514	0.122862808335	0.34531197645	0.662442343516	0.944949568457	1.38065554781	4.14544470127	
0.0965515887471	0.174183230182	0.307528726875	0.509516301652	0.858907587684	1.42715745443	5.43779617359	
0.111337075706	0.149011118903	0.409542586775	0.522577745935	0.96335748349	1.39371714826	4.07536934891	
0.107370111647	0.147429028294	0.32616895429	0.669788142035	0.975635132225	1.31043044723	4.54987986656	
0.0928850822167	0.154187032473	0.391342928182	0.608748418483	1.02489972395	1.46937142128	4.14546136418	
0.0956873079147	0.169388840366	0.360915458809	0.559586172268	0.957094526413	1.58335709527	4.26562648626	
0.110209265388	0.137858773498	0.310025478879	0.60470239211	0.840295968013	1.26302814129	5.18968882991	
0.106918587355	0.150789004743	0.364821640398	0.585831095811	0.891186356936	1.691037086	4.28616798252	
0.0977869652127	0.157404610353	0.425606920517	0.713280324975	0.902091363211	1.68884959419	4.49343056092	
0.0829787122112	0.152736627031	0.375105084005	0.625132321542	0.899355417054	1.62064869644	4.35627355796	
0.0906378212661	0.125646681929	0.365278040376	0.730517095953	1.02187885326	1.29949656382	4.64424783536	
0.0946145645939	0.157312215773	0.402826835928	0.598824591017	0.930331021868	1.38123688083	4.53892788284	
0.0860968245993	0.129706097607	0.343788226708	0.672860068423	0.957175897206	1.34948149253	4.75624998537	
0.111047668536	0.139695504439	0.407531923753	0.788579100374	0.881676061408	1.51227066076	4.22054289356	
0.099730075471	0.157877145367	0.45849626681	0.610102153557	0.810665006211	1.41373600332	4.21893945693	
0.0762379025583	0.139097000422	0.417766551129	0.69900060763	0.962537964942	1.23256913236	4.48045138973	
0.0878864803871	0.151676578912	0.357964505073	0.642675248854	0.908468126308	1.5208651019	4.85129309835	
0.108866276241	0.165263163709	0.442095543179	0.751515324346	0.764711020943	1.06669295144	3.48986985825	
0.0908389780708	0.140881133713	0.390033417667	0.593353265997	0.956059014397	1.23877070911	4.13000270259	
0.105809382396	0.156099200262	0.370901186501	0.704334921535	0.979454605859	1.3162938338	4.05577566036	
0.0866082685423	0.153393652868	0.400359643316	0.648417071173	0.913966728196	1.38665256301	4.9926559333	
0.0992575406961	0.143748163219	0.396430144689	0.65801060367	0.972677754246	1.09772966796	4.18747349786	
0.10034055888	0.166019067786	0.366910868385	0.617558728057	0.825315805981	1.46784309524	3.76560001185	
0.098627105126	0.146075395387	0.432489970608	0.586405796298	0.932094407095	1.606823196	4.34398892387	
0.108905064606	0.139989598687	0.440162835774	0.60932347482	0.909601886761	1.18315645148	4.57566677803	
0.101584501797	0.13034418101	0.38056170293	0.580838675475	0.918566245253	1.19715109527	4.80314368922	
0.101994658409	0.161185874262	0.324018666869	0.699673586101	0.929645116384	1.20822228634	4.72398155474	
0.0984346306977	0.148265111832	0.32114653369	0.575403039274	0.923792901718	1.4489589948	4.58306552133	
0.086205389685	0.126094949464	0.37304532677	0.565145652461	0.928551646019	1.35081489395	4.32827234642	
0.0911851151327	0.144135494783	0.37560631752	0.660397556092	0.992637659849	1.28540068231	4.17535137991	
0.0961782561005	0.155431810432	0.369215985119	0.549972038971	1.01886974225	1.34963694199	4.36168221734	
0.104362189813	0.167889816475	0.370081541805	0.690907868983	0.89986172954	1.35148274974	4.36155549909	
0.102074447746	0.147655633679	0.312959817412	0.591361612077	0.941053809093	1.19641927823	4.46173192158	
0.10507161417	0.148732393956	0.322131908548	0.573621486623	0.838897659549	1.26637523712	5.07794543584	
0.104757924125	0.13969249156	0.314696299472	0.582669936225	0.9520108641	1.33096597167	5.03227700533	
0.110000767368	0.156032069139	0.380923506385	0.586171213479	1.05223707007	1.48313086071	4.81606434165	
0.110834396078	0.165105425051	0.379174254864	0.530496140646	1.00012532303	1.42520161119	4.93225475702	
0.111533150361	0.155872780099	0.413562195571	0.52141667444	0.826866542491	1.48399557742	4.56241753185	
0.0883476076543	0.139668332773	0.355618342	0.617597658511	0.909691576749	1.51748901362	3.33366330522	
0.100877871926	0.164450341925	0.365704589932	0.70737749651	0.954341901233	1.27770242711	4.7540569856	
0.102378721877	0.129789461881	0.408585044	0.669218189035	0.954499692696	1.25913199546	4.34819840622	
0.0990153167639	0.169173370198	0.369838376134	0.607238614372	0.850874977271	1.48016640633	4.52262887488	
0.0927702887631	0.163175963884	0.351090804988	0.78436447593	0.849299179197	1.53409850537	4.67370715903	
0.0927140211414	0.159896419954	0.441249288066	0.583105166314	0.84705258716	1.33967351186	4.28637743884	
0.0853914083166	0.141165140257	0.461388868887	0.608952573702	0.858570758346	1.21289974431	3.70214612879	
0.101935510535	0.137229208308	0.390595699414	0.569217604912	0.786326594921	1.46839672305	4.70319793147	
0.0967857925085	0.17930566768	0.463178583616	0.614780165808	0.962856676554	1.47622899208	4.90112485147	
0.0957120303003	0.160510548762	0.430504811263	0.673276218088	0.90541868413	1.51524123197	4.35739624553	
0.103270334464	0.171382881263	0.38457416626	0.598794504314	0.863717055278	1.58866277625	5.06869348439	
0.10714150406	0.169312631903	0.395286009972	0.571683481042	1.14031760389	1.07326917219	4.76261293787	
0.0959278169338	0.164527928904	0.366163538937	0.616517173631	0.828872957568	1.42846752192	3.84985126662	
0.126910464945	0.137008413245	0.422830272131	0.553997852214	0.937277241183	1.27671140663	4.57283614349	
0.100304206261	0.165140451291	0.358216846272	0.650392554634	0.862472462072	1.20329211826	4.05176326386	
0.0872373850295	0.146335596875	0.412757836328	0.713288773445	0.889268832567	1.35748384589	4.65070344692	
0.086652009964	0.1618476401	0.344684746603	0.563740888102	1.00579196718	1.34666039178	4.25097801318	
0.0989462730474	0.130648115337	0.388135067591	0.604316844728	0.930275141297	1.48396199239	3.96314184102	
0.0790649965763	0.161049148749	0.443113106652	0.597775264159	1.10951196114	1.25414604877	3.89810055947	
0.105073702242	0.140057438495	0.378275692277	0.548844751296	0.988424339904	1.37400973065	3.8644918772	
0.0843605562774	0.136799185228	0.381665588301	0.537941078559	1.01624342025	1.48146944497	4.69872583036	
0.127056478707	0.132814460057	0.374808165968	0.587917557736	0.851428726565	1.38978708101	4.5742023681	
0.1312299078	0.145531136374	0.362639988274	0.684136487956	0.967783208291	1.29341563192	4.56324541581	
0.0951453913504	0.131954167012	0.476235946504	0.687434361478	0.814349744679	1.53773988034	4.31444647409	
0.103427278858	0.135149049686	0.397544393544	0.540606951224	0.832296041462	1.73230695684	4.00546501246	
0.109185667141	0.15142911107	0.353747737423	0.563880857367	1.00800293113	1.29146495942	4.59777138554	
0.108413804389	0.159469144313	0.362398689244	0.68332822768	1.01142250926	1.60406710832	4.80417864997	
0.0887084581509	0.150293331983	0.400971608931	0.629570527305	0.887023868298	1.30555863981	3.93439730373	
0.118779708013	0.132996326424	0.336054799439	0.576842705495	0.961070946998	1.48195989298	4.21727132683	
0.0961521310638	0.145983279001	0.345934073992	0.499398225757	1.18788340886	1.20220753907	3.71112896656	
0.10199429143	0.178569597404	0.347296357188	0.641886082489	0.939461513031	1.15711964939	3.9934274156	
0.107525620023	0.165376128737	0.415708850323	0.687254762411	1.06017751174	1.42466363506	4.32939423799	
0.115296855439	0.168255447294	0.414098524376	0.573527926844	0.97692934879	1.16040457142	4.01290196505	
0.0984518606482	0.124180177001	0.360088473508	0.568582343127	1.03399920106	1.09051717189	4.76693895722	
0.10021329273	0.1678151638	0.354668692588	0.630149710589	0.936336797673	1.5521863279	4.39190667336	
0.10009940597	0.154985100297	0.424848905894	0.475678147248	0.981580984729	1.45808163989	3.93123590233	
0.101588442843	0.160815444231	0.314539747829	0.662431491486	1.05820478234	1.37457056175	3.88117084847	
0.0816436305793	0.143744535461	0.361589886435	0.619120044007	0.932812451302	1.46252383091	5.13262931926	
0.0865696685847	0.175851856245	0.417670887388	0.558445342392	0.830420294895	1.58069747984	4.35425260655	
0.0982148145342	0.149145293579	0.34454931862	0.579386702055	0.852781823981	1.16683596911	4.89943183476	
0.0791917770478	0.145260807287	0.399098956617	0.502031731917	0.816325310604	1.41079997259	3.89521458739	
0.103218519089	0.165753702369	0.321454093188	0.559100237435	0.841546365139	1.3091429275	4.24866424428	
0.115339613876	0.132456785233	0.313032413487	0.548316612298	0.840491551776	1.75912637718	5.44162368492	
0.103627475469	0.170430307578	0.340639363348	0.651436077488	0.971176077146	1.44422496228	4.93452292794	
