3	58
0	0	1	0	0	0	1	1	0	0	
0.365979267248	2.18240270003	3.58563607136	
0.358676208257	2.06437513504	3.75968287947	
0.269722497862	2.0987542084	3.32041025748	
0.335795724875	2.38140622851	3.23438156733	
0.40710527255	2.47453957346	3.65002144527	
0.366795735938	1.90546768457	3.11873779055	
0.385954482306	1.7676537206	3.76598799899	
0.384610928641	2.09974061662	2.62195895159	
0.380498140155	2.17059932237	2.97735903271	
0.391310304527	2.12220198307	2.72830380831	
0.405972207642	2.68120935528	3.8318409102	
0.398683350025	2.2095983942	2.76011193467	
0.389560819326	2.0868813515	2.42472650946	
0.365688317867	2.02646657989	2.74782622255	
0.376143742094	1.83226342574	3.38156884528	
0.401213504047	1.70657031916	3.11612155424	
0.362198465204	2.09925542875	2.45232275184	
0.394661420001	2.47654533557	3.74283117821	
0.414566601531	1.71707401016	3.04550852697	
0.399135961268	2.24906886071	3.62741385331	
0.370025789819	1.88769056135	3.42235620858	
0.361894338717	2.44986682952	3.46845696343	
0.365966748593	2.18619909578	3.61277523105	
0.400149594365	2.17969579185	3.3318926841	
0.368411492909	2.2386591779	3.25735856757	
0.340595382921	2.24198105341	3.42912593177	
0.418267035544	1.80931587959	3.33695114559	
0.365260935759	2.27295749084	2.8494446748	
0.429249284414	1.91914492621	3.08583754677	
0.483062558074	2.17002081372	3.6045049242	
0.389416448996	2.42271036706	3.51142063958	
0.349659374989	1.76788008592	2.8351909177	
0.360804574924	2.27142239194	3.57547692832	
0.378221269057	2.18568101201	2.49761182811	
0.369209438234	2.12977842005	3.39587806461	
0.367610335363	2.04232130961	3.86369747753	
0.327622583809	2.44379903317	3.45265561941	
0.375208242889	2.62352443094	3.22904705121	
0.34743751327	2.19601691914	3.53461826977	
0.401000203708	2.03385408814	3.46616719666	
0.31471474834	2.44266625122	3.51003587641	
0.297573258002	1.99268776895	3.65504179407	
0.371251845586	2.14237941596	3.70695697496	
0.357462297595	1.68888410722	3.69922273742	
0.363388328025	2.14430215094	3.18677308315	
0.361567746984	1.96442539519	3.19150221334	
0.34366826886	2.4447673776	3.64512325688	
0.401021962369	2.26204265519	2.69767549405	
0.422979744786	2.0534335952	3.68882919317	
0.444501698728	2.09803856844	2.52116838617	
0.388791730966	1.90121679977	3.05515329186	
0.37198395308	2.35372497464	3.39619798913	
0.438483580867	1.97922280871	3.61626643011	
0.409446604788	2.29479554666	3.61126405698	
0.411506379787	1.80235747695	3.06229245299	
0.417037532968	2.25400248378	3.58779159438	
0.3877572877	2.03583694865	2.98331019998	
0.317436422913	2.26339042757	2.77985448713	
