5	90
0	1	0	0	1	1	0	0	1	1	
0.182155866951	0.989337415687	1.22452745089	4.76869142579	5.38373230848	
0.161420344823	0.989143939969	1.30678903322	4.23780651581	6.26613461871	
0.144891760827	1.11089827317	1.38582533754	4.34696924063	3.93308264856	
0.147071650187	0.933085431146	1.60514921626	4.02754792675	5.88115763812	
0.131159490034	0.840533397042	1.41291467532	4.05069038896	6.17813886834	
0.139382938954	0.827461856606	1.27610707568	4.50093413647	5.86391202155	
0.151804016602	0.77665931073	1.49832946741	5.15383424018	6.75316023592	
0.145471897143	0.852531181386	1.36601642268	4.70723591993	6.33037604981	
0.144632997616	1.05179434062	1.48334062256	4.49164237131	4.86011496247	
0.128874862436	0.867584293353	1.33787068606	4.50655171401	6.84014106918	
0.142016563792	1.02221173002	1.15890742077	4.55705280849	6.71036534699	
0.151617672451	0.908955298567	1.57986901739	4.23230257769	5.7303060769	
0.144727042479	0.92145954209	1.58998045853	5.58790533821	5.81315306442	
0.161285737187	0.973872238294	1.16854542493	5.09651298014	5.49027016506	
0.159339494366	1.02991384773	1.5921546417	3.44108782403	7.25445781765	
0.15633009422	0.812549226879	1.46827554697	4.48294743505	5.46394365259	
0.15161340708	0.742201403213	1.68159256047	5.2174177502	5.75057221131	
0.137205476223	0.990913580238	1.46590338837	4.09104395351	5.80558456015	
0.162417133558	1.02494353791	1.20729978198	4.7459000112	6.15838370402	
0.141266208401	0.895093822556	1.63015741499	4.18725390261	5.00385608414	
0.144552505493	0.761564594622	1.49452768011	4.5291870637	6.3183050917	
0.147978923526	1.05457792537	1.40169299039	4.3587305501	6.20833290121	
0.158416876676	0.942330932877	1.32046326187	4.4645416425	6.00944695722	
0.145857388059	0.986631157533	1.57360943437	3.95705296551	6.870952552	
0.155782512504	0.990754799647	1.5049827117	3.66672519062	6.05567562982	
0.155099049827	0.794936089265	1.66847120577	5.23886707664	6.25229070583	
0.190873253573	1.1221629332	1.5270317482	3.80607708363	6.3820460039	
0.142038636522	0.834950026438	1.31835329021	5.06599183687	6.47745055762	
0.168414643049	1.06541336635	1.42124405415	4.6191111019	6.3046570668	
0.137620021539	1.09889534871	1.06997246059	4.00805109522	6.64376865307	
0.151921461492	1.06073911143	1.33480601722	4.03337506338	6.02364543918	
0.14700072699	1.04055379422	1.45611801381	3.95432862391	5.70370275439	
0.138049249532	1.02200757255	1.6198639242	4.69444700905	5.85308240767	
0.151853741033	0.902668115105	1.32960739816	4.98677147638	7.14079887132	
0.134685438699	0.86290774809	1.33836568092	5.11541630844	6.70514412064	
0.120399685167	1.01061656516	1.39486566664	3.9239107078	5.45439292807	
0.172414697291	1.00290640008	1.17575562942	3.58984988575	6.8366516603	
0.165182343787	0.992347857971	1.40873375978	4.0104182129	5.81913225872	
0.153495494728	1.00224691341	1.1816508028	4.51456277534	6.18676983444	
0.128787034409	0.779678371184	1.34947973526	4.24123632092	6.04161129336	
0.126553239966	0.90302503554	1.61481994517	3.65312755718	6.61228352185	
0.139413349347	0.844705710287	1.37697032778	4.0645698501	6.00945477955	
0.142598158209	0.88735411467	1.59419213682	4.85233554285	6.71363159991	
0.138909412687	0.893283905367	1.479678096	4.12025159505	5.80698585253	
0.174789194844	0.860634585702	1.47649215423	4.09156165253	5.999912035	
0.144997663072	0.877036937269	1.18363841635	4.37255557242	4.84679240221	
0.159063570772	0.902789648935	1.30072692975	4.25837408938	5.73952667123	
0.155283632131	0.96585798228	1.47947617532	4.35349515394	6.16225932615	
0.170661560103	0.979485859639	1.24416190208	4.82531655753	5.60813759175	
0.16370518424	1.11366560139	1.34848509273	4.11094757617	6.78296769772	
0.158593401861	1.0400267591	1.55419354827	4.90340436667	6.51046212269	
0.164928832278	1.01723700089	1.56000227075	4.19081659503	5.50562005815	
0.143620030876	0.900211894426	1.45764554474	4.06413326504	6.9526688873	
0.156107741793	1.11688479812	1.54415954577	4.65714745887	6.47478168343	
0.156112883492	0.836519347319	1.68390853221	4.52505621502	6.55874766929	
0.149098486568	0.93854506556	1.53823484236	5.21660079841	5.31608481952	
0.160591623324	1.11759541098	1.72165673194	4.73324725396	6.86534214588	
0.173332800552	0.940726545371	1.38992399321	4.39895384259	6.74763636777	
0.143876056123	0.944085883463	1.29542508851	4.32819429569	6.23981344376	
0.165509909142	1.01207922506	1.52795616993	4.28182117954	7.05230288897	
0.147022784949	0.937193040392	1.54269320793	5.39301363965	5.65093999149	
0.15209299317	0.962637859529	1.52786055486	3.93015884518	6.08248258544	
0.118308152861	0.949314287396	1.6371532222	4.24986373101	6.107026088	
0.158051802656	0.798573691825	1.51983295808	4.01739737151	5.80297933102	
0.174558088813	0.913468382893	1.16501171116	4.88858437734	6.21506962165	
0.14607067636	0.849947490545	1.32348249977	4.99084717293	6.74850443027	
0.147083114793	0.86660379916	1.32295374101	4.76050180601	6.17798578022	
0.136535065664	0.830904983317	1.42010878108	3.77984284042	6.52184776469	
0.151258073185	0.80658538061	1.57821307405	4.93013162935	6.06254073633	
0.131568200791	0.947813870488	1.70920736715	3.84472177956	5.95674824665	
0.145158016233	0.926455499721	1.50335328001	4.65474561328	6.84704085547	
0.114575376564	1.13851437618	1.36848081643	4.93536609856	6.14445735933	
0.157714024081	0.995618200116	1.41581444427	4.82387924643	6.66982654516	
0.176450813343	0.824564079513	1.20836500444	4.50087819916	6.08905196361	
0.139175759439	0.863121747375	1.16666979314	3.80142562121	6.563983528	
0.163745202139	0.986164027529	1.37376979962	4.97859910583	6.15715181915	
0.160884548632	0.766504614172	1.48759887173	4.36414717449	5.54158621553	
0.118217922225	0.971495419941	1.45324450108	4.50293066588	6.36252997788	
0.163130281037	0.898521655321	1.51177498085	4.49473015166	6.73280082098	
0.166595271148	0.83529102899	1.77997200259	4.81420883321	5.61236838104	
0.151174799377	0.887035112878	1.41846413844	4.33567738764	6.3251234331	
0.168727642177	0.865042576721	1.52053868228	4.54568404019	5.70941418152	
0.153599218636	0.854149828506	1.26027525364	4.27803582564	6.77497839436	
0.143307606286	1.00235713778	1.10976180096	4.66388587459	5.11165212858	
0.153947978408	0.803135478877	1.76437129736	4.41856495013	6.83010662899	
0.1296467312	0.923527760971	1.29943895854	5.04673992857	5.81489429402	
0.149822582149	0.904702025431	1.45306135859	4.18734052847	4.69821613877	
0.160771337934	1.00360998284	1.59261260295	3.94753647586	5.70018440453	
0.164708064925	1.0802559754	1.33561373942	4.89127934605	6.67171814993	
0.181778710459	0.856121891379	1.57005404858	4.49559722246	6.02815009329	
