6	95
0	1	1	1	1	0	1	0	0	1	
0.167907333125	0.380641943511	0.629787240901	0.936972566963	2.30638894489	5.7265521802	
0.178453871937	0.39554222199	0.551466546796	0.926765620043	2.43190891974	6.14249934778	
0.150368808724	0.328180580341	0.561486590345	0.959845418513	2.44617744244	6.12074608641	
0.143498249911	0.397143911791	0.590968185748	0.966552334962	2.09494516923	5.56212628392	
0.129423099758	0.400636839467	0.658086165276	1.0973411462	2.2386863562	6.21636428373	
0.170525368826	0.344750009953	0.681602737668	0.961759339415	2.01675519	6.38680797768	
0.166631441236	0.360189638738	0.566937327224	0.965690905819	1.84058640066	5.62482708793	
0.129360436575	0.346968691398	0.64657921634	1.01429028663	2.22385889726	5.96268496563	
0.140319907132	0.425128053332	0.559352376031	0.809938979341	2.20916201805	6.03896492247	
0.130070024754	0.404252652606	0.629473415895	0.790291920015	2.28156782314	7.02677151014	
0.140993642864	0.384878584557	0.626143357748	0.825966479693	2.40981674053	5.98134625521	
0.133899700772	0.401845748915	0.640868859455	0.955876166821	2.16913109992	6.84240580006	
0.143876390262	0.377008927138	0.566901508617	1.02906645034	2.36329991786	6.52162219754	
0.150804257866	0.411333850386	0.665282813821	0.843343228785	2.04115183388	6.14372342151	
0.159444743856	0.344918052297	0.666174196725	0.928309889503	1.91211450861	5.98064675938	
0.145580974167	0.392060460807	0.547937241843	0.939476218299	1.78538853101	5.8484462769	
0.139223200141	0.386432346953	0.521741919175	0.930330031702	1.79143516058	4.94969094845	
0.147094501502	0.365744894689	0.652698004206	0.915987615288	1.86509518362	6.53017489988	
0.146267486867	0.411515527422	0.564261345555	0.966224989021	2.24902712139	5.8481692568	
0.12083228651	0.415690437255	0.671923973296	0.777098787864	2.29833349119	5.37128789135	
0.165983278957	0.36294885988	0.592824727003	0.864578807268	2.36073783585	6.19492132907	
0.157031806348	0.370314498335	0.622841604002	0.893735830746	2.32209873492	6.04390015279	
0.1552750398	0.41634628859	0.59506061384	0.95514014516	2.37574075285	5.58841755135	
0.166426990193	0.40030640592	0.586141022563	0.871580492199	2.59501444171	5.48932596059	
0.133953239237	0.356296047129	0.627206567054	0.767466027387	2.21727875185	5.86375994172	
0.165291239519	0.399336953892	0.586669738917	0.915610970364	1.91517899673	4.4192089656	
0.163730640021	0.462379146458	0.651639989565	0.913063443957	2.02254979356	5.51009376557	
0.141122296167	0.394359255568	0.665896378292	0.801121319022	2.18351162389	5.69300379908	
0.148953494473	0.336313728415	0.542323879177	0.86653244226	2.22352586717	6.83719071733	
0.144974093629	0.387841801355	0.591885371142	1.05309388825	2.3044031532	6.22009570545	
0.127549559098	0.40307509411	0.593587895423	1.0227075677	2.18140954215	5.82624376302	
0.146674815033	0.385361207926	0.563760943239	1.02540755184	2.17724260115	5.56668208345	
0.141279244927	0.346695049961	0.55953682853	0.913162295496	2.08232316757	5.739930821	
0.158267264461	0.399726417659	0.581703035576	1.03919772945	1.95153664694	5.99206976377	
0.143665502271	0.346527928907	0.628292265254	0.869942643265	2.2792977774	4.43656691604	
0.136066697377	0.339315338347	0.592605313708	1.06827532201	2.41317809143	6.59491585579	
0.153294021652	0.358898373716	0.51650327387	0.892411292814	2.07206362447	6.20411992061	
0.165640967022	0.373812443425	0.698690291912	0.878729314327	2.08124180676	6.17580505072	
0.139585169761	0.35301146531	0.599526728826	0.886794564965	2.06980602016	4.79157309719	
0.166147285486	0.385659635799	0.521746178225	0.881728563055	2.0296995101	7.22567295779	
0.138029172122	0.351136475282	0.553375253785	0.936909903027	1.91043037675	5.11318396822	
0.146187090609	0.42501405335	0.65073960425	0.740932021459	2.10807307035	5.26848689475	
0.156218809472	0.439192828672	0.641065025123	0.809615303061	2.08151014775	6.07622065438	
0.188887758976	0.437048323423	0.537878300465	0.741447952231	2.30486174597	6.9774365122	
0.144672045473	0.303256641631	0.537691667055	0.882771847661	2.32883920518	6.16373620472	
0.153515890335	0.388780869877	0.561000336909	0.901550521259	2.13610412822	5.49500717822	
0.135431057358	0.412367691018	0.638708967476	0.932612512103	2.06119285668	5.56922352968	
0.16113893329	0.378258529082	0.642866824595	0.984379992103	2.13949995581	6.3667114802	
0.18663300105	0.382598354093	0.623878105196	0.965163620523	1.73304619192	6.39614237203	
0.136788862105	0.34896045713	0.650399674373	0.931420523262	2.46525937411	6.37609777848	
0.109658813211	0.345337185732	0.659518636329	0.977288990446	2.5376730485	5.9933862862	
0.164637133394	0.394141510146	0.659266733089	0.915155855976	2.18262693351	6.13435097187	
0.138016965683	0.333857768672	0.572596589119	0.856441139584	1.96909944192	5.55846900723	
0.134692002303	0.373100103525	0.671750574685	0.85151670552	2.61102413255	7.08380270941	
0.172379884508	0.402935140948	0.550448462512	0.938781112063	2.31408563508	6.00777842152	
0.142814533151	0.400971685091	0.631649317037	0.93318769864	2.05772584376	5.94067515194	
0.150381790072	0.463726479267	0.673204817246	0.842474150158	2.270342141	6.3816537434	
0.14950757434	0.306481984601	0.681443953069	0.757959775654	2.3592413055	6.71483430075	
0.147195962951	0.349514996643	0.527852445192	1.12522364784	2.31397743007	6.29842078975	
0.150395795024	0.383982489652	0.628228178886	0.943684917383	2.30303667907	5.43576129	
0.162104423266	0.357980315668	0.499112773488	1.11306305831	2.13264054791	4.95515255878	
0.154556230993	0.383896918974	0.507145473442	0.96837753239	1.60843737137	5.35402800519	
0.152204729667	0.384110780109	0.456756798215	0.962688854389	2.09713732476	5.66747251772	
0.153866608058	0.401586016173	0.670743632796	1.10590035445	1.75756433694	5.62975001218	
0.181227975833	0.393097452557	0.61258728445	0.862402148045	2.30169817466	6.13321000423	
0.159741022343	0.415053710714	0.564851547876	0.958279707026	2.13791648706	5.24585209258	
0.151753672691	0.453436508578	0.691401666248	1.07618028185	2.40254706502	6.45070374091	
0.163084932321	0.365945560488	0.57657617065	1.12873857316	2.04292478002	6.23774966686	
0.133718199321	0.40100018455	0.54959465468	1.00475461148	2.2522862677	5.33246142821	
0.143934633622	0.293571711008	0.605635410814	0.964284772858	2.48792315284	5.64408152093	
0.162716230977	0.389557909556	0.590227142299	1.05823504808	2.60493629199	5.91174541864	
0.156390818738	0.351329628996	0.66989658852	0.803602547918	2.3785741669	6.25244574646	
0.149891781558	0.466526800503	0.568788393292	1.02339822794	2.05579079075	6.52554566782	
0.136007964561	0.376702267798	0.577684045346	1.13024845883	2.20246301664	6.72223476468	
0.138800481702	0.377341251847	0.554130998793	0.804726214882	2.08934413574	6.06030730719	
0.1301860927	0.400373674931	0.430503136795	0.866230776979	1.72016525599	6.77890351589	
0.140319983236	0.305397684207	0.709405048271	0.960535491964	2.06072011233	4.79786714707	
0.182442511194	0.392644085681	0.562882784376	1.00434694271	1.87630800756	6.37817009425	
0.158393767884	0.396327781666	0.604090662654	1.06514666945	2.15649266517	7.37988405126	
0.150815352133	0.35594776494	0.531918966686	0.95622962016	2.26724398665	6.39235109225	
0.143280077719	0.343155349335	0.521181930679	0.871431765141	1.79632470997	6.59082146714	
0.1491514424	0.429665749945	0.625958042803	0.901640577576	2.30306167946	5.49932975465	
0.134851261026	0.397025787109	0.563354267017	1.11289892649	2.70746779116	5.5138002843	
0.176967703111	0.289617232761	0.620868489223	0.965290368656	2.11801984201	6.43354611898	
0.144647638802	0.364045667613	0.660639619839	1.05730771793	2.06217915882	5.7899045547	
0.162483601546	0.376418830377	0.579908664871	0.834835975363	2.25100586858	6.43152533889	
0.184254903764	0.379519740336	0.549781359065	0.879372349635	2.03488972927	5.51526958297	
0.140450867425	0.365127102191	0.590673338632	0.88971394039	2.27575857238	5.48268661367	
0.159008254014	0.352717509176	0.606631210558	1.0292378412	2.64026900321	6.10917811875	
0.137371718672	0.331810314147	0.62837013988	1.00679346059	2.26885309271	6.41200510153	
0.141993102074	0.371840167068	0.643428147242	0.93781396559	1.71142285193	6.95510587873	
0.167006748131	0.381187271228	0.648124516733	1.05282181715	2.10326411191	5.84289843919	
0.123498502177	0.377840405313	0.601840005637	0.895463057042	2.0775227152	5.17587503266	
0.154329788377	0.404287974437	0.534410430347	0.982886045292	2.39933274008	5.40110168734	
0.121043580412	0.38646004786	0.670497932134	0.976040633967	2.2539348361	6.00837236211	
