4	51
0	0	0	1	0	0	1	0	1	1	
0.556226414467	2.55622102807	4.89914586441	6.46501322225	
0.571890428209	1.81855426565	4.29338513922	6.30287320129	
0.685359974027	2.24214067938	3.98203844416	6.83116288952	
0.5361406688	2.19634743234	5.11339183707	5.44013083778	
0.592562539433	2.3150919742	4.90805208385	5.7688155575	
0.494187069852	1.91709161925	4.28589167006	6.00810751399	
0.676680770156	2.04181220198	4.78437364721	5.84132903852	
0.592480793995	2.1033969537	3.70981329312	6.13492067938	
0.535012668485	2.22593034225	4.30103857622	6.03010115718	
0.614759835462	1.96922912244	5.09294169337	6.33466614464	
0.658936685714	2.3826089737	4.45318260974	5.89248025445	
0.661395170933	2.12934647622	4.93540804518	5.77855714871	
0.558711288013	2.1336108282	4.78802661793	6.48128073979	
0.619460757589	2.31582309087	4.28073567225	7.16722621178	
0.65541481654	2.34495347381	4.4588507259	6.1320783646	
0.48715118725	2.73382688161	3.58802713752	7.01752069543	
0.641426317295	2.31836254908	4.50332700467	6.62339067168	
0.650107062243	1.98363606659	4.96089274198	5.81739590981	
0.545601050128	1.96628078948	4.1288764347	4.89366696101	
0.61246899577	2.02518499616	5.62271487909	6.42458781856	
0.614575849992	2.1727046333	3.65175026295	5.34167177339	
0.556359435209	2.11252731365	4.36632062093	6.72299435728	
0.522493583353	2.30596580752	5.20755163486	6.24934832766	
0.561447413932	2.03460348383	4.09102426842	7.36352042795	
0.582835436222	2.20977977138	4.42469145444	5.42969254349	
0.661896646663	1.974544483	4.23013252576	6.19657774584	
0.736093278533	2.38066021918	4.4859238616	6.09500511076	
0.615127321232	2.18659777885	3.75370424212	5.55521805229	
0.71402023845	1.98266138645	4.57231097296	5.22307520044	
0.47315276032	2.2165295191	5.04075101454	5.20717983517	
0.691522967469	2.10530417295	3.73851361365	5.06795012428	
0.620881269114	1.77255344292	4.26299004655	5.65266600172	
0.602785319572	1.87825011046	3.97176584635	5.68579034704	
0.590173987602	2.2286424997	4.42108612406	7.24711943755	
0.748059009197	2.37976603954	4.70733629327	4.69803348609	
0.619846072182	1.8390457463	4.51068848828	5.12596714463	
0.590447642957	2.2233032553	4.41084951655	5.11822828184	
0.618806396599	1.91057065357	3.8363689599	5.96305019383	
0.615992325993	2.10981830624	4.88016338461	5.96070463286	
0.606406407445	2.49373906444	4.01126579335	5.26890508494	
0.745274258893	1.99827480282	4.63682635402	5.5699926353	
0.589681766187	2.13614509576	4.65551478952	5.02415271658	
0.653373986069	1.89968825753	4.417606939	5.95031552355	
0.567783061118	2.07317242982	4.11357584622	6.21949285485	
0.61070495421	1.9646995977	4.45999577591	6.85527508776	
0.677741902895	2.25711021006	4.86048275391	5.87082303803	
0.50621291624	2.43792612658	4.48167107132	5.74064637491	
0.603053343469	2.15847628745	4.4408201948	5.71034591643	
0.629462519153	2.09382901898	4.42591607081	6.35620039282	
0.587373369523	2.24174008194	4.81298238159	5.98991061601	
0.606931194867	1.90336200438	5.40088288445	5.1995144576	
