4	21
0	1	1	0	1	0	0	0	0	1	
0.169643087478	0.373553007967	0.8945753483	6.21508880002	
0.142051264136	0.348660532354	0.988060690204	6.29009639119	
0.168756220405	0.394255364725	0.966157474152	5.30543959925	
0.182442193673	0.346015680582	0.900398865954	5.44827202351	
0.162524615758	0.360844425555	0.836671190875	5.42674073075	
0.147131445665	0.414734629298	0.830337364185	6.0322217526	
0.159494287467	0.409031930689	1.06258215656	5.76454158333	
0.146932711324	0.354223870505	0.779599338042	6.81088842095	
0.141087824272	0.394645604756	1.0234321404	6.13418943683	
0.177084023949	0.370370029569	1.09722127701	6.43154764138	
0.132864052979	0.348843066248	0.776678538396	5.9988082128	
0.154916053612	0.370294771776	0.948461069569	5.83032032257	
0.170818273853	0.365981683975	0.957367140388	6.70541106908	
0.162491038204	0.450106745817	0.901984221211	6.15224425888	
0.185051423941	0.441003121761	0.987331078989	6.35783391085	
0.144978015085	0.36212411867	0.900087247183	6.11881005947	
0.142559355389	0.382063059899	0.879094047826	6.13865695576	
0.139386362655	0.405454930773	0.822228725874	7.2246922316	
0.170870086881	0.404964608318	0.975888600974	5.3400793213	
0.135235949513	0.369781060116	0.959656922489	6.4360663989	
0.147285756857	0.315357234899	0.921156559407	5.81575169425	
