9	80
1	1	1	1	0	1	1	1	1	1	
0.103449547677	0.129187851989	0.36340871605	0.636853115046	1.51724174536	2.84428358336	3.63955232417	4.90825775612	5.93073250392	
0.107563876123	0.16340757453	0.407862491736	0.633651974193	1.44747249472	1.70417066646	3.26678221498	5.19079050795	5.77088084808	
0.115876877353	0.15673481648	0.405181804345	0.617891099809	1.46135724458	2.26537969053	2.72330089753	3.83592680481	5.71067343045	
0.0955030905613	0.181371619184	0.377855264542	0.636825302212	1.49912230777	2.16067524564	3.23339396826	4.11734641857	5.16088229568	
0.0868249187031	0.15053936664	0.333555443849	0.58422364267	1.49293502956	2.34008600979	2.68852357772	4.29127696011	5.73301115661	
0.112787085334	0.171167500733	0.386507030862	0.557104956203	1.22895008528	2.12094310249	2.8365274401	4.25966633559	6.50811691039	
0.0950554600248	0.142396593591	0.340450911723	0.585425979789	1.44792974481	2.37954899048	3.22360243772	3.72478937565	6.44243990773	
0.0836132364763	0.141331052357	0.39519521316	0.67400382366	1.54597068827	1.8214628743	3.25163503664	3.63710968117	5.40410707133	
0.102961928619	0.162369010694	0.389799634768	0.56915942449	1.35386281636	2.12951860443	3.51469984843	3.92028273913	5.70757680479	
0.10581729772	0.148372238801	0.346861091375	0.603821259724	1.52044155224	1.9059948697	3.07304945808	4.27696583898	5.81694339623	
0.0911340373987	0.142221576169	0.411670123998	0.580420477086	1.44632733112	2.1192441842	3.31374431253	4.98615527521	6.33125621146	
0.105580478637	0.128274539964	0.339570745304	0.52257430098	1.47765295723	2.6086072606	3.25391947766	4.38577108309	5.42554103885	
0.1063166911	0.133110121229	0.352185119123	0.727060362018	1.35146720701	2.52982694216	3.4505876079	3.77461276506	6.18470710985	
0.0825918525121	0.145232695804	0.41585683863	0.601892249952	1.47936540242	2.21314125686	3.67093157211	4.95130116178	5.64738619307	
0.107337033521	0.146937152269	0.383661538191	0.570319757369	1.50942153152	1.84198771374	2.80389157483	5.32426934446	5.25667614552	
0.105072885959	0.14642147551	0.393910113265	0.608139935481	1.37932995304	2.06684728257	3.35822294716	4.31030409393	5.86123059835	
0.097058028481	0.133145944517	0.403441096564	0.568888777962	1.50936600567	2.22309268527	3.24907878601	5.24341169866	6.46920112661	
0.0992661016284	0.151153546594	0.38853235458	0.555604799114	1.52384765894	1.50800985339	3.35621539803	5.19707107615	6.22552803099	
0.10260933832	0.158635545249	0.377945959048	0.654166362688	1.5359478837	2.4328253937	3.96391617419	3.85671719793	5.90934273566	
0.0933221507559	0.165116568758	0.439309110348	0.618720320208	1.75362340491	2.72627796213	3.09356145258	4.76856878562	6.00315253536	
0.103522841596	0.153174145281	0.357296806399	0.638512279481	1.45942590374	1.87348301607	3.7355119433	4.82060949326	5.57913550803	
0.103307000233	0.109796455866	0.344021377064	0.582770246372	1.8232716772	2.29776531518	2.8127351599	4.67303318119	7.136980021	
0.0896079739663	0.151546964795	0.309927381651	0.7278945784	1.43647956396	2.30765225858	3.25411642966	5.00987518183	6.22384120473	
0.103957870109	0.157115606474	0.409688333063	0.510268497163	1.46382005853	2.09199974461	3.31881977204	4.5763643874	6.44213218548	
0.0999584120487	0.154609666959	0.319237671731	0.518971579257	1.63124827611	2.11470079505	3.3853230719	4.8216938373	5.34385712653	
0.103943450357	0.143177756911	0.429321090336	0.46113637488	1.47604334389	2.25724779215	2.8951765685	4.35639072039	4.93637900107	
0.0959525551386	0.179939200202	0.358903113076	0.599747031321	1.36004407923	2.58164777175	3.55594889721	3.95106849118	5.44108913605	
0.117250023555	0.143383640996	0.311010350774	0.579422537396	1.47894693072	2.07236461059	3.62000356524	4.64631905644	6.45438918891	
0.109615018562	0.120893120611	0.387860656238	0.657163577799	1.36678968672	2.21536683079	3.33865816615	4.95187810468	6.30070285088	
0.103516034677	0.175661354808	0.425095037262	0.571841760309	1.31891602343	2.07877117571	3.09154141533	4.60656347294	5.1471526237	
0.102356569745	0.166726389988	0.371705959599	0.58695454	1.44516222124	2.16236206296	3.33996565984	4.4202203971	6.43205481595	
0.107651740623	0.150034164437	0.347740876338	0.684822620812	1.32012056838	1.92834623715	2.76774158134	4.10838711496	5.97359317671	
0.106253398166	0.148249057552	0.39839873167	0.533994975212	1.33644072287	2.4365546333	3.4037282282	5.09026116667	5.26441100939	
0.0934955301801	0.157593451519	0.416970479315	0.59814848849	1.46590065966	1.92565861606	3.46396519292	4.31117633352	5.44349550012	
0.104422793669	0.158213633726	0.386752366689	0.610396057694	1.4443840376	1.88055209193	3.62063516828	4.74591688126	6.73995509398	
0.0828208297275	0.170864530335	0.399328886261	0.662816249126	1.34322096331	2.13688462782	3.01697195878	4.73962044669	7.3942966105	
0.0930600585175	0.150788722989	0.343970851979	0.619399936478	1.23368284406	2.21470929788	3.69775737959	4.68734515478	5.75872874538	
0.115327927364	0.160290240123	0.399757017005	0.514973807473	1.68542891501	2.37153131055	4.19382742054	4.9544957782	5.60861242756	
0.0929663252694	0.136190109829	0.378627941545	0.554758349987	1.22064758282	2.1268942546	2.91565372356	4.36579052492	6.25749063724	
0.0857318945508	0.129308823925	0.406040429645	0.602613580088	1.27789462681	1.90851074309	3.47379337808	4.30806649123	7.14199128407	
0.0966799565237	0.153866722142	0.343312800834	0.588476582098	1.48191334313	1.8831985093	3.12546651143	4.36218828796	6.31401639496	
0.0988503828159	0.149840673529	0.384555888508	0.633355017354	1.02028334495	1.75152587782	2.62441676383	4.73556196757	5.73581263978	
0.0964715451574	0.155059634986	0.437357579344	0.618973154815	1.56721390241	1.83546395759	3.65558431105	4.79506793495	6.20543874984	
0.108073541461	0.137882945207	0.389330889946	0.600489934483	1.5035488079	2.3289350982	3.02909113393	4.74859913964	6.88152723905	
0.0831220897782	0.134544422949	0.379552981605	0.579972432339	1.56552339553	2.47004294684	3.31448158826	5.20770336281	6.60424239471	
0.0741589416652	0.129052149858	0.318540079486	0.633261058366	1.41228273674	2.07047352169	3.3047019925	4.55639772975	6.89256971627	
0.105261327583	0.148287421336	0.32312107898	0.56446440826	1.23924742526	2.11909133244	3.35661521708	4.42643576023	6.05721840381	
0.0825502632426	0.127551753732	0.39401854305	0.601959040916	1.17955906788	1.82490392262	3.2399128553	4.23268122113	6.22313032721	
0.0897744734128	0.136413480715	0.390499162602	0.672039353038	1.55575713176	2.27146122328	3.23879056188	3.80632467615	6.63405992955	
0.105302615517	0.164721754531	0.365991944834	0.572088770483	1.43950555891	2.31423734781	3.20347681719	4.60105643514	6.34225725632	
0.114414510022	0.160065840653	0.34836410791	0.57402370463	1.57027534325	1.95451973952	3.66466178803	4.43563272082	6.48870458331	
0.101466224259	0.145056192728	0.3670836358	0.673908490736	1.29954932133	2.43547019624	3.56878933424	5.16845517181	5.98327539469	
0.105190950098	0.141317313925	0.440685822672	0.594823313394	1.54619909972	2.21924581127	3.82826855347	4.34356220429	6.99724522073	
0.0991414130102	0.157538783274	0.291600291954	0.599217017743	1.4303657756	2.38632966394	3.01274014984	3.65365496558	5.40132818178	
0.0897435941525	0.168374175475	0.428445029609	0.740249961178	1.38486092068	2.28606917249	2.88222657771	4.01367255776	6.03029975291	
0.0848081676794	0.146018880706	0.352480958134	0.605000786299	1.36356356117	1.75481183059	2.93817314456	3.40490700446	5.52944233145	
0.0936238082354	0.155148825804	0.378522331985	0.604275833818	1.20576219625	2.52610886715	3.27712336147	4.20874146884	5.45810235187	
0.115321569704	0.123479737672	0.410476569104	0.616345060876	1.6077177945	2.57466614786	3.36278984689	4.26074849583	5.73507917648	
0.106653329924	0.151043227673	0.409107737248	0.622794049817	1.53799416706	1.70084724654	3.06839607443	4.91337941168	6.37988938771	
0.100709708946	0.156248796254	0.378517245895	0.605551155455	1.60008827385	2.15279189459	3.7539679432	3.70991188798	6.22513136221	
0.100187742275	0.149748429052	0.356382691623	0.64711649966	1.41530441939	2.29155162068	3.25776697559	4.68575303711	6.19707537592	
0.105576061664	0.158587099571	0.386144402978	0.540619159325	1.61627614254	1.8978695357	3.40997700284	4.9828808521	6.36798759137	
0.101766324485	0.11898727255	0.393649546572	0.600674145496	1.28273731698	2.2682985027	3.19996308148	4.97373639363	6.43890095293	
0.0907909141837	0.157956293513	0.38239821265	0.662101473145	1.34914391557	2.40846699592	3.09955852553	4.81554381111	6.04231771923	
0.110694406583	0.156090648175	0.359953753909	0.623287678003	1.15439674321	2.17184918212	3.33157830898	4.68161860635	5.54826843817	
0.103657006404	0.130588767685	0.435885713327	0.571305565003	1.45574478516	1.97199764796	2.69847807776	5.05909440222	6.75377573765	
0.108731664058	0.140752269951	0.426701690899	0.601709181971	1.27260701083	1.89711714548	2.74974058877	3.8002944108	5.21971992743	
0.104435970982	0.138037187939	0.330869708777	0.551878074781	1.53046902362	1.92117995915	3.28806584704	4.95699231133	5.60742963425	
0.119415136539	0.133559651713	0.344406084236	0.64407463607	1.66241166221	2.08651547472	3.41758032332	5.33423603279	5.61155105574	
0.0897881318337	0.164920088108	0.389761261607	0.676329294561	1.48618350317	2.23272882193	2.99605655402	4.32475942208	5.67597260528	
0.0936281462982	0.141615939164	0.408594229038	0.651899563882	1.38171769968	2.10904811439	3.63442349278	5.2208288951	6.4942063578	
0.0962677244455	0.14895528904	0.287205655279	0.562185791388	1.72392182814	2.12449022833	3.95466487276	3.71358769418	5.75010832389	
0.0872178897306	0.12847631931	0.382609775802	0.564242575107	1.3669334632	2.39948323581	3.34390584642	4.42768195363	6.69660142522	
0.0884420556337	0.124402017687	0.436904835736	0.639377839678	1.48245700956	2.18059628851	3.36029147255	4.29544698445	5.21936501497	
0.098762173249	0.152095533361	0.365033215383	0.622902786856	1.35759057378	2.22537448269	2.96577340636	5.01671648697	5.23324475046	
0.11625476746	0.133636323782	0.355114981718	0.632099499409	1.44283091196	2.26763132383	3.28944374744	4.06945538787	5.83749510911	
0.11289466862	0.139524063141	0.34525929095	0.516331267058	1.36603537802	2.02732558013	3.65657266786	4.95976847117	5.43952854709	
0.0983971690874	0.150533925575	0.395302869404	0.578252266092	1.53356429301	1.83493592268	2.88178433428	5.37665863202	6.61102701527	
0.113011435324	0.146592423223	0.367421297379	0.628330755337	1.27293173164	2.05523140691	3.53690254186	3.8366335808	6.00721063052	
0.0952232238454	0.15517647579	0.380710979312	0.642992339673	1.28869031076	1.92800948098	3.04918637427	4.66511152339	5.97510424012	
