10	85
1	1	1	1	1	1	1	1	1	1	
0.0969877224043	0.133315328913	0.373987960748	0.601595231355	1.01371200998	1.24526486083	2.20111194513	3.43553905501	4.92374177559	6.13674634124	
0.083708952631	0.15620739365	0.457635779784	0.649740121399	0.861055751383	1.52368626005	2.19394126045	2.94063677824	4.62306119064	5.57187075401	
0.102009216475	0.16030670827	0.419257092433	0.522453009243	0.932343255559	1.55388059183	2.21892017389	2.98206550324	4.35837682955	5.57546514118	
0.0901567639769	0.133188437185	0.385658905748	0.621491306779	0.962346421742	1.37466403537	1.99401682149	3.51747033644	3.94826920395	5.25634667872	
0.0989568264686	0.135946765934	0.377917746453	0.596530988066	1.00993159826	1.41041982302	2.02429829053	3.19521973566	4.69113600421	6.53969912476	
0.109549455787	0.150531635344	0.34874029934	0.596859423741	0.859529331789	1.40581437121	2.27822136439	3.2167841781	4.83230432529	6.48000317902	
0.0972147039622	0.121360033238	0.352879752494	0.632289701425	0.907644981193	1.64443612971	2.13739979394	3.58705499891	3.60499634252	5.36862442444	
0.0862288282468	0.160420923314	0.404541310941	0.533960620446	0.947308712728	1.35905453282	2.28040877847	3.4248963116	3.87329523268	5.38732084524	
0.0973706859099	0.128399788706	0.386772536496	0.623045314641	1.01300364339	1.68131714177	2.14152013446	3.14501675928	4.33748398528	5.43125979825	
0.0861162298049	0.160984151674	0.349844405174	0.60079192561	0.884892963141	1.73121709025	2.19568727675	3.99717690583	3.67170131599	6.0952018211	
0.105941053757	0.153589576651	0.33915849989	0.468318613498	0.942374942686	1.63337333388	2.28423977868	2.62160123192	4.77919347356	5.95887263479	
0.10431970432	0.145628699095	0.305130691964	0.600072181595	1.01494006698	1.39046775621	2.23506247618	3.31023346594	5.05509430607	5.8428986995	
0.112859664472	0.14526603737	0.430816439183	0.598027060778	1.01658247767	1.4692831248	2.14350606864	3.10447759449	4.47629128932	5.86310961313	
0.0945820338918	0.152779565484	0.43527110718	0.695432002618	0.929044361238	1.53292912079	2.20721124736	3.28721895297	4.31121564699	6.67625666444	
0.0925877220647	0.165259887095	0.378512811635	0.531444748658	0.913331009821	1.43657984798	2.24047204864	2.89169870693	4.18941381064	6.62145377378	
0.103947159503	0.145583314066	0.41641423104	0.542001462481	0.829729083113	1.37175552047	2.27421425544	2.67695493857	4.28726854944	5.96184506079	
0.102166926797	0.15700158466	0.408359291842	0.71700780879	0.855958466936	1.48044190565	2.30177255586	2.78697535841	4.45534861562	6.29417961422	
0.0983408447472	0.1394447301	0.364253785779	0.63932072916	0.842498905058	1.46059169297	2.13629209785	2.94661626548	3.57749153055	6.66409176388	
0.0961633419597	0.172497883342	0.40744608069	0.458316954018	0.906672856177	1.5243247529	2.01369353524	3.1126864912	3.81444021856	6.10502906021	
0.101623365378	0.16555412008	0.362051009242	0.500065792455	0.906819108347	1.25945410429	2.06099868104	3.69534246183	3.79846450845	4.58087767784	
0.0934600670012	0.141510417331	0.380519470336	0.502215420236	0.823868795472	1.38421992146	2.03872975901	3.42100874261	4.59788442264	5.66415852185	
0.103737299141	0.128584366183	0.455213067482	0.568520783948	0.945304163693	1.35715611149	2.11124727334	2.76186172874	4.78877762461	5.50703327255	
0.106540653186	0.139042993028	0.411566871501	0.567105154472	0.966277527439	1.48919643353	2.11428732166	3.50717844099	3.47055991701	6.30262311999	
0.105147400935	0.157556010125	0.349663744937	0.587201512901	0.76078086781	1.43068051731	2.17127994054	3.30494928521	5.06542443948	5.23162097555	
0.0992997389307	0.167496361704	0.385055620493	0.490474210576	0.896103948705	1.32222133515	2.2051060323	3.37237850787	3.54022345609	5.56946989652	
0.100687093869	0.119779012141	0.356970836948	0.545882372776	0.967519786538	1.4176636527	2.10889917481	3.12686717203	4.03093597857	5.99062553504	
0.0901493675863	0.141972074369	0.378721999764	0.484964422789	0.806048123906	1.75921518372	2.17040509934	3.19317315865	4.2455228057	5.21806958678	
0.11412447761	0.158555563682	0.374131130338	0.510147889802	1.10419397323	1.18145724878	2.34460722602	2.48025761039	4.64256972697	5.09486318461	
0.112209516393	0.146988271251	0.385767891741	0.624752720344	0.863173197078	1.32360041916	2.21198372224	3.55451409419	4.18011698391	5.70633851146	
0.112656227654	0.143186593968	0.354415314648	0.590616316875	0.834825800812	1.36802124271	2.12565021612	3.4533195363	3.89238768229	5.35739544148	
0.0858471711841	0.144701372248	0.326985500305	0.617264847056	1.0801601561	1.47856883183	1.47693466749	3.65287600348	3.15477136835	6.04466851547	
0.0906189598138	0.169374369252	0.413685915506	0.656255389448	0.823579516369	1.44175379738	2.34813053908	3.7723258174	5.28756657169	6.06188259233	
0.0973069160319	0.116160604806	0.391438379251	0.654816177757	0.95868156719	1.31563665591	2.03670137091	3.35463755861	4.72673284016	6.18434196281	
0.113516731489	0.162415522922	0.397578975885	0.535146076789	0.99990602084	0.990357118363	2.27201777508	2.91641323504	4.72781114315	5.89267170288	
0.0984864140665	0.153695023809	0.387662159392	0.643389712798	0.884916624118	1.21538438479	2.2595312524	3.19872500479	4.38990351517	6.41265986416	
0.11311785191	0.136767078271	0.386242086123	0.613278318238	0.894869986045	1.4703018741	2.62563576367	3.32585602756	4.72751348361	6.29694499144	
0.112000491286	0.185262541516	0.42680891238	0.619450947709	0.900986252877	1.69557191805	2.09687598497	2.99998448337	4.25763759266	5.99399025904	
0.100672475463	0.150187876842	0.410644149964	0.677465212108	0.827905401638	1.40297141917	2.07503388621	3.08112202216	4.96948307619	6.12887930955	
0.101791077031	0.164180245441	0.414254097233	0.624275572593	0.930069541351	1.33441119199	2.40447788966	3.01650266178	4.86829567585	5.60949084363	
0.0940313657321	0.126194515212	0.382945521863	0.503576250807	0.916082143204	1.46715467902	2.07404185871	3.41814222869	5.42621428263	5.69568166472	
0.0918401039451	0.138964449558	0.417360134981	0.672377075262	0.932303697263	1.49999745118	2.05711100509	3.71698691045	4.72013795992	6.77808575674	
0.0996612116725	0.155303567615	0.384930539898	0.7240022795	0.898384879397	1.58287592238	2.29561425252	3.36446695456	4.628395487	6.03088005003	
0.0781238024046	0.133664001578	0.340746127441	0.669225915893	0.944240631655	1.38853615683	1.71876210292	2.85750018951	4.67609645079	5.42215933193	
0.115767708037	0.140147556669	0.367734282627	0.606731409946	0.794823672011	1.45257110269	1.94198338925	3.41885442928	4.59728199689	7.16436596394	
0.118787234748	0.148936483479	0.383094496789	0.67117881057	1.00712666656	1.49137796239	2.26135029913	3.22895024336	4.26572894686	6.44320328734	
0.0994347550669	0.161955522856	0.380675361743	0.526144794117	0.9036886753	1.62732917619	2.2731108728	2.8088077786	5.32407906133	6.34395379618	
0.105913089853	0.163680070917	0.406892055909	0.674905237946	1.02007932378	1.44380560434	2.19417739262	3.33236951904	4.26473509036	6.01389648621	
0.0900978698698	0.148844110894	0.386337779677	0.618209689516	0.904180952825	1.45580157963	2.10703485213	3.03853418556	5.70443002532	6.31917478602	
0.0849801535167	0.137626528087	0.433531152708	0.574688606042	0.751942873327	1.46264248746	2.03889135222	3.23109391223	3.99254831663	5.42554271509	
0.0978556678177	0.147914587755	0.340758850036	0.612521736198	0.970913003781	1.25671243939	1.94139463779	3.7366066819	4.76713255246	6.87609678519	
0.105033794558	0.150302204958	0.401923098436	0.530623148652	1.00526212376	1.50662583328	2.21985034077	3.29362557272	4.51302836316	6.51251868959	
0.0931821018368	0.162239856361	0.371100851119	0.59531279235	1.06506111358	1.43052037162	2.30767691812	3.43707790948	4.35331145175	5.41215868747	
0.114798700157	0.162469636023	0.353786782707	0.59011717543	0.981017490754	1.36481465903	1.96352671359	3.16755343595	4.36270195643	6.10678960282	
0.0840831861277	0.165528402506	0.367566166294	0.528897767928	0.82761977175	1.37104899628	2.700878878	3.24130901473	5.39382561924	6.52682736804	
0.0867897126286	0.151085499466	0.393845067145	0.597877830765	1.01208640384	1.53693395261	1.78668799579	3.61488947918	4.8778897639	5.70752583644	
0.0963827724725	0.185189375855	0.382016104102	0.571833489622	0.972297956433	1.46102381359	2.09982985797	3.30247734695	4.5785387475	5.91411251398	
0.116515933525	0.16410989385	0.389995231259	0.537545237532	1.00322678882	1.4693695139	1.84567323739	3.50584681857	4.5169116546	6.81252775285	
0.0992105544298	0.128452015732	0.410015757966	0.564701282805	1.06972295831	1.24897542976	2.23578134624	3.29010049829	3.75263664444	6.99635120123	
0.111549245885	0.137205583585	0.418781505665	0.61462877637	0.856235930247	1.28313802188	1.97059183399	3.49986536829	4.39974533208	5.30660212984	
0.0955325821282	0.16949017553	0.38760669504	0.60213500077	1.05699889898	1.50434253712	2.15678108072	3.45819358328	5.06874924245	5.22123714136	
0.095962497152	0.162437665151	0.396334531045	0.572490203343	0.975233429795	1.06436093423	2.05840410742	3.71992767057	4.99104728198	5.74135170004	
0.101664279474	0.149575941723	0.324058375146	0.610206891651	0.998499165986	1.38368326233	1.93228795202	3.10295048797	4.78113562737	5.60553444246	
0.0967397019469	0.158680251527	0.411365690907	0.65064192583	1.06176552048	1.25072761873	1.9414648343	3.38788824983	4.35773140101	4.59128492241	
0.107853816246	0.156761527136	0.389548966761	0.601092669049	0.799587809423	1.29343132974	2.04760217023	3.16700940393	3.93890742578	5.74100840422	
0.112840379346	0.142523910584	0.414268199198	0.628141254595	0.997339483322	1.21688578533	2.20136612889	3.2597660516	4.77819104987	4.98688418309	
0.119640874572	0.141284548265	0.330340470385	0.499898652886	1.02081989286	1.41709802714	2.29984787403	3.09215674154	4.41471252657	6.62093464507	
0.101334682236	0.14894252849	0.421380577963	0.672878644526	1.0621187579	1.35955176356	2.19521624837	2.99380859475	4.88870829113	5.52077545419	
0.0981664453208	0.142373521341	0.378028053415	0.551585372097	0.967994119483	1.4914787888	2.10976283002	3.11677193264	4.72379504967	6.51811525338	
0.0798167121779	0.144409444747	0.387873031487	0.509282200725	0.77148241613	1.43920906057	2.17303270494	2.36849751089	4.61013599018	6.5086926141	
0.100653094683	0.145003486724	0.422850153307	0.572059433806	0.937078786978	1.47703565732	2.29233578966	3.45906466225	3.49149664058	6.41377021051	
0.101001066122	0.13627771038	0.364827676428	0.681055577772	0.98455855344	1.44818402836	2.05754436514	3.65950912036	3.3636233025	6.52538602132	
0.105786377221	0.142436782273	0.326772766877	0.541672030573	0.859271776876	1.31987177394	2.31575811234	3.21660690858	5.18862833263	6.4645111971	
0.0959125301313	0.11617464733	0.406608772719	0.631825225235	1.04538577013	1.44539430974	1.88570268654	3.26378206723	4.68485752015	4.92475367913	
0.112068071517	0.157883399128	0.341984236756	0.671490830878	0.772923998839	1.3213465555	1.89534276785	3.16870950266	4.75188074284	5.89556844654	
0.09371819531	0.161810992501	0.384034312051	0.651838723194	0.926838950263	1.2892721569	2.16559644989	3.30332495207	4.42569657914	4.74455159095	
0.102066065836	0.16377360878	0.432036962335	0.682287993177	1.12367228611	1.61107375555	2.0915073637	2.75043607755	5.01154463558	6.72132235981	
0.111432347502	0.139415642423	0.317801646572	0.620874763322	0.975220256324	1.2628210247	2.45463452552	2.82518404864	4.15502421286	6.23495472255	
0.0831584272162	0.13703945123	0.399348082509	0.54125495744	1.01754133148	1.44995663319	2.09449176128	3.81056913538	5.02589240439	6.68216413129	
0.108011860078	0.167632402429	0.357906461729	0.448857111697	0.886381195299	1.13061945356	2.4881938417	3.11787496848	4.45406136002	5.69910347979	
0.107864133928	0.150014297737	0.41219331804	0.589374422846	1.01060948025	1.32658947216	2.35405044867	3.40536130096	4.63817565266	5.57250819482	
0.088149034397	0.171433610055	0.357809071171	0.64498503869	0.936422160708	1.4838689601	2.24422544713	2.97987157319	4.51927421718	5.90429129132	
0.102052346218	0.156642534789	0.329591345313	0.514175277461	0.992789151767	1.23666545383	1.6966060146	3.54827325934	4.77205707174	6.69701966164	
0.0737033524202	0.159174385948	0.360490103251	0.675251066177	0.873828721619	1.13365752206	2.33380468886	3.14004385348	4.55565123241	6.63797248005	
0.107108427746	0.142877060622	0.350767749261	0.64516956456	0.905467016428	1.63780514353	1.9643212592	3.47918237953	4.92525420382	5.58562268571	
0.100432712483	0.140123078402	0.331889390422	0.520469908719	0.893613755684	1.42274689479	1.78497806551	3.24523051366	4.13278785268	6.23958386108	
