4	46
0	1	0	1	0	1	1	0	0	0	
0.116960013796	0.593216577225	1.66389141061	2.17375558836	
0.140243356187	0.643665463143	1.39307742053	2.33936768261	
0.124696643908	0.713871947678	1.35749278749	2.43288591229	
0.152746843769	0.64217769631	1.30523800265	2.25597692537	
0.160326418206	0.558652538909	1.35234787616	1.96413615727	
0.152392368976	0.526496415306	1.54753425109	1.68307639924	
0.149734588416	0.654045415562	1.44273629315	2.40235855693	
0.14413117132	0.578532632964	1.60805775543	1.87642123667	
0.152956883469	0.642893663511	1.3310745848	2.01151862954	
0.13874014522	0.690670628541	1.4057891411	2.41787632842	
0.175477214285	0.628396726411	1.39148389146	1.85415323442	
0.149595093473	0.708068335341	1.50679838023	2.18719675264	
0.120634470772	0.714635578641	1.45917192446	1.83528569916	
0.155303433745	0.649430078552	1.24501851152	2.52030486491	
0.130082149392	0.608539365164	1.48693513509	2.51328002759	
0.153612892029	0.580710123686	1.53254875867	2.03267635224	
0.145907578645	0.565621183457	1.60438931016	2.34278363063	
0.15013758264	0.685694474848	1.48912648468	1.99337908458	
0.162871831332	0.583824171177	1.07126175587	2.53485514981	
0.132943286421	0.705806621968	1.55694193827	2.05715484361	
0.14235308225	0.632319789884	1.33328396852	2.14933321774	
0.132231750228	0.696341843373	1.43104674566	1.93468617298	
0.175183658507	0.509945571508	1.47517748492	2.21442798956	
0.150795903592	0.583660356576	1.10786275023	2.12799476305	
0.136597660655	0.606754292455	1.64800418767	2.08319523897	
0.150062042709	0.51857215358	1.61148377251	2.42123766662	
0.127704449426	0.6749161032	1.50044489442	1.89576329588	
0.12372788441	0.637053619421	1.59041436319	2.16542094985	
0.157595818975	0.522390180944	1.65490515832	2.2987548082	
0.167912550819	0.629769239159	1.68582564737	1.78252113469	
0.132647350549	0.558184449284	1.59650911299	2.09242918119	
0.138941687239	0.558870267059	1.36576521588	1.9942657966	
0.14645879924	0.612685918159	1.31337316667	2.51913394346	
0.136037438885	0.720975796574	1.23385445777	2.18833470191	
0.15110005102	0.487603226929	1.43705908812	1.99951613176	
0.156102498717	0.525041400534	1.60700069486	2.37184214729	
0.17482284623	0.637100950073	1.58160070615	1.98467198661	
0.154575566684	0.55398247294	1.41844432081	2.60227865981	
0.129239049542	0.559175635283	1.40356552336	2.11734842294	
0.132619298042	0.66994846394	1.49494999522	1.79461857601	
0.134016735666	0.560454368149	1.36385799897	2.27231834773	
0.162997165781	0.54874881916	1.57572993469	2.30882227706	
0.143418458207	0.60019805016	1.36737170675	2.38556492064	
0.131143170715	0.66808968807	1.55616251003	2.00243304144	
0.145618634733	0.593081427977	1.25705861877	2.17426101766	
0.153584346504	0.603901337523	1.43508749947	2.27486583861	
