9	27
1	1	0	1	1	1	1	1	1	1	
0.105154719645	0.150732805087	0.66691436721	1.01862655649	1.27957964387	1.99357632873	3.45132227067	4.70308787149	6.83252732809	
0.116118987815	0.148950050387	0.663312651617	0.915730910518	1.45227786199	2.27974501829	3.40841792056	4.18623099905	6.71443676129	
0.130677123971	0.139892548235	0.598026474307	0.944591328745	1.32648108943	2.01343329445	3.15214955999	4.84389530935	5.96418125009	
0.0922230055731	0.132052587589	0.582388271533	0.968736634913	1.84275046847	2.19647216218	3.15799847169	4.19086010979	6.64794301771	
0.0979396532981	0.141305664497	0.52951743305	0.961203258359	1.2483597019	2.17651249726	3.37069431958	4.58985357753	6.41922692393	
0.115689513114	0.175014183238	0.588157127745	1.00283058795	1.34568585814	2.03263662642	2.78182435771	4.08284759828	5.99276238217	
0.10207043519	0.152457527369	0.64323468226	0.686792641387	1.27081976846	2.17063791203	3.25441567947	3.97869102889	5.27197158332	
0.105371485852	0.124678611568	0.5222870746	1.04892527667	1.44274430278	2.04259766221	3.19912432091	4.82555079323	6.03806666067	
0.0993617356474	0.145887139775	0.611309384732	0.825693854564	1.48800781367	1.79496751677	3.34798296967	4.43408217668	6.15806761117	
0.102620472043	0.160288233776	0.536650750647	0.956853503169	1.64587269249	2.25009052244	2.51969683736	4.04712539184	4.69100235343	
0.095890490522	0.142640344157	0.622199244513	0.858429985818	1.47159897889	2.30335111152	3.716792524	4.58334684408	5.98944562355	
0.118876453224	0.171648183668	0.622649037515	1.05163348649	1.40334478497	2.14396891629	3.73583616835	4.57232685367	6.38213233868	
0.101640060865	0.119566212515	0.662610108643	1.1892591152	1.26811974636	1.99859942347	3.33158065826	3.84308719689	5.30776889434	
0.110270505305	0.130017775642	0.629808905249	0.9184941124	1.48280588976	2.47973220905	3.13181345724	4.74354899037	4.58709238852	
0.102213461954	0.135213065611	0.612135702842	0.936690610716	1.44079742762	1.96145389777	3.04659930345	4.24411570476	4.67569401175	
0.111914662838	0.178605174953	0.675055813261	0.894636050424	1.53274963936	2.13829389282	3.2892654211	4.4246746078	5.56622164574	
0.0952575055835	0.104779655292	0.54061495351	1.04100136408	1.3466733048	2.27831957004	3.02290637185	4.68734689701	5.1163199471	
0.0997410611085	0.143442405928	0.569645020949	0.863340551611	1.50313519442	2.14921801509	3.47254888514	3.9341056956	6.99863747952	
0.11128514584	0.170640958394	0.685697319453	1.09441657443	1.39402968553	2.21129759943	3.14566475442	4.45223345822	5.73236166429	
0.10237954209	0.149921826664	0.627443719226	0.874404792305	1.3158508684	2.31634683853	3.00944953851	5.15051106942	6.38621463647	
0.104256533137	0.17657411175	0.565380249967	0.890214832563	1.440171139	2.02823710095	3.08538952423	4.23619305897	5.73714016821	
0.0959079366581	0.139503643173	0.604638477285	0.923879733859	1.4476788483	2.26772793844	3.17279819356	5.57685994766	7.07685624408	
0.0897559991198	0.14692919075	0.677052951101	0.992304685399	1.42395519642	2.14465130341	3.10371283759	4.26114009752	5.27422101135	
0.107180382827	0.149489498346	0.5792381611	0.937810359195	1.35401619986	2.53882013814	2.57970049437	4.70480737382	5.60063773546	
0.104938435881	0.165510352107	0.681255350479	0.888113216302	1.56292340516	2.20779314613	3.17035264369	4.17632658893	5.61578393284	
0.113244229279	0.132204221523	0.62226973529	1.00856890466	1.2528462183	2.3624471511	3.46827305528	4.1840533972	6.2940912216	
0.110241008642	0.12234558577	0.542855846751	0.974725553581	1.55143101035	2.07251072361	2.87931309842	4.4571188993	5.839591562	
