6	71
1	1	1	0	0	1	1	0	1	0	
0.105284038598	0.151251034909	0.333670671057	1.17891031841	1.98748713943	4.27650993617	
0.0840899094607	0.170768114598	0.343966773223	1.4261205795	2.15208322911	4.16780418681	
0.106640805384	0.148261149822	0.453707482608	1.66505905281	2.29112424158	4.40000230358	
0.105438628695	0.135671275624	0.352891981881	1.63638238392	2.33080875563	4.09572898962	
0.103212446739	0.137184118544	0.378845977104	1.66668645191	2.11205356538	4.05297389453	
0.0925543453418	0.125867018624	0.458191340111	1.45527421178	1.90206805301	3.85642944368	
0.084959960974	0.142190171496	0.403044063822	1.59267852591	2.26175780928	4.82502402449	
0.108998829941	0.144964989294	0.300084930341	1.13167948779	2.57720717258	4.19359338405	
0.115594985258	0.159744395086	0.389088456084	1.47036255898	2.11739516389	3.55175419185	
0.0965624974149	0.116081526865	0.377964341403	1.33084311236	2.07573216536	4.87450990477	
0.101127309352	0.152387656911	0.344253909014	1.30245728129	2.3021009135	5.03090618659	
0.0992871861057	0.157751818369	0.330422510806	1.34604859292	2.13354949735	3.782614851	
0.092593625148	0.140896763169	0.325298754139	1.27764773527	2.62014895889	4.31558450238	
0.0969788493255	0.170646000343	0.332875021471	1.13800411585	2.16503133721	4.70872512764	
0.0907412689467	0.162868279725	0.385320455617	1.68388039419	2.24797057931	4.3025523871	
0.0858063096185	0.139659939024	0.32626030833	1.28427079558	2.22034402182	4.80189973901	
0.0952125779785	0.155837944037	0.346130564075	1.42016420558	2.21745762738	4.72763229184	
0.0890069059885	0.165145135655	0.317397311371	1.44111286927	1.98029289787	4.09826654546	
0.0741948514033	0.138625652329	0.451777450379	1.28183109075	2.36102764893	4.37119289245	
0.103569584493	0.138370457327	0.383066552283	1.03188270051	2.15761204593	4.21626112707	
0.1055030982	0.138367849903	0.378975247757	1.4257482105	2.52918915175	4.75423723851	
0.10219037251	0.15349065354	0.416569359358	1.40058549747	2.21189613446	4.25603139835	
0.108899698354	0.144976641778	0.432232982892	1.53385353968	2.36155365974	4.48245726875	
0.0827605384098	0.137157336806	0.417784893093	1.63729138606	2.16489534214	4.75816646763	
0.0944316412464	0.17080553692	0.42552024004	1.32288389208	2.24670665577	4.61285820819	
0.132286008263	0.141761001701	0.338330994663	1.3386358757	2.46486697573	5.30658508568	
0.113854305774	0.168419785746	0.309140652214	1.16028478701	2.18821799096	5.09319257895	
0.112500034712	0.148665899452	0.387922591381	1.45235701814	1.98730643943	4.9726806594	
0.0839599024869	0.155225927705	0.413217947489	1.66864600453	2.03895742231	5.20388418109	
0.0967732020591	0.176439203761	0.361146606094	1.40872753246	2.57873878062	4.36845186416	
0.0915584671548	0.149910444336	0.41285233151	1.52430884325	2.24169326442	4.3719395745	
0.0922105265122	0.12379171849	0.370873629333	1.20480814121	2.67632016233	4.16130254783	
0.0864205425052	0.175936752671	0.349694124565	1.47207941595	2.00845011131	4.32485310197	
0.0872580217409	0.156305661132	0.412020579879	1.37763313849	2.67463831771	4.28587802296	
0.105849245812	0.145106269916	0.367040258688	1.46306871012	2.31777264486	4.2266700974	
0.0909978346155	0.142544064911	0.375387652532	1.73270755553	1.96165365482	5.0858640938	
0.101890771507	0.15441997194	0.414520509426	1.38293539467	2.1356603002	4.3399392678	
0.0760734523279	0.144931818623	0.334963360765	1.31544535357	2.17588782789	4.1529476274	
0.111408831296	0.166586508322	0.385461814382	1.48331549675	1.77874978851	4.52585024361	
0.0846847270874	0.137879261525	0.286736846281	1.23101325817	2.10056618701	4.67098798579	
0.113095861738	0.160678601168	0.369411252915	1.44533027505	2.07690343195	3.97245420288	
0.102215611022	0.133809024487	0.456170722929	1.3851342392	2.39471042551	4.52162601452	
0.0933815073137	0.170199565979	0.371706773403	1.51380045241	2.09430576364	4.86362698659	
0.103797643018	0.133007819428	0.362102922599	1.29999155601	2.1336302226	4.58032635599	
0.106952756172	0.159243043027	0.365427360773	1.34249681334	2.35272146184	4.02967459639	
0.110212916753	0.12604129648	0.408934408383	1.30757416176	1.94930948165	3.72109485399	
0.0861312124433	0.135280582153	0.387502668582	1.29519095663	1.91554121032	5.1573852109	
0.104975127154	0.158328304076	0.356055143449	1.63120451682	1.85185260415	3.14991066364	
0.112459733805	0.147987588927	0.281827150953	1.68599967665	2.21550385827	4.7093745496	
0.0982490503947	0.149548690382	0.354719262013	1.45407284482	1.92647546559	4.28400390948	
0.0940224030786	0.157680566098	0.396249592751	1.33496469439	1.88111126513	5.13058316975	
0.0910884239419	0.149679998761	0.309027463869	1.53443197825	2.00091419563	4.37044270236	
0.111573650637	0.153909336909	0.358148145792	1.52040201979	1.91569405663	5.37192640513	
0.0913046688754	0.147707551635	0.326826065685	1.07395165307	2.16869947365	4.06783889833	
0.102645297101	0.159790589092	0.410942027045	1.61861909779	2.40561121802	3.98797929373	
0.0992566606735	0.136599172831	0.388743590272	1.44639818296	2.45774310201	5.06285753732	
0.101801115833	0.148076882573	0.386404612778	1.5325195359	2.26705593383	4.7676293517	
0.117216790095	0.14160871108	0.362583467062	1.27579233691	2.22389463298	4.48316473831	
0.103228077777	0.117094154703	0.363957920694	1.80484400842	2.48905496151	4.09636700881	
0.088198330414	0.152274913661	0.338510982743	1.24121450125	2.19697119353	4.25894030387	
0.108247134145	0.124081791598	0.341019329079	1.50904715723	2.22119370175	4.24845466781	
0.0989951938598	0.139518501709	0.37167862192	1.48951255924	2.18464303534	4.06389867466	
0.0801182815272	0.110163840575	0.273133282035	1.47836938079	2.47077790233	4.7676217606	
0.103050117296	0.1476076528	0.419757552324	1.6459149294	1.9444744296	4.33010153347	
0.112481171843	0.149557692041	0.346274121443	1.33938169855	1.95562223623	4.45989186915	
0.0949507114395	0.160706475063	0.3913212614	1.38207067304	2.09785240332	4.34614007806	
0.0991332286952	0.134790017946	0.424604841591	1.51972612438	2.29171952375	4.39545527191	
0.115339182279	0.133921243496	0.353175376665	1.46552065802	1.9334026436	5.10426841818	
0.099111876356	0.145778794154	0.378947854731	1.41370892974	2.34547590052	3.95385075153	
0.108631605704	0.161835856534	0.388477620955	1.44391066662	2.05770916875	4.1908946417	
0.120223673961	0.153993556895	0.352380191996	1.0410477799	2.38822725594	4.83583620972	
