6	66
0	0	1	1	0	1	0	1	1	1	
0.435745137823	0.59376987096	1.76666932506	3.09281531393	4.58704192213	6.41548868525	
0.309543120234	0.486730085348	1.29840554159	2.84502716398	4.06568960269	5.12124656221	
0.382096793931	0.632501622841	1.67244125284	3.30376187335	4.62954885946	6.75341535718	
0.363416722076	0.491683479954	1.20407935584	3.24662150868	4.68376211351	5.36751395069	
0.435007149589	0.671265159982	1.3982522553	2.70268833271	4.4211285155	4.57460161646	
0.47610891488	0.512054027635	1.48227327111	3.56907037863	4.81697098425	6.22318447643	
0.438476751438	0.664377002414	1.42120806375	3.21897287073	4.23114280725	5.42866251957	
0.385497275292	0.574505256625	1.60058501181	3.27599533927	4.06878664792	5.09273716585	
0.35201188574	0.653732004515	1.25854653232	2.75616452203	4.91006992644	5.33773608423	
0.335770199634	0.507026444148	1.60722059215	2.41082371524	3.96735873126	4.36226889433	
0.358104733504	0.608835104323	1.18093652971	3.49464124628	4.16466989708	5.92463893351	
0.419738428286	0.521922449376	1.35919542205	3.16418388291	4.57453418189	5.76604545713	
0.404205237064	0.552802867066	1.59189859886	2.96269823786	5.34152871238	6.48678536723	
0.385717849754	0.502921864046	1.363658216	3.04643524327	4.29936092078	7.20138835151	
0.408656432466	0.568846907599	1.22831168439	2.69839686662	4.08765182641	6.68545768228	
0.300144145576	0.712685467857	1.59719559305	3.92507975672	4.91574761335	5.55084398104	
0.315665426986	0.579916210404	1.34797973949	3.77544531392	4.44587060774	5.15591262412	
0.305221389861	0.615985042875	1.67104476004	3.41553756451	4.64744254475	6.29693503511	
0.37202890234	0.650284397591	1.35298459025	3.32659619685	4.90032627882	6.52926131754	
0.366436498174	0.561327822639	1.41497043762	3.51929704497	4.93235158227	5.59221487149	
0.372452917044	0.681081721756	1.59332047671	3.6012862918	4.25385542087	5.80884547559	
0.364949292329	0.540744209441	1.59974841914	3.33291215625	4.51745891504	6.55311828035	
0.419614886889	0.67944594395	1.46939904278	3.04694420192	4.42307436069	5.53768338117	
0.381576260243	0.57766986531	1.60536973095	3.21420067175	4.52077005571	5.81436535249	
0.357179579272	0.617982589636	1.22999056542	3.76133429673	4.18742233023	7.4025471946	
0.398456561924	0.616150138929	1.51683725749	3.4976246811	4.77583049371	5.78133287082	
0.333264660548	0.516483790884	1.40424032664	3.06315138966	4.51839493211	5.11057218784	
0.269574061809	0.531909652275	1.2847049404	2.80931470064	4.68929546209	5.03220960212	
0.394664096747	0.498764942425	1.04283758548	2.83266885121	4.85553068678	5.68998763844	
0.349601286704	0.603768335706	1.49287414062	3.01481642156	5.53296934748	5.16863846434	
0.376542451775	0.720175254924	1.3457668047	3.68584796712	5.1543279313	5.48891735519	
0.346545201734	0.579947495107	1.43886311024	3.61781060215	4.83619392205	6.2157902575	
0.357491384168	0.545386021497	1.38215451217	3.24277839172	4.54614437665	5.74423030615	
0.3946733179	0.613255497488	1.48111135859	2.32854900823	4.65299115312	6.04285934302	
0.400335669515	0.575635045274	1.41695703665	3.42830084065	3.79615375607	6.43089459781	
0.33188110191	0.521767552133	1.57220888066	3.44624245932	3.71464567118	6.11170549902	
0.40335430475	0.720398408799	1.34689652701	3.0302874146	3.70561536523	5.72379859632	
0.343909803337	0.589528444275	1.48680885421	3.46085885145	4.56485707808	6.32496776789	
0.433777232587	0.53133426093	1.53813861519	3.3700283261	4.56715959939	5.81587183932	
0.419887897374	0.624598630451	1.44716060692	3.38207725897	4.52905988624	6.63934077369	
0.353811234597	0.559401044268	1.23419941879	3.64476518022	4.29198799228	4.88000999864	
0.336589238096	0.570397926134	1.35386406582	3.9061834389	3.65312998658	5.40283748486	
0.355115732155	0.544472755015	1.56395049703	3.09061598303	4.27725463218	5.72976886387	
0.382760175382	0.641283713326	1.36594940489	3.96818719975	4.50832731507	5.0590174599	
0.375955551334	0.582954174175	1.57421141831	3.46871422262	4.83222537021	5.83923050562	
0.336333407226	0.69153181996	1.49491804191	3.80048448135	3.9532235262	6.66350103358	
0.30564240446	0.550505636875	1.19134970464	2.97715351433	4.37805356997	6.0479138105	
0.358667821305	0.568135463964	1.30343312096	3.16768311696	4.06738773081	5.18500513739	
0.382630080831	0.630992353874	1.27084454253	3.16766615595	4.08675352081	6.54289584572	
0.39319171288	0.534392571698	1.2145297336	2.88387663796	4.31306351304	5.25998529795	
0.347838823773	0.570732893731	1.44362641301	3.0868497007	4.87991059304	5.23134980353	
0.398088732582	0.61577034765	1.38819225504	4.17526749948	4.89569988127	5.94176928814	
0.374246277239	0.60176023755	1.52904613669	3.41311849946	4.4691003568	4.65384732885	
0.406577924483	0.606656403085	1.28738656617	3.06421058992	4.90404828487	5.30858300743	
0.280193078903	0.675138708758	1.20292371664	2.57780258416	4.3825313999	5.9177661117	
0.405895546956	0.642235860507	1.32838979352	3.37362702157	5.21089454838	5.79610648807	
0.380403119215	0.489975767059	1.32444003589	2.97157978455	4.09292404743	6.2954132534	
0.399681362166	0.625703822401	1.32054356335	2.73110700899	4.59751386144	5.79007640816	
0.286488322769	0.597784659831	1.58417040998	2.85382654036	4.89703807377	6.1599054211	
0.331496246235	0.543886304369	1.37378073378	3.48173097871	3.76062874342	7.17029325798	
0.405801088335	0.562282658109	1.4484258076	2.91381292712	4.1265096135	4.49410303906	
0.403994483456	0.613727354592	1.56149031049	2.75595815135	3.87931834599	6.0740798762	
0.432068134824	0.688491236335	1.34826932458	3.02479559106	4.67154952854	5.45779254634	
0.418092961595	0.621777193533	1.48112235714	2.99255201624	5.05650042798	6.09001366007	
0.372821957226	0.60929203933	1.35642726644	3.20181523353	4.88793128907	4.83437727095	
0.397436957293	0.585958547074	1.60184350006	3.11578633441	4.49907745309	5.81205314572	
