7	47
0	1	1	1	1	0	0	1	1	1	
0.129949826359	0.380932117719	0.564239056429	0.766771209955	2.75062069697	4.81576236903	6.15222912117	
0.152338585276	0.329573035055	0.635155308986	0.95671523961	3.83459284811	4.13818963636	5.86374892759	
0.145143482635	0.408025242411	0.549656521192	0.992800283648	3.05625755496	4.78103768111	6.0638659494	
0.173598500326	0.384545054161	0.675394821684	0.888874753846	3.8196192903	4.27037927534	6.00691339817	
0.165225188219	0.371569769746	0.447106406859	0.937167473541	3.67245492309	4.6092297237	5.32704482422	
0.160048091875	0.397396932955	0.582763304169	0.903238638042	2.2797464992	4.28282216755	6.24597124667	
0.137555534282	0.304286972449	0.636583764291	1.08564286312	3.00866108462	4.39486813629	6.57162345731	
0.135829257097	0.383262984132	0.59955948678	0.871251088568	3.1724849669	4.48728225749	6.72810027146	
0.142907379398	0.390850680579	0.665155013835	0.895771077239	3.31246632769	4.21113529338	5.85719766429	
0.161103543937	0.394909557797	0.646575164514	0.759124242805	3.14425373929	4.25596514591	5.47985186283	
0.161432652169	0.363292645742	0.455312505075	0.96062756486	3.04122311285	5.28434295651	5.21706084725	
0.173643729021	0.370669564178	0.540089571497	0.990596395916	3.4709205446	4.64659164199	5.67630265558	
0.160029434681	0.331081473666	0.76078315912	0.786384992149	2.93774259528	4.17712690815	5.49509460401	
0.129386479578	0.406493986409	0.694803052046	0.837979105679	3.37969224648	3.61394816687	5.2473430232	
0.145900552485	0.388647925376	0.513598407044	0.871469134773	2.96763410472	4.97426302987	6.31740475875	
0.13841971157	0.369448523154	0.567977844164	0.968645550061	3.33649031148	4.02054446029	5.58793087334	
0.126026903825	0.348651377273	0.557293024524	0.916395040113	3.6242974802	4.02478780249	6.52241245733	
0.159100758865	0.367746176423	0.503163503126	0.86995308956	3.00627241537	4.70735942179	6.67660598167	
0.162888780786	0.430868470745	0.584133577956	1.04565763194	3.52438681212	3.68135879973	5.27269686486	
0.163225740341	0.315317337124	0.549114940309	0.919681808936	2.98455543239	4.01140125967	6.50801791922	
0.156881650465	0.377136198163	0.666349272362	1.02835042772	3.05653907449	4.2405041298	5.91763261415	
0.164288446625	0.340370216568	0.609068256423	0.835061993364	3.67944057466	3.82678593362	6.35236609864	
0.166723088891	0.479988877695	0.641031999408	0.970388527508	2.92498707231	4.35953726599	6.61414263541	
0.147522756588	0.338322575797	0.690650413259	0.805966333372	2.40710184151	5.15836482972	5.37251958576	
0.17904507836	0.412039855516	0.647499380016	1.21245343017	3.82233774183	3.87908712938	5.85749584979	
0.14820195476	0.316863088983	0.511648140249	0.979421445304	3.60976019566	4.3466017807	5.97540370193	
0.143769168534	0.263820762507	0.531740459137	1.05712797382	3.09990631887	5.39425431748	5.31734229601	
0.12881944603	0.386390483074	0.683586382159	0.832168641602	2.91919073652	4.89597842445	5.72673353669	
0.138370894335	0.417584876002	0.595869099302	0.983266934777	3.17916018261	4.06309548693	6.89440841687	
0.168326779474	0.315379359583	0.710025821861	1.04837580027	3.0540047238	4.98688138507	5.78765327582	
0.167585136693	0.403144348382	0.546436867776	1.02699613383	3.29325359009	4.86094590791	6.18429090075	
0.152778231553	0.378546793516	0.587104087627	0.801437637534	2.56585629772	3.87058797653	6.21534390526	
0.148622239754	0.366974789213	0.572497908134	1.01229637258	3.07133232501	3.73692325252	5.47267782208	
0.148450924583	0.343837056981	0.706848430013	0.744996551572	3.51332340678	4.01251947246	5.52963226549	
0.156478791361	0.378954193265	0.701917415862	1.10378789738	2.70503030652	3.81738890188	6.24398961664	
0.156727149536	0.391170172497	0.588613679511	0.973483518443	3.15960746422	4.28817352797	6.07388359274	
0.160361417373	0.410467270827	0.567772727881	0.792459817874	3.61585858428	4.46322658926	5.05598164697	
0.138586245641	0.302886733629	0.567557574771	0.854542313739	3.41720703392	4.62093248949	5.5420637568	
0.155901156952	0.374169981181	0.551161600154	0.801895704935	3.56005271487	5.7892757808	5.61548434496	
0.131372109774	0.394507616938	0.625228485764	1.02209289669	3.59836691839	5.24680587811	5.48721095008	
0.143787066983	0.412537448785	0.625690178809	1.07960944143	2.56790276799	3.94645443152	5.23095615783	
0.151096801713	0.40118891081	0.650788012887	0.891463177374	3.27527628724	4.11643038793	6.52414228905	
0.139903328998	0.474826231565	0.615455661658	0.986059706539	3.33850697613	4.61370842334	6.4803719405	
0.133433109164	0.319937833279	0.600944519348	0.979333101882	2.97754383701	4.56936133724	5.71004257784	
0.149585175885	0.328584715709	0.550768377278	0.882608969593	3.33585389541	3.75435516878	6.15672427942	
0.144578764681	0.383305978869	0.666303168266	0.866122568209	2.96189249035	4.17826988283	6.85219091073	
0.142909618084	0.373800452227	0.580189478996	1.03733722654	3.03465081634	4.78978631148	5.77005409258	
