8	82
1	1	0	1	1	1	1	1	1	0	
0.110532451044	0.139611348849	0.547262501661	1.04384862011	1.45958787662	1.9748019588	3.56625076174	4.90308947706	
0.0954130573439	0.14013357684	0.608718575212	0.837719771034	1.40317338846	1.98684721488	3.56831099684	4.41074482748	
0.083760367833	0.167100945591	0.644504228825	0.9186276215	1.40322584698	2.12912139803	2.89490381358	4.83409229304	
0.0986035855298	0.145113680122	0.587853428504	1.02965819921	1.54088434225	2.41747613516	3.70222069768	4.39461227648	
0.102540339496	0.125378351793	0.658586701092	1.08183120195	1.57945930386	2.27070594086	3.49412877872	4.55767832117	
0.0939412274069	0.134686558111	0.592930436305	1.0929437309	1.43756660358	2.14248603245	3.17334149888	4.36570788584	
0.118474858672	0.142921360437	0.569231572776	0.84093723833	1.62004971614	2.31157165078	3.15241461826	5.15262228625	
0.110021218564	0.118883543662	0.594054938247	0.994154015303	1.42065014658	2.15183085819	3.47062483058	3.89953990017	
0.109572328318	0.161246490931	0.590110374206	0.966712580714	1.50682968122	2.26060645224	2.98182924459	4.2667476203	
0.109204015589	0.129531638232	0.604467812339	0.89466133178	1.40886098423	1.81151223092	3.13533788341	4.64923937633	
0.0880407631504	0.138256720518	0.617486258048	0.792895667867	1.30563389398	2.07378365057	3.14752983072	4.5959481415	
0.0939364251911	0.145102356349	0.655605251469	0.750112050556	1.73561850064	2.37661469438	3.17499251567	4.3418451256	
0.0884032527426	0.154344272277	0.608392588158	0.977170380014	1.43591252264	2.30603958811	3.25382378595	4.04782632387	
0.109274690524	0.119476694913	0.511477192475	1.02179244645	1.5242783089	1.99290627646	3.32439721164	5.09890792712	
0.122172612923	0.159097619897	0.62996054195	0.863893771758	1.59317254625	1.91805414888	3.0250717275	3.88330879577	
0.104809522965	0.163832161588	0.544142216948	0.990269110402	1.55334653668	2.2263879772	2.96936095893	4.91065994509	
0.0776277388388	0.132215638706	0.61443064559	1.00044175939	1.62737556304	2.44503645166	3.58588554562	4.14925964913	
0.112906862245	0.146785699312	0.603276059037	0.831065668293	1.22745647903	2.20767025295	2.9938698677	4.95390162715	
0.10265343937	0.144338474423	0.56025469345	0.94158578181	1.47781203226	2.21405641843	3.09845897351	4.98934544383	
0.0906074022259	0.158826476409	0.647886099376	0.999974923654	1.48411122051	2.14447618393	3.91095538524	5.24969215314	
0.0949208509165	0.143392179861	0.650051545166	0.972582577673	1.39437790258	2.10060398553	3.61193575935	4.45070498649	
0.126670001786	0.15111359914	0.533812355136	0.918457520099	1.22215896204	2.05216443554	2.48609803597	4.46529065126	
0.102583416693	0.128837535775	0.545786718172	0.967477596283	1.21440950317	2.0674384111	3.23944878452	5.01621977767	
0.0992906717166	0.145157556106	0.529349307256	0.957995511182	1.4947622246	2.04573951804	3.49315680512	4.5710173887	
0.0842962114576	0.1549272325	0.636066339108	0.72055417772	1.52298112949	1.84330284306	3.9967506178	4.48599812975	
0.0972794690681	0.124416308056	0.590553682676	0.951149739916	1.33507260889	2.2045578889	2.53348921093	5.31617313486	
0.106803110095	0.146097681423	0.633821978102	0.914407363788	1.41759636153	1.83366093193	3.5946419759	4.39640619047	
0.10255010374	0.148577198211	0.597203518846	0.841223071981	1.54061026808	2.37919880649	2.97252768927	3.89381466616	
0.0998855217553	0.140194979541	0.67887560308	1.01613030649	1.29055013365	1.85999429142	3.1875373846	3.91662762621	
0.106186932115	0.13937346767	0.654385713009	0.774364466987	1.47488731161	1.86760452449	2.46827584474	4.46671712018	
0.122400810223	0.146142572608	0.540133250901	1.1436530177	1.62081907269	1.94675812209	3.05909530093	4.5002850591	
0.101634202549	0.149914075131	0.557612145009	0.798310860886	1.58831373317	2.13891946309	3.57935134078	4.95429397977	
0.100668030079	0.133130202173	0.508435628023	1.00522435711	1.41538110311	2.01130295568	3.68794445398	4.47920049386	
0.0927174178454	0.136227484418	0.548744837793	0.910491499851	1.55966190928	2.02192303457	2.75185292433	4.1492932207	
0.0804893968555	0.149056563989	0.655247680741	0.931697307422	1.4113333467	2.07983031095	3.46783374281	4.02861286616	
0.10034698904	0.135047214836	0.523100775696	0.893361827031	1.61769650949	1.97464427333	3.17626803166	3.71509658592	
0.0966582504913	0.147152519013	0.569561619488	0.963050368476	1.28509751848	2.43924913085	3.06466430865	4.40039689178	
0.10626457575	0.14929775421	0.529057893046	0.88037609237	1.45371542727	2.46245696229	3.08349536068	4.88690887839	
0.106853613479	0.118721894131	0.67262405384	0.875080140402	1.16402514476	2.06254030942	3.4665156077	4.67963329707	
0.092482369859	0.164569132929	0.584132088128	0.914674896022	1.8222296244	2.17297168944	3.650423406	4.35856121588	
0.106875764775	0.140401863755	0.617244830156	0.965653288186	1.54935066851	2.27218480665	3.13255992867	4.73360484618	
0.0999546396785	0.146340529365	0.617940658861	0.856506926774	1.47488674335	2.33871120109	3.01248583874	5.51119539082	
0.0877345833061	0.148697140491	0.693141262847	0.907882509484	1.65622796114	1.75264076273	3.4772834103	3.75672753933	
0.121399563226	0.15441661539	0.753122530697	0.904692031198	1.32392967395	1.96342175358	2.81815853986	4.52791227904	
0.0855640337321	0.157670573823	0.605185248704	0.90622046478	1.64002096827	2.59935355442	3.20399772268	4.59644248683	
0.0939784146175	0.149517648679	0.622450400139	0.966485452839	1.65771299091	2.20986835844	3.20394172079	4.79927506773	
0.0863881835023	0.156485800715	0.492020905115	0.854968381067	1.52648743375	1.81537816975	3.25997136517	3.53371596498	
0.105105051271	0.147637035717	0.608274803452	0.952889004038	1.35013053557	2.09319235326	3.53304307721	3.96665102916	
0.096858488429	0.160899488285	0.600952045782	0.866323597918	1.09274457669	1.72409020687	3.48175052096	3.8560578482	
0.0952506250646	0.155395342207	0.624322281919	0.903525558222	1.32553334338	2.01669721414	3.41216964998	4.07719032279	
0.0942551695701	0.158012049481	0.568764090992	1.01574025763	1.38353298811	2.26996011006	3.04844131419	3.73399919765	
0.0847019940276	0.145128259476	0.635841876876	1.05015108546	1.47835625833	1.82042909663	3.46453081498	3.88271669577	
0.0771586189246	0.159044859472	0.650734563386	0.896169158495	1.45331986001	1.91222382426	3.78880465832	4.75914348653	
0.112071990708	0.147616108299	0.543586300788	0.838363470087	1.43307092887	2.02763209553	2.70812093809	4.58306760326	
0.0827266175173	0.118473291265	0.740676329362	0.933960180379	1.07576294893	2.08849355572	3.13854485108	4.10184631671	
0.0886542237249	0.165309400353	0.591666699977	0.931658757695	1.43898958998	2.34531944537	3.9814008541	4.64295491625	
0.0955542471543	0.143683905195	0.568201211639	0.929019563125	1.44445640289	1.87281905841	2.90614850462	4.89003340119	
0.0850571854338	0.133432642576	0.517382478293	0.81461477732	1.28210941858	2.07220229116	3.1772028355	4.60986741937	
0.08034827039	0.133260199771	0.723636974799	0.95351757057	1.37702052338	2.33217722854	2.68456767943	4.34623242818	
0.105073848283	0.149188650623	0.638867778619	0.777400604528	1.51450074254	2.39680132559	3.31036981576	4.18713244231	
0.119133435844	0.145642030701	0.634488468379	1.02861744368	1.52997626718	1.812759507	3.43696317997	4.29333850734	
0.0956584856666	0.150715078479	0.658716976358	1.09425810758	1.43552977495	2.0599985977	3.23580229853	4.74601081657	
0.104988002108	0.176569908077	0.670955839028	0.98932645677	1.65522978938	1.88265183196	4.08417942897	4.28656073531	
0.111026533917	0.154502306671	0.625651796846	1.00312130045	1.55851700877	1.91655042396	3.72397341222	3.80656246414	
0.0997567301278	0.125978424204	0.443023775865	0.892094098236	1.10468351843	2.41239257641	3.6763980035	4.97764198757	
0.110580132094	0.151305416884	0.587471454738	0.927821130463	1.67409394514	2.21960973548	2.78483657437	4.28848445939	
0.10222479657	0.137481707903	0.648531990745	0.989784356725	1.77900410271	2.3118094729	4.06024914288	4.60333733946	
0.0755035705617	0.168761800553	0.624122631707	0.939160245518	1.51903214482	2.08032335651	3.14429249177	4.84709159814	
0.112123904093	0.154245142774	0.603232428436	0.83735787035	1.27687069164	2.11315240876	2.91371329705	4.89356763751	
0.0967361529005	0.164660117101	0.601407519003	0.917154410314	1.46055537003	2.01618538782	3.31094076299	3.94684943817	
0.0973900476439	0.139980213166	0.533068867917	0.909520354268	1.22635001206	2.32601408835	3.38520851131	4.26844677462	
0.101377228563	0.127317784199	0.623622374816	0.95763535912	1.372835378	2.12706904302	3.19647345227	4.49561069344	
0.0969735058301	0.130618509852	0.60456433347	1.02908551808	1.60447912568	1.9260665449	3.48396131619	4.01520753053	
0.106794808711	0.142451947994	0.615017563728	1.0252710656	1.49920323783	1.86782587663	3.4536487741	3.88856845294	
0.0927811833619	0.141276855964	0.682896693321	0.825271400561	1.22684983932	1.8668565059	3.51665325945	4.23293102138	
0.115214347537	0.14450509848	0.661838302573	0.876002958278	1.30858057216	1.96320223584	3.46932782824	4.53534384834	
0.0975911251161	0.122794327443	0.61904200674	0.925236573015	1.31799106805	1.80823125665	3.43458772857	4.38920622422	
0.100016123174	0.143340190482	0.495449747563	0.934352017141	1.34208925366	2.1584167037	4.02766072809	3.95180138429	
0.109622078269	0.133477681254	0.70886737834	1.06271692388	1.2257369064	2.2149400229	3.03244994706	5.01510253587	
0.116249211331	0.150155956757	0.618728515918	0.975484928837	1.32709937989	2.15843775358	3.03021669808	4.19381839463	
0.111512108149	0.145854125666	0.658894108065	0.854174183281	1.55331294751	1.95866716237	3.35618329398	4.54491307385	
0.0969961496205	0.142375317638	0.557371931718	0.968571063775	1.30440579774	1.8229164169	2.99514006563	3.76732999283	
