3	21
0	1	0	0	1	0	1	0	0	0	
0.146593389229	0.94929922694	2.19682090982	
0.12864798728	1.02326984928	2.10859978137	
0.162885249844	0.860260978146	1.98959571929	
0.137165135431	1.08183637216	2.4597017665	
0.154065172762	1.12966060483	2.18145536115	
0.153213277207	0.838463632039	1.96322930457	
0.170434946358	0.97673088135	2.13423930023	
0.141402941161	0.97690646603	2.18017172282	
0.144436901427	0.886518550031	2.44831917878	
0.13273929618	0.755435717699	2.19824758761	
0.139808612419	1.10519814044	2.1017426406	
0.135448567175	0.928970747514	2.06506465572	
0.138629850537	1.04840659665	2.1220446131	
0.192085737959	0.827405456818	2.27016548484	
0.15158349857	1.05309885355	2.1666135692	
0.169010013915	0.771292346504	2.43004283697	
0.155208846518	0.859544879697	2.10714286991	
0.185910756674	0.994268154377	2.12768054767	
0.157790262473	0.985142586402	2.12493993636	
0.145468993707	1.04268171071	2.19237790559	
0.160813285413	0.935687811997	1.84850065841	
