5	87
1	1	1	0	1	0	0	1	0	0	
0.0854735668859	0.157086850402	0.350625937053	0.893310711039	3.54180397126	
0.0988429341795	0.132124473869	0.36072447541	0.97597567578	3.38240493894	
0.0845498637071	0.153609267686	0.415490254923	0.860684809613	3.28439452228	
0.100847794481	0.133672498096	0.314966735523	0.94419036322	2.98087106205	
0.0963711111452	0.129110883021	0.374840782275	0.952602324095	3.4281369021	
0.100032207226	0.131909417429	0.369332818645	0.623066319593	3.20923187609	
0.0928880323267	0.119777083986	0.276864719454	1.03284898764	3.20730353149	
0.089778202463	0.151989912843	0.321534379775	0.920988915249	3.38465792822	
0.118635201689	0.163630875325	0.400624990588	0.817305615554	3.13816216765	
0.105074946819	0.150555486021	0.336853806203	1.00668696399	2.78417940637	
0.103079019841	0.150884655512	0.377805622957	0.953687164276	3.22938821363	
0.102685916575	0.154059277064	0.374953002801	0.887635635947	2.91279464158	
0.0942495258184	0.145517889343	0.414338230169	0.824445618663	3.99477565093	
0.0892108223895	0.151101799521	0.434881413878	0.900145935963	3.55767486287	
0.103200740332	0.155594182706	0.421371286165	1.14664432494	3.20052020478	
0.097231219471	0.148059461589	0.363619372543	0.82165668431	4.15020303271	
0.0983647676005	0.168319650965	0.39838953363	0.904288137228	3.1702323249	
0.095083641956	0.187315616279	0.399629595091	0.973360611728	3.30785027922	
0.0986545741346	0.149979939301	0.393396704319	0.908610106802	3.67412232508	
0.105684022269	0.140504401423	0.368028363716	0.991941460997	2.75301906094	
0.0943831476264	0.141795572733	0.397923653644	0.893077419262	3.16739669119	
0.0859866583596	0.145416934309	0.378244905369	0.747053614162	3.5186173779	
0.0896859126762	0.133958867776	0.390957661418	0.926575268919	3.20738437772	
0.116313472262	0.159154347841	0.401783609221	0.998680847422	3.43793593265	
0.0888023523526	0.158738243066	0.349881965961	0.91893260906	2.90043818765	
0.0973605100453	0.15267005836	0.372477171926	0.885476724306	3.53115583605	
0.125462119752	0.1539111622	0.349159063976	0.846714629103	2.61055113326	
0.0987165240699	0.131812269815	0.36946060862	0.993638798737	3.75802442699	
0.104331335014	0.181218832115	0.395653715939	0.968689789303	3.42488702819	
0.105308982301	0.128319673293	0.488441526957	1.01529620994	3.33410903107	
0.0948213455395	0.14590206332	0.356379647101	0.894481692731	2.93703593923	
0.0801446980337	0.164517447225	0.307849885826	0.912667293888	3.88077861761	
0.10632059242	0.126519020166	0.357752431342	0.945857648641	2.79053008546	
0.0945832574073	0.131453025217	0.348121381917	0.975597150892	2.83646997196	
0.0974230170703	0.151996288236	0.314179507722	1.0308736903	3.30047045322	
0.0934670348133	0.176156234505	0.415463819674	1.08690601234	2.97355464539	
0.0953657600073	0.126803380295	0.371396820125	1.14629159171	3.1065852907	
0.0857850288606	0.192674938006	0.446099500623	0.991634633365	3.21275120918	
0.093558112162	0.13989171624	0.416748858836	0.889347876716	3.28552068486	
0.0986568247849	0.133061640067	0.326063457186	0.906709430458	3.44400195817	
0.0803317643627	0.177942163357	0.349479584129	1.08142423984	3.00557858287	
0.0982867336391	0.138113175961	0.352072565425	1.01928024744	2.68602099972	
0.0908295241671	0.150435432586	0.35536072647	1.05518647057	3.05852515357	
0.105542023967	0.11958196302	0.370175586483	0.89071937236	3.37429092559	
0.109619334493	0.142741777647	0.340969244592	0.849400824429	2.72978749014	
0.108201620079	0.158838868392	0.366725666049	0.860585166554	3.30357676539	
0.106861534202	0.180867027389	0.423260974667	0.752881953996	3.46309321012	
0.0947483398128	0.168790222852	0.415877634599	0.858912026207	2.83076399473	
0.100480949447	0.140832525933	0.395332871691	0.876310050177	3.03237353623	
0.074424311091	0.137461618149	0.3546074498	0.906140930039	2.93606574919	
0.0865923721129	0.118933095272	0.379263106159	0.945045252342	3.70432034528	
0.0987809447928	0.13757355754	0.351252019015	0.960746991042	3.44758429687	
0.0991029669783	0.132428268267	0.300761253426	1.06752513611	2.54278184764	
0.0990326578635	0.154697661092	0.369916785518	0.880270322255	3.22925875286	
0.111228851022	0.14374063074	0.357656621947	0.957895093155	3.38358085654	
0.0698676658553	0.15572740277	0.390386314799	0.986068361651	2.71327117192	
0.109374313933	0.141511366658	0.422860400527	0.878246976175	2.65108884321	
0.0897892097955	0.167214113758	0.400764559118	0.954598376198	3.6267864282	
0.100057008227	0.14030793763	0.339820629788	1.02124476066	2.98145736297	
0.0758357212229	0.147281898604	0.405526540304	0.915611138469	3.02897114192	
0.0879008842894	0.126582092427	0.384986425518	0.932434389361	2.85724834045	
0.0892404201346	0.167242317375	0.377568097119	0.741697458232	3.32498030955	
0.101456505235	0.135606973926	0.393979862047	0.930326493688	3.52644795502	
0.0811521015477	0.135035353001	0.377964744642	0.946640076638	3.46506080914	
0.0967332914062	0.173772328464	0.385294791975	0.861550524231	3.50870495767	
0.102672059712	0.165348947072	0.374176699896	0.820536678641	3.23360977336	
0.091002338817	0.146372619861	0.326660667818	0.994382095844	3.07592132423	
0.105377418098	0.154959676103	0.363627699793	0.990552958554	3.36680989998	
0.118087583581	0.152028811176	0.355913541443	1.02670793179	3.48048855381	
0.104042082122	0.158370824733	0.416839105171	1.08260637824	3.54343366088	
0.0789566413856	0.144061402441	0.360345702675	0.915316195323	3.60279928296	
0.106130831708	0.162247876631	0.358935200682	1.15463293579	3.40165002809	
0.11073813023	0.144107140879	0.355447643342	0.733811119497	3.9971931139	
0.105561356359	0.165926067297	0.408815124924	0.905226732589	3.81319275725	
0.107568588893	0.143851846786	0.421110583414	0.981581036654	2.97356467459	
0.1033336198	0.13493091913	0.324912030919	0.869201483311	2.51774039028	
0.0999175177934	0.11840948284	0.338846062294	0.878307672578	3.42686322062	
0.0978047024452	0.141851879402	0.312916632049	0.899579044261	3.49912980185	
0.0899036928686	0.110460646006	0.382547574226	1.13701664791	3.19816532877	
0.106864346547	0.182961158118	0.42321250707	0.960185976263	3.63574044211	
0.100918228625	0.149571388377	0.460329011238	1.08235890616	2.87788632049	
0.109407384433	0.156374954798	0.328182663776	0.947836609002	3.3391741824	
0.0975660618761	0.161045308455	0.409222220282	0.884849405612	2.66098885462	
0.0919527385776	0.138088125581	0.389985419334	0.962203786478	3.34626369245	
0.107194959926	0.16592581833	0.358804922724	0.759904944861	3.39077134352	
0.101494707541	0.172814726856	0.399335763082	0.913310495594	3.09321459911	
0.0818322718719	0.157407327899	0.392201901574	0.960097572877	3.71341626228	
