9	60
1	1	1	1	1	1	1	0	1	1	
0.10585421339	0.161994331504	0.366196473701	0.564431738664	0.852659316467	1.33892510456	2.15257284396	3.94437755067	6.18038129617	
0.0933460134131	0.174437202141	0.332875636855	0.54723028759	1.04608381121	1.23709674301	2.48793400886	4.43510824339	6.52602322174	
0.0947261032908	0.153990140548	0.382603824113	0.643714282201	0.937474104942	1.65867126057	2.00839432945	3.80274588933	6.66800126306	
0.0997217692791	0.139930030245	0.292152245191	0.658609403269	1.0034434653	1.22531672714	2.46666016457	3.99550181652	4.91597871749	
0.0990933135599	0.156677125108	0.414902869618	0.65645955743	1.02648427465	1.33973704919	2.00718932924	4.82497214685	5.97237141186	
0.0955640953622	0.137483198677	0.373813608925	0.753109237352	0.914612400565	1.41636930927	2.18631697929	4.1476342881	5.69740527584	
0.100758360634	0.170224581586	0.377048330845	0.583595709024	0.839255169196	1.32528795966	2.24377085278	2.93585556782	5.49722952466	
0.0902422652298	0.123728643229	0.361929006005	0.578622943342	0.896371243554	1.42408034502	1.91652034891	4.78691142865	7.07034292521	
0.095417693326	0.139155575595	0.363920550497	0.619432616104	0.966767737854	1.68424615947	2.33608172155	3.99846797735	5.07538572318	
0.0990936392696	0.127243529312	0.356248287964	0.591749762282	0.845192447228	1.2755684541	2.04309942377	3.59575523564	5.91396900289	
0.0846242115848	0.129849055407	0.373802933172	0.683059576058	0.680865330763	1.61853086214	1.76033244236	4.5366834406	6.69870419409	
0.0955547106793	0.150019461512	0.384694360556	0.669963849423	0.8502077175	1.47201910979	2.02659579492	4.61155736423	5.64471422553	
0.0975580440165	0.16470677477	0.365962858787	0.482394437209	0.872891092358	1.17730663264	1.99543839813	5.27593056801	6.25096414919	
0.10837911122	0.162282616255	0.382509492606	0.6797570339	1.02472759711	1.51917406414	2.18312249714	5.03278432169	6.69026035593	
0.110843874453	0.127074778924	0.343195350573	0.589167198893	0.89841018483	1.39225296834	1.95091731749	4.72255956893	5.62344274074	
0.103122327619	0.174769628337	0.403671115683	0.604927282194	0.784886783082	1.63868680371	2.30105958926	4.27257959366	5.61572717952	
0.109610180906	0.146916266657	0.346888836134	0.589352230316	1.23864104473	1.30438222697	1.86714826396	4.54627154933	6.30548273763	
0.101456757361	0.169865578967	0.39516324744	0.588224758318	0.85956531003	1.62100493786	1.8177461439	4.44523611033	6.35431116763	
0.0988142683601	0.153569148957	0.430511864299	0.603879517126	1.0576977999	1.46146786187	2.16010188264	4.38010732767	6.46919696796	
0.0878769789306	0.142282266598	0.347471851284	0.556366002807	0.941074202895	1.27409434929	1.48572960111	5.18602624678	5.66898675705	
0.0930536006488	0.176159319955	0.36655429576	0.519043382203	0.957744168265	1.46033211807	1.72941664316	4.43355606929	5.29031121342	
0.0995103888107	0.131816336886	0.420321552737	0.623546233092	0.931591701981	1.30518126812	2.16652997999	5.61754226631	5.65303416742	
0.101860603834	0.144792921499	0.388337743068	0.528408293322	0.934754621404	1.58997497549	1.89764306939	4.69894656989	6.41504229101	
0.0960484106366	0.155899515212	0.310362970239	0.45774656934	0.928251454657	1.27366789658	2.14706992622	3.58113992668	5.63284965662	
0.0889131913907	0.143938664472	0.327348024062	0.553419650517	0.948827768622	1.42268403971	2.29744661178	5.02361872974	5.85866423844	
0.118342984406	0.135985546689	0.352285360059	0.565907060652	0.970273736202	1.3635736245	2.29521543493	4.39723403778	6.08374759858	
0.0951842005529	0.152731989536	0.361444972223	0.595973035417	0.910358051103	1.39352360981	2.35437116702	3.7421968957	5.5196308739	
0.105775964864	0.165696069771	0.399218010929	0.597988580392	0.928048683508	1.38034796117	2.27659976647	3.53553179548	5.78289080706	
0.0994540214234	0.165367475048	0.367711729629	0.669557725918	0.856222666097	1.48580941284	2.47816777002	4.82788279761	5.76543771593	
0.106093799548	0.151620843692	0.372960943209	0.548428817113	0.890999603152	1.55113009584	2.11482838212	4.20043922934	5.96207557008	
0.116168616102	0.145815871177	0.375937500695	0.591405594769	0.914749665233	1.63476714542	2.23856105875	3.88849004308	7.26897493581	
0.114417486697	0.148096396868	0.366681479438	0.689327658848	0.937250127578	1.3938169862	2.18334772917	4.42139979646	6.71025164181	
0.0914666111755	0.135781119501	0.387313713282	0.652917937308	1.05670267065	1.5327023455	2.08065394424	4.73842944076	6.27256762469	
0.0958887868531	0.143825899885	0.421586986302	0.589679138122	1.12979287224	1.38733877414	2.17327703614	4.05670318589	5.16792883977	
0.104512150119	0.125815600443	0.427431750012	0.503745970909	0.934468396694	1.35903941815	2.1803453302	4.74227408251	5.57231296538	
0.108030130063	0.150466156778	0.472793423976	0.638522265766	1.13282990532	1.52914218759	2.11285250195	3.46017563983	6.08446294257	
0.100820341699	0.141400239071	0.389469461854	0.636391698653	0.924805444281	1.33915856345	2.29707948909	4.79597264701	6.78885998641	
0.0903087534585	0.165582680283	0.343681498218	0.560675520828	0.897685988838	1.44475262827	2.05503001436	4.54059161149	5.66036717477	
0.079262246818	0.134333078954	0.400256226136	0.619318668455	0.978314020432	1.55296573886	2.30106668786	4.09966597953	6.37194261249	
0.109839059549	0.153039091594	0.33447136684	0.525456555507	0.924157398068	1.59509488765	2.05564314757	3.9883621122	6.47333000933	
0.1166789412	0.158625429246	0.420503208786	0.556544812897	0.956830360576	1.55477465495	2.22817048912	4.63279795035	5.7506543243	
0.0958500506956	0.127472435905	0.36939187092	0.505103939664	0.911253470939	1.32231200396	2.43962983578	4.22248835111	6.61461217582	
0.103852460447	0.171155630786	0.394578128819	0.560820485867	0.789331759762	1.37513568107	2.19379012893	5.11094022501	5.33658095705	
0.102020890232	0.152769495256	0.245242690055	0.630895131841	0.840307832237	1.3276287178	1.99309403963	4.30098484846	5.92470617046	
0.0946022250705	0.154678067544	0.392956761887	0.569102988757	1.01884032419	1.38514028566	1.98321576992	3.42550778224	5.38734450584	
0.0935041241675	0.147711671629	0.399758151519	0.614679752003	0.994699324792	1.03226573538	2.42320631769	3.91061377095	6.69621011191	
0.0840288125994	0.164202468259	0.346412309295	0.770682651568	0.87674665422	1.39076402241	2.05308597856	4.73036197326	4.58411471586	
0.10904034073	0.139550332968	0.36119491707	0.603717881604	0.828577940474	1.53134691244	2.00722279527	4.37563893356	5.70391574194	
0.0932217484416	0.137636574689	0.472570639031	0.507817886401	0.910704354183	1.42814913612	2.40547983196	5.56028947786	7.26717226386	
0.102192505398	0.143918601341	0.40977447163	0.568359039095	0.848481250483	1.30444480532	2.14759370575	4.9216602546	5.80841428071	
0.0976422091665	0.165100717803	0.400223758995	0.617099858297	0.97376269543	1.35165366598	2.14689728973	4.93204708134	5.5771478494	
0.0964462841371	0.144340316411	0.383787866735	0.643789190842	0.865929973353	1.39782686017	2.13059974676	5.02960824444	4.6506807313	
0.116296643677	0.161360851986	0.355756456426	0.538765813761	0.906416759389	1.45850669001	2.02985127476	5.50822262922	7.10830125529	
0.101485957617	0.132226124418	0.363620868072	0.589580299904	0.745114742449	1.2310272835	2.13675750003	4.5972226574	6.11050193098	
0.106491359656	0.157991508626	0.428158353378	0.630050341849	0.861796346603	1.3070429337	2.32781619638	3.71745092008	5.5347596276	
0.0877317947228	0.124274323983	0.354555774992	0.646332871764	1.06924426739	1.53109850773	2.01507985628	4.50836665308	5.74698497921	
0.0888863610793	0.154064618377	0.427315230178	0.625394228217	0.90034845153	1.59323754399	1.90530717033	3.97076855024	6.4069253133	
0.0885008822688	0.155424210857	0.399417655439	0.654791897717	0.989175281313	1.26740855133	2.25115800138	4.10577870709	6.16742544032	
0.084111384231	0.147345496054	0.382486013015	0.605805693521	0.984799619595	1.39052153125	1.97537563896	4.53476045405	5.07828071152	
0.102338443349	0.154803677073	0.421560056015	0.735155193538	0.915968107027	1.50461773149	2.36228851869	6.10162296714	6.05308623985	
