3	91
0	0	0	1	0	1	1	0	0	0	
0.566487203275	1.46676190943	1.95207931416	
0.536211210473	1.40158637312	1.90306959223	
0.583534945925	1.21713785356	1.76629514806	
0.568940235619	1.19726614954	2.19156825807	
0.612182654693	1.42312027221	2.28725486776	
0.678667213493	1.37452571318	2.04575980224	
0.53402767827	1.45525764012	2.0709592137	
0.576579866349	1.40572866788	2.43234543615	
0.650588448472	1.4250267247	2.13380627098	
0.655190677794	1.58376849823	2.06870776706	
0.618093626015	1.5816605667	2.10326763273	
0.604744480649	1.44859314274	1.75410718338	
0.54943358624	1.55122193398	1.91809026954	
0.679750488451	1.54101050877	2.05661761127	
0.578209342063	1.58520809551	2.24412399023	
0.620983537046	1.26884585929	1.99387749911	
0.58865221524	1.53327148479	2.19529392813	
0.590061767282	1.49560510954	2.15317128955	
0.627544628166	1.21989488949	2.2361240894	
0.667294278693	1.57791689595	2.50358030832	
0.578268203773	1.34423419529	2.00126955637	
0.620858273517	1.4485884356	2.30403289798	
0.694403420293	1.42097706795	2.19235397801	
0.667167405568	1.38829597081	2.10580115464	
0.524914953401	1.33519320441	2.24290685893	
0.710866259279	1.40015241833	2.24534666154	
0.586041414796	1.13643595796	1.84031448957	
0.644948148717	1.38552860645	2.28284477937	
0.625826255246	1.49660324205	1.96415327323	
0.614447476274	1.6042840971	2.21887152317	
0.68898709863	1.49020371915	2.31508380084	
0.658303454501	1.33572306554	2.40176026191	
0.571484460221	1.59986718005	1.85660170145	
0.644674075781	1.26687236901	2.01791475729	
0.58210378319	1.69548596258	2.01409735353	
0.607100003356	1.47808118871	2.03659283094	
0.632757948845	1.45397842628	1.9879017087	
0.638292928917	1.61804157282	2.17137912517	
0.603118900461	1.38437836311	2.1572228079	
0.553524416988	1.43549578047	2.24360710045	
0.673951400638	1.51647603002	2.34314338724	
0.521111080536	1.33233282313	2.31491229871	
0.603145818779	1.50954167812	1.54557576018	
0.641748475715	1.19325174973	2.39324882511	
0.734201619611	1.24652833482	2.07478875812	
0.556940156704	1.48328638946	1.97023426402	
0.581344330028	1.23733734997	2.27188901757	
0.591263203085	1.26936758208	1.99818799678	
0.550939432597	1.48524595431	2.21368525824	
0.591466418935	1.51652245102	2.06729855284	
0.663424573707	1.47221028872	1.9255322233	
0.627674952721	1.74601058271	2.17056101939	
0.614593265133	1.57097811222	2.08729935355	
0.551988129198	1.34968340497	2.09241628078	
0.544379603321	1.47852427316	2.60453310246	
0.651282634256	1.39360576756	2.1299407355	
0.56209797761	1.57638643143	2.37001850867	
0.600068374768	1.46961397538	2.30171266731	
0.62976164961	1.42034349956	2.1488144269	
0.638885797903	1.34725881547	2.1208512219	
0.562342490692	1.35885184373	2.02795416458	
0.610946002804	1.49166415431	2.28764148336	
0.537607907236	1.1222839339	1.84895403162	
0.590204743259	1.29638624939	2.09176835794	
0.473240585406	1.3808183299	2.16139173119	
0.707060440007	1.6483312305	1.72058750331	
0.665967087183	1.42177205365	1.71081668786	
0.617554110855	1.18572541581	2.15168972292	
0.595485113838	1.50262675212	2.18492068756	
0.626392503615	1.39612188403	2.13943356791	
0.605894111623	1.29322384814	2.46073130836	
0.494221656578	1.8455274415	1.91633981743	
0.613596393439	1.25849277576	2.27542498967	
0.602495614917	1.4047044072	2.67661638154	
0.538692176716	1.63094022363	1.95052450385	
0.689606628263	1.5421933508	2.57099587504	
0.618426292246	1.38510678258	1.87995351716	
0.652159004688	1.26122580308	2.28553861899	
0.566525304835	1.42062742139	2.19546263118	
0.66680469319	1.58087797849	2.04211847505	
0.537842577898	1.56383125438	2.15506843535	
0.527597652904	1.41935301032	2.01897707764	
0.500586232085	1.55579637561	1.85415731243	
0.677335474087	1.65984369242	2.40361631996	
0.732326167544	1.39750261062	2.50517170565	
0.661257181772	1.36311218417	1.91017271775	
0.572620822752	1.3260303352	2.10315887577	
0.539459983905	1.25667950197	1.98602338246	
0.647929310965	1.38901694334	1.92030319202	
0.675047588916	1.48029729186	2.0190577699	
0.58120812921	1.4688396603	2.21175938003	
