5	24
0	0	1	0	1	1	0	1	1	0	
0.358839532146	0.930351977913	1.2756940877	3.81567546471	4.93581731884	
0.336489204213	0.825565665	1.57492926172	3.22561348216	3.97625240288	
0.378895455744	0.989240699781	1.54995721939	3.46731785493	3.6226042675	
0.332475066723	0.797582930656	1.36166888966	3.60040813042	4.74035487824	
0.404650203388	0.883905792332	1.46157713935	2.82628161292	4.0461741144	
0.366242321213	0.822397089871	1.53270510172	2.89551916321	3.83212826818	
0.341947255778	0.826766992349	1.37488870296	2.80252088574	4.94083162614	
0.367869396768	0.799854819868	1.23571335803	3.08988083291	4.79554367855	
0.391468878917	0.819768155144	1.53721879771	3.05273896243	4.03029804729	
0.366985002832	0.982902682178	1.44749269991	3.12397747616	4.3258528212	
0.349070213088	0.889733983824	1.50686992634	3.23331098284	4.58842116407	
0.396347024356	1.02935288986	1.51791415582	2.90240696209	4.52307547855	
0.425218178394	0.735293570856	1.521310777	3.69284241155	5.06147920738	
0.372521892164	0.758840637582	1.53355409821	3.24048057201	4.90789235003	
0.359052736043	0.934195408896	1.43285175147	2.86444454138	5.21620362623	
0.356710669838	0.902537065876	1.51687722865	2.99330957692	4.82368762899	
0.419608549604	0.990608099478	1.48517289865	3.25992142912	4.15861428924	
0.381387963439	0.914329768079	1.44062430082	4.14778105859	4.34397223463	
0.406237490414	0.815712071822	1.43264406351	3.13996369586	3.96065117138	
0.430865105367	1.0216131964	1.58605948439	2.84368021332	3.89017227343	
0.373804709202	0.797739256047	1.41420774466	3.8042285167	4.34282835335	
0.42215493376	0.94313852456	1.3130592311	3.11172292429	3.71382811297	
0.402027380749	1.01250662079	1.70109999195	2.78193103274	4.57586103777	
0.383697436334	0.957290738297	1.53549044322	3.39282394994	4.35077690958	
