4	23
0	1	1	0	0	0	1	0	0	1	
0.145231017057	0.408834212462	1.89729250753	6.75794002912	
0.150856647841	0.369874843473	1.85478874266	5.6606883524	
0.139343209947	0.305398344849	2.35026532114	6.40544956338	
0.142675923994	0.366627401813	1.99196049886	5.20467459703	
0.168480546247	0.32130399077	2.21816633126	5.96366515339	
0.162804856124	0.315104579835	2.28696981195	6.73152003995	
0.132972412732	0.284372701203	2.07132253093	4.53068098448	
0.152809517955	0.345825987082	2.43900631434	5.91057549082	
0.145370350117	0.419302508848	2.22271354123	5.7247998333	
0.141102353521	0.434425312643	1.90366237888	5.71918523099	
0.161573501428	0.410030269136	1.78478357401	5.67017950565	
0.164824358875	0.351626191083	1.98975564286	5.12275230834	
0.156985316154	0.360700051047	2.07847724088	5.64926968282	
0.154354489486	0.344426157323	1.99377576624	5.0942047502	
0.125172957791	0.430878646314	1.99595180247	5.75749291567	
0.140785326194	0.45213103595	2.17316208609	6.19194276224	
0.182715738332	0.489875415421	1.92486187301	4.95201027024	
0.152770469682	0.390680981214	2.32873483939	6.45331386944	
0.154159942376	0.358301380394	2.25121196633	4.95651243416	
0.13614242129	0.3415755381	2.63731779166	6.75490602637	
0.143520722321	0.393246208039	2.2634498093	5.55140007216	
0.146241054548	0.412916212774	1.75890124008	5.72094351201	
0.16254815914	0.327824791249	1.79042886881	5.91890839142	
