8	65
1	1	1	1	1	1	1	0	0	1	
0.0961419575289	0.13953162535	0.382435788983	0.697185971958	0.991505361523	1.53856076699	2.14908815082	7.58613803047	
0.101165334057	0.160884176573	0.421748100864	0.596932685776	0.949293968733	1.34851273699	2.15387034198	6.87806778585	
0.111639167683	0.160313301877	0.414591536662	0.59775367643	1.01817905237	1.40822083952	1.79881611661	7.09946762533	
0.0979572526043	0.16581428128	0.36621579862	0.438592029491	0.923228380916	1.16663958719	2.31240197485	5.86248132074	
0.112188675214	0.153499930887	0.340856433971	0.640187860952	0.784957373488	1.38608528768	1.74925410313	6.21005460486	
0.102473098469	0.151891900984	0.344437330872	0.681144260094	1.01450982441	1.46346908443	2.02511849733	5.79007960878	
0.099846534045	0.133485932294	0.412418580089	0.675560111899	1.0889439711	1.38085304307	2.44611254938	6.8633458737	
0.0936790662671	0.134943227535	0.421290655261	0.567088967267	0.861746394117	1.54673844004	1.85202748305	5.73250629629	
0.0813595313301	0.137389051922	0.355016631497	0.554987170837	0.890002016066	1.13623702	1.93358729388	6.80691937282	
0.10298178507	0.14231453163	0.35509567139	0.645912511312	0.937986795792	1.26954154521	2.03528294441	5.25792285085	
0.093074284133	0.160276247797	0.402221397964	0.661748886074	0.943222274722	1.21419441591	1.88218133641	6.28445037363	
0.101017574123	0.132612400781	0.366990713045	0.713986692948	1.0166371712	1.64430173604	1.89646646509	7.00223683845	
0.0947980750306	0.173583139339	0.393615505891	0.63770974178	0.994602584869	1.44412822559	2.27544142886	5.38871051071	
0.098710622145	0.161710429913	0.384136821008	0.578954878459	0.951739055169	1.23494507012	2.37491375267	4.75264304447	
0.0997503798495	0.161403095888	0.383098722526	0.571855206302	1.03226477797	1.33148380422	2.51221192577	5.87406500232	
0.09754708113	0.160921735951	0.368210230977	0.605759163409	0.983130359895	1.25477124796	2.28176569834	4.98397509771	
0.0998700155697	0.144651848846	0.330173830275	0.701486544368	0.945565940457	1.33666555456	2.18052505448	7.492086295	
0.0900462131386	0.159869303391	0.34524734084	0.628938518444	0.868700527955	1.40661075847	2.18400251957	6.79203565405	
0.0852607756772	0.175494980331	0.307107370632	0.619659227116	0.935614679825	1.41121942967	2.15779920587	6.31309580005	
0.104617150131	0.147307002037	0.406724129338	0.586224057633	0.938691322816	1.59556299073	2.4051330165	6.62866807805	
0.089749744367	0.156394513717	0.397536462401	0.706056731624	1.00373565592	1.34033181133	2.06791953611	4.47449521376	
0.0992285054425	0.144460954349	0.360062451227	0.55322215954	1.07294904324	1.04564831779	1.87719165035	7.43201354349	
0.109840836528	0.154588397893	0.37982107351	0.564889458274	0.81129144704	1.48257349548	2.32193089668	5.58419121643	
0.0818317938405	0.159970319185	0.409458917437	0.649915152995	0.915259157245	1.1213307572	1.88659308361	6.7715181261	
0.0864942675609	0.160499293178	0.34119274703	0.532688846973	1.09980673374	1.69638941216	2.18509675475	5.70922654082	
0.110320470014	0.126305958136	0.426040580651	0.721230169151	0.984002244396	1.26372016204	2.47778895135	6.18764420128	
0.0985966162289	0.135464818071	0.33668728992	0.669203059517	0.922914757943	1.41761159308	2.17710752462	4.82855729074	
0.0997795806961	0.14990267336	0.436815792197	0.649657133658	0.817074892105	1.37374032929	2.37495062305	5.21837189765	
0.116960036389	0.149392056275	0.400376167354	0.5734863723	0.88762616446	1.29817746664	2.4804142881	6.35506282402	
0.0903356891009	0.160583142184	0.415738206593	0.664887824612	0.95617270093	1.45445179274	1.9497391935	6.79898750726	
0.106667018196	0.164833564235	0.308451183071	0.657394548524	0.932331620513	1.54835103896	1.89244186271	7.08789964539	
0.0934800659083	0.167276908845	0.372221337271	0.711017702551	0.957687812654	1.69951769055	2.13494617884	5.33228753303	
0.102961214133	0.148001587008	0.357044055398	0.674588976142	0.804162071899	1.70335435204	2.11022153722	5.18274735633	
0.103898219047	0.152741448743	0.374155980265	0.562208152969	1.05220918333	1.50713242167	2.04557893454	6.2389391941	
0.0922000930191	0.164678072424	0.459676549551	0.666425784035	0.868568023642	1.2923997167	2.17125349203	5.03434904842	
0.109149527589	0.159985947578	0.37416962162	0.582597105209	0.919716913468	1.65333662675	2.06279432976	5.28242571578	
0.0921822339557	0.164840945477	0.343490645203	0.671915110811	0.91125777045	1.17352219608	2.3109663856	5.8371869872	
0.103715559343	0.140651704489	0.426775438068	0.626739656474	1.13147413517	1.53160746852	2.09995393699	5.4812988333	
0.0858275710866	0.148068611053	0.376585723152	0.695459059674	0.891758215872	1.57510180471	2.12704926787	7.13510658011	
0.0843401282002	0.170280729214	0.361037801719	0.653493861414	1.07617443523	1.37977681676	1.91430425603	5.28413544109	
0.0914604703168	0.113563404701	0.371351616948	0.638986999149	0.952876740983	1.3759391462	1.95932399584	5.65743066161	
0.102837106874	0.162378827546	0.323176981596	0.609442581964	0.954650816502	1.29508266303	2.26759169164	6.56007344921	
0.0942992186473	0.137001081943	0.461909718207	0.648028788501	0.946719444896	1.33358140892	1.98385820581	6.34386488366	
0.0917747480515	0.137013362793	0.374872173057	0.638296466272	1.09405034666	1.46437868913	1.9733611727	5.8393611761	
0.113041243863	0.168047268346	0.427388840561	0.660820602312	1.1080114681	1.45966139791	2.31161460409	5.51604273669	
0.102329681591	0.154089300043	0.409968828876	0.562498045	0.784438578099	1.34694861174	2.37828958676	5.87265881708	
0.104694070743	0.141021578562	0.419546206313	0.593653382784	0.918857610121	1.61983660897	2.48895237269	6.80838964429	
0.0967209513773	0.141077913491	0.345354096034	0.510668223061	0.843244173858	1.30863609659	1.87870534602	5.08968363921	
0.0869635780734	0.149234744344	0.396744895573	0.62113696923	0.881485761371	1.38012948924	2.22896392998	6.11547488972	
0.105617666963	0.13556426423	0.445888494003	0.637885467217	0.999079935514	1.27829039927	1.916925324	5.58159662947	
0.107369761335	0.132643076793	0.396967164996	0.687516650443	0.864247300164	1.29608308073	1.99281651022	5.90152436045	
0.109502046159	0.165173671015	0.410351593781	0.483373610616	0.912569822513	1.30384080453	2.23692650901	6.54002448901	
0.0950085860839	0.178819508064	0.345567737169	0.631919340906	1.12943489508	1.56128526427	2.27781401699	5.89775117986	
0.106114762328	0.141718753703	0.422863298311	0.556550722863	0.906897962059	1.30996375238	2.07615136657	5.72522190002	
0.0798360491296	0.150500726996	0.361603768027	0.521429628346	0.8663394707	1.48171184256	1.7686012483	5.90359107012	
0.111455770242	0.143513595133	0.43557198219	0.664548945759	0.96385496083	1.42654720106	2.15144702532	6.29395716424	
0.119989709199	0.157513061154	0.436561906279	0.530455504454	0.879756288747	1.43237564846	2.43885740444	4.92507814649	
0.130177539477	0.149995542204	0.424763940979	0.599037195123	0.854142108131	1.67500755626	2.1084370219	5.56500840798	
0.103846471628	0.158941082162	0.392723831642	0.624976995237	0.965405905966	1.60633831884	2.1621695937	5.61109973102	
0.107224368264	0.113032734958	0.40287656215	0.69045067177	1.00087678961	1.20281039845	2.46012319445	5.66863110169	
0.101993549844	0.169357833553	0.356521237202	0.608336916101	0.808706493824	1.40336863694	1.8991414375	6.28998915084	
0.0854970134777	0.148654827957	0.358450594729	0.557055328186	1.0323871024	1.27640792814	2.03329632646	6.11520387485	
0.10642476785	0.122907042844	0.373218447699	0.645400357148	1.08473532817	1.43455724491	1.84887408782	5.99228558845	
0.0951838395865	0.155101806608	0.449947826472	0.529659293634	1.03201154834	1.55914293586	2.29069520516	6.15710338036	
0.120745860468	0.169353815749	0.35781104295	0.602948748685	0.82907610346	1.62842377087	2.16015185601	4.84521102529	
