4	60
0	1	0	0	1	1	1	0	0	0	
0.141624341417	0.948447839528	1.44201172735	1.88848672599	
0.133163388156	0.990607747214	1.46280077831	2.17468493274	
0.153071736614	0.91117880427	1.18767555072	2.07742060986	
0.129256319036	0.9945626587	1.36162635486	2.24643014467	
0.166592555603	1.08475112688	1.35384163049	2.32956736417	
0.133408464542	1.02153112983	1.28489758365	2.19117866555	
0.175079506097	0.992332917642	1.30396884559	2.29631382205	
0.159955604734	0.903689023029	1.38735320213	1.80939186576	
0.177078463594	0.980622219051	1.41043330572	2.15405254644	
0.152087329306	0.931422674698	1.41101557545	2.13384163623	
0.166311628569	1.0367826057	1.34207575145	2.39644014216	
0.167907905787	1.03314563108	1.72738866524	2.06804389559	
0.150917447326	0.775952447464	1.34995846523	1.93213164254	
0.151687181637	1.07869501999	1.64990755354	2.26986194312	
0.143052733225	0.9292258268	1.59943140678	2.21509977417	
0.149160048015	0.897935369202	1.77075629527	2.32531416058	
0.163559955533	0.902241351629	1.68478134096	2.54070785397	
0.162572981047	0.858351782623	1.67121927377	1.95973692446	
0.160163145966	0.966250625684	1.48452469046	1.79599975181	
0.140128640559	0.943763413246	1.5225809596	2.31470492917	
0.137871239892	0.80069785111	1.4128876879	2.07685252379	
0.165698687642	1.06416645468	1.66070469415	2.2954351209	
0.130351381044	0.978351674784	1.08943423637	2.24476007298	
0.142609797676	0.856733947838	1.56935898354	2.29146610284	
0.136098819493	0.928551569435	1.28858711446	2.16186852121	
0.15403997464	0.858798373296	1.79812476949	2.06053320507	
0.172422477625	0.900446989169	1.43219728986	2.24971929003	
0.146717434791	1.06808797399	1.66062999334	2.23721029042	
0.141196485215	0.876459803056	1.45186885471	2.19993173048	
0.118747965871	0.955291663508	1.41473922013	2.54232920675	
0.178580522142	0.864311692806	1.64095050523	2.16862612683	
0.133751711112	0.874387229953	1.44957070436	1.98625405908	
0.18385616714	0.828612939324	1.50858860229	2.0564495952	
0.147787777581	0.821871610828	1.198676488	2.23709510474	
0.170156515522	0.910573708142	1.39822051472	2.10850589707	
0.147029019011	0.961232583872	1.41578240714	2.24247364947	
0.144059237743	0.96756393233	1.82297112568	1.89126695484	
0.169329950775	0.851315324204	1.41085317542	2.41785884011	
0.165614620387	0.8209923505	1.43862794218	2.30227256442	
0.167553683781	0.886003072329	1.43753316573	2.31249895004	
0.165193607215	1.00098749153	1.61908864482	2.34704023517	
0.131359250966	0.905978804265	1.29056115465	1.74298275814	
0.145995511319	0.857210372932	1.48521326326	2.32425914518	
0.119179855204	0.921896364022	1.58780906719	2.51759572043	
0.146427756181	1.14836482104	1.56495757834	2.49382421418	
0.127637478645	0.74668570641	1.33758012621	1.91236479213	
0.162421566739	0.735034683092	1.56512204003	2.40500973238	
0.168037216509	1.04048018327	1.81045633465	2.08607250362	
0.141144099632	0.936616347028	1.63975612305	2.27487736343	
0.1573916169	0.956007932153	1.52889284491	2.20737889541	
0.135707098082	0.93506047974	1.33188265756	2.64789066147	
0.155691211437	0.93324570579	1.68928061271	2.17688068386	
0.151840916538	0.823126424803	1.41015695747	2.02515475041	
0.135385310468	1.08880391657	1.55267666831	2.41261217393	
0.16645647923	1.02818462287	1.52622257935	2.04443356262	
0.141780264435	0.856744199795	1.26788668274	2.33945954135	
0.151830364702	0.979632440852	1.51773620668	1.73616532488	
0.185548158304	0.851278603513	1.38284909908	2.06497599117	
0.141343773324	0.931470432272	1.5824006027	2.25373455125	
0.154296278714	0.989178277541	1.50443146071	1.82661896337	
