9	22
1	1	1	0	1	1	1	1	1	1	
0.0918371305633	0.150035535209	0.398645200536	0.817064406773	1.24297905381	1.7500569291	3.04099894671	4.65892440752	6.04927272869	
0.0885863349042	0.14323875527	0.347926641521	0.707645741671	1.25214797388	1.96138529293	2.88821572295	4.36273869818	6.43337055844	
0.103407533148	0.154428445672	0.439830308655	0.921611321221	1.57002550457	2.217496452	2.99320900013	5.49754905293	5.9958880518	
0.127140738361	0.16943196735	0.352497380563	0.956413826775	1.62497863213	2.23737568086	2.82237805225	5.18767379714	5.98561733051	
0.104970821421	0.131946521621	0.349652355278	1.02004216502	1.35772477346	2.27734092584	3.34645517203	4.66937139845	5.92184813386	
0.0854363203275	0.130205447144	0.393891261825	1.02274298236	1.51457150211	2.137567142	3.1323979717	4.26692824829	5.83406042912	
0.100711343862	0.157242710062	0.299330766043	0.987729890223	1.46164118734	2.02272806994	3.77698876115	4.11790585576	6.33587631735	
0.106787403217	0.174132834736	0.380643068612	0.979617836019	1.4192651972	1.88852230087	3.50988203499	5.07911694301	6.15977726576	
0.0920920473467	0.122285232108	0.404865625523	1.04390083525	1.6910211258	2.26748747809	3.42431457653	3.69122008002	5.91599191879	
0.0943163213925	0.146575785174	0.389467102637	1.01389962478	1.25394632774	2.31355765023	2.49422615852	5.50149156936	6.60782987902	
0.0950135974948	0.138978421708	0.394813868572	1.087295778	1.3202194081	1.85474671754	3.57767659983	4.557708703	5.08878318522	
0.114033149341	0.147961462724	0.418774792925	1.0807788499	1.4236865024	2.22235043949	2.99197876206	4.12477808998	6.65092109407	
0.0872310728329	0.150854938995	0.446619588391	0.989340813723	1.38523696627	2.26577333758	3.09329494174	4.87922200212	5.94871930728	
0.0906767026157	0.148311124822	0.313695900903	0.916450904138	1.45158475496	1.71017931071	3.41287284993	4.54619297206	6.50556403507	
0.0952496840256	0.139988554331	0.383905853503	0.94902564538	1.56585025744	2.48619320484	2.78539862799	4.30145524995	6.02120606047	
0.0949436977919	0.128862171216	0.337084566102	1.08952165085	1.4666895192	2.3361626361	3.39454211807	4.93209815168	6.35548051602	
0.0981787663564	0.147978741997	0.297709373258	1.00304005721	1.23054319991	2.40487880235	2.77948600579	4.36095332676	6.53858924329	
0.101203386345	0.168638008031	0.297743887217	0.846628779839	1.31472313723	1.83192884814	3.49408890174	5.04442764889	5.61871541118	
0.0989607597024	0.169110112697	0.389595313773	1.07082384707	1.45004169388	2.30214110381	3.5455107651	4.14640366783	6.72769760141	
0.106484739978	0.171845818426	0.400044207112	0.97336951435	1.38222873217	2.08435472574	2.96235602143	4.11818201052	6.41592916545	
0.0816971121726	0.156397725548	0.388250618366	1.05721930053	1.53892519427	1.975602095	3.31848410822	4.13600693433	5.94430770694	
0.112523590604	0.155820025195	0.358614048537	0.855769019157	1.74908195699	2.22714214161	2.95735159159	4.16059351717	6.2299175395	
