10	85
1	1	1	1	1	1	1	1	1	1	
0.102739633647	0.176263735048	0.408611179238	0.661766631728	0.971628466251	1.44702130549	2.04355676536	3.17408167217	4.81465850066	5.8317922523	
0.109984613456	0.127508479572	0.353885417021	0.547790601146	1.02809748996	1.47719383192	1.9134911708	3.04450746713	4.76178736206	5.89357174486	
0.0771083829887	0.15608713031	0.357132039695	0.584025000263	0.784365525486	1.42485181574	1.87232196692	2.90430078469	4.11488793113	5.96434831161	
0.121982069584	0.137993475636	0.405747780558	0.606120133768	0.981512542054	1.63268254422	1.99382707798	2.40096902025	4.30740820418	5.67003143527	
0.0832175589834	0.138397135765	0.362303646833	0.530544505059	1.13787224984	1.48511599873	1.91847122673	3.13849339071	5.36457591196	5.68827566644	
0.0988487990911	0.151764323885	0.319976730806	0.600337157059	0.917173467052	1.57233799934	2.1439615477	3.7218786927	4.20793985075	5.98750975926	
0.0792753726443	0.170840515052	0.353365147076	0.60724821277	0.970588753537	1.40429210112	1.79966865157	3.55788493258	4.01109099213	6.75541564983	
0.11231566255	0.127097266318	0.413732813229	0.716277536123	1.04876222754	1.50298144293	2.14009609333	3.06013841251	4.90488324122	5.84091115921	
0.0922946955337	0.154875734098	0.309120057986	0.692228169433	1.00493367168	1.55583445454	2.23170481883	3.33397579772	5.01796514051	6.28005539684	
0.0888786490566	0.140415391546	0.372037811847	0.672362383036	1.0237534018	1.30008620518	1.85689964678	3.36966734844	4.71532752201	6.39035147943	
0.101905712652	0.162899410959	0.357637438155	0.659993062731	0.9193606226	1.28219414756	1.98558561144	3.07014780812	4.26580477829	5.72094119088	
0.101520477799	0.173592056042	0.370488770686	0.540536147367	0.89430812062	1.6158219424	1.98708042092	2.68788361389	4.41078656122	5.6711159473	
0.0863456478537	0.143128876277	0.369423071799	0.51447851518	0.862743953704	1.40934806851	2.23969018686	3.04193567528	4.19709433218	5.12494825347	
0.100476472171	0.138662700617	0.415479975963	0.557664904156	0.81168823099	1.28276476381	2.10124902181	3.27667559338	4.43188331444	7.13191866622	
0.102030240609	0.165830252161	0.388186074137	0.61779377807	0.860540932601	1.4903896131	2.13234378999	3.56340938824	4.98773409531	5.68323442555	
0.0931739144138	0.131373125933	0.431255591735	0.494767538044	0.865633154685	1.49713714902	1.7715515048	3.42417126837	4.65772702351	6.90625022248	
0.106148862883	0.119613901418	0.318057388402	0.559110189639	0.894391278821	1.35514926227	2.42769312445	3.39323783009	4.34375080153	6.58608934054	
0.10474544359	0.120466724627	0.348567177864	0.647391397199	1.01917804258	1.54973063215	2.25504503383	3.6001370538	3.5034392978	5.52067168095	
0.0987113527651	0.1680535229	0.389802943049	0.555606440018	0.970004551967	1.49211392027	1.92948662026	3.46523845474	5.06602348837	5.99111981163	
0.0702487134273	0.126665383416	0.46735178106	0.609138443471	0.862106828653	1.44542037493	2.26988450603	3.46905169759	3.45874669287	6.21568148549	
0.111387103269	0.146618807814	0.376148593562	0.557823935915	0.868299922787	1.54573179923	2.34793148624	4.12900840996	5.11176825287	6.56076877908	
0.0983054912318	0.137594476428	0.361666589722	0.622066862915	0.641991356137	1.49464729195	2.40203984943	3.52487640247	4.79938180481	4.90482067934	
0.0962692457917	0.134159015862	0.366536877115	0.622147433848	0.941507956919	1.47888178394	2.16839667163	3.15700592281	4.25516112375	5.98960756911	
0.0854740558746	0.138765559335	0.400574576158	0.586446372502	0.94506744753	1.60753429261	2.21836753185	3.22787577122	4.003045623	6.24374428345	
0.105626346522	0.148840612136	0.381160163741	0.624528886554	0.929130955392	1.37204172694	2.26715700539	3.56937404603	4.76998227979	6.65305326039	
0.0922256894837	0.120458928839	0.399852540866	0.602640909465	0.825977045908	1.32839390844	1.98180666536	2.74252991793	4.89603366818	6.76991261545	
0.102341534036	0.152248504527	0.407271128818	0.627939609544	0.835466961707	1.37906619509	1.89850852847	2.73547801414	4.30924436655	6.04750921723	
0.0802144340074	0.163251602734	0.379671785787	0.681632170338	0.764560135266	1.57659133273	2.09253595248	3.29483967366	4.41146036971	5.94365907526	
0.101206995562	0.135322478111	0.343622568315	0.652574089903	1.0232387938	1.36693640303	2.26393205232	2.81423367393	4.57104841652	5.67705142194	
0.0927216143064	0.17180017306	0.30924512187	0.675720475378	0.807608880452	1.52318855548	2.00051457623	3.24641317933	5.22834578596	5.59543976025	
0.0926008811324	0.138960143919	0.391155949946	0.601949282323	0.951563960479	1.32343959738	1.8605178526	3.59530169768	4.74647542582	6.63002933045	
0.115274605273	0.132808221455	0.396159887031	0.506396943268	0.973433103217	1.4454557585	2.26074899073	3.0290981489	4.73804992721	5.81702342083	
0.0972391824704	0.153404233319	0.402597151291	0.570574459244	0.989217454928	1.40208170924	2.34005021338	2.81233066302	4.05705376774	6.53476524565	
0.112859772139	0.150527924566	0.436478286177	0.561126089925	0.932805698767	1.6013457612	2.24463589181	3.49511448748	3.98941822741	6.24275545286	
0.11886125364	0.172634280057	0.373224653646	0.460834731926	0.766811972836	1.31668918848	2.26207902458	2.92509868882	3.92369677617	6.55860570266	
0.102492707694	0.148605906364	0.393095451697	0.60108458707	1.0133084382	1.39800142289	2.11219652552	2.71094469621	5.05176627904	5.4583888838	
0.0948311479885	0.132844277809	0.423677785208	0.666992410763	1.03526427099	1.36265792356	1.93026231591	3.55661223541	4.81366895224	6.7350827518	
0.0980575072423	0.157990676838	0.401062657828	0.694713155654	0.967127265351	1.62956825148	2.05756350309	3.34344114063	4.83187894552	5.77259663766	
0.0924223034618	0.148635877336	0.398287789593	0.623923721973	0.934986303713	1.4877350874	1.98082962076	3.07878340401	5.11056565532	5.5046065347	
0.0956176626259	0.160252430154	0.437771355322	0.560598452387	0.925560028314	1.39566476288	2.15936272484	3.75874326506	4.38016381001	5.10820876929	
0.0975041293999	0.154606354185	0.426128411223	0.674399189442	0.899800177321	1.39144712506	2.07524319511	2.92610578688	4.53024212359	5.70676074115	
0.108549825435	0.148912886988	0.376977562762	0.562372343867	0.882186278426	1.19017542106	1.82773730681	2.94437518855	4.03483558818	6.6003982686	
0.101292395307	0.173172386139	0.390968894708	0.651044408203	0.965901938666	1.45867148086	2.18036933256	3.33777861227	4.46163076817	5.47970794185	
0.114886132242	0.155704419963	0.389236279268	0.606469570024	1.13569680509	1.51917690178	2.18058097847	3.21873759244	4.02231090127	5.59740873368	
0.0949084079691	0.16229211552	0.405004067472	0.576169590781	0.80428627064	1.44134525772	2.30561400566	3.29115671188	4.4824358701	5.67659730626	
0.0987342519761	0.129158066007	0.434439369118	0.659556718985	1.00936743536	1.45684588079	2.45445168342	3.67522829885	4.33789966745	5.83291433647	
0.0953922841053	0.140685372691	0.33930882194	0.536320229399	1.11587131865	1.54220279278	1.78551301076	3.15653286729	4.12158553346	6.56534532601	
0.0877357200593	0.176997946426	0.338093035823	0.600647765745	0.807209270896	1.58794022048	2.01466145027	2.71166152244	4.98377771392	5.78340202752	
0.11463220246	0.137102201984	0.347556882812	0.605323186701	0.948777989911	1.31590470361	2.39328076084	3.67729989932	5.30886826694	6.90491571909	
0.0987456721535	0.152131572255	0.380221846952	0.579084848862	0.973566786038	1.18656116525	2.39942233319	3.73892927877	4.05773268416	5.34819758737	
0.08644110586	0.15967196174	0.352909627308	0.678336013773	0.815107286781	1.50139147271	2.05059740693	2.96944182748	4.11188255593	5.58273340094	
0.093591372321	0.150357211869	0.415938735066	0.621222551794	0.904566844806	1.52585928404	2.33808224716	3.73786332328	4.58743858468	5.68296180175	
0.0957912244751	0.149763747684	0.394769679593	0.602002240274	0.964687584092	1.18053439925	2.5410690264	3.57671191918	3.59943571235	6.12726419132	
0.118120627808	0.145484606192	0.33934804838	0.786167841965	1.02020857086	1.4442471162	1.93188110159	3.81097753605	5.02322607653	4.81473159994	
0.0942446232208	0.163801955751	0.388615807942	0.650867986514	1.08434882631	1.26974818055	1.87904826013	3.5803056205	4.21608451014	6.2852495848	
0.1067956511	0.136876218105	0.408121420286	0.68242719577	0.86846063317	1.64225189586	2.41216863457	2.69077389139	4.46615762694	6.59280561166	
0.115917937708	0.160724319996	0.323669180004	0.58014527634	1.07641396187	1.31820936328	2.82799060869	2.9980957956	4.43832691936	6.5091366465	
0.0932857895733	0.143077570167	0.359193323164	0.613625475691	1.02657949757	1.28216597771	1.7490292553	3.58934093966	5.0447748463	6.69860826815	
0.092237610192	0.145600617054	0.367713306543	0.672431780724	0.707903621142	1.37389138778	2.26246466706	3.26990953739	3.22703977994	5.80526739095	
0.102495106694	0.158832475698	0.350461239105	0.63436606918	0.91313252875	1.5942087531	2.12156685681	3.28046736786	5.36606390792	4.92766424039	
0.0871040287355	0.150418584578	0.368161174347	0.682416071273	1.09830406563	1.55434845267	2.2086596302	3.10372702557	4.32668745871	6.23126426555	
0.0973384661471	0.134556194585	0.360645785212	0.577426249618	0.899525171347	1.47504362086	2.17056540889	3.19576325424	4.62128011241	6.66546264417	
0.103824194818	0.181402048063	0.32006911754	0.53729296065	0.946803314767	1.44937966486	2.1317309191	3.52076961251	4.47131599272	5.92830769828	
0.0976334997473	0.15828361556	0.453433949681	0.508097760092	0.916879260552	1.44758786803	2.27594069607	3.43245134394	4.320427148	5.51604458439	
0.100995013904	0.138234827988	0.406527330269	0.653199951461	0.987347585381	1.28306722361	2.21433941225	3.32363571879	4.11662854597	6.66999546302	
0.101042880626	0.155630447017	0.357817476788	0.543272437973	0.924275808749	1.33738772498	2.03159693884	3.25478897954	4.29637254998	5.38041178939	
0.115701476961	0.122337252358	0.380480572713	0.678134897925	1.08994458196	1.22083573754	1.84827133777	3.61818893793	4.46438902018	5.92753620306	
0.099143366885	0.157196709693	0.414102478563	0.636553970288	1.20148585986	1.44554553224	1.93350278065	2.90527653656	4.92272252424	5.67789523489	
0.0961242845019	0.146382415645	0.408514369824	0.55821303938	0.804036061621	1.48608117298	1.65806418105	3.26519546395	4.38410289705	6.11129587102	
0.1018467221	0.173889431196	0.411712782061	0.562197755284	0.951408731105	1.45608250834	2.27887034922	3.42236610343	5.08233298075	6.27760068279	
0.109556693376	0.149235447134	0.343919538465	0.559143966098	0.895214891128	1.58389120652	2.44947172091	2.92086895849	5.38319669469	6.49045428237	
0.11029877155	0.173639949013	0.412317729811	0.578662573839	0.977980666835	1.48815805418	2.07917998704	2.87659123404	4.15541322885	6.1108093557	
0.103521490632	0.159725445385	0.348202643219	0.626290833834	0.898359963707	1.77949031675	2.26348393448	3.4101080672	3.82537875514	5.8226399732	
0.110181370174	0.154756456963	0.401043820759	0.618175006478	0.950984092576	1.60976919869	2.16467269192	2.71385980773	5.19017696561	5.82798399524	
0.12608371648	0.163181146788	0.375273523761	0.728168226191	0.911074327625	1.25399109339	2.28470616339	3.41223616205	4.22386031362	6.17707636065	
0.0891494661763	0.158272608986	0.388895278429	0.639430912372	0.810148828165	1.37555547593	2.00115432789	3.15359708061	4.07563130128	6.86863788703	
0.110227705784	0.138176067514	0.450221082799	0.63320408764	0.925286501334	1.52443894242	2.05013406051	3.39500470077	4.63928860721	6.6827423697	
0.101561636947	0.115573875302	0.428193136024	0.58342978789	0.894415843094	1.25665675899	1.91432485143	3.43579272694	4.65162983575	4.72117342687	
0.114305591236	0.14780720442	0.342441718013	0.552302124744	0.985858192574	1.25301707153	1.9196893384	3.41440490823	3.65019377059	6.13332547518	
0.0907145131728	0.149642500248	0.340966638031	0.559176881443	0.914144732654	1.26288234781	2.32060006459	2.86662077729	4.45295007917	6.12726490018	
0.10230605747	0.124951212264	0.357013882141	0.554768845186	0.826044994231	1.52197866542	2.16043096182	3.20358408462	4.44615002465	6.48216650765	
0.0893111039359	0.139540398427	0.337853527059	0.626800790275	0.942262786679	1.33731532723	2.36151461486	3.08868639655	4.62725802147	6.5502468811	
0.115113327138	0.126146554637	0.362299337029	0.653308271995	0.854139573179	1.42595963395	2.24854121528	3.54266841666	4.53112253548	6.40913045109	
0.0853408454444	0.168001763541	0.325361499783	0.561599545143	0.969920129616	1.36156601871	2.43864770822	3.42785847218	5.08400699161	5.63485813447	
0.101262291089	0.168183291775	0.433958548997	0.533692297318	0.912287888089	1.30416216779	2.06858585247	2.8236119655	5.18933187036	5.41861808548	
