6	97
1	0	1	0	0	1	1	1	1	0	
0.095108413136	0.434898450943	1.50889046109	2.08708605097	3.31065231827	3.59381223639	
0.0935496311331	0.370048278851	1.53983849454	2.09044825544	3.7066923913	4.22727112344	
0.0932562133515	0.409838569327	1.45367918637	1.93178317231	3.71027749153	4.25440304318	
0.107975274855	0.359728222726	1.45962919382	2.02773128496	3.29827647325	3.80844577374	
0.119058237883	0.387505832464	1.41180596574	2.164594086	2.96716226024	5.20826889526	
0.0925733058018	0.443180841209	1.49210192754	1.99707066943	3.55756122723	5.24096989964	
0.0995266288168	0.356748528746	1.26614367476	2.21810641693	2.72801520736	3.86431780451	
0.0997154431899	0.347961181015	1.71119562227	2.20408226233	3.39434853372	4.55764270311	
0.111782168168	0.372152181632	1.24079733098	2.33739617473	3.022419772	4.26055373244	
0.0996071476558	0.366163602236	1.16663216388	2.29110217063	2.79150104786	4.25157194765	
0.103811149045	0.368362701656	1.54405196029	2.37457756417	2.86544497771	4.14290605034	
0.0982200054616	0.358363299509	1.27613642362	2.13118725532	3.10238325988	3.75989266223	
0.0828845853705	0.425145200732	1.43293458287	2.54465072893	3.83177751571	4.79239115919	
0.0956537702261	0.432037117562	1.46265345863	2.41347505716	3.029328019	4.00162164721	
0.106822125939	0.414829517557	1.58086402859	2.59895964208	3.27244660899	4.29337962202	
0.109298639112	0.396862572014	1.61435451331	2.24030638155	3.66019890358	3.56522580048	
0.0967294186373	0.398398507993	1.45866483097	2.17762363989	3.04798171541	4.33321076744	
0.0931357119193	0.416246332825	1.5401611937	2.06040936529	2.66147281414	4.27955276956	
0.114679889693	0.39160299833	1.32090935736	1.64582213648	3.39179137579	4.01534138596	
0.0811500730815	0.412181992471	1.335040893	2.16223742695	3.44795261207	4.02836830264	
0.0770096395184	0.362952237924	1.21473344683	1.71801930802	3.39755106172	4.45445598684	
0.11537240755	0.327560456432	1.42352760689	2.36536641827	3.55386268131	4.73053789219	
0.117310731943	0.384788562451	1.72290918886	2.62607242235	2.88565238941	4.89375108927	
0.111875279418	0.349832746024	1.60089228396	2.13843869461	3.40649898372	4.52292903355	
0.0933639695578	0.438550007189	1.37300738218	2.17093183231	3.16084264997	4.65409564422	
0.100286063403	0.380365731839	1.04044977392	1.98402600976	4.18273802219	4.95026654695	
0.094087177779	0.367800041194	1.6564304741	2.16647149693	3.55062422141	4.21677240326	
0.102873947762	0.424482457338	1.49421704576	2.00964230911	3.42816493138	4.57417036623	
0.109046493079	0.463942892428	1.50671915276	2.01275423348	2.9478378751	4.55137517375	
0.104510530604	0.393297689777	1.43058484768	2.09201380185	2.97388853806	3.97725214941	
0.0941371033354	0.345253331011	1.52342031285	2.33944690682	3.16893464494	4.93347018185	
0.102885792596	0.388606391527	1.09290331629	2.43725874726	3.60000106359	3.66336900378	
0.0985822783406	0.294741836589	1.29186609291	2.00630051159	3.73140658197	4.64161433704	
0.090943411478	0.400915822779	1.2867847493	2.22555861683	3.15269679362	5.04926846687	
0.092182170741	0.374050078218	1.52495654228	2.49227723483	3.33550003211	3.47468075335	
0.0985892591466	0.420687167623	1.67386040224	2.27246530057	3.56798236587	4.04561688194	
0.108299128428	0.37711315544	1.26362530786	2.03142169359	2.81874478372	4.32861321128	
0.105834116276	0.36625672343	1.65682130595	2.28631487245	3.08871668049	4.79879032413	
0.0957679065777	0.433058860164	1.64665506257	2.12662956572	3.10562408818	4.65702078369	
0.10721889822	0.396884658577	1.38125885617	1.89877685772	3.37713013622	4.94661659434	
0.118755488105	0.34985764286	1.46767217357	2.50527458214	3.2148162316	4.41045080353	
0.109735007463	0.415046644612	1.40590831677	1.86382043048	3.70177644994	4.62834073218	
0.0888744019547	0.441935171521	1.40208816232	2.02786766623	3.43370439672	3.98292392855	
0.0870571757982	0.31592085473	1.23513925704	1.93871090421	3.68402777506	3.7651945544	
0.120560988947	0.416725282232	1.63864656313	2.37683981194	2.91539678016	4.25845467443	
0.105678832723	0.378514243294	1.54226289386	2.32361424853	3.2999994062	4.26575149869	
0.0933245353831	0.386494491938	1.23541332713	2.27992487527	3.20703352908	4.94627520866	
0.0825081955633	0.323575529153	1.55443760306	2.05088871202	3.22988596202	5.59657044761	
0.0928794974167	0.41606047169	1.35390586665	1.79846238621	3.13262965969	4.19007173174	
0.0909424825314	0.343959838775	1.53230693319	1.93220331907	3.5526336908	4.38202351523	
0.111872441791	0.429424562873	1.4855503396	1.61521425364	3.43788774034	4.53710023584	
0.11072173289	0.399219090354	1.2501652531	2.17050998509	2.94741615329	4.26034149056	
0.116932397324	0.40418407182	1.55137263812	1.77535955262	3.02538408388	4.70539245142	
0.0981121369176	0.398179930319	1.24645735541	1.95541165176	2.67502921331	3.46805062902	
0.0729384499524	0.395108299656	1.30522894206	1.81621983432	3.83965347612	4.38093699268	
0.102269148926	0.414226741935	1.10834758434	2.34599025309	3.45159444558	4.56180979253	
0.10117702748	0.436777541328	1.28908672054	2.03065540395	3.45970791921	4.37090882453	
0.10509542361	0.449597999625	1.47418770126	2.51310417056	3.32887955012	5.52235053603	
0.109289603614	0.383970163022	1.35753606508	2.05945470208	3.66141917085	5.55950564113	
0.106761201833	0.305946634195	1.41149753082	2.25015806553	3.11907948048	4.29171288864	
0.111357025451	0.393242609545	1.39102558723	2.26619141102	3.43676175543	3.63430952951	
0.113034351197	0.453345053602	1.68806455007	2.186729565	3.25994650738	4.52488366077	
0.0914965873925	0.428374238014	1.54138397324	2.10616775048	3.78025723039	4.13026691677	
0.110759375078	0.388756942112	1.53025452694	1.8931419425	3.27947870319	4.6524276586	
0.0941043952352	0.349033205839	1.47214929525	2.40007860047	3.81376241171	4.02935807351	
0.0868566453373	0.342902105856	1.54010969385	2.3318568541	3.63179785996	3.90094615611	
0.115141670747	0.372618239543	1.35935505152	2.07776857457	3.39860819059	3.44754504197	
0.102008163778	0.362372788917	1.56597130582	1.91868290971	2.7476076675	4.52620701348	
0.0992345329298	0.354662989146	1.34615357813	2.01991562999	3.32290193444	4.84220521703	
0.0980402712391	0.372186729902	1.26131133566	2.42745134208	3.24954758829	4.812769312	
0.0898512218929	0.410809335672	1.6227512847	1.98765287874	3.42029317914	4.11531527039	
0.0947032626293	0.397850919423	1.22122415675	2.0366969263	3.06884618635	4.02048128612	
0.0889888911379	0.410347933753	1.31449933362	2.0799959216	3.2559781228	5.08988684342	
0.098853479307	0.394769530106	1.54400365334	2.43944714053	3.54958979393	4.93998200432	
0.0897477872067	0.403591306651	1.42249395638	2.15814086188	3.03389583162	4.71018635605	
0.0978520076268	0.346183320729	1.08564147639	2.22306308327	3.15994979548	4.01755915617	
0.0922222821863	0.327367197923	1.44091233829	1.78924074573	2.81587805494	4.90484532369	
0.0944061663982	0.365112973345	1.41674747152	2.07161255201	2.97774843509	4.51312081628	
0.0869310850179	0.318235518648	1.60949398389	2.06589658123	3.36449049516	4.89318440203	
0.0896235216876	0.46246401066	1.69780434572	1.96122370177	3.11545935679	4.78821082737	
0.0936804361738	0.379988209673	1.42785653	2.40515232376	3.33917870511	4.41154651579	
0.078173627355	0.391761874763	1.76779829978	2.22558589273	3.90925579795	4.27526762615	
0.104180022504	0.420164848143	1.29395284439	2.23990720915	3.61469718574	4.76240756821	
0.0923311888453	0.432399188451	1.39874977573	2.07007845375	3.8278698851	4.56096091596	
0.0991891032277	0.409002451727	1.31852489839	2.36194582442	3.45471104943	4.11127562369	
0.108870720576	0.356586314082	1.37915986191	2.18019776698	2.79503853454	4.1149690275	
0.098128877466	0.375199150658	1.43537392838	2.13289844756	3.20355282092	4.15562812592	
0.106501716071	0.374777673665	1.36760547474	2.1543455411	3.09925099389	4.80141748949	
0.0991160767666	0.382283302928	1.53318524515	2.03861860758	3.5422154289	4.89442102328	
0.0808771915277	0.333985883795	1.11418762643	1.89520386458	2.74638061459	4.6006031003	
0.0712132924607	0.348877215287	1.41919952261	1.91356862985	3.38143288437	4.04364412302	
0.087300157795	0.398989204165	1.45471322782	2.07383668703	3.25027908701	4.15536176337	
0.0945492765705	0.327207635651	1.43195992526	2.1314792161	3.23801509574	4.24216408717	
0.0994409756732	0.332452395796	1.48523802708	1.95720304457	3.80758079309	4.94805090664	
0.0853409676678	0.311907808023	1.26383966703	2.33092734687	3.3604651319	4.08192472088	
0.107383166328	0.401200158425	1.54720270015	2.44845751818	3.51761215604	4.30020482186	
0.106152054165	0.460201131697	1.34522600779	2.22996602492	3.72974034161	3.8659729744	
