4	90
0	0	0	0	0	1	1	1	0	1	
1.63374456231	2.63007201579	3.80521332117	6.37774226215	
1.22956018521	2.3224495016	2.73723680131	6.19900790346	
1.2171863892	2.5676060622	3.37485940327	5.87638679934	
1.36547647761	2.14241090425	3.01368677661	5.80312851073	
1.14340543581	1.95201314488	2.87225142832	6.31259065949	
1.43478676775	2.33632034625	3.11321456505	6.06785517478	
1.13922462934	2.3458485431	3.66164917681	6.39054709699	
1.30408363437	2.26908877175	3.30703369334	4.82382982029	
1.60749011106	1.920503546	3.43690663394	6.01704736393	
1.62271005355	1.96430904647	3.08567569399	6.41351847568	
1.34456350628	2.45598269493	3.00389868258	6.3529782766	
1.42941554491	2.00869212738	3.67817991283	5.36820218749	
1.5059904214	1.61316493362	3.35491869968	6.73337162061	
1.40872109238	2.19563691308	3.80443810688	6.63443180112	
1.11169354844	2.03293473586	3.15684182924	6.18741435438	
1.420875785	2.03741275776	3.05854343863	5.13648198027	
1.28572499225	2.33073579527	2.90932606369	5.51864128786	
1.22150772996	2.23258776712	3.56203716513	6.69778541062	
1.37433487881	2.13611129019	3.25934901992	5.74886584992	
1.47716317416	2.39326472147	3.57360923699	5.8993912411	
1.35355337706	1.90225778072	2.68541005726	6.32675643216	
1.42988435121	2.15181507319	4.04499629225	6.952363513	
1.4361613538	2.19486412803	2.88951700988	6.38735758985	
1.4627505868	1.96023305479	3.33111410186	6.62537033537	
1.72567716849	1.82476295607	2.87803944785	5.94011912452	
1.46292963643	2.5114287701	3.64923165022	4.75578071869	
1.36953745392	1.82347201018	2.82582041167	6.35019971412	
1.45002822894	2.50685422466	2.7924529047	5.98479164881	
1.3526655135	2.4883449804	2.9581821724	6.1298068808	
1.23105014383	2.46126618819	3.84707762048	5.58165475109	
1.3131235934	2.20672201532	2.98421806226	6.6879163893	
1.49524281599	2.42242166859	2.89871112396	5.17455497204	
1.48224764682	2.51328634532	2.94587651831	6.27663807641	
1.33525143878	2.37761156125	2.96264421894	6.16502317716	
1.59025206879	1.86097260543	3.44573470563	5.78546032634	
1.55117494871	2.22932835326	3.11425673	5.9437455711	
1.16724707243	2.33705057922	3.867439706	5.67390307308	
1.42458858146	2.48806988898	2.66681590606	6.30219227056	
1.66934017755	2.01458602032	3.07385395131	6.79707915897	
1.27395463878	2.33531753922	3.37203924223	6.68120286711	
1.41176800974	2.48019438422	3.12488907689	5.11587255127	
1.20964966383	1.91528814734	3.46979586332	5.54935156474	
1.42729779601	2.16953024164	2.99821514038	6.09379044997	
1.56455704737	2.15768659686	3.5484995623	5.77369837675	
1.46797551229	2.17088636344	3.59897992695	6.25479000148	
1.33819272097	2.25488987412	2.93920839957	6.24233763467	
1.42562501733	2.18223884528	3.23698597713	5.63466210666	
1.32521054537	2.38233042742	3.86170835981	6.1624805441	
1.43454432394	1.88599555602	2.67822559397	5.03528269588	
1.5058822451	1.76828337976	3.46397077411	5.34161025572	
1.45282455765	2.06235360026	2.90529195248	5.16932522772	
1.18358830644	1.91735976634	3.97277748536	6.78243394729	
1.45600652926	2.07122393022	3.05934636654	6.06583723136	
1.34837316739	2.02582589749	3.40817493018	5.39435973718	
1.07529140148	2.02423705506	3.72189107314	5.02302420049	
1.25291140197	2.01314056057	2.73068707986	6.90213744149	
1.44398766845	1.76762006762	3.20839718294	5.97647802276	
1.39549334244	2.11441092523	3.20799087373	6.18589812261	
1.48339657897	1.82814347205	3.26955764956	6.1088537988	
1.34273144255	2.51678668285	3.22297450509	6.30238003674	
1.36579106397	2.0846078615	3.36133006735	5.16927286989	
1.53653510586	1.88529902146	3.53641413464	5.83897386146	
1.72468260664	2.36132219337	3.57107172854	6.08695128186	
1.57436908057	2.31341535568	2.6205440702	5.47747710828	
1.29696743123	1.98278147294	3.16651843317	6.30992307585	
1.598000477	2.28028082935	3.65328464083	5.36620674968	
1.35796821227	2.09402241953	3.03310008737	5.32644625016	
1.48579294121	1.99881030678	3.51221383312	5.26654453255	
1.55350076365	2.19619751874	3.31991667556	6.14632570976	
1.4183815418	2.13628883575	3.16219916472	6.17940782271	
1.50889262605	2.05270955458	3.70117706532	5.78030109	
1.3295716354	2.11745217367	3.0011196594	6.27977158898	
1.40979205837	2.30773292643	3.23023584644	5.94382792907	
1.37164653379	2.32776759013	3.17093404565	6.15871330469	
1.57959164435	2.13110271302	3.21755651339	5.86180152916	
1.45717696873	2.32349392681	3.50262076949	6.29475962555	
1.60301622739	2.16777280751	3.70650696216	6.62993811055	
1.33652126862	2.31929406488	2.64662656119	6.72132049257	
1.41980481552	1.98294236716	2.68205970882	5.91889070963	
1.60379948839	2.20218819267	3.12126553007	5.88601429201	
1.62018166384	2.30025063787	3.23647258505	6.56070392582	
1.54346166435	1.95885732737	3.13749326818	6.85163393806	
1.52669400463	2.5310836092	3.44471295698	5.57402781345	
1.42701114758	2.31928339154	3.24712982466	6.03636087012	
1.72100983395	2.09901651095	3.35462788956	6.15625914477	
1.56057811414	2.20604967853	3.29207755607	7.20929673136	
1.41536268195	2.30763854282	2.83170540617	6.00133168309	
1.41623165834	2.1345014998	2.69078550401	5.78730295742	
1.3058042615	2.3835873809	2.96885901448	6.37688030925	
1.52658223477	2.02192928374	2.9736200917	5.83058012573	
