7	36
0	0	1	1	1	1	1	1	1	0	
0.33950879066	0.504238094857	0.923803898009	1.25574527239	2.23736242333	3.74506288643	3.86854936781	
0.411210219913	0.549311012947	0.769905608	1.61720547781	2.16507989878	2.79015058849	4.79880802088	
0.407666971592	0.52415169397	1.05880466095	1.49767615877	2.46444092341	2.83613489519	4.06696230431	
0.347008620559	0.606181814018	0.802956427989	1.74808973505	2.2102189674	3.29436961155	4.17443994323	
0.425206552829	0.615137572505	0.935105396274	1.38099273601	2.20770156126	3.03225275422	5.24190852908	
0.380849528791	0.658087719289	0.978090894668	1.18521903657	2.04200277922	3.26716328203	4.62170689684	
0.346838417188	0.636775342403	0.913462999927	1.45273942535	2.37865503757	2.88222686151	4.34258903546	
0.417223297868	0.547742207676	0.896272215551	1.51614909368	2.27763567849	3.23117185186	4.6349150577	
0.389567841812	0.562528823956	0.936381059252	1.4407676764	1.8963819029	2.79384315521	3.92919817278	
0.404908937876	0.605887762693	0.902843730775	1.57856397398	2.28031599909	3.18835594131	4.51263156518	
0.357486091536	0.544349778943	0.904150450161	1.25972213135	2.5457317938	2.63999611917	3.65078838054	
0.354334093903	0.621913460091	0.844745549808	1.16248597202	1.85653928589	3.2939073311	4.57295584144	
0.284883815196	0.65812079183	1.01570069864	1.78917880909	1.89002503767	3.54125204596	4.8368740115	
0.455505233193	0.498430681729	1.07436737303	1.50656311675	2.12845456688	2.47663321057	4.54724200186	
0.467569708569	0.565696236429	0.891898319509	1.50833997935	2.3058362108	3.50512196905	4.11643918543	
0.394208372435	0.649467582559	1.01382514396	1.41431204436	1.82863075024	3.06865011664	5.46696626564	
0.378825693399	0.625449285577	0.861908372269	1.73786241239	2.51417988837	3.32663816342	4.81705795737	
0.418468550386	0.64737891269	0.919217630185	1.47479617797	1.97388124282	3.56202890646	5.02126994953	
0.373201363465	0.598646822853	0.976184628901	1.57699347821	2.52269816663	3.13116730056	3.6306802256	
0.420233304964	0.604097206526	0.930994838428	1.71126848701	2.43402318908	3.44816640362	5.07086073873	
0.376142133231	0.579733402664	1.02010465677	1.33124590953	2.01024409018	3.28157944419	3.87179233861	
0.318725685276	0.524607455059	0.984148660661	1.37545774167	1.96131355348	3.74673062157	4.08343037927	
0.415555233075	0.585472467875	0.978925473101	1.6274630517	2.26847547528	3.25922628003	4.90047094862	
0.3342444742	0.642853298813	0.803172285347	1.33849403721	2.29361951681	3.22798841981	3.73840267431	
0.287466030904	0.653811216795	0.914461020118	1.46802951203	2.33177819946	3.34236056064	4.98220567924	
0.344870989266	0.603135305471	0.885188830991	1.31601862108	2.44525215514	3.1841347902	4.83064361734	
0.347045215502	0.608849713357	0.968512375094	1.4643595519	2.13434619955	3.42366585541	3.98718107564	
0.395157054383	0.562522106587	0.918172516607	1.24204033123	2.18316131903	3.42429425933	4.21511171505	
0.42128578295	0.566003366462	0.944037273121	1.44698351746	1.96452835585	2.72998906967	4.9119118908	
0.417091253026	0.667979904315	0.891497075422	1.31999053631	2.16454745551	2.8917869342	3.99957789818	
0.360421933719	0.647574545475	0.915462643292	1.40806082539	1.7581502252	3.13841460525	4.17875842987	
0.423162386072	0.551492531633	1.10194872981	1.66898076318	2.5531571388	3.34314285552	4.72067629163	
0.426978516423	0.557469869577	1.09613281543	1.20135951161	2.52207519688	3.35577307035	4.89409011462	
0.370524055951	0.58490860023	1.04418080777	1.47093880416	2.55923899748	3.6734436657	4.76068638627	
0.427757834171	0.531373114374	0.947936172531	1.45095468329	1.93419600937	3.03849044411	4.84562475766	
0.36952761792	0.462651646775	0.837608256062	1.42856085072	2.13052787259	3.70858618661	4.21907327088	
