7	84
1	0	1	0	1	1	0	1	1	1	
0.111379047658	0.333748302752	0.922828670688	1.24754037211	3.7801453671	4.59914902702	5.91453480271	
0.0690678762243	0.450087959182	0.999055108565	1.60782743631	3.33888859985	4.60964545387	4.74527278895	
0.0964776353686	0.381550940729	0.999724668515	1.55045400291	3.03992658374	3.77932567605	6.88714794465	
0.0930018958862	0.350731226232	0.747268023307	1.56682077091	3.45021324516	4.51910242591	6.2569279845	
0.118887160364	0.407295327332	0.837183268873	1.57807960792	3.47414767654	3.8578101151	5.46958781254	
0.113146824009	0.337534592807	0.830261656379	1.37644376905	3.48174241676	3.97274954164	5.85897398861	
0.101864965189	0.342727705685	0.969702756063	1.39143916976	2.6350792379	4.35725156033	5.97292690548	
0.100737532427	0.4304117845	1.1594852261	1.3401775157	2.88500403088	4.46586782047	6.03222389592	
0.116141041205	0.289609627229	0.958403746955	1.498988666	3.05090469172	4.47932846612	7.42186235478	
0.103545559598	0.350315661727	0.911068500077	1.50958182601	3.2526106459	3.9299945783	7.04305335359	
0.0769538504838	0.41372591905	0.967251989179	1.58868951567	3.32274970855	4.37141846805	6.40470160708	
0.0887635120498	0.457726732333	0.929273225674	1.47702775831	3.56955543051	5.01011627911	5.46039154551	
0.101059349232	0.424397167481	0.982410752014	1.18056546063	3.2719573551	4.98752373666	5.47611303532	
0.101084552102	0.409192233202	0.870163812478	1.5241601765	3.35132084136	4.39405662656	4.80725247595	
0.126287191599	0.36092341685	0.906874290581	1.46748622981	2.57005485585	3.91438658189	6.29741448177	
0.090817657219	0.418355847642	0.981848571865	1.4000953231	3.14675361698	4.49045545235	5.72663928901	
0.0980792952605	0.408101621086	0.977311723672	1.42754512787	3.29026237068	4.38167869184	5.94665419276	
0.105646514632	0.29439763197	1.05541153956	1.57892240032	3.38879724271	3.94946209535	6.6606085895	
0.116694606427	0.371944490814	0.9797594102	1.34736957069	3.44056800725	3.57626303026	6.61494716297	
0.103611188279	0.326869307031	0.966298215806	1.40417612171	3.75299306567	4.95440190043	6.10318449229	
0.100196555044	0.33733112753	0.932637917564	1.64484361033	3.47570718371	3.14673276359	5.42609594981	
0.112764025091	0.403660150074	0.888151432044	1.33183398604	3.62588838072	4.26423459961	6.43154900866	
0.102630200156	0.441310917517	1.085775577	1.51049512538	2.80858830114	3.70090302338	6.05281307765	
0.102700831501	0.374553790917	0.776504959302	1.33826035371	3.29597357265	4.1269851776	4.41011987745	
0.0873827533197	0.396676829867	1.02655853265	1.35078924248	3.15205690468	3.82294307135	5.89137605114	
0.111399251062	0.379401901056	0.785744035588	1.38142065176	3.29263611804	4.96367607348	6.20811384753	
0.110794001937	0.363854208866	0.769554584354	1.46375274481	2.96957946117	4.60029164866	6.38183111202	
0.0985754940495	0.430044142589	0.985737588262	1.28779089338	2.93895082694	3.69841199126	6.7906623347	
0.105274137304	0.374099721328	0.772464991989	1.516099107	3.68492860872	4.5664856785	6.44392604309	
0.115241851324	0.430346117315	0.977178872984	1.68602663558	3.25490018131	3.61894665134	6.32728839377	
0.116750343534	0.287390372181	1.02858043743	1.55150605668	3.22539032253	4.29783244377	5.76363548059	
0.0986735666823	0.305986415805	0.888886720131	1.3990390461	3.41180674334	4.69425944014	7.11176454407	
0.119086395369	0.341154537733	0.958006993327	1.4608077479	3.47206186595	4.5699199806	6.450274192	
0.0916996908173	0.456438821867	0.948404251613	1.29046605912	3.06782186909	4.93073317862	6.89907541774	
0.0977187878609	0.412738174977	0.902790049885	1.20803175391	3.01502248323	4.5601254045	5.52341458141	
0.113346675692	0.452545818668	0.999817692496	1.44587429014	3.64981510151	4.29546826371	6.43923084243	
0.106037151127	0.409849218922	0.853131857225	1.5104384987	3.42383200141	4.44180761319	5.62502092863	
0.111210605735	0.36069826072	0.783378827459	1.72642869321	2.74669281757	4.05352605512	5.87497375939	
0.100868290018	0.38841668081	0.795086698702	1.42295849317	2.91725317306	5.22753775663	6.09614613965	
0.0844864320718	0.38159694206	0.961639342392	1.2162343893	3.06621061005	4.60744569453	6.94354570751	
0.117865085866	0.348220168253	0.985353270179	1.37265201869	3.15632795189	4.0629227971	5.1602509403	
0.111615353919	0.395684151633	0.977959517527	1.58665342504	3.15925787141	4.03907032206	7.28112098601	
0.0963059722856	0.384137236041	0.870659962777	1.63246495724	3.13581962053	4.90127844578	5.31211203582	
0.0999634511996	0.339635503576	0.748628151883	1.22010507251	3.13338517796	4.65898463922	5.82779926088	
0.111423754157	0.404030007771	0.929352451478	1.38951736534	2.73645301228	4.91368515012	6.28108534647	
0.109704110461	0.367755109188	0.852732027325	1.39612312366	2.99677741069	4.87360334553	6.57461513925	
0.0962341938433	0.373612152556	1.00530902598	1.59722246212	3.11930554828	4.31366748164	5.18847441965	
0.0840015168395	0.377633412852	0.980278382809	1.42909403371	3.16591091306	4.48492902654	6.53283884743	
0.102558993538	0.400739006164	0.961278004082	1.3260929012	3.12234306778	5.23119750558	5.51424530919	
0.117384867654	0.32636382619	1.03326574134	1.56739796552	3.33686645182	4.73792698353	5.11097151671	
0.0972756471679	0.436321145687	0.885589842317	1.51886966057	3.18329428611	4.98319022101	4.99607751271	
0.100008054848	0.457451957693	0.898464017363	1.41174923082	3.25220029614	3.88820350059	6.81077041321	
0.0992441677823	0.336675693146	1.05411440189	1.3327209374	3.17656784565	4.83403930666	5.99829116281	
0.0944003562762	0.361912927116	0.926112411289	1.43635192524	3.10111116176	5.12786292124	6.45943191511	
0.105963278281	0.395800625455	0.903773954038	1.49572753889	4.37347072564	4.92250502589	5.47544636136	
0.104145173891	0.35523617823	0.852711791531	1.80142859928	3.54902212698	4.8236706564	6.73360285952	
0.104480873789	0.418218921534	0.97799416338	1.07186569967	3.35182880775	4.03848979259	5.86790234267	
0.112410709799	0.433487850275	1.00261415153	1.56367132249	3.82229146634	3.8255873431	5.84715029502	
0.108097107005	0.418977648262	0.928169004303	1.48034064788	3.86527421871	4.56480761075	6.44766621255	
0.108948596196	0.399290788693	1.02353895367	1.32190204783	2.86326788076	4.07014979098	4.83260839602	
0.107872219465	0.409868175891	1.01263845462	1.16901495094	2.92726249352	4.08061205016	5.83304141375	
0.0936589040071	0.438925955864	0.831178696615	1.47225534352	3.45972905844	4.1479381122	6.56593678432	
0.104232325506	0.426297238432	0.975047286457	1.55760245502	2.9344022393	4.65307870819	6.67619607536	
0.0889624957745	0.432810334169	0.994529319864	1.26549882383	3.53822215283	4.6424917044	6.64467960437	
0.0981919272865	0.372480194122	0.783000612813	1.39887728677	2.98512994953	4.42282349762	6.37470726455	
0.0943522747622	0.336190990642	0.909153499501	1.31887586991	3.15496817409	5.48694386939	5.96784425758	
0.0920944444847	0.354609497525	0.75656945733	1.31938124581	3.28040858662	3.90643658637	5.98844442621	
0.0963853196044	0.387266160351	1.01345202253	1.33855704115	3.42516973571	4.8215664875	6.3407157595	
0.103617995427	0.433770175423	0.813696518068	1.32072336826	2.98825465451	5.26356950886	6.62259366131	
0.102453607331	0.364772942828	0.802121321519	1.20681768683	3.77146298593	4.88902355963	6.66929846887	
0.102112609361	0.330717830381	1.01693411064	1.42863064964	3.11587214371	3.84542864194	5.90335058934	
0.119034787219	0.398648577704	1.10098445639	1.40612527261	3.19622359303	4.34544143095	6.15338759128	
0.110110346206	0.420407956709	0.875919387129	1.55297426294	3.0994515444	4.44647046915	4.94258523067	
0.11751482619	0.342994977223	0.985144619001	1.57258633349	3.13775558709	4.93632367164	5.64339747632	
0.105429899256	0.42953395784	0.871480175261	1.61846179779	3.39153893974	4.33062941199	4.78929616071	
0.0948293116859	0.375358099842	0.860983328351	1.44009473708	2.6525378067	3.60941745367	5.80483235312	
0.0860183147214	0.365245854315	0.965184996599	1.41864978322	2.74631047432	4.76335170128	5.44752081859	
0.0907773086822	0.424192880249	0.90426013156	1.44879321081	3.18515527429	5.14345549604	5.99053525029	
0.094127617959	0.416849268262	0.866982941815	1.19975056189	3.42484123745	4.85920879082	4.73244542137	
0.111123921718	0.371545351636	0.754696520967	1.43075049287	3.16487597465	4.41388536954	6.01270423842	
0.0766790879203	0.367807163144	1.0245726883	1.46367444668	3.3853412088	4.54231368452	7.13951242553	
0.0959413527295	0.375805593905	1.01563095044	1.16108551481	3.73413521125	3.85296999726	5.46401184582	
0.0892808633313	0.331709739754	0.840991166521	1.35439835817	2.7802511957	4.51287449278	5.43553826213	
0.110161065751	0.422285518651	0.976863960808	1.44223879608	3.12743162096	3.53570154695	6.40644026008	
