3	54
0	1	1	0	0	0	0	0	1	0	
0.17010457956	0.327052128623	5.05702919692	
0.150688093604	0.436150664934	3.87376995352	
0.142473234747	0.336605663068	3.99758536149	
0.171911548259	0.378997674107	4.57550046792	
0.149006509376	0.353980725047	4.85187137391	
0.170825097325	0.347709684279	4.18075132584	
0.156443396395	0.322274325169	3.95598314591	
0.178527339298	0.400170078266	3.70215098842	
0.133355977921	0.396484912976	4.36626769129	
0.159755167872	0.400198465926	4.18655819932	
0.146451546583	0.381398575279	4.58777442382	
0.171733923382	0.313592467568	4.64350251442	
0.13339155408	0.431398081165	4.59938650428	
0.177584770311	0.396654724643	4.73822243571	
0.187165791939	0.379598809134	4.80172182266	
0.147074330146	0.408261295915	3.93040638057	
0.157448789353	0.399711803494	4.09397938933	
0.156340677847	0.344748743015	4.78535728179	
0.138383416605	0.476883334059	3.974046484	
0.159289986714	0.3412332597	4.7423870709	
0.148486697931	0.421497416846	4.39744182371	
0.157434355495	0.397388789403	4.08493521006	
0.149963655677	0.421487216613	5.45897011333	
0.139618513199	0.333329265555	4.23377153737	
0.156037480763	0.389199913377	4.71564259106	
0.163657793148	0.414088881439	4.12287090067	
0.14954533611	0.345735527469	4.40352073929	
0.163853135776	0.32410590361	3.82420934799	
0.139081832783	0.370765736517	4.49726800853	
0.154622700937	0.280294361654	5.22402583558	
0.145036745516	0.377728068727	4.70196517634	
0.143164572514	0.346174531728	5.35840726283	
0.143798855828	0.457629838728	4.1220854564	
0.152446921005	0.386243093652	3.29584364329	
0.157426366021	0.35287337182	4.31561859428	
0.173597352028	0.307214148771	5.11207303501	
0.12144808736	0.315913284216	4.42879303357	
0.145219845667	0.357462570314	4.50980071955	
0.155040575022	0.387517386764	4.87729424507	
0.134160007021	0.347892243427	4.40261826386	
0.13528949525	0.357263823171	4.1913669597	
0.14965743994	0.445771903329	3.87812340176	
0.176879412318	0.344954500585	4.24583599713	
0.150936110493	0.360577366047	4.8952426942	
0.16632380044	0.354622843256	4.82821694822	
0.167782510883	0.368962151499	5.03977670235	
0.162823104143	0.34875462726	4.72988904728	
0.126772621572	0.375843016834	4.91001962497	
0.143283205188	0.394045471282	4.79614414228	
0.153184055549	0.406335475149	4.63874448781	
0.131947256855	0.419035045586	4.70412298076	
0.169038541041	0.384096302007	4.57871280302	
0.125381067498	0.317308104184	4.48802503905	
0.134160517639	0.405800269383	4.47265825742	
