7	43
1	1	0	1	1	0	0	1	1	1	
0.109734961817	0.13656420397	0.676970829059	0.931932138325	2.46717195621	4.74043007515	5.43401702849	
0.112361853397	0.119080783834	0.745958301245	0.923734690288	1.95415775254	4.25180602399	6.9198516833	
0.0906878554579	0.134146163622	0.640858117261	0.898891809173	2.97800554234	4.12377481215	5.78309143953	
0.0911091756289	0.13340148594	0.699160468307	1.12793615664	3.19177082543	4.28530890957	5.38098079333	
0.119356183947	0.165011837237	0.564496177336	0.949803550905	2.910614889	5.02042509075	5.82058144938	
0.110387540354	0.131385679181	0.56655994247	1.07695809191	3.21962067303	4.34398230717	6.22919054189	
0.0898995100893	0.139029899465	0.554607505163	0.826051603825	3.4294627483	4.93379352721	5.15490223926	
0.0945111467237	0.132300714119	0.636064648165	1.05712949465	3.04641572378	4.48450171748	5.44350464599	
0.101539595406	0.13491142284	0.620550944483	0.94986800363	2.88222101394	3.70382422472	6.25110243256	
0.0819104268446	0.155145524879	0.547460197155	0.956439316939	3.13954914673	4.81078357495	5.73731081199	
0.0965640549314	0.149862892775	0.536167282961	0.923832101789	3.61742224401	3.94265264433	6.87563652864	
0.113126285374	0.168228151023	0.533611334091	0.815857431779	3.0031373411	4.02803827104	6.21874744035	
0.109392957031	0.169683905673	0.634470399937	0.988430988471	3.41047901544	4.53317923335	5.29601679439	
0.107806160857	0.145671990245	0.626997352916	0.958845906817	3.73306881833	4.36306110863	5.52879675384	
0.112542334478	0.152091629661	0.623426394621	0.990669976434	2.59337550347	4.46714503537	6.83471336556	
0.108307625257	0.140011164152	0.568212816993	0.919595382733	3.22125290682	4.91219178158	5.88302466529	
0.0950989693807	0.147356902561	0.598909605741	0.810138775794	2.70972647113	5.03767389104	5.40583935505	
0.090932867434	0.155394017857	0.533593177249	0.896419772712	3.44308798915	4.69397858278	6.20006509739	
0.10128950926	0.107095590399	0.635483056358	0.90599077959	3.42244695668	3.84183926051	5.43715421014	
0.106174862361	0.142470897388	0.560350439017	0.938466453677	3.00433593784	5.01144291346	6.01272776503	
0.0937923485082	0.156548096898	0.575955889974	0.774602963341	2.77496086395	4.24926054402	6.39058184439	
0.119971136868	0.143422323886	0.644551208333	1.0066136495	3.01829572278	4.38187292677	6.1370768226	
0.101293821904	0.136201846082	0.657243910909	0.933004805331	3.18695806219	4.62440608118	6.16763245443	
0.09906297088	0.142176028761	0.73130989352	0.937311825557	3.93860112868	4.77089464566	6.5465262684	
0.114171922358	0.154174976309	0.641508483732	0.866910828652	3.56112634519	4.21666472673	5.92397712244	
0.107161796573	0.157215408627	0.601980949341	0.849944055687	3.12051966308	4.46151449821	4.96121118796	
0.102111387034	0.13387904651	0.629570552461	1.01605103296	3.31064635686	4.11972266589	6.07830099872	
0.0889084627509	0.178514659189	0.665186843064	0.719629480175	2.94182072116	5.11168002274	6.95712881972	
0.085759561444	0.135987446562	0.632040745564	1.01758888533	3.33374522126	5.27933336396	6.55715462509	
0.109713802474	0.15332696921	0.600720998095	0.7853229305	3.13824045402	3.79010958874	5.41440589481	
0.0960476398588	0.129509444383	0.58687779012	0.966289567557	3.64516175999	4.43807209521	6.11943952828	
0.0968386914846	0.150375100041	0.605497125671	1.09723981509	3.08094390874	5.00947962787	6.0289307124	
0.0793448195721	0.133515954957	0.584683071295	1.00202939363	3.03980632873	4.84542750552	6.04236602769	
0.0995587720006	0.135879970972	0.534274386505	0.920530554871	3.79924206529	3.58903671106	5.13188252148	
0.114578821672	0.158815826206	0.595447712735	0.977193203566	2.76376879675	4.39778682796	6.15399644656	
0.118262735672	0.140979097189	0.641825783565	0.965272126216	2.77259836557	4.32272185633	6.64911062399	
0.101275827643	0.117503437842	0.581282174787	0.912898353988	3.58058953723	4.70245180993	5.87615795499	
0.103485877116	0.145507842664	0.681943393943	0.902995401142	3.08077840324	4.57394401881	6.51129605561	
0.0954643927634	0.158624812794	0.635974080862	0.932301753681	3.26072848366	4.26764745622	6.61205120779	
0.105117504226	0.137161457779	0.648515131299	1.2159705894	3.14140857529	4.55316707998	6.0476333961	
0.0772049395915	0.152018602377	0.504380388535	0.947396868664	2.84153923101	4.67367991876	5.77185138516	
0.0932983686721	0.175680680527	0.626159197029	0.924912370172	2.87211096515	4.51905271329	5.99506918152	
0.0940748044986	0.157982257002	0.616184939502	0.790510578755	2.65299586768	5.21778086427	4.90535502715	
