10	84
1	1	1	1	1	1	1	1	1	1	
0.0919704568604	0.146877672682	0.424052553271	0.672223148792	0.802550489382	1.23976620903	2.24491242938	2.97436234278	4.80678818175	6.58496809078	
0.088860240836	0.153588517047	0.394781748937	0.595394233174	0.917639023913	1.52037641639	1.77012689279	3.26905794954	4.72666257595	5.0733996136	
0.101004764131	0.150991616988	0.392445735359	0.598774200411	0.918727520974	1.5234164034	2.24222845414	2.78654927149	4.3258694144	5.23915284949	
0.0883017747723	0.168346228953	0.406937813037	0.553638357601	0.907878406109	1.58248868905	2.50351746221	3.44386693817	4.46858530042	6.08801794645	
0.102670335007	0.115696202547	0.45720447504	0.660643346176	1.02035569747	1.36113322615	2.25466319826	3.53659588585	4.10245504298	6.66572742371	
0.0987916208324	0.178286841358	0.372226626173	0.568803187203	0.917024814222	1.51806258033	2.38941051656	2.90959797303	4.57309740858	5.67480553026	
0.0906027803358	0.11451192673	0.408073018244	0.567684985828	0.968572567584	1.62584033619	2.38146392932	3.37930964896	4.57802539585	4.10960698863	
0.105692182355	0.15188719715	0.356415227319	0.579583882954	0.69109833411	1.32091172247	2.34632137761	3.58440643999	4.65614387231	6.82827389901	
0.0861050655281	0.135846784061	0.347260595861	0.591176111813	0.910380688508	1.58751929582	1.86135984708	3.41150745751	3.7576474233	5.47085753425	
0.0973065379553	0.166156466679	0.454931388202	0.569121522103	0.854678489056	1.40008693378	2.26927139534	3.04937832504	4.96052927318	5.16130940785	
0.116027766492	0.157056036994	0.375102951653	0.610973699112	1.05272901474	1.22606609715	2.24363050531	3.23614890254	3.74518217987	6.42829385613	
0.0923325678369	0.120401832963	0.442022494731	0.610902607367	0.886347511987	1.55896006009	2.14042933813	2.81822990243	5.16274613326	6.29534203094	
0.0963370690111	0.153507624209	0.319055737056	0.59088612516	0.894160066549	1.34139279689	2.39766315913	3.25115235455	4.35590246133	5.95462835967	
0.103758820423	0.160662614772	0.409217760143	0.537128913809	0.987019688034	1.18122660476	2.08607125928	3.71817558119	4.9874411388	5.8339748627	
0.106686322112	0.146566634327	0.335841380776	0.585425192004	0.976009137826	1.27957402194	2.36607489213	2.94453613215	4.3471810558	6.49224661289	
0.10057138592	0.13303412324	0.410108583878	0.612087179184	0.666796468279	1.35569814193	1.87836339656	3.31690433023	4.25566263014	5.87361414782	
0.0818567982819	0.159931445717	0.335648074225	0.613199198541	0.86439225573	1.25662254059	2.18025053111	3.46522930544	4.47446907307	6.20565142264	
0.0860985664612	0.155842816367	0.361547552583	0.599295448892	1.07534639451	1.43343330877	2.21509975395	3.08509121993	3.99465179283	6.39815656399	
0.0778683046642	0.156581096491	0.300901548155	0.580957777006	1.04900810933	1.31413429529	2.30161721527	3.59141268027	3.83135259348	6.00903118754	
0.126532976419	0.14233711264	0.404671779814	0.571985979821	0.949358543508	1.28685955726	1.87850342632	2.91015107785	4.89126853065	6.65059195799	
0.104531257063	0.162404868638	0.364393610284	0.486351460582	1.00805733806	1.4061168704	1.87902369808	3.01590792625	4.4617713848	6.38182713236	
0.110669859022	0.155696853307	0.319129853001	0.554423732935	0.897659776923	1.3450189382	2.20524747833	3.47435965744	4.74452753191	5.41619475744	
0.0872922982108	0.153228193713	0.39758294883	0.558521210561	0.837682205716	1.31875405504	2.1312371317	3.49218700364	4.52289396869	6.0057828331	
0.104150433864	0.125624009945	0.309407867465	0.61300282497	0.871326827891	1.10319497607	2.13991748678	2.88889029843	4.03396146178	7.10797518842	
0.124738842107	0.158048288496	0.388576613551	0.59606826884	0.91572338209	1.32153231882	2.23147066694	3.55261981353	4.84658214568	5.68467175591	
0.105779095141	0.147738307486	0.445244399853	0.546380333988	1.00172563319	1.3372197	2.0569260471	2.96413029432	4.95665027785	5.79619925524	
0.0880301866945	0.164322927464	0.366478616233	0.574677968103	0.999961315617	1.51976024806	2.31483928057	3.51857771903	4.64866872117	6.85142927787	
0.0961291262999	0.144968403472	0.414669268359	0.522079528922	1.13966606336	1.24615613759	2.19374603549	2.76021923972	4.42886846836	6.16648110489	
0.100130199644	0.123308043004	0.433223123853	0.587278892341	0.907116953165	1.47112423677	2.0186341703	3.44510192361	3.98579257969	5.79603185389	
0.113509808266	0.130162864255	0.447439704655	0.621620222979	0.826150734269	1.54098262809	2.55956866696	3.99351678055	4.42508649057	6.61369824367	
0.0886242993194	0.174670825542	0.388190441073	0.599533119662	0.868151331933	1.48007706309	2.39561461018	3.70274989389	4.79378489208	6.5585592769	
0.0967330981488	0.144802959906	0.383642331154	0.68833554562	0.792551573203	1.41218993204	2.52157752498	3.28050620786	4.67246830743	5.54060847983	
0.0786896489445	0.130560717323	0.405193116939	0.69813222603	0.975201802589	1.47586682602	1.94618552171	3.6706905312	5.07898351884	6.84186783137	
0.107177747414	0.134228907205	0.3354614593	0.61752771557	1.01855364812	1.37705363127	2.21000581448	3.28910519538	4.89338163954	5.02512808624	
0.100575857214	0.135701565346	0.418238576042	0.541496962389	0.958184798821	1.34919988861	2.30376256591	3.13739571689	5.02743329455	6.4559399348	
0.0972302606803	0.143471522386	0.337383661413	0.498370565033	0.850635887777	1.4216355776	1.64934513314	2.89080157451	4.56327926959	5.86385105241	
0.07993536582	0.147786413663	0.374432451946	0.577075461282	0.760066484237	1.47601753423	2.07782474538	3.36182118304	3.90856183908	6.848695107	
0.0982875369077	0.121254608609	0.362658994597	0.468960962935	1.01541580198	1.25983835704	2.25587903518	3.29280264107	4.5658577642	6.58226548047	
0.124154261541	0.136992618761	0.277725473483	0.64208604571	0.770026197869	1.48975809214	2.08373036402	2.82745974747	4.13120063111	6.39093740001	
0.1027199243	0.164734941094	0.396304587593	0.651054065386	0.953532287122	1.1369216971	2.21165529498	2.33279116053	4.79845579715	5.51436578791	
0.0991046880718	0.131889461794	0.378558776213	0.543080794852	0.869411938842	1.52842870118	1.7511682038	3.78147792091	3.99620134628	6.65157861929	
0.0901382358684	0.142570453346	0.426557069039	0.58680222231	0.868518155255	1.20287174995	1.89770705539	2.88162230675	5.25617913763	5.9755389239	
0.117795311703	0.155317040772	0.419741593268	0.591652429388	0.903047721413	1.32735714901	2.17143839007	3.09423109502	4.24730429725	5.93072046031	
0.0940266792505	0.153296844609	0.385178854685	0.626154144588	0.817885205281	1.32275394645	1.95789112918	3.67585133647	4.9193234712	5.4601079749	
0.104659954806	0.136337889958	0.411524671258	0.688192399995	0.932992144841	1.57405297243	2.64619950063	2.84882712514	4.51242697397	6.3559393318	
0.105567036879	0.128691519304	0.414483883923	0.578516018208	0.826862650944	1.52272156187	2.1200058568	2.94378536843	3.96449974401	6.2707083134	
0.093906995594	0.182609450354	0.396615991476	0.613556989483	0.793205752011	1.38209647826	2.08749155645	3.48295625585	3.89862349793	5.9229450439	
0.0936402414561	0.154282174492	0.422707260649	0.564085057329	0.929240804767	1.56000263119	1.92193390718	3.12251830252	4.25656346125	5.26954566458	
0.0970916395901	0.131292780226	0.343828176991	0.662599943203	1.03461839489	1.33416689498	2.36127970045	3.58623081869	4.46921101814	6.63421152976	
0.0906006494023	0.140018011056	0.333746195079	0.476609110133	1.02030117309	1.28591931177	2.09148495558	2.86296715416	4.98564761718	5.79622384187	
0.0921233772192	0.155979437954	0.35688455769	0.521729594221	0.991299001914	1.59459763766	2.22887709037	3.40407994272	4.63489352791	5.97226490741	
0.0920831616815	0.148763736202	0.28916241158	0.607353626607	0.916731839393	1.29897230742	2.22972897811	2.78193262851	4.18568590943	6.53341743765	
0.0991322532076	0.155409288793	0.361866522906	0.548213772673	0.895442961034	1.4927039885	2.35273356521	3.00378500732	4.36851559062	5.80604558611	
0.121812295467	0.1346786256	0.420718038877	0.584810380611	0.792249631929	1.40933341679	2.14482156764	3.20045855678	4.15756459394	5.8316463155	
0.104776462375	0.133713544569	0.389885696358	0.564167014101	0.857750662201	1.65759718094	1.90210067936	3.32702369089	4.44749692596	7.01539397551	
0.0855400960073	0.154997486755	0.316134383493	0.616362531982	1.15283371935	1.49119563853	2.13253175679	3.81046967287	5.29789037055	6.58707587827	
0.0970938961623	0.105348522673	0.415701670085	0.46351767716	0.91066221017	1.36555103589	1.92728829129	3.42089484171	4.84870211962	6.09722126341	
0.114849547998	0.146203288499	0.390584358921	0.580067260328	0.850903149948	1.44146050032	2.39998946299	2.82046572566	4.00146577555	6.0904847501	
0.101954501525	0.166984247942	0.439525849696	0.606768560508	0.963221110036	1.3478494644	2.24428741833	2.72560316254	4.98446176561	5.56029557635	
0.086999045822	0.155652888963	0.391633641297	0.630421550932	0.908443333637	1.47812916988	1.87180591154	3.22164943862	4.55517815222	5.70272363445	
0.112795011761	0.16148643448	0.375042575434	0.480787035407	1.10379849866	1.51485225932	2.22823625949	3.12538920464	4.86985260614	6.30712896665	
0.09513508202	0.127443988696	0.349147340257	0.580491247528	0.878702234909	1.45791137734	1.74500547689	3.24266241289	4.13669312725	5.74411362089	
0.0885058604462	0.129773994177	0.346559930396	0.658271240031	0.894784469856	1.35419800379	2.35796010998	3.50234462078	4.0861652188	6.41445126099	
0.105205739756	0.154511708856	0.398013014474	0.593251963067	0.976320114298	1.42020341051	1.97373425274	2.90958813245	5.09576108207	5.2959590308	
0.120382016232	0.146542703386	0.375156605174	0.500623089412	0.817028799061	1.4210059271	2.12967455936	3.06266521959	4.13500467199	4.84296508305	
0.0911532638404	0.174011845244	0.338246230489	0.652829936256	0.967696198559	1.46405558871	1.83642078404	3.20752797127	4.4428867125	5.85177086347	
0.0818876362795	0.150873596552	0.362525336159	0.492559697005	1.01966027159	1.61900134962	2.11436016143	2.98343851945	4.48257703593	6.30141238211	
0.0884171785308	0.157835355394	0.343114382646	0.527572445883	1.06983226612	1.4767151032	1.79125304593	3.16772022097	4.4972307254	5.97390393262	
0.0941674894159	0.158986427815	0.377001527453	0.734521988894	0.860407028421	1.62333094803	2.32871430843	2.88255470884	4.37949422032	6.35162579347	
0.12294651458	0.136235551019	0.322221238635	0.709039106506	0.881719441476	1.5418736016	2.31435701409	3.10023932967	4.90281853888	5.79107005161	
0.0930606858456	0.136244349506	0.375999723886	0.545902143455	0.952882813051	1.70006070019	2.21595909939	3.35450100452	4.8309087351	5.04201955272	
0.0996872277447	0.150757796102	0.386288512566	0.692825813021	0.801618696268	1.24794176152	2.13476337704	2.815923705	4.15549315448	6.29073739832	
0.108669015693	0.173774029685	0.337518196202	0.587408795875	0.825103626718	1.30196587094	1.84293771734	2.63285834725	3.98439794468	6.12436775226	
0.106271727694	0.179676486773	0.472379884123	0.571542580185	0.935749133645	1.43770592929	2.02049608702	3.34408149381	4.89151064623	6.42263968009	
0.106648405713	0.142480025957	0.39505013704	0.54572528132	0.944185136904	1.41517325944	2.78963778279	3.45480201981	3.9817920612	6.76698245444	
0.113847098675	0.148420783036	0.402986340725	0.577540485555	0.855634017847	1.22218733671	2.0252842538	3.97444512987	4.19497172608	6.3221965297	
0.1117909998	0.130637723565	0.346437163166	0.597313569891	0.764377336462	1.43088175438	2.01690940694	3.45469434424	3.20344860336	5.52570447492	
0.102090528439	0.141511808978	0.396344826638	0.610087475287	0.893161876919	1.27658633876	1.97670001284	3.62092728429	5.00344742038	6.05899127843	
0.116238546482	0.14371935466	0.375734035229	0.533588600616	0.975657170444	1.68943423115	2.19566105705	3.11792101643	4.63011200897	6.35014801679	
0.0873267240634	0.151889273194	0.35487285583	0.571017276789	1.00628432686	1.39386244565	2.59050880305	2.93392363443	4.85629142364	5.88063099066	
0.0993139377373	0.141066891369	0.333901311959	0.451628854177	0.85658690531	1.45019731161	2.35901879894	3.21646040901	4.89435573644	6.32420949665	
0.116461475533	0.142415822378	0.340058960691	0.693115025138	1.02402636966	1.41823936842	2.18332762411	3.17554001289	4.09935249536	5.77110429357	
0.0715363874473	0.146160668809	0.393139513811	0.735196763873	1.14869092249	1.34889962684	2.19474594324	3.46490583884	4.55636953323	6.34416804088	
0.0931531302044	0.120089052093	0.378201135891	0.570171623346	1.12181404398	1.19238109596	1.75979365691	2.67842101261	3.85028893709	5.98634427375	
