10	37
1	1	1	1	1	1	1	1	1	1	
0.112494652316	0.105247476672	0.414302215791	0.652479313976	0.977762425247	1.40355923476	1.81633871856	3.43372385777	5.15651237178	6.66776944971	
0.100956409427	0.15016826002	0.423537742419	0.601779099516	0.989712077896	1.1661866723	2.2225725991	2.9953906533	4.62861920823	7.0787129589	
0.10675780497	0.184514586286	0.395229015634	0.526190842582	0.909612548172	1.26452862691	1.78590797648	3.07155482522	5.00633216939	6.48551073272	
0.11992156971	0.141626732158	0.381462940579	0.583011999842	0.980689631974	1.41135635988	1.9010396848	3.35487975867	3.381913196	5.99241931735	
0.0974500816718	0.145846400997	0.354630355254	0.455090314889	0.880954107688	1.43235454974	2.26251320143	2.63225296633	4.12383868028	6.32955430378	
0.0948685763843	0.135351793395	0.356556699981	0.576558778016	0.899179268289	1.39776554068	2.33579265983	3.50660377802	4.22464098621	5.59182060177	
0.084915848716	0.145291660277	0.333116386561	0.502291418414	0.960532016581	1.42603883676	2.45325731379	3.40469473714	4.70269422878	7.11836543535	
0.104557681191	0.165070262187	0.3731947483	0.566217663657	0.875422696157	1.21224211107	2.19271710228	2.97495963427	4.32286723102	5.25700774445	
0.100786375662	0.158853088636	0.400165048473	0.637937582177	0.831593966481	1.42606154967	2.0274273712	3.9597472	4.90477971763	5.70119125767	
0.0878611154267	0.150330240647	0.369667609015	0.614450860518	0.887923621846	1.54310157729	1.93833900552	3.66858110437	4.20964026981	6.77244623902	
0.0986313760728	0.142907557049	0.393495748657	0.596247304891	0.749602509699	1.17504702468	1.98398391474	3.67687483457	4.39471776903	5.41451927769	
0.0893620063076	0.159327265465	0.406757322623	0.518461592888	0.991061256294	1.48191459735	2.39126169488	3.03035961226	3.96287395376	5.36738971032	
0.0884056176332	0.154081601516	0.331564625256	0.70363538943	0.967462169742	1.54406383418	2.45088470261	3.47552396479	4.79547612651	6.37766611227	
0.108104850544	0.161739442972	0.410030380062	0.707924976947	0.843389133753	1.52402884109	2.27263912196	3.08389802613	5.06671081009	5.69936753196	
0.106131168762	0.1453190279	0.3507500266	0.528802460004	0.928395630985	1.43053822802	1.81644819977	3.35393210999	5.50800844663	5.00243677415	
0.0975210704988	0.140511120732	0.356667965313	0.680746397511	0.892650249521	1.35765990976	2.06491314254	3.27117731876	4.76117508885	6.75731285605	
0.112339965447	0.156648608585	0.367319786871	0.685369515502	1.05461841153	1.4499714195	2.17779565344	3.05780251155	3.94686892936	6.12835895639	
0.101583256404	0.14685720202	0.417497427867	0.596303647029	1.09355523271	1.59733795453	2.29900720035	3.61368514993	4.47493228168	5.93990695224	
0.0959580732747	0.137905060998	0.370038033731	0.668542417695	1.04208477201	1.6129680765	2.44086232446	3.00624491656	4.60511517966	5.41684849864	
0.0814710890624	0.161278893566	0.38431366451	0.573099774254	0.933263767801	1.08992286685	2.14505228897	3.35437661741	5.09620730603	6.7036728007	
0.092036669782	0.162051150284	0.446818474843	0.672753588136	0.848898583826	1.56938956116	2.28477545558	3.59491144876	4.67097692532	5.9277676136	
0.105049430794	0.16518467177	0.401032386173	0.697105767773	0.978616641767	1.16296685152	2.05881403617	3.39443158294	4.68646432775	5.89494306809	
0.099917431808	0.142925889468	0.40213861853	0.510594395198	0.806097113055	1.54643122277	2.42298961636	3.34650532487	5.00711381458	5.36074675592	
0.0981009578373	0.123256683666	0.391893974932	0.673617979044	0.877856617943	1.3793054667	1.87093299714	3.62357385494	5.11429715917	6.38024471098	
0.099426942026	0.135914849308	0.316670003267	0.592522770491	0.895664619856	1.50130819512	2.14110338508	3.24276882422	5.3718525317	6.16408261554	
0.0910085286452	0.153782806399	0.406586636762	0.631225520966	0.901858806464	1.47764496432	2.16032079502	3.32287557916	4.1914790937	6.35835946175	
0.0967747019436	0.164834744242	0.39225828646	0.582738575785	0.886558196549	1.41133207037	2.21333840375	3.35275545551	4.63113379781	6.64769106345	
0.117832865426	0.147753612912	0.391132685215	0.461698792846	0.714405852857	1.33891289926	2.62276830632	3.24470302425	4.21357579839	6.25974861226	
0.0947924023898	0.159933139394	0.326756260455	0.572763234088	1.00280186324	1.41851880328	1.90451334171	3.33474708681	3.93036616613	5.39662210197	
0.0947260812188	0.173708635382	0.41361775205	0.536131448555	0.864565670045	1.42958703335	2.0461666245	3.75561377037	3.88409526281	5.23203306239	
0.108194832001	0.178377905409	0.344459598906	0.643672550649	1.02879646198	1.53691756069	2.28618830553	3.14182981054	4.66561252807	6.72982632381	
0.100355200391	0.153246247072	0.372666709154	0.648764949586	0.867171038526	1.35410055414	2.04066833326	3.87280668042	4.56054293356	6.10871567328	
0.105180909624	0.143066158883	0.416046099412	0.515294972739	0.912111529041	1.61558452333	2.06593702413	3.20521395453	4.46192073133	5.31581393174	
0.111262720681	0.141099435981	0.319644047778	0.525975428911	0.992669565512	1.54143444718	2.23824849557	3.66186310069	4.49955172772	6.07978659464	
0.0807097596131	0.12805902056	0.391441614741	0.648305453922	0.928887412176	1.35836910732	2.12598681772	2.76903703257	4.92286893247	5.48484917101	
0.104434186524	0.155659863004	0.409289373844	0.511887094954	0.910340651509	1.60650410739	2.10128060353	2.70292445133	5.2834223751	5.95197594554	
0.0895157672551	0.128498647218	0.394845951666	0.585758675119	0.794263723638	1.46152641074	2.07427799035	3.15479651248	5.27458874112	5.92363766108	
