10	86
1	1	1	1	1	1	1	1	1	1	
0.0900096275282	0.139211412431	0.358491824105	0.571911633537	0.931950780503	1.40361525366	1.88543005977	3.90160104907	4.07793126819	5.43876771434	
0.0864077190113	0.134435984097	0.343960869131	0.610547865448	0.836407631088	1.30854599022	1.75880348545	3.70762996327	4.91117942497	6.48178558059	
0.0984389718387	0.134385107996	0.332006088055	0.642955596104	0.852661824226	1.60918447595	1.89729678327	3.62973685011	4.62010982765	5.83480343477	
0.0873799786988	0.151030920115	0.419697536869	0.62825959743	0.830568552422	1.22314671575	2.47501205829	2.883240387	3.84399837503	6.18145254095	
0.0946898288306	0.13875204186	0.37443473152	0.592523586212	0.856088841695	1.20227666804	1.88880301731	3.21408238446	4.21478690163	6.78164831605	
0.120286141165	0.147038301092	0.384217530414	0.53210000426	0.83882164096	1.56313403548	2.09144424184	2.92883232871	4.16387544575	5.82392712392	
0.102824591391	0.199353136687	0.423525045249	0.574695586137	1.07110995886	1.20354997477	2.338341764	3.32103809187	4.41381161122	5.56175502173	
0.119609770453	0.144116680355	0.365760794651	0.623857906719	1.14390091638	1.52277226525	2.52151064295	3.99774722452	4.41431968032	5.6552488527	
0.0982072061665	0.169680123232	0.355650050652	0.636118594414	0.993209669475	1.13921227256	2.17771838708	4.04450473559	4.94400911643	6.37127556591	
0.106331223125	0.16485383587	0.356587872482	0.552051361927	1.01910580121	1.39688528105	2.22086253938	3.51527123849	4.61694835097	4.98639031244	
0.114290799708	0.13886300523	0.445800955609	0.661788398081	1.06400945511	1.36232558032	2.03768359401	2.78072218294	3.59507553075	6.771704051	
0.10742587287	0.17966486998	0.43287024015	0.75927525919	0.994389660053	1.33692334267	2.27083648077	3.57788459334	5.35222356142	6.73030456053	
0.0894047903575	0.13748281026	0.340310045499	0.598240458903	0.839151932991	1.54734487492	2.12852037406	3.25729369676	4.11584603526	6.18218342777	
0.115278231734	0.136318244326	0.39336313695	0.609193104169	0.82600538256	1.46650487785	2.32271728167	3.50464740516	4.70013808109	6.93932402571	
0.0949693157687	0.149221077274	0.363784103658	0.636297973266	0.873298903076	1.49973260027	2.05254502904	3.05455078618	4.52272616838	6.58949745621	
0.101834979968	0.140852400123	0.35714233191	0.56946014752	0.749055560722	1.03730477149	2.74247353491	3.32111610737	5.08088945041	5.83140650412	
0.10887664026	0.170248996317	0.308779011021	0.499868187063	0.936288128021	1.40708500645	2.36310937328	2.84181478295	4.49416531634	5.87868381902	
0.0934512393168	0.181324489866	0.410009188085	0.688578541244	0.787740571655	1.27946049901	2.29212506137	3.37451851042	5.07089555523	5.31719714511	
0.111561560359	0.150861116106	0.295198169828	0.598367998396	0.802863052777	1.34423797495	2.29982314273	3.06449893602	4.6843472279	5.79775090129	
0.112710143304	0.167219373737	0.396596865849	0.716873632125	0.947793517556	1.34563228477	2.31968653269	3.14791640353	4.57419738247	6.98725435314	
0.0912173978192	0.156356540829	0.402531652972	0.550460303259	0.834880804685	1.31310242521	2.47125777501	2.40449459211	4.05094952567	6.32972909837	
0.104229888969	0.153994214853	0.394292084717	0.698880235436	0.880402677349	1.33238550709	2.09317231435	2.98491083174	4.39349396328	5.7869517366	
0.104771561463	0.156369379414	0.357398587194	0.532522939392	0.773333504131	1.44089496947	2.39690753694	3.08556248567	5.33017628929	6.4965549363	
0.103777201353	0.177051570628	0.411585188261	0.586636108487	0.855146704579	1.31517237816	2.30074472551	3.75584043891	4.09147092845	6.18403932281	
0.0963715004445	0.14920830583	0.42363759244	0.587867757277	0.797971389867	1.29678002935	2.32508724509	3.21740183281	4.6625201321	5.84418506432	
0.0993007108447	0.150942220082	0.368341533145	0.653466609975	0.825321527194	1.48495334445	2.48396182813	3.62590360668	4.42831450699	5.94815520677	
0.0976975421222	0.141650976974	0.378214846802	0.485451765133	0.794466666864	1.60351566642	2.4444687925	3.1710042202	4.31979299544	5.93643000887	
0.0970887887434	0.161337160402	0.319128296717	0.634995953631	0.839879572606	1.47325329933	1.90829699928	3.58369489019	4.62614376273	5.33398654362	
0.0893872890203	0.146163542217	0.323401659305	0.582359508489	0.947141056799	1.43249057974	2.00103106881	3.1496801329	4.46613774411	6.59764086447	
0.102203843394	0.144741406074	0.366405251139	0.596691356978	0.927925926068	1.59040609426	2.46681901361	3.10437044737	4.63058644266	5.53400574488	
0.0948597863412	0.138689680017	0.355191965716	0.567244817271	0.856650236658	1.2483044614	1.93543734833	3.11885792547	5.05250946904	6.37863737125	
0.1027752404	0.15369407653	0.394240047746	0.544147148484	0.839511097096	1.28572391298	1.99956628	3.13651330475	4.87179424934	5.33368954336	
0.0938768646845	0.160846610213	0.36011840956	0.689809683404	0.93186451738	1.65025905685	2.25997559412	2.89917487932	3.90560611017	5.82336744284	
0.0900078832769	0.147456032006	0.341772471033	0.73479006604	0.969299711915	1.55912016053	1.98158745011	2.47976031999	4.73633811535	5.48550220418	
0.101623881264	0.177511025888	0.404065361617	0.686913257499	0.857108115125	1.66091342535	2.1260989004	3.46649653334	4.75138039391	5.21265337621	
0.0920093820373	0.167614230206	0.359226387108	0.583522119676	0.968025089661	1.52558357672	1.80613031123	3.32590511297	4.9274510697	6.26952796619	
0.0895053121605	0.159564288945	0.417682151836	0.552347161616	0.992269394941	1.45632543074	1.80263312916	3.55422187411	4.12751119042	5.38777912609	
0.0903075206549	0.139217003064	0.397323486843	0.712869062993	0.916416074124	1.3886172735	2.09298880606	2.83614567194	4.76916917121	6.46621505716	
0.103744506656	0.172997550424	0.329160682146	0.691235144989	0.952622025709	1.45117847744	2.22651409056	3.2667225312	4.05490212121	6.41753272151	
0.0851872816233	0.136139112136	0.387396128324	0.640945464393	0.913015440819	1.36178011845	2.01191344322	3.19347788041	5.20692031066	5.82799468246	
0.0905403001334	0.153199370365	0.345562752207	0.671183328994	0.950101931042	1.38778710016	2.05185032465	3.11750392476	3.90546436739	5.77266788333	
0.107162589361	0.144290741254	0.419486259863	0.686413160793	0.803773164177	1.32741874795	2.50098388533	3.39752631627	5.05961478598	6.02816036377	
0.107133586458	0.186186222493	0.432006450669	0.549273541093	0.89510595014	1.48600296454	2.23955867333	2.78008759412	5.05949407401	6.54234482317	
0.103462316727	0.142261345526	0.363704509079	0.657655991446	0.618666587434	1.30061614198	2.40936536836	3.3904831151	5.0372098218	5.75705067982	
0.111637921778	0.142455818276	0.401822064133	0.591517578343	0.880778450326	1.44717149654	1.85252717118	2.43701049632	4.95876034663	6.15962889739	
0.0964754638594	0.132259057049	0.358672646113	0.616176513702	1.0375527574	1.58476078534	2.37769984255	3.10073555809	3.6425467407	6.27533571382	
0.102013091406	0.151114550199	0.466548330463	0.647125677553	0.829827315312	1.536803055	1.81564625597	3.29443392698	4.46900471295	6.30208091062	
0.103052475594	0.144280352065	0.353743191685	0.522325994137	0.960153057601	1.21883557578	2.03017195625	3.20943224236	4.59785847014	5.70427282495	
0.106803441517	0.124899467159	0.356090787192	0.666291851174	0.995158097877	1.31793098654	2.01331034252	2.90947055577	4.29100036671	5.77025563633	
0.0934806650022	0.141788683143	0.336030778029	0.597413035787	0.857810045819	1.51520138492	2.14879600997	2.69282196452	4.15467166735	5.47924163475	
0.114394162602	0.152738863729	0.350984649417	0.55932204226	0.865761237012	1.5631763921	1.99606889165	3.46247097285	3.83399071348	7.19324083434	
0.0980524634837	0.134702457192	0.36807700719	0.653784277499	0.930452661279	1.34796024012	2.3653657678	3.92110782743	5.33488953479	6.19488207725	
0.0969097090413	0.149709224826	0.328448149058	0.603448123341	0.906720973449	1.46312240927	2.09266255492	3.18041826703	4.39139263834	5.65834808971	
0.120166177306	0.155342298127	0.39652865944	0.722964817212	1.04178523499	1.04444959163	2.03452739502	3.11139553259	4.01612726133	7.12350037703	
0.091151383928	0.156788053124	0.36136256511	0.636245630751	0.975596722565	1.6804149778	2.24762877446	2.97333590411	4.15052427204	6.44513139881	
0.0878231025706	0.155970599954	0.330671547781	0.681539584358	0.873534425609	1.3743662575	2.23109514714	3.59297475598	4.55232964088	5.20453078709	
0.0994095092772	0.140041820654	0.356202141815	0.559044740178	0.847130407529	1.46817665102	2.0045541321	3.47226328817	4.24216777763	6.01700762461	
0.091301144529	0.117281756428	0.410367427984	0.603414924908	0.79739011966	1.40180748162	2.48389318547	3.32229913043	4.24856163803	5.70012272826	
0.107359825415	0.161291638648	0.361992768832	0.569480502657	0.969720195276	1.36337821618	1.57353117796	3.04684333539	4.40306024301	6.80659651474	
0.096241781507	0.157749275866	0.314491273447	0.506661913236	0.7950994419	1.34838389107	2.17550431426	3.52906302805	4.70283375147	5.88279283764	
0.0897478951282	0.150358150053	0.388615948246	0.61211483143	0.899628013696	1.45784300056	2.15127984839	3.46533657043	4.54856588161	5.43187098966	
0.100029702504	0.139224249949	0.428703987518	0.555887312709	0.905461588071	1.59139796038	2.17604007888	3.62568820706	4.72729846541	5.37275806264	
0.106219170407	0.156051871851	0.423348875532	0.643188137756	0.87503286415	1.62100950203	2.42593717614	3.09434102759	4.39522116492	4.70936058039	
0.0949061246543	0.128962135364	0.375665749662	0.6879043532	0.980403684886	1.69868630096	2.14514328051	3.40543278149	4.63797177713	6.11938500263	
0.12663055035	0.120513702291	0.333611688114	0.618076277759	1.14579724415	1.42960705191	2.28683378022	3.10969478495	4.70921512636	6.13127863242	
0.111426264191	0.145849040635	0.430957470011	0.60573039589	0.710099153632	1.33031538099	1.64497083546	3.54483653142	5.40521881592	6.04328666201	
0.093561654715	0.113186089307	0.374357208566	0.609517930952	0.914658599602	1.3577534823	2.5848730146	2.49074402208	3.99543017025	7.16051028373	
0.108920151732	0.161642930556	0.427895814576	0.588558681041	0.922233945255	1.27488113059	2.10864680408	3.16575186474	4.51231469927	5.15780221302	
0.0977653966982	0.152750770822	0.346033798296	0.553821258902	0.837688425572	1.60100229517	2.22351859801	3.58389457454	4.56784236194	5.08269337041	
0.0995322172347	0.165406213628	0.379118170422	0.583045045348	0.855941735152	1.34963953766	2.44871043104	3.40800654809	5.34592221376	5.20995097177	
0.113499427924	0.14840365708	0.416274365348	0.594632100558	0.844655423927	1.56484000709	1.87289985663	3.37125763269	4.54348566589	5.79938988938	
0.10765275683	0.153743180563	0.407703878808	0.679806364936	0.911622039753	1.39667755524	1.86272948293	3.80727166466	4.30035569198	5.72507310894	
0.103817605152	0.167770545865	0.323134828924	0.518966393539	0.948705640113	1.34390463257	2.03749325587	3.16630123935	4.23543223674	5.94850999631	
0.114121665626	0.153877351873	0.396275263207	0.651330652056	0.926369546891	1.4631954438	2.11385867759	3.03583834245	4.6844290392	6.24920627542	
0.0837239250801	0.113871774376	0.418191351694	0.594611161922	0.984268587587	1.34321959511	2.47383930272	3.41177462958	4.43655927532	7.94503555954	
0.0883668689188	0.138015892411	0.47742663076	0.636871816254	0.872550068274	1.47402112743	2.02579284495	3.32471652332	4.34605018121	6.1792092973	
0.0957243560933	0.159551638649	0.297153961576	0.618274187785	0.904926964192	1.34011800719	2.22395422909	3.51537949661	5.20462908851	5.65640481575	
0.109186382646	0.146716049125	0.418161925616	0.64455554669	0.953928551344	1.66112169878	2.18869586679	3.12836275764	4.41161375213	6.41419537966	
0.120637514896	0.129025613521	0.421614773837	0.649820424912	0.959826087974	1.24785032685	1.95993238321	2.89489858774	4.26779252637	6.32178223137	
0.0983598332391	0.142404184642	0.300516965231	0.611245333383	0.913187293295	1.79544157305	2.76309514804	3.7480328081	4.24511113204	5.68088785005	
0.100876949059	0.167374602684	0.432250272134	0.650454756711	0.924370941774	1.42482102495	2.30744613727	3.50442054143	4.46791495956	5.81027601843	
0.106067666461	0.152662260313	0.37937078952	0.583012929451	0.890412837198	1.54727982681	2.50836815991	3.17943295926	4.48031259673	5.85940381701	
0.0841506410693	0.165337287976	0.381430475076	0.681897708573	0.968318238479	1.29763140683	1.95226910212	2.64585646888	4.47699041535	6.20090475541	
0.0861453818498	0.158863587889	0.387333682413	0.622046522485	0.859038188549	1.46733139256	2.05405872911	3.21269077231	5.08383914855	6.08835656796	
0.117298555351	0.145442715098	0.337240431727	0.442420518198	1.08421381371	1.72178110408	2.21372592482	3.98843388549	5.06212878178	5.68238244135	
0.093090239188	0.166070936562	0.42010138173	0.625703885325	1.00935633453	1.44773933326	1.8664102451	3.0573711071	3.42936257108	6.6330134043	
