10	37
1	1	1	1	1	1	1	1	1	1	
0.10518337025	0.153746615509	0.432206890004	0.714454852097	0.805261922946	1.46854214742	2.03990339411	3.66199495439	4.06102278136	6.65865346179	
0.0802879006581	0.133140909234	0.384810358269	0.511666866642	1.04107433676	1.22604185679	1.77301037983	3.38033796188	4.72455025259	5.49151336753	
0.0732789372929	0.169594589922	0.406322702429	0.491279263302	0.824086980498	1.77858223052	2.26811388198	3.4080431835	4.33469390928	5.40813047087	
0.115398246864	0.137228160649	0.370455839987	0.641789850288	1.06165876313	1.15379419829	2.56204092357	3.64869043002	3.80566105153	7.00162174143	
0.0867382530144	0.168883547736	0.321581577456	0.60180210078	0.881218864402	1.25619697771	2.12595246836	3.29912121047	3.92852341272	5.48058852031	
0.108685852519	0.169961160941	0.399358750294	0.677070849047	1.01632116024	1.43502627669	2.3179263565	2.74564312383	3.92202346542	6.35414876827	
0.108493182157	0.147395860197	0.37205751166	0.620238601521	0.873790826675	1.51488164545	2.42795201603	2.88067194856	4.20504342158	6.37083558777	
0.12188433291	0.146071670487	0.403654146317	0.559997168345	0.983409429221	1.53413928444	1.93286292381	3.00432498655	4.47545974871	5.68837376486	
0.100373290917	0.16698914116	0.397123155282	0.573149995197	0.955345499945	1.46628218113	2.33292420602	3.81051619096	4.15111528882	6.05677638007	
0.100845415101	0.141755509359	0.424234639652	0.601655153886	0.967432354259	1.63391107408	2.05622984148	3.11035253916	4.55298149697	5.48698264843	
0.109157604627	0.139735679197	0.399361144933	0.610216532878	0.916565780756	1.48968747592	2.44171260996	3.54419310556	4.33800038975	6.5608071416	
0.105453126283	0.137806568707	0.36884774008	0.62043833655	0.90901023064	1.41867566231	1.9551774526	3.0265447954	4.60805747676	5.9929411392	
0.0988754554897	0.118215631157	0.432638146728	0.758095886261	0.937167571982	1.3397176911	2.05411648842	3.15487427948	4.82485835656	5.85381875576	
0.0923296720427	0.15182466566	0.411307660086	0.57359644533	1.04249818292	1.57595275072	2.05520206911	3.77977839811	4.84681198612	5.8819630708	
0.0890500381848	0.160051943888	0.433103133504	0.683098640325	0.923724324314	1.51547447235	2.28913968738	3.22986717735	4.74163181853	5.59243462232	
0.112227631018	0.122198424464	0.358638975354	0.622099735879	0.890865730976	1.47030317685	2.04352843508	3.30142757182	3.93907705613	7.31355032635	
0.110179937237	0.162759494028	0.311091731275	0.567905983107	0.797658658007	1.19206461773	2.13493417458	2.79525104399	4.73761190823	5.57778132097	
0.0961440344672	0.130571993065	0.355197595954	0.642163030528	0.989979275269	1.37520603217	2.1572256583	3.35390462974	3.98452795341	5.93698684154	
0.105647433649	0.152561258695	0.362349403208	0.560972949918	0.974575683606	1.45285880411	1.8658396163	3.01852261525	4.51564523064	6.03655965804	
0.0939773503357	0.168464322978	0.399025306233	0.539245410567	0.965440941756	1.11797921704	2.12112306863	3.49534504715	4.4418128902	5.67995278632	
0.0956365041816	0.167266364423	0.435055427546	0.609192615115	0.771638006249	1.79043167005	2.01417064819	3.46448150366	4.23232711025	6.6306887413	
0.106628543312	0.148539415034	0.234663648872	0.610386751979	0.839933358956	1.2286038178	2.27998784993	3.46783474515	5.46629716535	6.98028513881	
0.110146569243	0.159014817685	0.412525867713	0.642982551628	0.910836826491	1.3636404411	2.22726681586	2.79487039857	4.81870809472	6.49201306126	
0.108103421955	0.13809143297	0.410498325837	0.580348191644	0.982770963317	1.57805132636	2.06029504434	3.77455025807	5.15717009333	6.04336098062	
0.0903671591048	0.144985242275	0.414917875137	0.654752931642	0.999879227499	1.29445470048	1.95662083439	2.82881203628	4.62302768225	5.71222616407	
0.103974999894	0.1411746134	0.343942328057	0.579181977046	1.07071928568	1.45589926416	2.06720808303	2.87120480419	4.71507721881	5.95750593456	
0.0972055635254	0.178838118833	0.417423606323	0.629622605824	1.01000042164	1.2038811777	2.25198146519	3.31058837537	4.1240127535	6.05148858142	
0.10466219384	0.171098250031	0.40250486431	0.591677653921	0.935265230341	1.40688776802	1.86626701619	3.12311154405	5.03003110245	5.75657895773	
0.0754024568382	0.15012269227	0.347684674864	0.610639972849	0.658313301176	1.65885166868	2.2489039179	3.24637868228	5.40507612239	5.83480984969	
0.106023085687	0.129119186537	0.420009935745	0.557285083795	0.909763307747	1.35596162689	2.20475323387	3.8059153234	4.2191036254	6.36248700081	
0.0863329186383	0.146749773116	0.401470238602	0.46839083385	0.859314887435	1.32797313587	2.10164782136	3.14923795567	5.01495542241	5.17258881737	
0.0803341119779	0.151412702964	0.423997563412	0.655601696619	1.03162672152	1.52380549079	2.49998105024	2.95822057144	3.90423344198	6.98101888954	
0.103850851371	0.167512844939	0.382875837384	0.666681687928	0.910804532463	1.37191034144	2.25011617132	2.95108778596	3.94049751371	6.35713512653	
0.106704277164	0.147727676608	0.44083465434	0.6452513042	0.919767832618	1.24351485883	2.22056357305	3.3279115393	4.70403941194	6.08034778885	
0.0983268278751	0.143697456512	0.357409966493	0.58093309263	0.872963352918	1.3715353283	2.14833568211	3.74489186246	4.24417839045	6.2943023134	
0.0708878493993	0.151156312457	0.370576304942	0.517867263257	0.80944967745	1.3086803867	2.49148754817	2.97400677336	4.54302183064	5.73707897141	
0.0933382464919	0.128483127094	0.39637009913	0.624055219108	0.851364642039	1.38003097354	2.15027915653	3.13608877084	4.79016902383	5.83115684066	
