8	41
1	0	1	0	1	1	1	1	1	1	
0.0975191474324	0.428499277628	0.944247103241	1.43770227977	2.17853539862	2.64973400319	4.61086831452	5.82499891514	
0.0959023706597	0.346273778919	0.821208080523	1.21711121074	2.62795937621	3.25080173146	4.93223825083	7.02958099366	
0.0933694154366	0.349173499198	1.03251352595	1.22619028796	2.47051320583	3.35085032686	3.94674998903	5.55385238946	
0.0926245779997	0.344696019622	0.927433452311	1.24635649833	2.56417656722	2.90664920164	4.61400351589	5.13378379879	
0.102954881115	0.410714002327	0.847777740105	1.8488131458	1.98829735204	3.06491696248	4.07639216294	6.46834507154	
0.0965785800181	0.3647315576	0.965589777938	1.67851431287	2.45873994416	2.98688248809	5.63203980086	5.46853169533	
0.0863647171144	0.33362004524	1.03406667684	1.37382784569	1.90120780316	2.75756863235	5.26113200185	4.89575456855	
0.111924668899	0.404903883756	1.11117000155	1.30971265192	1.9857619529	2.2928382747	4.45357366359	5.47964602701	
0.0888862933076	0.364698205083	0.922716063301	1.49866846286	2.16525293711	3.30842574763	5.30663874458	5.80533860514	
0.110894493473	0.387785810138	0.96860380954	1.40003047859	1.94407465913	3.07342250813	4.24357701084	5.44528113465	
0.102765066462	0.348693107826	1.1120158304	1.59570603202	1.93029403159	2.72089905712	4.20195117829	6.54738784774	
0.0979011567606	0.359503593912	1.02723622345	1.27368696	2.14304630201	3.36578781151	4.41383548927	5.83396249131	
0.0903785429207	0.389891856312	0.743322322065	1.65012271153	2.03241688378	2.91335208695	4.46707067424	5.76646286387	
0.0869311588423	0.435341569717	1.03789482426	1.32089377136	2.13361241228	3.15854746553	4.76678487729	6.0138222025	
0.108847782671	0.326452485231	0.866230584434	1.24325764377	1.6644627614	2.85959463598	4.8570141806	5.88826758286	
0.102716618024	0.422428718243	0.840905416455	1.48907265556	1.94761299267	3.6999306185	5.27450395942	5.57451852302	
0.0943988444165	0.411862522054	0.848709915197	1.4592990154	2.88487009221	3.86612702816	4.71699373736	6.15554593744	
0.0895504542269	0.450249089551	1.01197112722	1.57923867106	2.19267190214	3.00751770276	3.26031053582	6.06695613755	
0.0908150647533	0.432252417678	0.897680386734	1.23535667933	1.67388925904	3.22027245446	4.1739778473	6.0449500967	
0.079678058514	0.352668262436	0.932563561103	1.39983374774	2.38290606708	3.76236443073	4.77109909449	5.86844134882	
0.106179088999	0.355546985928	0.967124497594	1.36004355461	1.84795381341	3.09156501121	4.95187069938	6.50635128456	
0.11214321468	0.395747990098	0.956088891916	1.5682538991	2.05190799774	3.0289269377	4.30079471484	5.64931220997	
0.102480926045	0.338652425349	1.01341967895	1.3510168536	2.22685673945	2.92666782145	5.09950442249	6.47239959471	
0.0856693426182	0.4113769232	1.02858013113	1.55899023299	2.64203629545	3.2116911705	3.83121939985	4.8664136857	
0.0909661514015	0.383287498167	1.00046068176	1.48623748502	2.52936320203	3.44774699649	4.20139000989	6.52079639248	
0.105158706824	0.422458538796	0.966432728881	1.44819945939	2.15916599967	3.2499356239	4.34764808658	5.73390418492	
0.116282999395	0.464631397444	1.08461843702	1.41404702751	2.00295177688	2.60731052254	4.15847026948	5.60702413632	
0.119573539649	0.383584938339	1.12989212374	1.34263258972	2.33164756945	3.07620041055	5.41483343716	6.70379486173	
0.0922883728892	0.419512004807	0.957350043549	1.37482404741	2.20792436277	3.02456048879	4.88345507004	6.44486313647	
0.0999743618727	0.407685653488	0.922857614813	1.29332042223	2.55688156348	3.09578614788	3.90381158639	6.31359701861	
0.0950864969319	0.446000924667	0.850996504506	1.41715149258	1.90803347544	3.13232452464	5.11930293291	6.23678334903	
0.103076735034	0.332051245156	0.974049285789	1.40184753155	2.37912443146	3.58343526688	4.56031157137	5.44410289023	
0.0909587583552	0.42300703189	0.962737321272	1.11531010554	2.22810575954	3.14657269299	4.14224272564	6.29460286346	
0.0864175291096	0.390289310877	1.07148197399	1.2388327288	1.9743296032	3.3840145725	4.45716256378	5.90875445791	
0.0976689590462	0.360826240858	0.859338184992	1.37709725108	2.18491063302	2.91238080725	4.73163915358	4.5299633886	
0.0909538186369	0.446178117888	0.998565469943	1.55113580175	2.06332734504	3.41296658715	4.76001588249	6.00707655384	
0.0896594884093	0.375488690008	0.898813709473	1.63257647215	2.23542083181	3.14089765418	5.35016859826	5.05266405154	
0.104440238763	0.275075166176	0.957481689732	1.27762865632	2.30181166168	3.68874751628	4.61706236266	5.59760845	
0.0946815449014	0.44471835978	1.02540635114	1.29430718227	2.37604990866	3.26667288164	4.95147707094	6.08606689204	
0.111419323102	0.366005392854	0.819760543511	1.48529325105	2.35923065121	3.05846597552	3.53029306585	5.54279651848	
0.107359490221	0.351877797863	0.984307007226	1.38980975352	2.19342604671	3.04734174674	4.0902956585	6.44007247346	
