10	76
1	1	1	1	1	1	1	1	1	1	
0.102818580888	0.164398818183	0.413628797745	0.49034489299	0.968569260395	1.36981131569	2.19849071138	3.62771929776	4.13857329339	7.00222981354	
0.100237695421	0.184473417379	0.380341155823	0.548275243024	0.921901797278	1.36580470994	1.96136940164	3.05652862664	4.53295548416	5.52765671839	
0.109303487506	0.157870769671	0.400167370122	0.6905564822	0.950373739981	1.27669974783	2.09221088099	3.21974999617	5.59225389662	5.62872065776	
0.110163849133	0.144073396804	0.382371259864	0.53390394924	0.862734500214	1.4666341813	1.81622689816	2.81208613114	4.61466018213	5.73707176269	
0.118154877349	0.174654779478	0.41529125754	0.557127102069	0.936274137191	1.20483691007	2.08290266189	3.41671786054	4.46017218525	6.17860162737	
0.0994601128774	0.163332602018	0.409718723684	0.676424389813	0.926129742537	1.47237916152	2.25218290087	3.50297925566	4.75921908746	5.56026299172	
0.101893577493	0.149007697363	0.367829122345	0.607946486118	0.870500051931	1.7280944507	2.28064165816	3.03220647868	4.4309460881	5.60368378123	
0.0856898251099	0.148323059529	0.331422243702	0.491052061637	0.998887903272	1.54190236979	2.10154409425	2.90030745533	4.34016412926	6.61426409237	
0.112672094219	0.169533769793	0.392595607152	0.672029687379	1.00598098776	1.36015358082	2.01136327302	3.28934432459	4.81740140137	6.10705204406	
0.0992595671088	0.150865298101	0.383747013403	0.521260370532	0.918761766293	1.39395921586	2.27289676716	3.32386403604	3.8063592525	5.95746830615	
0.0979842819782	0.158384122553	0.329150437784	0.582924863702	0.78084138491	1.07251760824	2.07149371452	3.26816651769	4.18538947298	5.09061630483	
0.0752380600909	0.142641439946	0.439863938872	0.542013796462	0.929262487959	1.80346255662	2.29529793352	3.88680092021	4.79955640832	5.90894746671	
0.0953565996253	0.15602069118	0.316166199109	0.569461064386	0.937126735393	1.49862527226	2.37348153485	3.84173624949	4.53759050099	6.32149972482	
0.101971135352	0.167336764785	0.348671621307	0.562477277437	0.932731213062	1.04990639967	2.36364772879	3.32477208311	3.51942819414	6.17303441617	
0.109621851962	0.141157806048	0.332564588306	0.603302595297	0.923732118161	1.47198041328	2.01711174484	3.39953783443	5.8958700455	5.80669238852	
0.0948905204372	0.163606623984	0.418559691522	0.65292313273	0.680031089085	1.57113817392	2.1475045002	2.97735503934	4.54747416716	5.78809255238	
0.0982638000447	0.152065593981	0.375427392069	0.615567404249	0.823458307679	1.82273664952	2.11571791264	2.93762012618	3.85803312496	5.92383274757	
0.0875319369076	0.154498167398	0.371367678952	0.578727767316	0.921506909313	1.40213727634	2.2001167905	3.81353551593	4.250601893	5.71559484609	
0.0836740392345	0.175950581422	0.382049045344	0.589412158923	0.943773985272	1.63456499109	2.15251242344	3.40446072131	4.66574214718	5.63843974892	
0.107342833851	0.149417008957	0.355812718813	0.575622293471	0.876404098069	1.31340998636	2.0274094184	2.72845995964	4.26955650671	5.49195392858	
0.109040433066	0.160395039476	0.38571199979	0.616725727469	0.956269061583	1.27408476234	1.95282328906	3.3501076072	3.44704641871	6.91017441542	
0.0996608162548	0.160625010227	0.392469015879	0.584861839915	0.897306099547	1.65092725563	2.22262517108	2.97711820118	4.3364582464	5.39168739884	
0.106934678684	0.155971493364	0.362740326655	0.614594622322	0.8902843597	1.49660397696	2.10779250276	2.8355190823	4.58007920489	6.4022139036	
0.108794762007	0.161440133208	0.392298280209	0.779765568172	0.811156960283	1.30253835709	2.21201818948	3.03721952164	5.13546985642	6.82633300186	
0.0972157973189	0.157857510931	0.383383067966	0.699024402789	0.950413662556	1.30607114034	1.89750651473	3.55616701588	4.65546431541	5.17517896966	
0.109270742359	0.150622696633	0.38086995615	0.628919054812	1.06145888795	1.43369839895	2.17442171943	4.16149146024	4.14355310727	4.46331130497	
0.0993971246904	0.15423303887	0.411600928613	0.673085383351	0.987171995012	1.4149408572	2.17221778536	3.48705734674	5.15608476163	6.0462079304	
0.103969859782	0.136673727803	0.294875991613	0.68076286671	0.965266509734	1.4764270561	2.34107028121	3.42471009386	4.93036957765	5.03930640204	
0.102884171017	0.130146534274	0.345863092954	0.533012445928	0.884539409581	1.69166089951	1.69601533584	3.68574672819	4.60843312967	5.72030402771	
0.0796266627672	0.159348258923	0.391485427899	0.560223818549	1.08015338154	1.55393974462	2.16567181892	3.7076301592	4.03639029272	5.52117125135	
0.0890661666677	0.16050782719	0.351448652872	0.661412968378	1.03312075224	1.36600470156	2.3017640782	3.13564063543	4.92833645206	5.50172015719	
0.131042287009	0.157349403542	0.412825703164	0.723315085603	0.897909497181	1.15432229512	2.00718400519	2.92159576912	4.36340906737	5.89112298626	
0.108746979831	0.142476164349	0.355978549698	0.557378493349	1.06870359749	1.16645152484	2.09843395124	3.46152885296	4.49089055509	6.41253604425	
0.0984644817252	0.176260931082	0.334686071366	0.588448779797	0.97502410639	1.42486671515	2.19552893936	3.20509245249	4.80914933576	6.69143872409	
0.0962037194992	0.157814116103	0.367200658088	0.636811196796	0.814446293306	1.55702397404	2.17484634193	3.20308496742	4.98238707331	6.12528237189	
0.105605435545	0.15073260637	0.410350838727	0.412485907274	1.01733456625	1.24265902302	2.48377860892	3.13275742285	4.36553894877	5.26296682407	
0.100361422997	0.156891934412	0.400967189448	0.502321053709	0.895696745453	1.44576723701	2.04180448653	3.4521111319	4.98650271918	6.26567364361	
0.0791392655028	0.152947654228	0.43509581238	0.575278136778	0.852623718157	1.46440425695	1.7593879799	3.50164711214	4.65942976824	6.78005959952	
0.0984763382064	0.147286964502	0.387115304808	0.571135844002	0.899066098695	1.28285447633	2.00706853122	3.28919170361	4.48626507344	6.81373316028	
0.121084203209	0.144702385861	0.40105882348	0.56642519224	0.924606635018	1.43042660609	1.9867233152	3.43998831875	4.67380087662	6.63270175216	
0.0993466408112	0.153411348099	0.415632095777	0.681961048511	0.912322228002	1.41956643762	2.31877106525	2.88980539167	4.62781755003	6.42607860554	
0.114404969801	0.117844399146	0.355967852926	0.587056309453	0.834781018106	1.42592792863	1.88260955331	3.08709925874	4.16777145426	6.62348463192	
0.111530015363	0.178973072052	0.419411840677	0.577226308698	0.964770535892	1.52500462134	2.47002971671	3.14620821738	4.34873301265	5.34509647588	
0.103457733541	0.155413535121	0.421657855009	0.572576862848	0.837270159148	1.34834697158	1.9252702299	3.68343779169	4.62423767977	6.92803377712	
0.103359953374	0.147430523794	0.330195117406	0.603592086744	1.09910209487	1.50260386312	1.89076774527	3.13341175755	3.69536420723	6.16600962874	
0.0964474662085	0.178177588248	0.404066521006	0.600650153629	0.77683055987	1.10848720149	2.14477350039	3.24832413046	5.45655210797	5.55829251994	
0.0931787756962	0.13177271888	0.4352977709	0.631028978662	0.911736809466	1.28996838041	2.24575924669	2.97413988903	4.99226425973	5.99691562352	
0.0959823806575	0.13764308693	0.371230860654	0.562479320086	0.985995044944	1.41219442987	2.05906328919	3.42572904285	4.73433840063	5.12356951259	
0.118090837364	0.153164515052	0.408410241717	0.619674820181	0.984295437316	1.42318620593	2.09857123901	3.76873701971	5.2680389985	5.27146934361	
0.0819653566385	0.153491286111	0.347640086917	0.656143688017	0.9336911118	1.31984562139	2.06329150218	3.67617992247	4.49754620622	5.82951454857	
0.0891859735459	0.118550972115	0.397935828938	0.63646179182	0.880545211442	1.52993320989	1.95515873393	3.23972247962	3.83935258414	6.64930448757	
0.121102440569	0.139717133427	0.417521686017	0.628151803287	1.04075100872	1.36024929674	1.8246010424	3.29785927498	3.63010838427	6.0411455457	
0.11438571344	0.145296887599	0.379704230092	0.611300911182	0.841090523188	1.41596621584	2.38023703247	3.37625296239	4.8569921816	6.34766673208	
0.104214273162	0.158760417276	0.424897358855	0.618189986498	0.988703120519	1.49964498731	1.94582570744	3.26655804679	4.32811710329	4.1816086148	
0.128961984909	0.144826061701	0.42011576327	0.668339922296	1.11420792013	1.53814519621	2.09892594255	3.24349070268	5.31141070464	6.38331031066	
0.104796524469	0.145980002747	0.362567982163	0.651779925551	1.09340428205	1.25090637147	2.20753450781	3.16796619444	4.85582206824	4.80426434887	
0.1093987374	0.155263491783	0.415337774343	0.686804261792	0.844331934464	1.3777873055	2.44809655702	3.09765044284	4.48213839958	5.78581034962	
0.101423829511	0.139788904663	0.39096241042	0.552822087963	0.945766985171	1.46118551894	2.38423242726	3.09056199298	3.76761578227	6.06818642003	
0.0959057859485	0.16144453946	0.400020857914	0.539661759053	0.973623360825	1.39306884211	2.07887076276	2.92934141438	4.03417789374	6.45547677593	
0.100451395274	0.144683036382	0.338418951011	0.499592722112	1.01424823843	1.44431276509	2.32376908761	3.32059039335	4.21371280176	6.87927251711	
0.112347253286	0.131819072202	0.369930858872	0.577385858126	0.908451840924	1.32291291669	1.87086163837	2.86586104463	4.45502486593	6.25487414395	
0.100916569101	0.156428435974	0.32691603358	0.691327765843	1.10079657149	1.41840455266	2.22876299665	2.54708536478	4.23511422441	6.61252030893	
0.0978592866996	0.148558011042	0.395213375354	0.504310429129	0.785918195083	1.50582931665	2.06242866695	3.10174093593	4.63815121361	6.80431158149	
0.108758499255	0.153887610836	0.415237554317	0.638592480443	0.987968760614	1.15763496533	2.19744198665	3.39472103344	4.23623165118	5.41307670132	
0.0905746115135	0.118822930911	0.32835297344	0.656724807021	0.993708529011	1.28689281126	2.27307026065	3.23560325904	5.22516850997	6.80072703137	
0.0886800412292	0.153767640562	0.389975378297	0.618920589103	0.945540194309	1.28618634324	2.01594359827	2.46979779522	4.47598750787	6.24407897109	
0.0943882543138	0.143579664835	0.407507503462	0.603911089356	1.06658299477	1.31074860318	1.90858070155	3.54965122683	4.03948352171	6.34125279902	
0.103489657428	0.12646932541	0.348293536588	0.604959907869	0.714769379405	1.19916533272	1.85213487369	2.73667242573	4.52054504256	6.8215628797	
0.0937359532569	0.161318527937	0.386738138015	0.595464441875	0.746723173854	1.6627068291	1.95266607808	3.51241642014	5.31346330872	5.75939658552	
0.0877688356903	0.145443192209	0.347391695234	0.593581461324	0.830014042052	1.37054071982	2.41556892978	3.09543065307	4.91044657581	6.24896081726	
0.0992841082363	0.173174151414	0.426784224618	0.441495960366	0.864270768131	1.49468392248	2.22444227299	3.24947928954	4.31956397432	6.88984831405	
0.0732441666419	0.126413430044	0.326897552015	0.623379131462	0.972750664515	1.40872032017	2.0746817417	3.04915453815	5.13509926237	5.5561288013	
0.0992200754214	0.161150116484	0.37773157079	0.628833374138	1.15804323264	1.34615673571	2.01786497614	2.86366691191	4.56180222496	6.27283781652	
0.108640748273	0.130966455296	0.429453334454	0.647338284753	0.950629075987	1.2417952463	2.11259257834	2.84759770474	4.6975668358	6.67745653729	
0.0840727274994	0.150120666478	0.373282865496	0.570007869135	0.976414178581	1.64841122098	2.67172784169	3.6457021182	4.94520872894	5.82680532305	
0.0853189237981	0.153317933749	0.320888185218	0.548005737009	0.943682240179	1.36595440876	1.99558577897	3.33414525252	4.51448356255	5.82719504114	
