8	85
1	0	1	0	1	1	1	1	1	1	
0.0870281914421	0.40678882552	0.977281206498	1.41482455219	2.02930462813	3.56831351711	4.36562306865	7.11608986669	
0.099758195092	0.356045949727	0.860306068659	1.38920899723	2.14624521645	2.84713093295	3.89323698249	5.30408777079	
0.0934237674026	0.391747516964	0.869253888394	1.5135263941	1.98348078186	3.72779125552	3.86271149393	5.20455212754	
0.105135477159	0.392952248933	0.752988928877	1.25097486862	2.5458079257	3.4322316617	4.3404740729	6.60982856916	
0.111594112541	0.476532093	0.864843589322	1.37779688121	2.30605566534	2.69821072972	4.20395159023	6.37943847672	
0.0892660467765	0.410725350414	0.960435313434	1.37152611638	1.89520256974	3.03582939602	4.68133500966	5.91159190518	
0.107073110251	0.329099057454	1.01210318999	1.24691209913	2.30390172471	3.43919708587	4.66597689831	6.53952424226	
0.113534811204	0.343811098308	0.900248078917	1.2035758586	2.13442638075	2.87874137624	4.86831353148	7.17461164502	
0.111267767676	0.385189143887	0.890664442183	1.29123185626	2.01166578681	3.11586235495	4.18652688349	5.28553038325	
0.0911769613736	0.344288490404	1.01343571454	1.50367526554	1.75558492063	3.48633523941	4.49572402015	7.12545215677	
0.094237834391	0.303982453167	0.918034612563	1.43802140513	2.2549335139	4.18840615232	3.95504502239	6.44706230793	
0.0928325351882	0.398168134563	0.769586296736	1.60836797149	2.48748029374	2.95058725758	4.47036315941	7.49797434323	
0.116049692282	0.399612188607	1.05070398625	1.55977352206	2.29253821988	2.85277625477	3.9536918949	6.04688743164	
0.0912636083757	0.402196192154	1.02433058163	1.23690608411	2.46088248671	2.67092579655	4.18922430199	4.73422962162	
0.0971661052647	0.35670765484	0.982106520746	1.22773462925	2.28385768674	3.00448746659	5.34302842328	6.50271704283	
0.114326175213	0.367606090756	0.933100255743	1.64095045389	1.970483694	3.77682382911	4.85661924633	6.91882521576	
0.11388269561	0.361217949709	0.792738847641	1.31144015676	2.0170413424	2.9908077304	5.06417071576	5.32021803802	
0.0955125683529	0.2932689555	0.928942007337	1.45660543346	2.16808052526	2.99558253799	4.17739565092	6.27712789455	
0.0990325075382	0.40392529739	0.894900975577	1.53639115548	2.35818875631	3.71885299781	5.14466721065	6.08192904948	
0.101721056214	0.34018205421	0.801355891129	1.55381832932	2.25399861863	2.51454510281	4.12429148112	5.31251739409	
0.104858898987	0.434787331731	0.966361440314	1.51839005017	1.81708661341	3.25032460156	3.82477938735	6.37889724493	
0.0803624704312	0.424220281539	0.702784099292	1.17265051485	2.0720311187	3.7832392685	5.01220181058	6.03335316012	
0.113576351956	0.395594615951	0.931074996859	1.47371324763	2.37314268036	3.21752726336	4.44981194815	6.04722521975	
0.108711474718	0.360182051702	0.786406846651	1.45477677257	2.04400865161	2.86563222661	4.77237370174	5.19357636425	
0.0789427232808	0.422820678897	0.866454715425	1.59635262127	2.15793341763	2.96296762197	4.40516721042	6.51652265483	
0.0904537974623	0.352703106014	0.884177363127	1.46853551581	1.96678134551	3.32060053449	4.02152756712	5.45250968422	
0.100121518891	0.422884961772	0.982843448644	1.43598995908	2.08888972662	3.54370536476	4.22230314041	5.64074941807	
0.0943288877284	0.405621090874	0.934157588121	1.57632895898	1.95189103484	3.80248325452	4.08521315792	6.29415163589	
0.104745938012	0.335746554298	0.879845628932	1.4913468049	1.98058979826	2.67763212188	4.77730159691	7.01405680402	
0.111619836985	0.41090195638	0.77822294688	1.45464058258	2.08042937143	3.4244502614	5.54124070259	6.73106080349	
0.104360125954	0.375672085089	0.911461975447	1.50654333971	2.19162184227	3.06768864927	4.12704056977	6.54149583692	
0.10049589176	0.352576623583	0.984282101737	1.7216585436	2.09217214455	3.05135190726	4.44676083281	5.32235397005	
0.109134958396	0.407933605878	0.915130173771	1.24189935423	2.04689192245	2.96704946791	4.91382248258	5.75513237647	
0.093595420432	0.38272394708	1.09762762334	1.34682439385	1.81176340591	3.48705411628	4.27313373011	5.6400029276	
0.10019798163	0.340253016588	0.944858251683	1.39382244014	2.10166785508	3.46517804387	4.749435136	5.85693535769	
0.106192075238	0.353312334244	0.849363947707	1.31967088957	1.81294249086	3.0996291137	5.03279501823	6.67017233168	
0.104349715532	0.38377480396	1.06542769003	1.3989524252	2.11863749549	3.02734634225	4.59796509616	6.62757668987	
0.0918028032907	0.364412532525	0.947659183513	1.24427806944	2.17966891025	2.61852050681	4.45379038199	5.48296383029	
0.0837579734781	0.367519140644	1.03975273511	1.46309766083	2.3324759622	3.30182549127	5.20391212983	6.68179398663	
0.089501378192	0.424808434193	0.834990925028	1.55154798346	2.40035898924	3.50510525123	3.94969692946	5.61403252454	
0.115793079538	0.472696558872	0.790976186411	1.62447384102	2.13054866508	4.08895191555	4.60570491603	6.2554276995	
0.103157070284	0.400291570302	0.956983419502	1.49445861757	2.17300275718	3.60841284479	3.99517322929	6.34607733231	
0.112338820452	0.420668299229	0.980493884557	1.56049862484	2.20386405859	3.63122145737	4.96389035125	6.83858203241	
0.0928201291195	0.375055040138	1.00671518331	1.55150096671	2.30779539744	3.22308604956	4.7542371143	5.76701644499	
0.114995217044	0.363900440279	0.857767090484	1.54018535321	2.0095381159	3.4649340849	4.79282901092	6.06642038242	
0.0844067707487	0.374081907131	1.04243408599	1.34814165134	2.47239649997	3.72473117775	4.37966394821	5.67767546561	
0.106802427187	0.389678812618	0.942894637278	1.55309040232	1.98405676101	3.2447979506	4.3801875111	5.44287891978	
0.105429992487	0.339442241999	0.926473645763	1.55180100985	2.01259009695	3.4433915809	4.24061661608	5.16336310439	
0.0995308751346	0.420262728532	0.987875597922	1.53267909934	2.19264367929	3.22009249308	5.55990117134	6.23609387509	
0.0969863285319	0.369276793264	0.908032533873	1.56446374784	1.75673801509	3.14196579097	4.69727738076	5.95361621843	
0.0874360733036	0.377885439219	0.945004702637	1.31719690851	2.15698770284	3.23501444393	4.89973566571	5.78868050288	
0.0983476262943	0.400148819254	0.753640827557	1.48903076036	2.35513107764	3.4257176113	4.7648944541	6.31748204435	
0.0873064303443	0.36199983466	0.972716078128	1.81826166242	1.86740047945	3.50686910372	4.74373272248	4.97761706829	
0.0975829095611	0.449500017863	0.944724046813	1.74929776327	2.36438078167	3.33866440674	4.28937435135	5.13699373429	
0.0841582797092	0.334089105901	0.884819549907	1.56709896671	2.04531829729	3.22480992748	4.36537029261	6.54902950325	
0.108700726297	0.4000855464	0.913959155888	1.32132566289	2.33697965415	3.15248616854	4.08499145491	6.14353820993	
0.104870267563	0.379883883568	0.956379639635	1.33600145326	2.17494683221	3.48508650109	4.25320012127	6.1143509405	
0.0972161972638	0.33891418861	0.937540559068	1.36121838603	2.30902993205	3.2423951002	4.4895521281	5.91895396483	
0.102548388448	0.372381817771	0.790623580534	1.4950644492	2.13985988473	3.66543042345	4.74595448031	6.65766547907	
0.0983584772884	0.371182991316	1.07721585423	1.23283943276	2.26160072647	3.06101667286	4.55948462085	6.07077595517	
0.105044930589	0.391840732038	0.881210537025	1.1576759345	2.06381735636	2.77564690469	3.94745270927	6.89158408487	
0.097988824182	0.345142742177	0.860266058315	1.35621475119	2.10676655608	3.13541004879	5.06835309132	5.28248740901	
0.11253545497	0.344692632277	0.947549361099	1.48034847696	2.02020218963	3.06059151043	5.20365230195	6.98877142052	
0.105506019805	0.43940506394	0.998633187189	1.11753064381	2.15033654392	3.25261934984	4.03680169254	5.52249744216	
0.109781797641	0.383853525843	0.967012480161	1.43726923902	2.22973601019	3.37297423765	4.04650350683	5.8208148314	
0.110422139715	0.426873224341	0.969634855861	1.48640622284	2.02164038717	2.75547481609	4.24695968817	6.63700627567	
0.0869712124349	0.380749442804	0.967764393212	1.57629415828	1.98631380502	3.46491975239	4.79202715148	6.28047584864	
0.130538304274	0.402619086882	0.978825651585	1.30385540846	2.15833035509	3.30452130273	5.24575956825	6.63006143588	
0.0836023221079	0.366144133787	0.897388025866	1.39016128427	2.35774578175	3.54609426333	4.55220451348	5.79755025463	
0.113785539771	0.380430573677	0.81653608729	1.37785101056	2.22041711933	4.05847318826	4.85797577062	5.75715811437	
0.103093884281	0.392708456813	0.874055517351	1.37376123651	2.15460567324	3.20213355302	4.71050570193	6.82339399836	
0.103666534264	0.404531928783	0.72506917198	1.22808739273	2.08008629603	3.79733689704	4.6577080036	5.8829162428	
0.0848912777247	0.337439209251	1.05539450818	1.31724269827	2.16254944395	3.3170813332	4.63675998674	5.10098806724	
0.0916006845581	0.344923056396	0.975243663064	1.57812208926	2.00473253205	3.4785772598	4.08318794142	5.94562655192	
0.0991724517161	0.405272233088	0.939791077018	1.28072126161	2.27474207372	3.20224503433	5.30932881434	5.35372106423	
0.0964207577294	0.341033765199	0.891059390626	1.55658063392	1.96890887822	2.85895562827	5.5207257449	5.78973170762	
0.0900060245318	0.370944587855	0.925427163616	1.07321170326	1.90593059155	2.40642494589	4.06483766363	5.60267687893	
0.101723927356	0.430088265175	0.89908359059	1.46867328002	2.05618697122	3.25018998824	4.09753133783	6.59706384611	
0.106177126364	0.391418007857	0.93966441214	1.3934081076	2.21391174697	2.58198298126	3.80013571485	6.26494367646	
0.090707936503	0.376710100625	1.04628427254	1.57683716055	2.04571228327	3.26143315924	4.39087481241	5.84723839547	
0.0980958266472	0.3105771799	1.02131227736	1.38943244422	2.38619814286	3.34858396574	4.6709453347	5.02795807661	
0.1119997461	0.342783617727	0.876610447464	1.46590773939	1.96497658121	2.97254780679	4.18639252184	5.95785420037	
0.104299371671	0.372318500973	0.963317470951	1.4920837266	1.91843392069	3.5004145204	4.42968981672	6.42244860247	
0.127552619204	0.424506465042	0.927599321111	1.40277500454	1.88637038125	3.2911179836	4.97599683422	4.43408144626	
0.107885650048	0.305589562083	0.894254285274	1.41710607794	2.14407216613	2.40025249328	4.61619958843	6.50716201201	
