6	61
0	0	1	1	1	0	1	0	1	1	
0.366769036483	0.61263106016	0.952063224839	1.80035640617	4.24550705509	6.21649593996	
0.370264535941	0.649693747694	0.860887902155	2.00284443253	3.86954459446	6.3234774078	
0.396616069782	0.554440027344	1.04472669156	2.32196704082	4.57222698165	6.12639514044	
0.331489423384	0.521869664795	0.942679908029	2.38877472558	4.88576020519	6.754747045	
0.334096577329	0.710332292648	0.890493137177	2.16054164803	4.36951375915	5.44747331935	
0.459527723573	0.719259756695	0.933004819907	1.68686793866	4.53946505904	6.80481883624	
0.34065133687	0.650147207658	0.758522912396	2.39831179231	4.72259411182	5.61203829581	
0.379535853405	0.63767141672	0.901872347768	2.2811411885	4.62285072641	5.62453413773	
0.388115000295	0.658758015245	0.860805103744	2.43978845857	5.22200445685	5.46648740926	
0.409558046241	0.688897398439	1.001541001	2.40620801531	4.4357665708	5.88456076381	
0.380291047214	0.655812815547	0.96206928231	2.37659596591	5.00086829241	6.70162180725	
0.360504454069	0.610777298218	1.01289109321	2.20081498935	5.257961876	6.21679621175	
0.364539874097	0.738137299209	1.05556298984	2.16826916167	4.12015049016	5.75773913063	
0.377864912997	0.610580213541	1.04063881093	2.07754750758	3.82117550029	6.1756195484	
0.346548677854	0.530358172437	0.823949331182	2.06978571751	4.07756780953	5.95677262821	
0.389776837302	0.572587505148	1.06236382576	1.88540076071	5.3832090997	6.99939783	
0.435730495238	0.594563359811	0.939133381138	2.13253143882	4.4218225911	5.62632139321	
0.361266405252	0.674436136542	1.0481625537	2.19908064618	4.63587336961	6.02174382417	
0.316826589814	0.63476140325	1.1101279565	1.85793972164	4.14962266752	5.98749351845	
0.475005524351	0.54920782169	0.876784248516	2.35870285381	3.49712755568	5.54955225417	
0.422461154732	0.630473141066	0.87685776985	2.37990286736	4.90547031661	4.94168580482	
0.40851415489	0.607896944656	0.965419325767	1.96598912601	5.24864520991	5.68035323624	
0.419371529956	0.539512800796	0.996608519793	2.42734251452	4.67950847966	6.08225652183	
0.404167849712	0.48549466828	0.989419292264	2.70959191718	3.92982331373	5.17746673804	
0.416342562949	0.563018792726	0.872406841971	2.221946169	5.45546319589	6.45027080832	
0.433502686545	0.652678669454	0.985504361871	2.04410001409	5.05089198925	5.74922031646	
0.318601422245	0.574501015233	0.844192605774	2.01031781678	4.29215314524	6.25486655924	
0.387278324925	0.641826939972	0.986199464632	2.31862400814	4.26179671451	5.58577672288	
0.312604765633	0.638383289693	1.02297718562	2.22659627598	4.29966805222	5.8194457186	
0.337048573605	0.603537196645	1.02423665528	2.15874785388	4.82247378162	6.12186459414	
0.348181438856	0.570967885044	0.889461191658	1.90214962417	5.24092925052	6.03892640717	
0.304344022263	0.517447003287	1.03582030966	1.78945228535	4.44655507831	5.77532521938	
0.338095406914	0.645284531611	0.926012998477	2.20326011535	5.2732707062	4.91217632794	
0.341104789651	0.57130207193	0.890499522699	2.35903379943	5.38233598529	5.7932028528	
0.396334844587	0.605039981859	0.849700567274	1.83758557649	4.45864729849	5.88675172722	
0.355213971035	0.606001794348	0.973973030185	1.96677753869	4.59154212857	4.88066203782	
0.444876317935	0.59506857228	0.966343383042	1.78966152956	5.03130090365	5.87018136995	
0.351482745615	0.66411636637	0.819973585182	1.86276765329	4.75246881795	6.10854876326	
0.346597703394	0.597994278075	0.925576395098	2.02154306992	4.57029360828	5.55731692378	
0.365228083917	0.529388746475	0.892122008916	2.51448217556	4.32328522296	5.64692902316	
0.332834268207	0.475066775554	1.02791795059	2.20505675756	4.6437759844	5.19938097138	
0.399653366026	0.586041781722	0.881428822082	2.28176894102	3.84374332537	6.53823526513	
0.39108616458	0.685989928518	0.867599076831	2.01379798248	4.38141059	5.86815914431	
0.351502297923	0.573593324902	0.871288240493	2.35134313966	4.52689083771	6.13270253937	
0.369011514589	0.607787392412	0.939518074429	1.67484929433	4.05224829784	6.07404926389	
0.377873617253	0.498036243574	0.873843256096	1.83663980081	4.8945776588	5.95769723988	
0.416458007771	0.682264516563	0.868515436041	2.24490825563	4.12633716298	6.34170755183	
0.395652043354	0.568308615025	0.97775154052	2.28200105841	4.64625600478	6.44519616448	
0.425092828851	0.563468560803	0.936254831289	2.24227755674	4.58536454309	5.89400879122	
0.386045679634	0.619936363759	0.954631847558	2.23587312976	4.58433354362	6.04553966099	
0.418790085145	0.589253387435	0.883066282232	2.24302330777	4.26657836018	6.64138074987	
0.437370071148	0.490293261497	0.987027437954	1.72771788787	4.56496577776	6.35492041478	
0.438728302687	0.644409486582	0.967714889106	2.06233408723	4.07321118633	5.80551601882	
0.375474280527	0.675161848366	0.883181125644	2.58430672386	4.61181495946	6.8839772728	
0.451263655599	0.58889638912	0.947910452501	2.46658233978	3.99927089274	5.03915682025	
0.431645527339	0.551023120695	0.855197969789	2.23352758055	4.90149893699	5.69669478864	
0.395429178898	0.560637628343	1.09040668887	2.56322896437	3.92228119485	6.68078010045	
0.394291560483	0.630929627701	0.936169939755	2.398526194	5.27726099696	6.13941076737	
0.4322392078	0.589820569219	1.22207829031	2.1673406922	4.45684610236	6.64733157292	
0.389220049724	0.74874847981	0.788997100253	2.31679736949	4.99302718705	6.11489530854	
0.376377795493	0.572562238128	0.996253522651	1.92529888465	4.27725254896	6.53214892177	
