9	82
1	1	1	1	1	1	1	0	1	1	
0.0883591408596	0.145853463391	0.374234212771	0.524019112791	0.978704892546	1.05013674271	2.46644264961	4.43007948711	5.43621608782	
0.114339358814	0.124288137856	0.405097812267	0.653550288166	0.856981868659	1.37126924032	1.86036052605	4.48983875607	6.59319855649	
0.0982303804962	0.173645989117	0.279902246894	0.555749723949	1.04383531282	1.34737462304	1.93804486695	4.05220365065	5.81999907281	
0.095043701413	0.137724279869	0.401522373584	0.658455473308	0.825744751448	1.46064242312	2.01475628773	4.16757649066	5.61220732755	
0.110919864934	0.148990636233	0.398241575726	0.521981063144	0.904635300227	1.60520130202	2.27626601613	4.23958520496	4.88140706798	
0.0867846850581	0.12562831316	0.4128906475	0.518290421464	0.866909379792	1.25349360508	2.19144367836	5.22126233156	5.96824495835	
0.107430231278	0.151819576656	0.378637077298	0.698429774755	1.05914794937	1.58299949764	2.2924854963	4.82131471989	5.71852432702	
0.109778881994	0.16468401425	0.365727387884	0.639635805817	0.946560479507	1.27304946899	2.61414466107	4.35868008343	6.87653757516	
0.111538477331	0.147380401817	0.400103145353	0.586500859054	0.888832742338	1.30510095851	1.9699556321	5.01265496598	5.85308851367	
0.0818574466193	0.144436303048	0.350136245521	0.596527669018	0.731326269561	1.34471097186	1.97375612968	4.52350612418	6.43478130457	
0.128979658748	0.128118337076	0.322718461788	0.578061317917	0.797999168355	1.36563255181	2.47106137279	4.62094290833	5.35090220735	
0.104438991101	0.164184726039	0.353431800357	0.556291829109	0.928441131504	1.65210129946	2.33595802225	4.51280185774	6.78255745926	
0.0855498292835	0.156202906327	0.347627181526	0.582517274916	0.977071238067	1.29117004354	2.34659993727	4.62054890977	6.84729392087	
0.0912020412586	0.131448524686	0.359275328803	0.614771675051	1.02010717867	1.39013779146	1.72584594469	4.11478026489	5.16053362239	
0.0927238328793	0.142268569044	0.320202987294	0.612633779167	0.759699038196	1.59017638625	1.92506054628	5.07443050241	6.35734101436	
0.094263916026	0.162810429543	0.390340320495	0.686402161382	1.04526478102	1.51247377859	1.89277559032	4.20121007232	5.78790292656	
0.099789411122	0.143750397087	0.420664753466	0.638514383841	0.850403842146	1.47213255451	2.28338329343	4.76106468265	5.9981040881	
0.0894577420225	0.151505668623	0.379095351028	0.612466318497	0.987342050548	1.43986429648	2.47617204184	4.85945131669	5.94151133684	
0.112765166323	0.154756080318	0.454613577305	0.569013318428	0.925813042727	1.65099033226	1.61922927351	4.22008746244	5.35677464966	
0.0903964670163	0.174922588132	0.376267126506	0.618782931161	0.86488797417	1.45911511242	2.11148502238	4.00449869943	5.88127298808	
0.0996609292777	0.145768311337	0.372730281322	0.639932796675	0.985717843273	1.58303938418	2.38161215503	4.25823704481	6.01778242546	
0.0882612485238	0.134402747761	0.37957556601	0.617904885724	1.00445150663	1.49407467376	2.65960638526	4.73241744067	6.13491835094	
0.0946605977776	0.117791451324	0.341466740633	0.60311661179	1.15235158346	1.60795950803	2.18067597063	4.4563166102	6.40975474425	
0.0935288213492	0.132415839549	0.368572964303	0.61555134733	0.859435562768	1.45011493275	2.20699539491	3.93438690628	5.67542494266	
0.104152421877	0.13144840268	0.441769652789	0.488542231691	0.880228685593	1.58002149939	2.26448224579	3.81746635294	6.23658494914	
0.117688282014	0.169597947528	0.412250600619	0.575737221348	0.974151934481	1.35550932778	2.51802564456	4.06109939476	6.26568892951	
0.0917171740405	0.156295730438	0.347514356808	0.597957249749	1.04283908657	1.60129240525	1.90310048736	5.13942094431	6.22230540781	
0.098706351333	0.153728109545	0.442073231715	0.59882609134	1.04571442304	1.60303865894	2.3333128484	4.42538393536	5.82895569491	
0.0984726161107	0.135785038964	0.379081338894	0.56151254104	0.919171830935	1.20338878096	2.07145030916	4.70376817302	6.37214706087	
0.0924361713476	0.177094103652	0.408274575195	0.522074403242	1.01485093385	1.28042954241	2.26525643353	4.42087720375	5.06298934858	
0.0955160638416	0.152607805867	0.369911411698	0.582777934149	0.907024068205	1.43772377618	2.33175324054	4.37039102674	6.65803981407	
0.0982725359116	0.14013307903	0.379896014215	0.550941878488	0.83013518722	1.71735180363	2.00148758552	3.53908159349	5.86323634471	
0.0996741728957	0.150567919617	0.341088440485	0.618005114698	1.07652022877	1.47937195873	2.40320948415	4.47260427473	6.19094619286	
0.0964721434631	0.138132449175	0.424148129105	0.478302223693	0.874392502848	1.3266430939	2.1860301207	4.04585573387	6.0179010042	
0.10801409661	0.133844807591	0.346275533416	0.613510560832	1.07489534908	1.48552131372	2.12830318452	4.64669103144	6.65166000801	
0.101564776968	0.164119343315	0.3791584129	0.523727555556	1.05431120842	1.4917580442	2.16259282029	4.20489575415	6.10379274833	
0.113492564765	0.148185000891	0.352009377224	0.519537147909	0.984182137454	1.23651174587	2.00697962532	4.37298523228	5.34870825833	
0.095717962398	0.154937500804	0.411041277561	0.493571648536	0.918575897033	1.60439990932	1.81406859833	5.05636120221	6.5531408811	
0.0956785068486	0.162613115769	0.406791687911	0.50197396538	1.00257199608	1.45655712598	1.99515785678	4.86263736267	6.33936853949	
0.105683930189	0.15092757204	0.368596278196	0.57941982509	1.00443100633	1.55494207139	2.39161279621	3.2089744802	6.22541315455	
0.0892153645844	0.137196447839	0.360563426176	0.702992024666	0.7455471912	1.27070110584	2.11489862024	4.50076386238	7.20261139679	
0.107172367348	0.153151070203	0.411172949821	0.653584737936	0.719616200851	1.31562745568	1.95392395105	4.67694317807	6.38241108888	
0.121739573321	0.11918914216	0.408893499806	0.588521941016	0.958771748743	1.6654190331	2.27056700952	4.39857896375	5.56735348833	
0.112017183186	0.153757217213	0.392563292551	0.595702204689	0.881839396692	1.49042076969	2.01572163322	4.55440351395	6.60282588933	
0.105696272013	0.146367916089	0.388999530055	0.616706518858	1.09242653305	1.11593243714	1.88678412503	4.62328078707	5.67205459925	
0.121857082715	0.149229917541	0.378744298224	0.632336114595	0.957512365596	1.45103225496	2.15446303528	4.43676808365	6.62105675361	
0.0965860877537	0.150626020331	0.447153040494	0.641289332931	0.944515464447	1.38909192875	1.97265514471	4.80157414435	6.05401608175	
0.0970481998099	0.130470685028	0.399580219026	0.672183463598	0.849526748493	1.51515995079	2.44465224616	4.05728511002	6.1054289266	
0.0984463440375	0.137542562211	0.350622416668	0.53554668765	0.848273134745	1.51959162366	2.52321404401	4.49353283782	6.05273403027	
0.0912607586988	0.139001975317	0.377545077001	0.524274706031	0.847099799958	1.33763000724	2.48210080039	3.97781988658	5.82266789931	
0.107193390996	0.148226678743	0.406983806978	0.562844692905	0.934657299287	1.25217130374	2.09516316699	4.36539785978	6.85217281521	
0.10167264481	0.159825726489	0.396463100939	0.584394839517	0.883646800086	1.25790689094	2.267336076	4.43781169213	5.98415046974	
0.100990020946	0.163116182912	0.334647146136	0.562411413257	0.899100485161	1.46276788919	1.98972798351	4.27889346444	6.03322033907	
0.107979778982	0.150335791698	0.371961196073	0.511312332619	0.924650732585	1.57235899097	2.01626053497	5.15696970277	5.53105444198	
0.109598461693	0.144646939771	0.372789910657	0.589869060157	0.726943349208	1.29073741228	2.15471244591	4.52549136447	5.64080768791	
0.108279698104	0.164038668455	0.376642290064	0.574695401528	0.966413994258	1.40173095695	1.81869109906	4.4467452307	6.45157409482	
0.106737378763	0.140068243157	0.327031005336	0.637264657794	0.907510874273	1.28307086762	2.08978829959	4.67453258263	6.64310827622	
0.103180890915	0.149338105316	0.384482634287	0.674503690097	0.855670360289	1.33943998316	2.20566393431	4.56326645911	6.29201505843	
0.112386669868	0.18273920915	0.352974092511	0.510029154553	0.932203951996	1.45589829288	2.12404158239	4.19655589741	5.57105912853	
0.088202946495	0.142106276268	0.393843339802	0.674016480358	0.881113447329	1.20299666007	2.46503223889	3.85545680508	5.84679560983	
0.104796965111	0.146364515715	0.393221178287	0.587675529849	0.902501289435	1.34150995668	2.59145257544	4.67456818016	6.61918141886	
0.0882990530736	0.141377521744	0.381278476004	0.607070671614	0.807841533039	1.39019210548	2.06610547617	5.00374589704	5.69804110839	
0.0979517216222	0.134675584832	0.406686326011	0.5843301946	0.909938608339	1.56692614984	2.03360000962	4.45861280354	5.58316404766	
0.096598202553	0.154972350976	0.434181774731	0.512187468282	0.900979612446	1.57219881503	2.17202364069	5.44943453561	5.85696470416	
0.100020446725	0.156652139981	0.350958354542	0.631542568972	1.124766572	1.51202978629	1.63391085049	4.33682012276	4.65639807906	
0.0847152775289	0.147062216283	0.356852476415	0.557675951923	0.79445751624	1.39012117011	1.94059951797	5.11291466364	6.16139386621	
0.0955528972257	0.1573253898	0.33926935234	0.578008497911	1.02071716773	1.69487062428	1.57338747263	3.64739210125	5.78924893595	
0.0911837234061	0.160382230406	0.44788216085	0.589773268451	0.98626917893	1.50778657742	1.8108068458	4.92607907484	5.68498301385	
0.094925131474	0.14966958847	0.386358747152	0.5775192732	0.901667904275	1.41980397224	1.68866251777	4.24403722136	6.28120489782	
0.112064710475	0.1594147214	0.367796788793	0.632118316808	0.933235024458	1.38582324848	2.19110403672	4.52762828867	6.14641256421	
0.104828085643	0.144958428656	0.419814462191	0.643809709181	0.962070130076	1.3271078549	2.03864778175	4.50554933047	5.78398388999	
0.0878345784055	0.154611908652	0.345766693903	0.603827865679	0.936680791173	1.38041502888	2.07479065878	3.56254051143	6.02300391944	
0.0983134938315	0.117217030882	0.386838866434	0.657147406956	0.946300475718	1.46527376083	2.3049458048	5.27015216777	5.44853289574	
0.100941472464	0.157725455143	0.409041943763	0.72574653143	0.850054879057	1.46507298287	1.92864037553	4.19426802115	5.7953480137	
0.0915702848074	0.121355369227	0.411928493966	0.661378738967	0.821497907242	1.33577771888	2.15129148479	3.90716948891	6.61914094788	
0.100405800207	0.146726236427	0.417325517213	0.571948072242	0.955863282763	1.62794242588	2.09251651607	4.80160424639	5.55806902657	
0.106261933993	0.14718626935	0.398572285043	0.581559661806	1.00568943048	1.43819218734	2.51049189133	3.97239307424	5.94230438167	
0.099251492038	0.147510674782	0.428234975661	0.632376248925	0.907991973473	1.471368828	2.24699628084	4.8113861129	4.89594173245	
0.0987853905956	0.16002761051	0.387219677804	0.625018864793	0.852732854022	1.68361134774	2.22389174069	4.1478384914	5.75421406725	
0.0988485969798	0.128560186658	0.392216230216	0.659056400509	1.06471422445	1.54935917384	2.29204913076	5.15597622905	5.20510687507	
0.0948335102621	0.125669858532	0.372847534094	0.509978274553	0.889126418812	1.49396260728	2.126201458	5.72957762738	5.88941715157	
0.103844251601	0.158398238957	0.373843525365	0.568154528413	0.76275593076	1.11816271398	2.00916368306	4.11197373592	7.52398642729	
