8665.876420556417	750	4.0	2.8275693741498356	450283	2827.5693741498358	-11.408548308844292
8666.70902095294	300	7.167399603477153	0.0	155580	832.600396522847	-0.15000000000000002
8667.424271994534	300	10.452148561881389	0.0	139857	715.2510415957636	0.3
8668.081190725174	300	13.79522983124204	0.0	155432	656.918730639351	0.3
8670.228430244311	750	15.647990312104682	0.0	411561	2147.2395191373585	0.3
8679.040015567933	1200	10.836404988483165	0.0	520315	8811.585323621515	0.75
8685.752979567073	750	8.123440989341569	0.0	352642	6712.963999141596	0.3
8688.309693151765	300	9.566727404651092	0.0	173849	2556.713584690477	-0.15000000000000002
8691.162105181984	300	10.714315374430775	0.0	150710	2852.4120302203182	0.3
8695.633599214181	300	10.242821342234832	0.0	139105	4471.494032195942	0.3
8699.958484333307	300	9.917936223109074	0.0	141840	4324.88511912576	0.3
8703.734161630411	300	10.142258926005233	0.0	156148	3775.677297103839	0.3
8707.172650459992	300	10.703770096424732	0.0	160746	3438.4888295805017	0.3
8710.281968797934	300	11.594451758483116	0.0	179801	3109.3183379416178	0.3
8712.92444672417	300	12.951973832248212	0.0	140051	2642.4779262349048	0.3
8715.629209556682	300	14.247210999735456	0.0	138313	2704.7628325127544	0.3
8718.64747831297	300	15.22894224344643	0.0	143509	3018.2687562890283	0.3
8722.35893740528	300	15.517483151137059	0.0	150616	3711.459092309369	0.3
8726.09148306985	300	15.784937486568186	0.0	165384	3732.5456645688737	0.3
8728.600800195445	300	17.275620360974436	0.0	140881	2509.3171255937477	0.3
8731.336821416839	300	18.539599139580858	0.0	157671	2736.021221393578	0.3
8734.344835589247	300	19.531584967172535	0.0	157812	3008.0141724083255	0.3
8737.363388335818	300	20.513032220600795	0.0	163927	3018.55274657174	0.3
8740.655298263222	300	21.221122293197745	0.0	137654	3291.909927403047	0.3
8745.501596606857	300	20.37482394956412	0.0	146754	4846.298343633625	0.3
8748.995903651841	300	20.880516904578453	0.0	153938	3494.307044985667	0.3
8750.6692559378	300	23.207164618618915	0.0	181901	1673.3522859595394	0.3
8751.663017967792	300	26.213402588627243	0.0	111155	993.7620299916724	0.3
8753.077581750409	300	28.798838806010075	0.0	153605	1414.563782617168	0.3
8756.721745865905	750	29.15467469051461	0.0	400508	3644.1641154954646	0.3
8763.162915878667	1200	26.713504677753964	0.0	570392	6441.170012760645	0.75
8770.456609501938	1200	23.41981105448403	0.0	620283	7293.693623269936	1.2
8773.134103470187	750	24.742317086233488	0.0	369834	2677.4939682505396	0.3
8775.771148696505	750	26.105271859917494	0.0	412837	2637.0452263159923	0.75
8782.270976208258	1200	23.605444348164493	0.0	690253	6499.827511753001	0.75
8793.624933874062	1200	16.25148668236109	0.0	598727	11353.957665803402	1.2
8798.593813746005	750	15.282606810418056	0.0	321064	4968.879871943034	0.3
8799.840173704317	300	18.03624685210604	0.0	124011	1246.3599583120167	-0.15000000000000002
8801.223735264091	300	20.65268529233274	0.0	144254	1383.5615597732979	0.3
8804.762956674222	750	21.113463882202414	0.0	390680	3539.2214101303302	0.3
8806.513243753583	750	23.363176802841572	0.0	345516	1750.2870793608408	0.75
8809.243405203044	750	24.63301535338024	0.0	384505	2730.16144946133	0.75
8811.95607113601	1200	25.920349420413707	0.0	599477	2712.6659329665354	0.75
8821.025735548532	1200	20.850685007892288	0.0	634861	9069.664412521417	1.2
8832.095105810138	1200	13.781314746287373	0.0	630203	11069.370261604914	1.2
8836.084724685505	300	13.79169587091937	0.0	160064	3989.618875368003	-0.6000000000000001
8840.731191504778	300	13.14522905164617	0.0	137507	4646.466819273199	0.3
8843.943355955515	300	13.933064600908997	0.0	118421	3212.164450737174	0.3

