19105.878997211417	750	4.0	5.8396300502769165	450283	5839.630050276916	-24.36040921619074
19108.119215587165	300	5.759781624254254	0.0	155580	2240.2183757457465	-0.15000000000000002
19111.26144288176	750	6.617554329655255	0.0	350812	3142.227294598999	0.3
19114.645398798846	750	7.233598412571884	0.0	382355	3383.9559170833704	0.75
19118.751012619083	750	7.127984592334405	0.0	411561	4105.613820237479	0.75
19121.711681560693	750	8.16731565072649	0.0	318564	2960.668941607916	0.75
19127.090083786414	1200	6.7889134250033445	0.0	561791	5378.4022257231445	0.75
19134.445053943917	1200	4.0	0.5660567325008861	709534	7354.970157504231	-1.2340439497538098
19136.231898192487	300	6.213155751429278	0.0	150710	1786.844248570722	-0.6000000000000001
19137.481721478463	300	8.963332465453773	0.0	139105	1249.8232859755062	0.3
19138.568423156106	300	11.876630787810033	0.0	141840	1086.7016776437392	0.3
19142.196574512836	750	12.248479431080286	0.0	405134	3628.151356729745	0.3
19147.449829092428	750	10.995224851486773	0.0	386351	5253.254579593513	0.75
19150.159831831686	300	12.285222112227165	0.0	179801	2710.002739259608	-0.15000000000000002
19152.18403300829	300	14.261020935624035	0.0	140051	2024.20117660313	0.3
19153.778331942518	300	16.666722001393822	0.0	138313	1594.2989342302153	0.3
19158.718158284268	750	15.726895659642079	0.0	360831	4939.826341751742	0.3
19160.623013849257	300	17.822040094651328	0.0	150616	1904.8555649907496	-0.15000000000000002
19162.31354007888	300	20.13151386502587	0.0	165384	1690.526229625459	0.3
19167.891195070133	750	18.553858873773585	0.0	350713	5577.654991252285	0.3
19169.476886997134	300	20.968166946772826	0.0	157671	1585.6919270007593	-0.15000000000000002
19171.482284807673	300	22.962769136233305	0.0	157812	2005.3978105395192	0.3
19176.860578226813	750	21.584475717096698	0.0	401853	5378.293419136609	0.3
19179.367635139683	300	23.07741880422718	0.0	137654	2507.056912869519	-0.15000000000000002
19181.84337625734	300	24.601677686566852	0.0	146754	2475.741117660327	0.3
19183.781848317914	300	26.663205625992948	0.0	153938	1938.4720605739035	0.3
19186.626725607737	750	27.8183283361688	0.0	425781	2844.877289824149	0.3
19188.765461545743	750	29.67959239816355	0.0	277716	2138.7359380052517	0.75
19191.734822472867	750	30.71023147104011	0.0	400396	2969.3609271234363	0.75
19196.27231482786	1200	30.172739116046117	0.0	641447	4537.492354993996	0.75
19200.28401108543	1200	30.161042858474662	0.0	570392	4011.6962575714515	1.2
19204.903839865587	1200	29.54121407832013	0.0	620283	4619.828780154529	1.2
19209.250334978315	1200	29.194718965592926	0.0	584349	4346.495112727208	1.2
19214.4027923028	1200	28.04226164110538	0.0	670129	5152.457324487547	1.2
19220.585845441405	1200	25.85920850250277	0.0	690253	6183.053138602608	1.2
19228.147047383005	1200	22.298006560899708	0.0	598727	7561.2019416030635	1.2
19232.52633986303	1200	21.91871408087491	0.0	487812	4379.292480024795	1.2
19236.44528253657	1200	21.999771407338006	0.0	575591	3918.9426735369057	1.2
19240.96916477291	1200	21.475889171000368	0.0	605884	4523.88223633764	1.2
19246.729152383716	1200	19.7159015601937	0.0	587506	5759.987610806669	1.2
19252.662472978383	1200	17.782580965523678	0.0	566904	5933.320594670021	1.2
19258.530636409192	1200	15.914417534713175	0.0	641452	5868.163430810502	1.2
19264.345040593267	1200	14.100013350640635	0.0	599477	5814.404184072541	1.2
19269.964009607553	1200	12.481044336354989	0.0	634861	5618.969014285644	1.2
19277.068910512848	1200	9.376143431062395	0.0	630203	7104.900905292595	1.2
19288.14393075254	1200	4.0	1.6988768086281434	638661	11075.020239690539	-6.105170277101016
19290.023428066088	300	6.120502686448555	0.0	137507	1879.4973135514442	-0.6000000000000001
19293.052761015108	750	7.09116973743342	0.0	314107	3029.332949015136	0.3

