360.0942433562522	750	4.0	1.8710689380755445	450283	1871.0689380755446	-7.295596433724841
360.7624143863167	300	7.331828969935454	0.0	155580	668.1710300645457	-0.15000000000000002
364.6672855218585	2850	7.426957834393702	0.0	1300868	3904.871135541752	0.30000000000000027
368.733488650734	2850	7.3607547055182	0.0	1520281	4066.203128875502	2.85
375.1237701786815	2850	4.970473177570671	0.0	1472558	6390.281527947529	2.85
376.21861272477213	750	7.875630631480044	0.0	318564	1094.8425460906271	-1.35
380.41297338458423	2850	7.681269971667945	0.0	1388403	4194.3606598121	0.75
383.16033653387916	1850	8.933906822372998	0.0	1060487	2747.3631492949453	0.8500000000000001
386.03925769264566	1850	10.054985663606512	0.0	852833	2878.921158766487	1.85
388.04531902066583	1200	12.04892433558631	0.0	560821	2006.061328020201	0.5499999999999999
391.07970667565286	1850	13.014536680599278	0.0	939819	3034.387654987033	1.2000000000000002
392.76101376160887	1200	15.333229594643287	0.0	594078	1681.3070859559914	0.5499999999999999
395.4201473518472	1850	16.67409600440492	0.0	946851	2659.1335902383653	1.2000000000000002
399.06893412745643	1850	17.025309228795653	0.0	1036454	3648.7867756092687	1.85
400.9495045483092	1200	19.144738807942893	0.0	526950	1880.5704208527598	0.5499999999999999
404.4715410956018	1850	19.622702260650293	0.0	923170	3522.0365472925987	1.2000000000000002
407.0387649037599	1200	21.055478452492196	0.0	617242	2567.2238081580986	0.5499999999999999
409.745020409717	1200	22.349222946535054	0.0	581493	2706.2555059571428	1.2
412.3852508772696	1200	23.70899247898242	0.0	639204	2640.2304675526325	1.2
414.8337121824699	1200	25.26053117378214	0.0	586839	2448.4613052002833	1.2
417.80576053860005	1200	26.288482817651992	0.0	601738	2972.048356130148	1.2
422.9464030588054	1200	25.14784029744665	0.0	616206	5140.642520205342	1.2
427.30385090992627	750	24.790392446325747	0.0	401853	4357.447851120901	0.3
428.1704471490813	750	27.923796207170707	0.0	343800	866.5962391550372	0.75
431.2018411256645	750	28.892402230587535	0.0	359903	3031.393976583172	0.75
437.28015199742345	750	26.814091358828552	0.0	379700	6078.310871758987	0.75
441.0696994237661	750	27.02454393248588	0.0	425781	3789.5474263426686	0.75
444.947362637525	1200	27.146880718727015	0.0	487160	3877.6632137588686	0.75
450.6971043140106	1200	25.397139042241353	0.0	622896	5749.741676485659	1.2
456.0129819012495	1200	24.08126145500243	0.0	641447	5315.877587238924	1.2
461.5189016451373	1200	22.57534171111467	0.0	570392	5505.919743887761	1.2
467.34922396505294	1200	20.745019391199037	0.0	620283	5830.322319915634	1.2
474.31724821040143	1200	17.77699514585053	0.0	584349	6968.0242453485025	1.2
477.90495255273305	750	18.18929080351892	0.0	412837	3587.704342331612	0.3
483.1656341674907	1200	16.928609188761293	0.0	690253	5260.681614757623	0.75
487.9595314416643	1200	16.134711914587687	0.0	598727	4793.897274173606	1.2
491.81524081419303	1200	16.279002542058972	0.0	487812	3855.7093725287145	1.2
496.50740971738423	1200	15.586833638867745	0.0	575591	4692.168903191227	1.2
501.2680746207502	1200	14.826168735501781	0.0	605884	4760.664903365963	1.2
505.94490778550215	1200	14.14933557074987	0.0	587506	4676.8331647519135	1.2
511.5382445786768	1200	12.555998777575187	0.0	566904	5593.336793174681	1.2
517.9665045473345	1200	10.12773880891758	0.0	641452	6428.259968657606	1.2
521.8423008540087	1200	10.251942502243255	0.0	599477	3875.796306674324	1.2
526.2789519477366	1200	9.815291408515485	0.0	634861	4436.65109372777	1.2
530.8481821997842	1200	9.24606115646778	0.0	630203	4569.230252047704	1.2
535.9952674170654	1200	8.098975939186507	0.0	638661	5147.085217281273	1.2
540.0583413623574	1200	8.035901993894603	0.0	538612	4063.0739452919042	1.2
544.9242348965792	1200	7.170008459672783	0.0	550906	4865.89353422182	1.2

