7580.3171043242255	750	4.0	2.752351768226307	450283	2752.351768226307	-11.085112603373119
7581.337004102919	300	6.980100221306277	0.0	155580	1019.8997786937232	-0.15000000000000002
7584.0196324495655	750	8.297471874660053	0.0	350812	2682.6283466462255	0.3
7586.002470632991	750	10.314633691233482	0.0	382355	1982.8381834265701	0.75
7586.89544215316	750	13.421662171066004	0.0	411561	892.971520167478	0.75
7592.972054105556	1200	11.34505021866997	0.0	520315	6076.611952396032	0.75
7597.16038720857	750	11.156717115655706	0.0	352642	4188.333103014265	0.3
7599.769180134922	300	12.547924189303249	0.0	173849	2608.7929263524575	-0.15000000000000002
7601.299821097185	300	15.017283227040844	0.0	150710	1530.6409622624044	0.3
7603.845330298025	750	16.471774026200816	0.0	362795	2545.5092008400284	0.3
7607.256023652124	750	17.061080672102108	0.0	353220	3410.693354098708	0.75
7609.466060436441	300	18.85104388778563	0.0	156148	2210.0367843164763	-0.15000000000000002
7615.024817492911	750	17.29228683131545	0.0	386351	5558.757056470179	0.3
7617.724423970191	300	18.592680354034705	0.0	179801	2699.606477280743	-0.15000000000000002
7619.459346215514	750	20.857758108711582	0.0	337059	1734.9222453231225	0.3
7620.772183548748	750	23.544920775477394	0.0	366214	1312.8373332341905	0.75
7622.492995555969	750	25.824108768257158	0.0	360831	1720.812007220231	0.75
7626.5894107330905	1200	25.727693591135488	0.0	581493	4096.415177121669	0.75
7631.6226236066295	1200	24.69448071759668	0.0	639204	5033.21287353881	1.2
7639.074335760208	1850	21.24276856401826	0.0	923755	7451.712153578418	1.2000000000000002
7647.463510918068	1200	16.85359340615833	0.0	601738	8389.175157859932	0.5499999999999999
7649.9435416131455	750	18.373562711080552	0.0	399894	2480.0306950777776	0.3
7655.361580378332	750	16.95552394589386	0.0	401853	5418.038765186692	0.75
7659.538643445977	750	16.778460878248623	0.0	343800	4177.0630676452365	0.75
7663.79793785947	750	16.51916646475553	0.0	359903	4259.294413493093	0.75
7666.200049126861	300	18.117055197364827	0.0	153938	2402.1112673907	-0.15000000000000002
7669.232046147916	300	19.085058176310184	0.0	181901	3031.9970210546458	0.3
7671.379249827579	750	20.937854496646846	0.0	277716	2147.2036796633356	0.3
7675.974006478125	750	20.343097846100672	0.0	400396	4594.7566505461755	0.75
7678.525751317551	750	21.791353006674775	0.0	400508	2551.744839425895	0.75
7681.318911785647	750	22.998192538579037	0.0	358218	2793.160468095737	0.75
7683.974683388509	750	24.342420935717083	0.0	400322	2655.771602861953	0.75
7688.077473851233	1200	24.23963047299281	0.0	584349	4102.7904627242715	0.75
7694.076447721276	1200	22.240656602949194	0.0	670129	5998.973870043617	1.2
7699.878045511085	1200	20.43905881314107	0.0	690253	5801.5977898081255	1.2
7704.225308891312	1200	20.09179543291309	0.0	598727	4347.263380227978	1.2
7709.105703460306	1200	19.211400863919224	0.0	487812	4880.394568993865	1.2
7713.5978208241	1200	18.719283500124945	0.0	575591	4492.117363794282	1.2
7716.661554378958	750	19.655549945268536	0.0	378327	3063.733554856407	0.3
7720.435728131218	1200	19.881376193008368	0.0	587506	3774.173752260168	0.75
7724.94054229743	1200	19.37656202679725	0.0	566904	4504.814166211121	1.2
7730.012490779843	750	18.304613544384384	0.0	384505	5071.948482412864	0.3
7733.172722933263	750	19.144381390964504	0.0	372093	3160.232153419883	0.75
7737.5265461340605	750	18.790558190166813	0.0	438281	4353.823200797693	0.75
7741.0239664588225	750	19.29313786540438	0.0	398987	3497.4203247624323	0.75
7744.842160780453	750	19.47494354377415	0.0	393804	3818.1943216302307	0.75
7749.19746313038	750	19.119641193847603	0.0	331053	4355.3023499265455	0.75
7756.163574156451	750	16.153530167776893	0.0	314107	6966.111026070708	0.75

