3403.4732997961332	750	4.0	1.8710689380755445	450283	1871.0689380755446	0.004705182	-7.295596433724841
3405.7556773292263	1200	5.717622466907082	0.0	611087	2282.3775330929175	0.10552149	0.75
3407.3224021135015	1200	8.150897682631955	0.0	571051	1566.724784275127	0.04223816	1.2
3408.999115962767	1200	10.474183833366252	0.0	617681	1676.7138492657034	0.004705182	1.2
3410.7148944342753	1200	12.758405361858378	0.0	652874	1715.7784715078733	0.004705182	1.2
3412.2624403935774	1200	15.210859402556208	0.0	520315	1547.545959302169	0.004705182	1.2
3414.0797723346936	1200	17.39352746144029	0.0	561791	1817.33194111592	0.004705182	1.2
3417.679607356414	1200	17.793692439719468	0.0	709534	3599.8350217208194	0.004705182	1.2
3420.025157070571	1200	19.448142725562665	0.0	584846	2345.5497141568003	0.004705182	1.2
3421.714582679084	1200	21.758717117049798	0.0	560821	1689.4256085128677	0.004705182	1.2
3423.697272136281	1200	23.77602765985324	0.0	607410	1982.6894571965572	0.004705182	1.2
3425.266815171098	1200	26.206484625035475	0.0	594078	1569.5430348177667	0.007519301	1.2
3426.936933193297	1200	28.536366602836544	0.0	624282	1670.1180221989314	0.09200548	1.2
3429.2175067876797	1200	30.255793008454233	0.0	687371	2280.573594382308	0.08833689	1.2
3431.1424886941645	1200	32.33081110196926	0.0	526950	1924.9819064849712	0.19641188	1.2
3433.1587745443635	1200	34.314525251770405	0.0	587876	2016.2858501988596	0.09333687	1.2
3435.112240347519	1200	36.36105944861493	0.0	617242	1953.46580315548	0.22519226	1.2
3438.827015914066	2850	36.646283882067785	0.0	1358801	3714.7755665471464	0.6308704	1.2000000000000002
3444.134628827899	2850	35.33867096823478	0.0	1537156	5307.612913833008	0.004705182	2.85
3449.321592542632	2850	34.151707253502146	0.0	1336050	5186.963714732632	0.004705182	2.85
3455.329693817783	2850	32.14360597835119	0.0	1415116	6008.1012751509525	0.004705182	2.85
3462.151895142832	2850	29.321404653302707	0.0	1468126	6822.201325048483	0.004705182	2.85
3473.2562119225263	2850	22.217087873608186	0.0	1505760	11104.316779694522	0.004994716	2.85
3481.2616241995	1200	18.211675596634233	0.0	536667	8005.412276973956	0.008439779	-0.44999999999999996
3484.299456427526	750	19.173843368608722	0.0	359903	3037.83222802551	0.524304	0.3
3487.3705534658247	750	20.10274633030969	0.0	379700	3071.097038299036	0.1281853	0.75
3491.3871123583913	750	20.086187437742986	0.0	425781	4016.558892566703	0.0626841	0.75
3493.775073052072	750	21.698226744062513	0.0	277716	2387.9606936804685	0.013739722	0.75
3497.085864817847	750	22.387434978287562	0.0	400396	3310.7917657749535	0.0079345275	0.75
3500.4080592139962	750	23.06524058213834	0.0	400508	3322.194396149221	0.0062169405	0.75
3504.091169527118	750	23.382130269016724	0.0	358218	3683.1103131216164	0.008695523	0.75
3507.6347032039516	750	23.838596592183492	0.0	400322	3543.533676833231	0.004705182	0.75
3511.7165931289205	750	23.75670666721463	0.0	369834	4081.889924968866	0.0069450885	0.75
3516.8958865408026	750	22.57741325533259	0.0	412837	5179.293411882037	0.004705182	0.75
3520.433693850128	750	23.03960594600706	0.0	401088	3537.8073093255284	0.004705182	0.75
3523.3674765282562	750	24.10582326787867	0.0	365161	2933.7826781283907	0.007838079	0.75
3525.7649317144596	750	25.708368081675143	0.0	321064	2397.455186203526	0.057888582	0.75
3528.7428090529143	750	26.73049074322033	0.0	361565	2977.8773384548144	0.2995967	0.75
3531.7701004926193	750	27.70319930351525	0.0	378327	3027.2914397050777	0.4314543	0.75
3534.873582766181	750	28.599717029953784	0.0	390680	3103.48227356147	0.6961909	0.75
3537.829477339746	750	29.64382245638881	0.0	345516	2955.894573564971	0.43622652	0.75
3542.9018374699763	1200	28.57146232615831	0.0	641452	5072.360130230501	0.23956639	0.75
3547.743654976547	1200	27.729644819587268	0.0	599477	4841.817506571043	0.004705182	1.2
3553.230322903638	1200	26.24297689249657	0.0	634861	5486.667927090698	0.004705182	1.2
3559.7610106728584	1200	23.712289123276015	0.0	630203	6530.687769220554	0.004705182	1.2
3564.610328207581	1200	22.862971588553506	0.0	638661	4849.317534722507	0.006399276	1.2
3568.0086320929245	1200	23.46466770320985	0.0	538612	3398.3038853436537	0.004705182	1.2
3572.087987983194	1200	23.385311812939914	0.0	550906	4079.3558902699365	0.068598166	1.2

