10618.77486178571	750	4.0	1.7282306058808998	450283	1728.2306058809	0.056002647	-6.681391605287869
10620.569054070229	750	6.205807715481606	0.0	398865	1794.1922845183947	0.19984187	0.75
10622.32009822589	750	8.454763559820275	0.0	350812	1751.0441556613293	0.45788208	0.75
10624.940361586507	1200	9.834500199203397	0.0	617681	2620.263360616879	0.5922957	0.75
10627.146064523662	1200	11.628797262048923	0.0	652874	2205.702937154475	0.012598977	1.2
10628.243244711564	1200	14.531617074145624	0.0	520315	1097.1801879032994	0.004705182	1.2
10629.324994715242	1200	17.449867070469	0.0	561791	1081.7500036766232	0.004705182	1.2
10630.738782805774	1200	20.03607897993683	0.0	709534	1413.7880905321713	0.004705182	1.2
10632.148081119505	1200	22.626780666205903	0.0	584846	1409.2983137309254	0.07512178	1.2
10633.472281088776	1200	25.30258069693521	0.0	560821	1324.1999692706966	0.14302006	1.2
10634.840782866579	1200	27.934078919134077	0.0	607410	1368.5017778011327	0.61208	1.2
10638.108997523304	2850	28.66586426240874	0.0	1519951	3268.2146567253376	0.2934445	1.2000000000000002
10640.671095897604	2850	30.10376588810945	0.0	1422919	2562.098374299289	0.028835276	2.85
10643.673612051556	2850	31.101249734157303	0.0	1578343	3002.516153952147	0.17206056	2.85
10646.041696180448	2850	32.73316560526476	0.0	1231445	2368.0841288925485	0.2808893	2.85
10649.197013035833	2850	33.57784874987901	0.0	1471065	3155.3168553857417	0.20041104	2.85
10652.58756257409	2850	34.18729921162236	0.0	1491626	3390.5495382566496	0.051220927	2.85
10656.249532367052	2850	34.52532941866087	0.0	1358801	3661.969792961497	0.043602534	2.85
10660.358253803146	2850	34.416607982567996	0.0	1537156	4108.721436092871	0.010926866	2.85
10663.530663044532	2850	35.24419874118123	0.0	1336050	3172.4092413867697	0.006910558	2.85
10667.340065221551	2850	35.43479656416151	0.0	1415116	3809.4021770197205	0.011672402	2.85
10671.665621170212	2850	35.10924061550219	0.0	1468126	4325.555948659319	0.0048892996	2.85
10675.31746361872	2850	35.4573981669937	0.0	1505760	3651.8424485084897	0.004705182	2.85
10678.140191283359	2850	36.634670502354524	0.0	1323990	2822.72766463918	0.004705182	2.85
10684.088392108933	2850	34.6864696767793	0.0	1383735	5948.200825575219	0.0049149776	2.85
10688.820846354247	2850	33.95401543146753	0.0	1480464	4732.4542453117765	0.004705182	2.85
10692.194387401556	2850	34.58047438415713	0.0	1547572	3373.541047310406	0.004705182	2.85
10694.951665895387	2850	35.823195890325444	0.0	1141971	2757.278493831679	0.004705182	2.85
10698.094293798302	2850	36.68056798741067	0.0	1498470	3142.6279029147663	0.004705182	2.85
10701.310256066436	2850	37.464605719276754	0.0	1561263	3215.9622681339147	0.0064047356	2.85
10704.080412621553	2850	38.69444916415933	0.0	1341201	2770.156555117431	0.010115916	2.85
10707.339383806968	2850	39.435477978745716	0.0	1497683	3258.971185413608	0.030116513	2.85
10711.700282721775	2850	39.07457906393991	0.0	1358081	4360.898914805814	0.042318158	2.85
10716.420258849412	2850	38.3546029363019	0.0	1587293	4719.976127638001	0.0063534854	2.85
10719.541690177406	2850	39.23317160830852	0.0	1492672	3121.431327993386	0.0072616735	2.85
10723.451748560348	2850	39.32311322536446	0.0	1439896	3910.058382944059	0.11801792	2.85
10726.452450268365	2850	40.32241151734773	0.0	1139291	3000.7017080167243	0.45692742	2.85
10733.294592287893	4300	37.4802694978185	0.0	2147467	6842.142019529239	0.47646698	2.8499999999999996
10742.928003885934	4300	31.846857899777927	0.0	2133870	9633.41159804057	0.010652199	4.3
10750.432540794784	4300	28.34232099092802	0.0	2146120	7504.536908849908	0.5738544	4.3
10755.90333762581	4300	26.87152415990142	0.0	2108491	5470.7968310266015	0.2949356	4.3
10771.871264112457	4300	14.903597673255756	0.0	2184571	15967.926486645663	0.012614432	4.3
10777.614540180539	2850	13.160321605172104	0.0	1343002	5743.276068083651	0.17599268	1.4000000000000001
10782.412703095542	2850	12.36215869016913	0.0	1587250	4798.162915002975	0.006101415	2.85
10785.279932664784	2850	13.494929120927077	0.0	1464921	2867.2295692420516	0.004705182	2.85
10788.61814391311	2850	14.15671787260066	0.0	1483527	3338.2112483264173	0.0055582603	2.85
10791.163817788432	2850	15.61104399727724	0.0	1231456	2545.6738753234204	0.25266862	2.85
10793.773667949054	2850	17.001193836655435	0.0	1364537	2609.8501606218056	0.48295444	2.85

