16705.90039430938	750	4.0	3.383176362969059	450283	3383.176362969059	1.3231189	-13.797658360766953
16708.025726246586	300	5.874668062799087	0.0	155580	2125.331937200913	0.4706226	-0.15000000000000002
16710.365969294828	300	7.534425014556251	0.0	139857	2340.2430482428354	0.50733995	0.3
16712.194015043522	300	9.706379265862852	0.0	155432	1828.0457486933983	0.5708869	0.3
16715.180181209693	750	10.72021309968972	0.0	411561	2986.1661661731314	1.1013724	0.3
16716.09821181776	300	13.802182491625972	0.0	126289	918.0306080637488	1.220242	-0.15000000000000002
16717.155840349264	300	16.74455396012248	0.0	153295	1057.6285315034936	1.1981429	0.3
16718.596012123002	300	19.304382186381275	0.0	173849	1440.1717737412077	1.2101805	0.3
16719.87221380217	300	22.028180507216643	0.0	150710	1276.2016791646297	1.2208279	0.3
16722.80256176517	750	23.097832544215045	0.0	362795	2930.347963001596	1.2317667	0.3
16724.09305966015	300	25.8073346492335	0.0	141840	1290.4978949815445	1.293916	-0.15000000000000002
16729.507671266085	1200	24.392723043301327	0.0	594078	5414.611605932171	1.2353874	0.29999999999999993
16735.58765264438	750	22.31274166500688	0.0	386351	6079.981378294451	1.3079339	0.3
16739.029061214158	750	22.871333095228696	0.0	434409	3441.408569778182	1.2040856	0.75
16742.701723561768	1200	23.19867074761499	0.0	526950	3672.6623476137065	1.2754332	0.75
16746.562210250737	1200	23.33818405864968	0.0	587876	3860.4866889653103	1.3387438	1.2
16751.56772601142	1200	22.332668297963675	0.0	617242	5005.515760686004	1.3471246	1.2
16754.458380129905	750	23.442014179479358	0.0	372963	2890.6541184843177	1.3380111	0.3
16755.49171914863	300	26.408675160754044	0.0	165384	1033.3390187253128	1.2883699	-0.15000000000000002
16757.57736779356	750	28.323026515821926	0.0	350713	2085.6486449321164	1.2663604	0.3
16760.2194330552	750	29.680961254184577	0.0	386472	2642.065261637348	1.3793241	0.75
16762.97198732369	750	30.928406985694235	0.0	399894	2752.554268490345	1.361963	0.75
16769.54580162578	1850	28.354592683603375	0.0	968026	6573.814302090859	1.3654773	0.75
16775.56594268795	1850	26.33445162143401	0.0	874175	6020.141062169367	1.4601594	1.85
16782.09219701945	1850	23.808197289934714	0.0	897976	6526.254331499297	1.4345934	1.85
16791.84658095678	1850	18.05381335260723	0.0	905935	9754.383937327488	1.4000646	1.85
16799.780719612572	1200	14.119674696814505	0.0	696376	7934.138655792723	1.2504783	0.5499999999999999
16800.67664985749	300	17.22374445189558	0.0	111155	895.9302449189225	1.2161434	-0.6000000000000001
16801.824239441266	300	20.076154868117346	0.0	153605	1147.5895837782393	1.2061658	0.3
16809.247378099648	1850	16.653016209737622	0.0	975811	7423.138658379721	1.2369668	0.30000000000000004
16814.26251167183	1200	15.637882637553933	0.0	570392	5015.133572183692	1.3298961	0.5499999999999999
16820.459758886067	750	13.440635423318767	0.0	400322	6197.247214235166	1.2790959	0.3
16823.903116091893	750	13.997278217490871	0.0	369834	3443.357205827896	1.1737937	0.75
16828.515557787832	1200	13.384836521549314	0.0	670129	4612.4416959415585	1.2121807	0.75
16833.166491378124	1200	12.733902931257989	0.0	690253	4650.933590291325	1.2494043	1.2
16836.032758318786	750	13.867635990596439	0.0	365161	2866.2669406615505	1.2529613	0.3
16840.08116874053	1200	13.819225568853884	0.0	487812	4048.4104217425543	1.2884338	0.75
16843.47538452285	1200	14.425009786530124	0.0	575591	3394.2157823237617	1.278297	1.2
16849.612629523057	1850	12.287764786324674	0.0	908665	6137.2450002054475	1.3258828	1.2000000000000002
16853.52967761951	1200	12.370716689871013	0.0	587506	3917.048096453662	1.2754399	0.5499999999999999
16854.61897425535	300	15.281420054031061	0.0	147968	1089.2966358399524	1.2877163	-0.6000000000000001
16855.872121594275	300	18.02827271510462	0.0	161857	1253.147338926439	1.2873613	0.3
16860.063326986474	1200	17.83706732290705	0.0	599477	4191.20539219757	1.3243221	0.29999999999999993
16863.284588353752	750	18.61580595562762	0.0	438281	3221.261367279427	1.3615259	0.3
16867.78837578071	1200	18.112018528669875	0.0	630203	4503.787426957742	1.3686185	0.75
16878.13711232961	1850	11.763281979769419	0.0	982064	10348.736548900457	1.3716913	1.2000000000000002
16882.88834464515	750	11.012049664228533	0.0	331053	4751.232315540888	1.2076967	-0.3500000000000001
16885.727584256052	750	12.172810053324083	0.0	314107	2839.23961090445	1.1657617	0.75

