18488.892124531383	750	4.0	7.947206251782381	450283	7947.2062517823815	0.5	-33.42298688266424
18491.650517055554	300	5.241607475832228	0.0	155580	2758.392524167771	0.5	-0.15000000000000002
18494.817565697536	300	6.07455883384848	0.0	139857	3167.048641983749	0.5	0.3
18499.343444690017	300	5.548679841364558	0.0	155432	4525.878992483921	0.5	0.3
18502.05788470933	300	6.834239822051922	0.0	163442	2714.4400193126367	0.5	0.3
18504.599113117794	300	8.293011413587552	0.0	126289	2541.2284084643697	0.5	0.3
18507.84033456136	300	9.051789970024087	0.0	153295	3241.2214435634646	0.5	0.3
18511.22471670548	300	9.667407825900725	0.0	173849	3384.3821441233636	0.5	0.3
18514.007198009782	300	10.88492652160276	0.0	150710	2782.481304297964	0.5	0.3
18517.42259122863	300	11.469533302755298	0.0	139105	3415.39321884746	0.5	0.3
18522.008453965358	300	10.883670566026595	0.0	141840	4585.862736728704	0.5	0.3
18526.29182528614	300	10.600299245246603	0.0	156148	4283.371320779992	0.5	0.3
18531.412026932885	300	9.48009759850249	0.0	160746	5120.2016467441135	0.5	0.3
18536.40747697285	300	8.484647558536341	0.0	179801	4995.4500399661465	0.5	0.3
18539.61738394345	300	9.274740587940252	0.0	140051	3209.9069705960896	0.5	0.3
18541.909421844364	300	10.982702687027935	0.0	138313	2292.037900912317	0.5	0.3
18543.392983906408	300	13.499140624984948	0.0	143509	1483.5620620429872	0.5	0.3
18545.373028868024	300	15.51909566336796	0.0	150616	1980.0449616169876	0.5	0.3
18548.5530525398	300	16.339071991592878	0.0	165384	3180.0236717750818	0.5	0.3
18551.524091337502	300	17.36803319389052	0.0	140881	2971.0387977023593	0.5	0.3
18554.790035521975	300	18.102089009415828	0.0	157671	3265.9441844746907	0.5	0.3
18557.84575592483	300	19.04636860655997	0.0	157812	3055.7204028558604	0.5	0.3
18560.553951265956	300	20.338173265434783	0.0	163927	2708.1953411251857	0.5	0.3
18562.165489468105	300	22.726635063288555	0.0	137654	1611.5382021462294	0.5	0.3
18563.706283267034	300	25.1858412643585	0.0	146754	1540.793798930055	0.5	0.3
18565.184982618845	300	27.707141912550142	0.0	153938	1478.6993518083589	0.5	0.3
18569.104827398714	750	27.78729713268073	0.0	425781	3919.8447798694124	0.5	0.3
18571.798871453535	750	29.09325307786046	0.0	277716	2694.0440548202714	0.5	0.75
18579.516404459584	1200	25.37572007181203	0.0	622896	7717.533006048431	0.5	0.75
18587.492660820906	1200	21.399463710491325	0.0	641447	7976.256361320706	0.5	1.2
18596.082234383775	1200	16.80989014762089	0.0	570392	8589.573562870433	0.5	1.2
18600.215635374916	750	16.676489156483022	0.0	400322	4133.400991137871	0.5	0.3
18603.24269015466	750	17.649434376736863	0.0	369834	3027.054779746158	0.5	0.75
18607.902148946927	750	16.989975584470404	0.0	412837	4659.45879226646	0.5	0.75
18614.547229540953	750	14.344894990445129	0.0	401088	6645.080594025277	0.5	0.75
18619.070892736334	750	13.821231795063103	0.0	365161	4523.663195382027	0.5	0.75
18622.910841530924	750	13.981283000473049	0.0	321064	3839.948794590053	0.5	0.75
18626.332816517886	750	14.559308013510377	0.0	361565	3421.974986962672	0.5	0.75
18629.51295640014	750	15.379168131253413	0.0	378327	3180.139882256965	0.5	0.75
18632.178958539924	750	16.71316599147013	0.0	390680	2666.0021397832807	0.5	0.75
18634.91138785594	750	17.980736675455603	0.0	345516	2732.429316014528	0.5	0.75
18641.66853267243	750	15.223591858966662	0.0	384505	6757.144816488941	0.5	0.75
18649.337165263136	750	11.554959268257669	0.0	372093	7668.632590708992	0.5	0.75
18658.45833993712	750	6.433784594277224	0.0	438281	9121.174673980446	0.5	0.75
18662.017453142184	300	6.874671389210564	0.0	167025	3559.1132050666592	0.5	-0.15000000000000002
18664.862472942405	300	8.029651588989534	0.0	160064	2845.01980022103	0.5	0.3
18667.688945476984	300	9.203179054410924	0.0	137507	2826.4725345786096	0.5	0.3
18670.654708528906	300	10.237416002485832	0.0	118421	2965.7630519250915	0.5	0.3

