19789.842457010604	750	4.0	6.08032816050688	450283	6080.3281605068805	-25.395411090179586
19792.197408511	300	5.645048499601703	0.0	155580	2354.951500398297	-0.15000000000000002
19794.47048732465	300	7.371969685954002	0.0	139857	2273.078813647701	0.3
19800.89481605488	750	4.947640955721775	0.0	382355	6424.328730232226	0.3
19803.8343124312	300	6.008144579400799	0.0	163442	2939.496376320977	-0.15000000000000002
19806.47201627194	300	7.370440738663925	0.0	126289	2637.703840736873	0.3
19810.593206033293	750	7.249250977308151	0.0	352642	4121.189761355774	0.3
19814.796116897563	750	7.046340113035859	0.0	437162	4202.910864272292	0.75
19817.980091704427	750	7.86236530617021	0.0	374758	3183.9748068656495	0.75
19821.04583255473	750	8.796624455865047	0.0	362795	3065.740850305164	0.75
19824.169328237003	750	9.673128773593751	0.0	353220	3123.4956822712957	0.75
19830.187609638182	1200	7.654847372418682	0.0	594078	6018.28140117507	0.75
19834.60753547256	750	7.234921538039928	0.0	386351	4419.925834378753	0.3
19842.09235460702	750	4.0	0.24989759641820455	434409	7484.819134458133	-0.32455966459827956
19844.269257867298	300	5.823096739721453	0.0	140051	2176.9032602785474	-0.15000000000000002
19846.035545051556	300	8.056809555462578	0.0	138313	1766.2871842588743	0.3
19851.534579178246	750	6.557775428775666	0.0	360831	5499.034126686912	0.3
19854.79110215618	300	7.301252450838779	0.0	150616	3256.5229779368874	-0.15000000000000002
19859.859582191228	750	6.232772415790168	0.0	405596	5068.48003504861	0.3
19862.746418564227	300	7.345936042794112	0.0	140881	2886.8363729960565	-0.15000000000000002
19868.766543282112	750	5.3258113249052474	0.0	386472	6020.124717888864	0.3
19871.319834478894	300	6.772520128123899	0.0	157812	2553.2911967813484	-0.15000000000000002
19873.88009894116	300	8.212255665857649	0.0	163927	2560.26446226625	0.3
19878.06196537541	750	8.030389231606298	0.0	343800	4181.866434251351	0.3
19881.3935149904	750	8.698839616619487	0.0	359903	3331.54961498681	0.75
19885.30777186917	750	8.784582737847053	0.0	379700	3914.256878772434	0.75
19892.706182534504	750	5.386172072514742	0.0	425781	7398.4106653323115	0.75
19895.133081493626	300	6.95927311339134	0.0	111155	2426.8989591234017	-0.15000000000000002
19899.14258943798	300	6.949765169038275	0.0	153605	4009.5079443530644	0.3
19901.896508382597	300	8.195846224424185	0.0	149029	2753.9189446140895	0.3
19909.196988655007	750	4.895365952011764	0.0	358218	7300.480272412422	0.3
19913.03742456849	300	5.054930038529623	0.0	157488	3840.435913482141	-0.15000000000000002
19916.555692263642	300	5.536662343374231	0.0	143881	3518.267695155392	0.3
19919.41030179657	300	6.682052810446466	0.0	163444	2854.609532927765	0.3
19922.62843461737	300	7.463919989646345	0.0	179328	3218.13282080012	0.3
19929.645669219408	750	4.446685387610209	0.0	365161	7017.234602036136	0.3
19932.52833647054	300	5.5640181364781505	0.0	131610	2882.6672511320594	-0.15000000000000002
19934.318324028507	300	7.774030578510575	0.0	124011	1789.9875579675745	0.3
19939.48686155447	750	6.605493052546307	0.0	378327	5168.537525964269	0.3
19941.853119315823	300	8.239235291193866	0.0	149991	2366.25776135244	-0.15000000000000002
19947.55763240449	750	6.534722202528173	0.0	345516	5704.513088665693	0.3
19950.306688495195	300	7.785666111818896	0.0	161857	2749.0560907092768	-0.15000000000000002
19956.742426784833	750	5.349927822182301	0.0	372093	6435.738289636596	0.3
19958.782861568212	300	7.309493038800102	0.0	172312	2040.4347833821992	-0.15000000000000002
19962.76021047701	750	7.332144130004645	0.0	398987	3977.348908795457	0.3
19966.206864163858	750	7.885490443158186	0.0	393804	3446.653686846459	0.75
19969.05413435464	750	9.03822025237701	0.0	331053	2847.2701907811743	0.75
19973.85264353024	1200	8.23971107677315	0.0	550906	4798.509175603861	0.75

