10770.322551606681	750	4.0	2.287148895543779	450283	2287.148895543779	-9.084740250838248
10772.740403354423	750	5.582148252258925	0.0	398865	2417.8517477410755	0.75
10774.589355978462	750	7.733195628221291	0.0	350812	1848.9526240376335	0.75
10776.588428846488	750	9.734122760194085	0.0	382355	1999.072868027208	0.75
10778.523360401225	750	11.79919120545749	0.0	411561	1934.9315547365961	0.75
10780.161781510626	750	14.160770096056668	0.0	318564	1638.4211094008222	0.75
10781.960881807816	750	16.361669798866714	0.0	352642	1799.100297189954	0.75
10785.743481308615	750	16.579070298067965	0.0	437162	3782.5995007987494	0.75
10789.528460283418	750	16.794091323266453	0.0	374758	3784.9789748015096	0.75
10795.088950223684	750	15.233601382998467	0.0	362795	5560.489940267986	0.75
10797.88273336409	300	16.43981824259394	0.0	141840	2793.7831404045273	-0.15000000000000002
10800.473492324682	300	17.849059282000287	0.0	156148	2590.7589605936537	0.3
10804.389176009336	300	17.933375597345478	0.0	160746	3915.6836846548076	0.3
10808.94587670793	300	17.376674898752047	0.0	179801	4556.700698593431	0.3
10811.56468706332	300	18.757864543360093	0.0	140051	2618.810355391954	0.3
10813.960261643884	300	20.36228996279648	0.0	138313	2395.5745805636143	0.3
10816.28519093106	300	22.037360675620974	0.0	143509	2324.9292871755065	0.3
10818.726045391644	300	23.596506215036605	0.0	150616	2440.8544605843654	0.3
10820.987616860055	300	25.334934746625695	0.0	165384	2261.5714684109125	0.3
10822.994985276404	300	27.327566330275882	0.0	140881	2007.3684163498117	0.3
10824.904251185706	300	29.41830042097407	0.0	157671	1909.2659093018149	0.3
10827.124291679354	300	31.198259927326056	0.0	157812	2220.040493648011	0.3
10829.112565910913	300	33.20998569576661	0.0	163927	1988.2742315594428	0.3
10830.976032365039	300	35.34651924164043	0.0	137654	1863.4664541261827	0.3
10834.691330753056	300	35.6312208536235	0.0	146754	3715.2983880169254	0.3
10837.586658949145	300	36.73589265753438	0.0	153938	2895.32819608913	0.3
10842.196926513037	300	36.125625093644295	0.0	181901	4610.267563890086	0.3
10844.722088283947	300	37.60046332273376	0.0	111155	2525.161770910531	0.3
10847.830032324611	300	38.49251928206885	0.0	153605	3107.9440406649173	0.3
10850.969508779595	300	39.35304282708627	0.0	149029	3139.4764549825763	0.3
10855.069060624264	300	39.253490982416054	0.0	157421	4099.551844670211	0.3
10858.883044938002	300	39.439506668679336	0.0	157488	3813.984313736724	0.3
10861.565937218384	300	40.75661438829853	0.0	143881	2682.892280380811	0.3
10863.343542942488	300	42.97900866419243	0.0	163444	1777.6057241061017	0.3
10864.954165044352	300	45.36838656232833	0.0	179328	1610.6221018640947	0.3
10867.790152246185	750	46.53239936049678	0.0	365161	2835.9872018315514	0.3
10871.056094835654	1200	47.26645677102717	0.0	487812	3265.942589469613	0.75
10876.903228502539	1850	45.41932310414391	0.0	938587	5847.133666883263	1.2000000000000002
10882.036229819896	1850	44.28632178678675	0.0	908665	5133.001317357161	1.85
10890.273082984035	1850	40.04946862264873	0.0	930577	8236.853164138018	1.85
10894.968544936499	1200	39.35400667018446	0.0	566904	4695.461952464272	0.5499999999999999
10902.43444743875	1200	35.88810416793177	0.0	641452	7465.902502252692	1.2
10906.800456405415	1200	35.52209520126657	0.0	599477	4366.008966665197	1.2
10910.43791840051	750	35.88463320617272	0.0	438281	3637.46199509385	0.3
10913.48555074908	750	36.8370008576031	0.0	398987	3047.6323485696166	0.75
10922.308224976934	1200	32.01432662974667	0.0	638661	8822.67422785643	0.75
10928.609510883187	750	29.713040723495407	0.0	331053	6301.285906251265	0.3
10933.684882106534	750	28.637669500147272	0.0	314107	5075.371223348135	0.75

