17413.61265910096	750	4.0	4.948165992489615	450283	4948.165992489616	0.14992562	-20.527113767705345
17415.019444907553	300	6.593214193405611	0.0	155580	1406.7858065943897	0.013277982	-0.15000000000000002
17416.03208924542	300	9.580569855539265	0.0	139857	1012.6443378663465	0.045709	0.3
17417.18453931267	300	12.428119788285638	0.0	155432	1152.4500672536267	0.014250508	0.3
17418.605538540665	300	15.007120560293167	0.0	163442	1420.9992279924695	0.14178462	0.3
17419.87835013065	300	17.73430897030769	0.0	126289	1272.8115899854747	0.13284664	0.3
17421.36861599625	300	20.244043104710872	0.0	153295	1490.2658655968185	0.02002863	0.3
17423.197691804115	300	22.41496729684493	0.0	173849	1829.0758078659435	0.021091212	0.3
17424.64731895969	300	24.96534014126896	0.0	150710	1449.6271555759718	0.025133952	0.3
17425.957052112433	300	27.655606988525857	0.0	139105	1309.7331527431013	0.090049475	0.3
17427.51123287713	300	30.10142622383339	0.0	141840	1554.1807646924692	0.13559262	0.3
17430.766264919625	300	30.846394181337217	0.0	156148	3255.032042496171	0.11632352	0.3
17434.849095434103	300	30.763563666859596	0.0	160746	4082.830514477621	0.026667926	0.3
17436.684104569762	300	32.928554531200994	0.0	179801	1835.0091356586072	0.013812258	0.3
17438.154740766073	300	35.457918334890245	0.0	140051	1470.6361963107472	0.25444868	0.3
17439.416547110115	300	38.19611199084999	0.0	138313	1261.8063440402523	0.44859678	0.3
17442.99223177608	750	38.620427324883956	0.0	360831	3575.6846659660355	0.65324724	0.3
17446.095048129657	750	39.517610971311335	0.0	372963	3102.816353572623	0.004705182	0.75
17450.002180490064	750	39.61047861089961	0.0	405596	3907.132360411721	0.004705182	0.75
17453.76704239059	750	39.845616710372525	0.0	350713	3764.8619005270866	0.004705182	0.75
17459.159446588274	750	38.45321251268902	0.0	386472	5392.404197683501	0.004705182	0.75
17466.26756845161	750	35.34509064935353	0.0	399894	7108.121863335498	0.004705182	0.75
17469.93005316233	750	35.68260593863344	0.0	401853	3662.4847107200835	0.004705182	0.75
17472.644707508916	750	36.967951592044024	0.0	343800	2714.6543465894197	0.004705182	0.75
17474.989313396516	750	38.623345704445406	0.0	359903	2344.6058875986173	0.009398202	0.75
17478.488237377576	750	39.12442172338499	0.0	379700	3498.923981060413	0.16593076	0.75
17482.269189408238	750	39.3434696927219	0.0	425781	3780.9520306630916	0.06835726	0.75
17484.861624346147	750	40.751034754811016	0.0	277716	2592.434937910883	0.21993348	0.75
17489.032011667718	750	40.580647433241104	0.0	400396	4170.38732156991	0.2086356	0.75
17493.19264242259	750	40.42001667836897	0.0	400508	4160.630754872134	0.09969452	0.75
17497.031125568432	750	40.5815335325268	0.0	358218	3838.483145842169	0.2977317	0.75
17503.08380511655	750	38.52885398441006	0.0	400322	6052.679548116733	0.3404498	0.75
17507.775686271772	750	37.836972829187225	0.0	369834	4691.881155222837	0.049023315	0.75
17516.558613699654	750	33.05404540130574	0.0	412837	8782.927427881477	0.08216412	0.75
17520.792295157644	750	32.82036394331334	0.0	401088	4233.681457992415	0.005342755	0.75
17524.26765190356	750	33.34500719739876	0.0	365161	3475.3567459145797	0.04373437	0.75
17528.363948540104	1200	33.2487105608531	0.0	487812	4096.296636545663	0.24678697	0.75
17533.379894989477	1200	32.2327641114817	0.0	575591	5015.946449371397	0.03675785	1.2
17537.842005264196	1200	31.77065383676202	0.0	605884	4462.110274719682	0.013265496	1.2
17542.215595723224	1200	31.39706337773663	0.0	587506	4373.590459025391	0.0050681788	1.2
17545.958563694174	1200	31.654095406785693	0.0	566904	3742.967970950933	0.004705182	1.2
17550.570672779737	1200	31.041986321225153	0.0	641452	4612.109085560545	0.004705182	1.2
17554.686528294864	1200	30.926130806095635	0.0	599477	4115.855515129513	0.0058765723	1.2
17558.964505247495	1200	30.64815385346541	0.0	634861	4277.976952630224	0.007982126	1.2
17563.582880404007	1200	30.029778696956384	0.0	630203	4618.375156509023	0.015976923	1.2
17568.058657545145	1200	29.554001555817194	0.0	638661	4475.77714113919	0.014440114	1.2
17572.01233931098	1200	29.600319789985335	0.0	538612	3953.6817658318596	0.03660542	1.2
17577.219132865263	1200	28.3935262357017	0.0	550906	5206.793554283637	0.017032903	1.2

