4806.889004429866	750	4.0	1.6438931885945212	450283	1643.8931885945212	-6.31874071095644
4807.581182440749	300	7.307821989116605	0.0	155580	692.1780108833948	-0.15000000000000002
4811.546800977901	1850	7.34220345196543	0.0	877771	3965.6185371511756	0.30000000000000004
4816.652265030648	1850	6.236739399218765	0.0	933276	5105.464052746665	1.85
4821.315774232036	1850	5.573230197829676	0.0	996749	4663.509201389089	1.85
4823.644669994765	1200	7.2443344351011145	0.0	520315	2328.895762728561	0.5499999999999999
4827.435383285429	1850	7.453621144436573	0.0	905515	3790.7132906645415	1.2000000000000002
4831.665778589049	1850	7.223225840816798	0.0	1060487	4230.3953036197745	1.85
4833.338039935766	750	9.550964494100645	0.0	374758	1672.2613467161527	-0.3500000000000001
4835.872866334333	1200	11.016138095533213	0.0	560821	2534.8263985674303	0.75
4840.151175773366	1200	10.73782865650013	0.0	607410	4278.309439033085	1.2
4842.981773845419	750	11.90723058444694	0.0	405134	2830.598072053189	0.3
4845.291809569855	750	13.59719486001137	0.0	386351	2310.035724435571	0.75
4848.2562739528275	750	14.632730477039235	0.0	434409	2964.464382972136	0.75
4850.4924762588125	750	16.396528171054428	0.0	337059	2236.2023059848098	0.75
4852.810764353966	750	18.07824007590101	0.0	366214	2318.2880951534157	0.75
4855.100437036983	750	19.788567392884186	0.0	360831	2289.6726830168263	0.75
4858.456525282703	750	20.43247914716374	0.0	372963	3356.088245720447	0.75
4861.700467867189	750	21.18853656267834	0.0	405596	3243.9425844854018	0.75
4864.689933065894	750	22.199071363973214	0.0	350713	2989.465198705125	0.75
4868.364881795938	750	22.524122633929196	0.0	386472	3674.948730044018	0.75
4872.190702854583	750	22.69830157528384	0.0	399894	3825.821058645355	0.75
4873.190155284361	300	25.698849145505456	0.0	163927	999.4524297783821	-0.15000000000000002
4875.198499885054	750	27.69050454481242	0.0	343800	2008.3446006930387	0.3
4877.010884628581	750	29.878119801285994	0.0	359903	1812.384743526425	0.75
4879.189112752665	1200	31.69989167720203	0.0	590335	2178.2281240839648	0.75
4882.713582411339	1850	32.17542201852715	0.0	1076599	3524.4696586748755	1.2000000000000002
4888.770183790076	1850	30.118820639790908	0.0	758197	6056.601378736243	1.85
4893.68356850793	1850	29.205435921936495	0.0	972798	4913.384717854413	1.85
4897.379064519479	1850	29.50993991038776	0.0	975811	3695.4960115487343	1.85
4900.3285616104395	1850	30.560442819427184	0.0	873429	2949.4970909605786	1.85
4904.378882845651	1850	30.510121584216577	0.0	954453	4050.3212352106048	1.85
4907.7912052061565	1850	31.097799223710567	0.0	885062	3412.3223605060093	1.85
4913.684525253801	2850	29.204479176065625	0.0	1587293	5893.320047644941	1.85
4917.66754904892	2850	29.22145538094813	0.0	1492672	3983.0237951174972	2.85
4922.082188652291	2850	28.80681577757602	0.0	1439896	4414.6396033721085	2.85
4925.908684994718	2850	28.980319435149212	0.0	1139291	3826.496342426807	2.85
4930.701917330256	2850	28.18708709961111	0.0	1499009	4793.232335538106	2.85
4937.810671548046	2850	25.07833288182101	0.0	1427478	7108.754217790098	2.85
4957.258894460096	2850	9.630109969771395	0.0	1402287	19448.222912049616	2.85
4980.435859576231	1200	4.0	13.546855146363926	566904	23176.96511613532	-58.701477129364875
4987.130243205691	300	4.0	2.694383629459253	161857	6694.383629459253	-12.185849606674786
4992.90798014739	300	4.0	1.7777369416992561	145210	5777.736941699256	-7.344268849306801
4999.452976743891	300	4.0	2.544996596501371	172312	6544.996596501371	-10.643485364955893
5005.427333433341	300	4.0	1.9743566894503983	167025	5974.356689450398	-8.189733764636712
5012.046428520129	300	4.0	2.619095086787991	160064	6619.095086787991	-10.962108873188361
5017.654542972598	300	4.0	1.60811445246953	137507	5608.11445246953	-6.614892145618979
5020.351760301381	300	5.302782671218057	0.0	118421	2697.2173287819433	0.3

