21359.14663684834	750	4.0	3.3429362672757508	450283	3342.9362672757507	-13.624625949285727
21360.33475850546	300	6.811878342882704	0.0	155580	1188.1216571172963	-0.15000000000000002
21361.437919338026	300	9.708717510318698	0.0	139857	1103.160832564006	0.3
21362.752008716492	300	12.394628131848688	0.0	155432	1314.0893784700106	0.3
21364.100514895534	300	15.046121952810232	0.0	163442	1348.5061790384545	0.3
21366.323552682054	750	16.82308416628926	0.0	318564	2223.037786520971	0.3
21369.14890795315	750	17.99772889519133	0.0	352642	2825.3552710979325	0.75
21371.815925842217	750	19.330711006122247	0.0	437162	2667.017889069081	0.75
21373.71179332573	750	21.434843522612173	0.0	374758	1895.8674835100771	0.75
21375.87399008301	750	23.272646765327323	0.0	362795	2162.196757284847	0.75
21378.94395458842	1200	24.202682259920714	0.0	607410	3069.9645054066077	0.75
21381.598555581666	1200	25.548081266675098	0.0	594078	2654.6009932456177	1.2
21384.4048239452	1200	26.741812903145014	0.0	624282	2806.2683635300837	1.2
21387.255211973243	1200	27.891424875100316	0.0	687371	2850.388028044697	1.2
21389.68447587047	1200	29.462160977874877	0.0	526950	2429.2638972254435	1.2
21392.66117620027	1200	30.4854606480744	0.0	587876	2976.700329800475	1.2
21396.900280085094	1200	30.246356763246208	0.0	617242	4239.103884828195	1.2
21402.529508292508	1200	28.61712855583211	0.0	581493	5629.228207414096	1.2
21409.796466828288	1200	25.350170020052055	0.0	639204	7266.958535780058	1.2
21413.528126462992	750	25.6185103853462	0.0	350713	3731.65963470585	0.3
21417.960393387548	750	25.18624346079042	0.0	386472	4432.266924555785	0.75
21423.406475563475	750	23.740161284864662	0.0	399894	5446.082175925758	0.75
21426.077333672078	300	25.069303176261215	0.0	163927	2670.858108603448	-0.15000000000000002
21428.31448099178	300	26.83215585655644	0.0	137654	2237.147319704775	0.3
21430.942509121724	300	28.204127726614438	0.0	146754	2628.028129942003	0.3
21433.553556939	300	29.59307990933654	0.0	153938	2611.047817277898	0.3
21435.496739483875	300	31.64989736446518	0.0	181901	1943.1825448713662	0.3
21436.229654386403	300	34.91698246193297	0.0	111155	732.914902532212	0.3
21437.163616484944	300	37.98302036339387	0.0	153605	933.9620985390925	0.3
21438.08583570928	300	41.06080113905692	0.0	149029	922.2192243369528	0.3
21440.379515447145	750	42.76712140119627	0.0	358218	2293.679737860651	0.3
21442.906947725223	750	44.23968912311991	0.0	400322	2527.432278076365	0.75
21446.79314925689	1200	44.35348759145393	0.0	584349	3886.2015316659786	0.75
21450.83137063171	1200	44.31526621663329	0.0	670129	4038.221374820638	1.2
21454.350671607725	1200	44.79596524061682	0.0	690253	3519.3009760164655	1.2
21457.244519538293	1200	45.90211731004586	0.0	598727	2893.84793057096	1.2
21459.24818621293	1200	47.898450635410555	0.0	487812	2003.6666746353042	1.2
21462.085270878204	1200	49.06136597013888	0.0	575591	2837.0846652716755	1.2
21464.937493299396	1200	50.209143548947615	0.0	605884	2852.2224211912726	1.2
21467.60050739938	1200	51.5461294489641	0.0	587506	2663.014099983516	1.2
21471.893012048975	1200	51.25362479936873	0.0	566904	4292.504649595372	1.2
21476.967446889455	1200	50.17918995888543	0.0	641452	5074.434840483303	1.2
21486.309537040313	1200	44.837099808029095	0.0	599477	9342.090150856335	1.2
21491.750290749664	750	43.396346098677064	0.0	438281	5440.753709352033	0.3
21498.061464814724	750	41.085172033620864	0.0	398987	6311.1740650562015	0.75
21500.276147501998	300	42.87048934634719	0.0	160064	2214.6826872736783	-0.15000000000000002
21501.781866888046	300	45.36476996029879	0.0	137507	1505.7193860484026	0.3
21502.988388630674	300	48.15824821767026	0.0	118421	1206.5217426285226	0.3

