3761.6466585386984	750	4.0	3.8635903273045304	450283	3863.5903273045305	0.35726517	-15.863438407409479
3762.886995944945	300	6.759662593753583	0.0	155580	1240.3374062464177	0.004705182	-0.15000000000000002
3764.307979123697	300	9.338679415001378	0.0	139857	1420.983178752206	0.004705182	0.3
3765.666408072961	300	11.980250465737047	0.0	155432	1358.428949264331	0.004705182	0.3
3766.9146143989738	300	14.732044139724767	0.0	163442	1248.2063260122802	0.028792547	0.3
3767.8752962156204	300	17.77136232307799	0.0	126289	960.681816646775	0.66965264	0.3
3770.6832412900626	750	18.963417248635484	0.0	352642	2807.9450744425076	0.5092597	0.3
3774.3582608517077	750	19.28839768699031	0.0	437162	3675.019561645172	0.01575184	0.75
3777.243719184131	750	20.402939354567277	0.0	374758	2885.458332423037	0.009477412	0.75
3780.143501644481	750	21.503156894216996	0.0	362795	2899.7824603502795	0.013169333	0.75
3783.1589017767988	750	22.487756761899444	0.0	353220	3015.400132317556	0.011610949	0.75
3787.034530380476	750	22.612128158221694	0.0	405134	3875.6286036777506	0.010935268	0.75
3790.58033315509	750	23.066325383607875	0.0	386351	3545.802774613819	0.0054946076	0.75
3794.8037270296086	750	22.842931509089357	0.0	434409	4223.393874518517	0.004885504	0.75
3798.283412250969	750	23.36324628772862	0.0	337059	3479.6852213607376	0.004705182	0.75
3805.086857844596	750	20.559800694101575	0.0	366214	6803.445593627045	0.004705182	0.75
3813.4929533622276	750	16.153705176470506	0.0	360831	8406.095517631069	0.08064705	0.75
3817.026641249495	300	16.620017289203407	0.0	150616	3533.6878872670986	0.0054756105	-0.15000000000000002
3821.5155458405693	300	16.131112698128625	0.0	165384	4488.904591074781	0.004705182	0.3
3824.6626574327734	300	16.984001105924648	0.0	140881	3147.1115922039803	0.004705182	0.3
3828.4728889488642	300	17.173769589833537	0.0	157671	3810.23151609111	0.004705182	0.3
3831.7427297793556	300	17.903928759342353	0.0	157812	3269.8408304911836	0.004705182	0.3
3835.342685450405	300	18.303973088293038	0.0	163927	3599.9556710493166	0.004705182	0.3
3839.341204231872	300	18.305454306826245	0.0	137654	3998.518781466791	0.004705182	0.3
3843.8747097400105	300	17.77194879868732	0.0	146754	4533.50550813893	0.004705182	0.3
3847.483720849381	300	18.162937689316955	0.0	153938	3609.0111093703613	0.004705182	0.3
3849.6622276728804	300	19.98443086581708	0.0	181901	2178.506823499873	0.004705182	0.3
3850.7777988165803	300	22.86885972211732	0.0	111155	1115.5711436997601	0.07860871	0.3
3854.8989342068153	750	22.747724331882438	0.0	400396	4121.135390234886	0.5279479	0.3
3863.1326228245584	750	18.51403571413949	0.0	400508	8233.688617742948	0.004705182	0.75
3868.026902018201	300	17.619756520496942	0.0	157421	4894.279193642546	0.05788323	-0.15000000000000002
3871.8358813506266	300	17.810777188071317	0.0	157488	3808.9793324256284	0.004705182	0.3
3875.839344468654	300	17.807314070043663	0.0	143881	4003.4631180276524	0.004999364	0.3
3879.898204334667	300	17.748454204030768	0.0	163444	4058.859866012896	0.0056427866	0.3
3884.3833469110828	300	17.263311627614545	0.0	179328	4485.142576416223	0.006296435	0.3
3889.1852731150966	300	16.461385423601	0.0	159914	4801.926204013544	0.004705182	0.3
3892.312762509627	300	17.33389602907048	0.0	131610	3127.48939453052	0.004705182	0.3
3894.48820637048	300	19.158452168218034	0.0	124011	2175.4438608524465	0.014820393	0.3
3896.777179728935	300	20.86947880976288	0.0	144254	2288.973358455154	0.60479337	0.3
3904.9124455257743	750	16.734213012923682	0.0	390680	8135.265796839196	0.1757795	0.3
3908.277142600002	300	17.369515938695745	0.0	147968	3364.6970742279354	0.47167438	-0.15000000000000002
3912.784537641799	300	16.862120896898716	0.0	161857	4507.395041797031	0.18920776	0.3
3916.4901439300725	300	17.156514608625365	0.0	145210	3705.606288273349	0.106937125	0.3
3924.118335409489	750	13.528323129208955	0.0	438281	7628.191479416411	0.68915904	0.3
3926.6439309385264	300	15.002727600171442	0.0	167025	2525.595529037513	0.61925095	-0.15000000000000002
3932.8834968605997	750	12.763161678098122	0.0	393804	6239.56592207332	0.62438333	0.3
3939.2303284038626	750	10.41633013483527	0.0	331053	6346.8315432628515	0.22439983	0.75
3941.080943796292	300	12.565714742406094	0.0	118421	1850.6153924291773	0.45129716	-0.15000000000000002

