22223.961874969355	750	4.0	1.7041197936685797	450283	1704.1197936685796	0.0047087576	-6.577715112774892
22225.802383013102	750	6.159491956252071	0.0	398865	1840.5080437479282	0.004705182	0.75
22227.358205753702	750	8.60366921565108	0.0	350812	1555.8227406009928	0.004705182	0.75
22229.28214380918	750	10.67973116017162	0.0	382355	1923.938055479459	0.0060662823	0.75
22231.362278263652	750	12.599596705701524	0.0	411561	2080.134454470097	0.0075011505	0.75
22232.79882803778	750	15.1630469315743	0.0	318564	1436.5497741272243	0.0068026064	0.75
22234.1657175098	750	17.79615745955016	0.0	352642	1366.889472024138	0.012434804	0.75
22235.95418529439	750	20.00768967496226	0.0	437162	1788.4677845878953	0.0077355583	0.75
22237.505701251157	750	22.45617371819554	0.0	374758	1551.5159567667197	0.011514961	0.75
22239.091242430295	750	24.87063253905822	0.0	362795	1585.5411791373185	0.027030278	0.75
22240.767740708463	750	27.194134260892135	0.0	353220	1676.4982781660888	0.06111551	0.75
22242.716265552583	750	29.24560941677213	0.0	405134	1948.524844120002	0.062953345	0.75
22244.44710652428	750	31.514768445074584	0.0	386351	1730.8409716975482	0.14888678	0.75
22246.00334244376	750	33.95853252559442	0.0	434409	1556.2359194801625	0.59797245	0.75
22248.2993751995	1200	35.662499769852815	0.0	526950	2296.0327557416035	0.06032314	0.75
22252.05758030486	1200	35.904294664492745	0.0	587876	3758.205105360078	0.005106127	1.2
22254.924477576853	1200	37.03739739250299	0.0	617242	2866.897271989754	0.031598967	1.2
22257.215514791573	1200	38.74636017778007	0.0	581493	2291.037214722913	0.0052072965	1.2
22260.520375381788	1200	39.441499587569176	0.0	639204	3304.8605902108993	0.004705182	1.2
22261.53745986372	1200	42.42441510563182	0.0	586839	1017.084481937349	0.004705182	1.2
22265.79671682424	2850	42.165158145113914	0.0	1415116	4259.256960517909	0.11476131	1.2000000000000002
22270.644671600523	2850	41.317203368829034	0.0	1468126	4847.954776284879	0.004705182	2.85
22277.567509749366	2850	38.39436521998805	0.0	1505760	6922.838148840978	0.004705182	2.85
22282.14224985546	2850	37.819625113894894	0.0	1323990	4574.740106093161	0.004705182	2.85
22287.055139931745	2850	36.90673503760631	0.0	1383735	4912.890076288583	0.004705182	2.85
22293.519400130335	2850	34.44247483901537	0.0	1480464	6464.260198590946	0.004705182	2.85
22298.521739819884	2850	33.44013514946685	0.0	1547572	5002.339689548524	0.004705182	2.85
22302.085690176187	2850	33.87618479316236	0.0	1141971	3563.950356304492	0.004705182	2.85
22308.548497264183	2850	31.413377705168088	0.0	1498470	6462.807087994266	0.004705182	2.85
22317.971680515715	2850	25.99019445363931	0.0	1561263	9423.183251528775	0.004705182	2.85
22322.02219270548	1200	25.939682263869955	0.0	570392	4050.512189769358	0.58783084	-0.44999999999999996
22327.178004048183	1200	24.78387092116826	0.0	620283	5155.811342701699	0.004705182	1.2
22332.702855938387	1200	23.259019030965575	0.0	584349	5524.851890202684	0.004705182	1.2
22337.957831695327	1200	22.00404327402491	0.0	670129	5254.975756940663	0.022824835	1.2
22341.833117441965	1200	22.128757527381914	0.0	690253	3875.285746642995	0.016752187	1.2
22344.979939874458	1200	22.981935094891565	0.0	598727	3146.8224324903485	0.004705182	1.2
22347.406188418736	1200	24.555686550614755	0.0	487812	2426.2485442768093	0.004705182	1.2
22350.505907151004	1200	25.455967818345385	0.0	575591	3099.7187322693694	0.004705182	1.2
22360.00910966336	1200	19.95276530598901	0.0	605884	9503.202512356376	0.0048688813	1.2
22363.210124010686	750	20.75175095866242	0.0	390680	3201.014347326591	0.471906	0.3
22367.218326331687	1200	20.743548637660194	0.0	566904	4008.202321002224	0.6666779	0.75
22371.4814760446	1200	20.480398924748595	0.0	641452	4263.1497129116015	0.012780414	1.2
22373.800474303374	1200	22.161400665973	0.0	599477	2318.9982587755953	0.0055189575	1.2
22375.81774927988	1200	24.144125689471526	0.0	634861	2017.2749765014726	0.010262919	1.2
22380.934663493663	2850	23.027211475688034	0.0	1464921	5116.9142137834915	0.1078897	1.2000000000000002
22385.00624637107	2850	22.9556285982793	0.0	1483527	4071.5828774087304	0.0073654265	2.85
22388.01119100492	2850	23.95068396442973	0.0	1231456	3004.944633849571	0.61990434	2.85
22395.252705371156	4300	20.709169598194926	0.0	2155012	7241.514366234801	0.55883	2.8499999999999996

