21776.337325493114	750	4.0	6.8100179178166504	450283	6810.017917816651	-28.533077046611595
21777.50164079343	300	6.835684699681131	0.0	155580	1164.3153003188686	-0.15000000000000002
21779.923371917754	750	8.413953575359589	0.0	350812	2421.7311243215436	0.3
21782.69540281561	750	9.64192267750206	0.0	382355	2772.0308978575267	0.75
21787.288272131187	1200	9.049053361924981	0.0	652874	4592.86931557708	0.75
21791.01570600251	1200	9.321619490602991	0.0	520315	3727.433871321992	1.2
21795.940757543172	1200	8.396567949937198	0.0	561791	4925.051540665793	1.2
21801.372216882963	1200	6.965108610148243	0.0	709534	5431.459339788955	1.2
21804.478438432274	750	7.858887060839345	0.0	374758	3106.221549308898	0.3
21805.502391419705	300	10.834934073407476	0.0	139105	1023.9529874318698	-0.15000000000000002
21810.36343757051	1200	9.973887922598784	0.0	607410	4861.046150808691	0.29999999999999993
21811.64191261542	300	12.695412877688184	0.0	156148	1278.475044910599	-0.6000000000000001
21815.70184326344	750	12.63548222967206	0.0	386351	4059.930648016123	0.3
21822.058826489494	750	10.278499003619011	0.0	434409	6356.983226053052	0.75
21823.587697250146	300	12.749628242964164	0.0	140051	1528.8707606548462	-0.15000000000000002
21824.97584465214	300	15.361480840966948	0.0	138313	1388.147401997215	0.3
21826.264623014682	300	18.072702478428038	0.0	143509	1288.7783625389086	0.3
21829.49095213523	750	18.846373357876796	0.0	372963	3226.3291205512387	0.3
21833.687974724882	750	18.64935076822793	0.0	405596	4197.0225896488655	0.75
21835.192772315262	300	21.144553177844745	0.0	140881	1504.7975903831866	-0.15000000000000002
21839.081589348236	750	21.255736144875875	0.0	386472	3888.8170329688705	0.3
21840.517545340128	300	23.819780152980492	0.0	157812	1435.955991895381	-0.15000000000000002
21844.56785928586	750	23.76946620724604	0.0	401853	4050.31394573445	0.3
21845.809399244183	300	26.527926248923816	0.0	137654	1241.5399583222259	-0.15000000000000002
21848.92544752865	750	27.41187796445698	0.0	359903	3116.0482844668377	0.3
21852.533642982093	750	27.80368251101443	0.0	379700	3608.1954534425486	0.75
21858.86976683938	750	25.46755865372406	0.0	425781	6336.123857290371	0.75
21862.04493278801	750	26.292392705096717	0.0	277716	3175.1659486273425	0.75
21866.34641803919	750	25.990907453917192	0.0	400396	4301.485251179524	0.75
21870.60975222322	750	25.727573269885944	0.0	400508	4263.33418403125	0.75
21874.83737367653	750	25.499951816575223	0.0	358218	4227.62145331072	0.75
21883.21978603648	750	21.11753945662558	0.0	400322	8382.412359949645	0.75
21891.041367533115	750	17.295957959993647	0.0	369834	7821.581496631932	0.75
21895.19308684236	750	17.144238650747806	0.0	412837	4151.719309245843	0.75
21897.945126651448	750	18.392198841660395	0.0	401088	2752.039809087407	0.75
21902.31750571668	750	18.01981977642727	0.0	365161	4372.379065233128	0.75
21904.624388538814	750	19.712936954294214	0.0	321064	2306.8828221330537	0.75
21907.08503001207	750	21.252295481040587	0.0	361565	2460.641473253628	0.75
21910.597230598712	1200	21.740094894392342	0.0	605884	3512.2005866482427	0.75
21914.117216592473	1200	22.22010890063508	0.0	587506	3519.9859937572655	1.2
21918.36208420268	1200	21.975241290426172	0.0	566904	4244.867610208906	1.2
21923.803297325347	1200	20.53402816775917	0.0	641452	5441.213122667003	1.2
21928.997140237967	1200	19.34018525513751	0.0	599477	5193.8429126216615	1.2
21934.54419230699	1200	17.793133186118418	0.0	634861	5547.052069019091	1.2
21939.356291099808	1200	16.98103439329714	0.0	630203	4812.098792821278	1.2
21944.68159046028	1200	15.655735032824051	0.0	638661	5325.299360473089	1.2
21949.479424317637	1200	14.857901175469088	0.0	538612	4797.833857354964	1.2
21953.61434798894	1200	14.722977504162307	0.0	550906	4134.923671306781	1.2

