5844.403415132005	750	4.0	2.288238812003366	450283	2288.238812003366	-9.089426891614474
5845.522117168772	300	6.8812979632329325	0.0	155580	1118.7020367670673	-0.15000000000000002
5846.5482539906825	300	9.855161141322627	0.0	139857	1026.136821910304	0.3
5848.920328012268	750	11.483087119737485	0.0	382355	2372.074021585142	0.3
5850.851599534209	750	13.551815597796224	0.0	411561	1931.271521941261	0.75
5852.088118924039	750	16.315296207965332	0.0	318564	1236.519389830894	0.75
5853.701844673652	750	18.7015704583522	0.0	352642	1613.725749613129	0.75
5858.037780417273	1850	18.365634714732	0.0	1060487	4335.9357436202	0.75
5862.017269552891	1850	18.386145579113233	0.0	852833	3979.4891356187695	1.85
5865.661506215856	1850	18.741908916148322	0.0	913888	3644.2366629649123	1.85
5871.590964578058	1850	16.81245055394629	0.0	939819	5929.458362202028	1.85
5875.3258168776665	1850	17.077598254337797	0.0	917428	3734.8522996084926	1.85
5879.404887290559	1850	16.998527841446183	0.0	946851	4079.070412891616	1.85
5884.367110770399	1850	16.036304361605033	0.0	1036454	4962.223479841149	1.85
5887.417291378046	1850	16.986123753959326	0.0	821631	3050.1806076457065	1.85
5892.257644082363	1850	16.145771049642484	0.0	923170	4840.352704316844	1.85
5895.837402258313	1850	16.56601287369225	0.0	966699	3579.7581759502323	1.85
5898.19943740989	1850	18.20397772211495	0.0	885714	2362.035151577305	1.85
5902.615596852042	1850	17.787818279963627	0.0	987708	4416.159442151321	1.85
5906.446781699345	1850	17.956633432660762	0.0	923755	3831.1848473028645	1.85
5910.76153745048	1850	17.641877681525237	0.0	891604	4314.755751135523	1.85
5915.343056721004	1850	17.06035841100064	0.0	955231	4581.5192705246	1.85
5919.481123133885	1850	16.922291998120052	0.0	968026	4138.066412880588	1.85
5924.481680289796	1850	15.921734842209796	0.0	874175	5000.557155910255	1.85
5929.02462282098	1850	15.378792311025117	0.0	897976	4542.94253118468	1.85
5934.056539645655	1850	14.34687548634951	0.0	905935	5031.916824675607	1.85
5938.859307224555	1850	13.544107907449767	0.0	1076599	4802.767578899744	1.85
5941.903993679957	1850	14.499421452047066	0.0	758197	3044.6864554026997	1.85
5945.330199911917	1850	15.073215220087995	0.0	972798	3426.2062319590714	1.85
5948.773458382097	1850	15.629956749908594	0.0	975811	3443.258470179403	1.85
5952.647346319764	1850	15.756068812239997	0.0	873429	3873.887937668597	1.85
5957.728253245426	1850	14.675161886579463	0.0	954453	5080.906925660535	1.85
5963.95039226134	1850	12.4530228706643	0.0	885062	6222.1390159151615	1.85
5969.601222814216	1850	10.802192317788696	0.0	1035329	5650.8305528756055	1.85
5973.5037153180465	1850	10.89969981395835	0.0	1026056	3902.492503830346	1.85
5976.751119367917	1850	11.652295764087821	0.0	943942	3247.404049870529	1.85
5979.849439584655	1850	12.553975547349985	0.0	728962	3098.3202167378363	1.85
5984.082492807923	1850	12.32092232408201	0.0	938587	4233.053223267974	1.85
5987.655135415251	1850	12.748279716754068	0.0	908665	3572.642607327942	1.85
5991.276108077654	1850	13.127307054350693	0.0	930577	3620.972662403376	1.85
5996.3151258824655	1850	12.088289249538567	0.0	858450	5039.017804812125	1.85
6001.046087503554	1850	11.357327628449944	0.0	1025005	4730.961621088624	1.85
6003.478465912842	1200	12.924949219162233	0.0	599477	2432.37840928771	0.5499999999999999
6007.470063444546	1850	12.933351687458075	0.0	973972	3991.597531704159	1.2000000000000002
6010.972511126889	1850	13.430904005115627	0.0	958994	3502.447682342449	1.85
6015.241782438643	1850	13.161632693361092	0.0	982064	4269.271311754534	1.85
6019.452909279731	1850	12.950505852273215	0.0	830730	4211.1268410878765	1.85
6025.6740066067105	1850	10.729408525294101	0.0	846370	6221.097326979116	1.85

