5366.356191059882	750	4.0	4.277909780182569	450283	4277.909780182569	-17.64501205478505
5367.6051773599975	300	6.75101369988408	0.0	155580	1248.98630011592	-0.15000000000000002
5369.149649032852	300	9.206542027029297	0.0	139857	1544.4716728547828	0.3
5370.920008160861	300	11.436182899020517	0.0	155432	1770.3591280087778	0.3
5374.729074452146	750	11.627116607734504	0.0	411561	3809.0662912860125	0.3
5377.067521094358	750	13.288669965521533	0.0	318564	2338.446642212971	0.75
5379.496794267695	750	14.859396792185635	0.0	352642	2429.2731733359005	0.75
5381.483480933512	750	16.872710126368606	0.0	437162	1986.6866658170277	0.75
5383.2226940882365	750	19.133496971643893	0.0	374758	1739.2131547247134	0.75
5385.4928225711155	1200	20.863368488764323	0.0	560821	2270.1284828795715	0.75
5388.021095571376	1200	22.33509548850457	0.0	607410	2528.2730002597473	1.2
5392.802343936043	1850	21.553847123837496	0.0	917428	4781.248364667078	1.2000000000000002
5395.551150104647	1200	22.805040955234016	0.0	624282	2748.8061686034794	0.5499999999999999
5398.426583806004	1200	23.92960725387714	0.0	687371	2875.4337013568784	1.2
5400.68521883106	1200	25.67097222882039	0.0	526950	2258.6350250567525	1.2
5403.407758818195	1200	26.948432241685516	0.0	587876	2722.5399871348695	1.2
5407.289522742209	1850	27.06666831767216	0.0	966699	3881.763924013359	1.2000000000000002
5410.368717565596	1850	27.98747349428528	0.0	885714	3079.1948233868834	1.85
5414.158932630756	1850	28.197258429125704	0.0	987708	3790.2150651595734	1.85
5418.11037105818	1850	28.24582000170171	0.0	923755	3951.438427423995	1.85
5421.779177282339	1850	28.57701377754261	0.0	891604	3668.806224159097	1.85
5425.086535462945	1850	29.269655596936357	0.0	955231	3307.3581806062525	1.85
5427.755806814329	1850	30.60038424555278	0.0	968026	2669.2713513835765	1.85
5431.761750921431	2850	30.59444013845038	0.0	1323990	4005.944107102403	1.85
5436.54100579804	2850	29.815185261841187	0.0	1383735	4779.254876609191	2.85
5441.267120547966	2850	29.089070511914887	0.0	1480464	4726.114749926299	2.85
5446.25879408972	2850	28.097396970160847	0.0	1547572	4991.67354175404	2.85
5448.683230991256	1850	29.672960068625386	0.0	758197	2424.4369015354596	0.8500000000000001
5453.757395888336	2850	28.59879517154579	0.0	1498470	5074.164897079593	1.85
5460.576043036029	2850	25.780148023853126	0.0	1561263	6818.647147692668	2.85
5463.545447636032	1850	26.81074342384997	0.0	873429	2969.404600003157	0.8500000000000001
5465.917903840921	1850	28.438287218961015	0.0	954453	2372.456204888952	1.85
5469.048536133954	1850	29.307654925927807	0.0	885062	3130.6322930332094	1.85
5474.933585464707	2850	27.42260559517531	0.0	1587293	5885.0493307525	1.85
5478.049632399649	1850	28.306558660232824	0.0	1026056	3116.046934942485	0.8500000000000001
5482.354608557532	2850	28.0015825023509	0.0	1439896	4304.976157881923	1.85
5485.001726274448	1850	29.354464785434534	0.0	728962	2647.117716916363	0.8500000000000001
5490.972564516827	2850	27.383626543054564	0.0	1499009	5970.838242379971	1.85
5494.727632822454	1850	27.628558237428464	0.0	908665	3755.068305626099	0.8500000000000001
5497.968325619201	1850	28.38786544068173	0.0	930577	3240.6927967467354	1.85
5500.680602912727	1850	29.675588147155175	0.0	858450	2712.277293526556	1.85
5505.210443940918	1850	29.14574711896532	0.0	1025005	4529.841028189852	1.85
5509.032681675091	1850	29.32350938479223	0.0	886255	3822.237734173091	1.85
5512.6864875722595	1850	29.669703487624698	0.0	973972	3653.8058971675327	1.85
5515.793888791539	1850	30.562302268345455	0.0	958994	3107.4012192792443	1.85
5518.6549313419855	1850	31.701259717899138	0.0	982064	2861.042550446315	1.85
5523.2286630328235	2850	31.127528027061043	0.0	1231456	4573.731690838096	1.85
5527.469967780657	2850	30.886223279228314	0.0	1364537	4241.304747832728	2.85

