20624.50306104242	750	4.0	1.256359210868177	450283	1256.359210868177	-4.652344606733161
20626.494910903504	1200	6.008150138911241	0.0	611087	1991.8498610887593	0.75
20628.338959151828	1200	8.164101890590421	0.0	571051	1844.0482483208189	1.2
20630.065040477657	1200	10.438020564762667	0.0	617681	1726.0813258277558	1.2
20632.967562537273	1200	11.535498505145831	0.0	652874	2902.5220596168347	1.2
20635.19243854047	1200	13.310622501946428	0.0	520315	2224.8760031994043	1.2
20637.293560580783	1200	15.20950046163477	0.0	561791	2101.122040311657	1.2
20640.03096650835	1200	16.472094534067786	0.0	709534	2737.4059275669847	1.2
20642.827076620255	1200	17.67598442216606	0.0	584846	2796.110111901724	1.2
20645.457833063916	1200	19.04522797850422	0.0	560821	2630.7564436618427	1.2
20647.278034365125	1200	21.225026677294068	0.0	607410	1820.2013012101506	1.2
20649.425302429318	1200	23.077758613099263	0.0	594078	2147.268064194804	1.2
20651.850144071042	1200	24.65291697137508	0.0	624282	2424.8416417241842	1.2
20654.774540643873	1200	25.728520398543782	0.0	687371	2924.396572831299	1.2
20657.062202602403	1850	27.44085844001807	0.0	821631	2287.661958525714	1.2000000000000002
20659.149914595248	1850	29.35314644717427	0.0	923170	2087.711992843798	1.85
20661.410776796256	1850	31.092284246166237	0.0	966699	2260.862201008035	1.85
20664.830942887784	2850	31.672118154640128	0.0	1358801	3420.1660915261095	1.85
20671.403755485127	4300	29.0993055572958	0.0	2220726	6572.812597344327	2.8499999999999996
20675.768391827783	2850	28.73466921464127	0.0	1336050	4364.63634265453	1.4000000000000001
20679.719197961138	2850	28.783863081287958	0.0	1415116	3950.80613335331	2.85
20683.6492852972	2850	28.853775745224723	0.0	1468126	3930.087336063233	2.85
20687.611252041268	2850	28.89180900115566	0.0	1505760	3961.966744069064	2.85
20693.913882242574	2850	26.589178799848366	0.0	1323990	6302.630201307292	2.85
20697.845975892054	1850	26.657085150366633	0.0	897976	3932.0936494817324	0.8500000000000001
20703.244446995643	1850	25.25861404678113	0.0	905935	5398.471103585503	1.85
20713.303708575306	1200	19.199352467118647	0.0	696376	10059.261579662483	0.5499999999999999
20720.37289500975	750	16.130166032674985	0.0	277716	7069.186434443662	0.3
20724.49623097322	300	16.00683006920501	0.0	153605	4123.3359634699755	-0.15000000000000002
20727.48455395435	300	17.018507088075456	0.0	149029	2988.3229811295537	0.3
20730.345399307567	300	18.157661734856628	0.0	157421	2860.8453532188287	0.3
20733.179425296043	300	19.323635746380337	0.0	157488	2834.0259884762945	0.3
20734.988392362593	300	21.514668679826325	0.0	143881	1808.9670665540089	0.3
20736.198588884115	300	24.304472158306968	0.0	163444	1210.196521519357	0.3
20737.445059594014	300	27.058001448408948	0.0	179328	1246.470709898023	0.3
20738.597109486043	300	29.905951556379133	0.0	159914	1152.0498920298144	0.3
20740.3458557569	750	32.15720528552499	0.0	321064	1748.746270854141	0.3
20742.040035084665	750	34.46302595775596	0.0	361565	1694.1793277690228	0.75
20744.58904399773	1200	35.91401704469108	0.0	605884	2549.008913064889	0.75
20748.097773565307	1200	36.40528747711673	0.0	587506	3508.729567574356	1.2
20751.1228766716	1200	37.3801843708234	0.0	566904	3025.103106293324	1.2
20754.764746918398	1200	37.73831412402744	0.0	641452	3641.8702467959615	1.2
20760.607353637097	1200	35.895707405332445	0.0	599477	5842.606718694993	1.2
20764.90156517769	1200	35.60149586473943	0.0	634861	4294.21154059302	1.2
20770.072402304475	1200	34.43065873795694	0.0	630203	5170.8371267824805	1.2
20772.77368181776	750	35.729379224672655	0.0	393804	2701.2795132842784	0.3
20774.915163686586	750	37.58789735584852	0.0	331053	2141.4818688241444	0.75
20779.20756170648	1200	37.29549933595443	0.0	550906	4292.398019894086	0.75

