19972.728796092128	750	4.0	4.2446647119615655	450283	4244.664711961565	-17.50205826143473
19974.14358422566	300	6.5852118664659365	0.0	155580	1414.7881335340633	-0.15000000000000002
19975.407275558005	300	9.321520534123353	0.0	139857	1263.6913323425845	0.3
19976.785188105856	300	11.94360798627423	0.0	155432	1377.9125478491217	0.3
19979.98010577168	750	12.748690320448102	0.0	411561	3194.9176658261276	0.3
19982.090104363884	750	14.638691728241579	0.0	318564	2109.998592206525	0.75
19984.911625836347	750	15.817170255781411	0.0	352642	2821.521472460166	0.75
19988.31337539706	750	16.41542069506754	0.0	437162	3401.7495607138712	0.75
19990.953957604084	750	17.774838488041983	0.0	374758	2640.5822070255563	0.75
19993.928937437602	750	18.79985865452564	0.0	362795	2974.9798335163437	0.75
19997.57754290708	750	19.151253185045885	0.0	353220	3648.605469479757	0.75
20000.902089968873	750	19.82670612325683	0.0	405134	3324.547061789055	0.75
20004.383327604704	750	20.345468487424057	0.0	386351	3481.2376358327747	0.75
20007.82130316235	750	20.90749292978066	0.0	434409	3437.9755576433968	0.75
20010.724528634422	750	22.004267457705733	0.0	337059	2903.2254720749243	0.75
20013.692199509893	750	23.036596582233692	0.0	366214	2967.6708754720426	0.75
20016.45585903293	750	24.27293705919601	0.0	360831	2763.6595230376824	0.75
20018.645025661615	750	26.083770430512622	0.0	372963	2189.1666286833906	0.75
20025.430767365062	1850	23.298028727065766	0.0	987708	6785.741703446858	0.75
20032.541956334077	1850	20.186839758050816	0.0	923755	7111.1889690149455	1.85
20039.859851869296	1850	16.868944222831434	0.0	891604	7317.895535219384	1.85
20048.621609321446	1850	12.107186770683919	0.0	955231	8761.757452147514	1.85
20052.80507441908	750	11.923721673049295	0.0	401853	4183.465097634624	-0.3500000000000001
20057.069395088947	750	11.659401003183739	0.0	343800	4264.320669865557	0.75
20065.08456768261	750	7.644228409522719	0.0	359903	8015.17259366102	0.75
20067.420005559263	300	9.30879053286938	0.0	153938	2335.4378766533373	-0.15000000000000002
20070.757651705382	300	9.971144386751174	0.0	181901	3337.646146118207	0.3
20072.660578836527	300	12.068217255603194	0.0	111155	1902.9271311479781	0.3
20074.951280805337	300	13.777515286793397	0.0	153605	2290.7019688097976	0.3
20077.118226118717	300	15.610569973412538	0.0	149029	2166.9453133808597	0.3
20082.60337153234	750	14.125424559789746	0.0	358218	5485.145413622791	0.3
20085.975622504462	750	14.753173587666279	0.0	400322	3372.250972123467	0.75
20088.412974172763	750	16.315821919366027	0.0	369834	2437.3516683002513	0.75
20091.91081035594	750	16.817985736188117	0.0	412837	3497.83618317791	0.75
20094.603111151453	750	18.125684940678255	0.0	401088	2692.300795509861	0.75
20096.945631629256	750	19.783164462878233	0.0	365161	2342.5204778000216	0.75
20098.900644224137	750	21.828151867996368	0.0	321064	1955.012594881868	0.75
20101.483645692286	750	23.2451503998469	0.0	361565	2583.0014681494677	0.75
20104.441692361008	750	24.287103731123448	0.0	378327	2958.046668723451	0.75
20107.09402656032	750	25.63476953181043	0.0	390680	2652.3341993130166	0.75
20109.39214804503	750	27.33664804710193	0.0	345516	2298.1214847084975	0.75
20116.617079514617	1850	24.111716577510904	0.0	1025005	7224.931469591026	0.75
20126.420029265428	1850	18.308766826704566	0.0	886255	9802.949750806338	1.85
20133.77045065951	1850	14.958345432619103	0.0	973972	7350.421394085463	1.85
20144.88101278832	1850	7.847783303810816	0.0	958994	11110.562128808286	1.85
20148.495362464022	750	8.233433628108656	0.0	393804	3614.3496757021608	-0.3500000000000001
20149.50204050742	300	11.226755584710766	0.0	137507	1006.6780433978909	-0.15000000000000002
20150.328852531882	300	14.399943560247447	0.0	118421	826.8120244633182	0.3

