1618.7628375699828	750	4.0	2.600378850967279	450283	2600.378850967279	0.004705182	-10.431629059159299
1619.5510435041429	300	7.21179406583987	0.0	155580	788.2059341601297	0.45868203	-0.15000000000000002
1620.2982905093425	300	10.464547060640387	0.0	139857	747.2470051994825	0.079423025	0.3
1621.1234381272225	300	13.639399442760366	0.0	155432	825.1476178800208	0.61711586	0.3
1623.4827074540922	750	15.280130115890778	0.0	411561	2359.269326869589	0.15141682	0.3
1625.7577013167609	750	17.005136253222087	0.0	318564	2274.993862668687	0.6104383	0.75
1628.396677451627	750	18.366160118355758	0.0	352642	2638.976134866329	0.19905317	0.75
1632.701220333333	750	18.061617236649845	0.0	437162	4304.542881705914	0.10505397	0.75
1635.330670295758	750	19.432167274224746	0.0	374758	2629.449962425097	0.014804187	0.75
1639.0874007242644	750	19.675436845718462	0.0	362795	3756.7304285062855	0.15444526	0.75
1642.537196356634	750	20.22564121334893	0.0	353220	3449.7956323695344	0.008273492	0.75
1645.5332013289635	750	21.2296362410193	0.0	405134	2996.004972329628	0.0063716844	0.75
1648.8651683885194	750	21.897669181463463	0.0	386351	3331.9670595558355	0.012639951	0.75
1651.9769421357607	750	22.785895434222027	0.0	434409	3111.773747241438	0.0058928877	0.75
1654.640562607928	750	24.122274962054792	0.0	337059	2663.6204721672357	0.01693337	0.75
1660.0762338131583	750	22.686603756824546	0.0	366214	5435.671205230245	0.009363103	0.75
1667.7098529519305	750	19.05298461805228	0.0	360831	7633.619138772263	0.004705182	0.75
1669.5110871126562	300	21.25175045732656	0.0	150616	1801.2341607257233	0.65004957	-0.15000000000000002
1673.5779976609722	750	21.184839909010766	0.0	405596	4066.9105483157905	0.6928746	0.3
1677.9426495001496	750	20.820188069833407	0.0	350713	4364.651839177362	0.004705182	0.75
1682.300175411455	750	20.462662158527845	0.0	386472	4357.525911305563	0.004705182	0.75
1685.004177008545	750	21.75866056143801	0.0	399894	2704.0015970898344	0.0073380847	0.75
1687.4124012661275	750	23.35043630385545	0.0	401853	2408.22425758256	0.004705182	0.75
1689.2481722552823	750	25.514665314700697	0.0	343800	1835.7709891547513	0.019074328	0.75
1691.6076354619197	750	27.155202108063186	0.0	359903	2359.463206637511	0.18391566	0.75
1694.8255597957352	750	27.937277774247818	0.0	379700	3217.9243338153674	0.23895504	0.75
1698.468819727251	750	28.294017842731943	0.0	425781	3643.2599315158723	0.033409122	0.75
1700.6547077439013	750	30.108129826081633	0.0	277716	2185.8880166503127	0.031161796	0.75
1703.137691769775	750	31.625145800207953	0.0	400396	2482.9840258736817	0.14262384	0.75
1705.4240040065656	750	33.33883356341739	0.0	400508	2286.3122367905717	0.6869999	0.75
1708.4302290153153	1200	34.332608554667665	0.0	570392	3006.225008749722	0.14961533	0.75
1712.6740535796177	1200	34.08878399036499	0.0	620283	4243.82456430267	0.004705182	1.2
1716.405964394901	1200	34.35687317508187	0.0	584349	3731.9108152831222	0.005066881	1.2
1720.5026206035761	1200	34.26021696640665	0.0	670129	4096.6562086752165	0.004705182	1.2
1726.131085572161	1200	32.63175199782163	0.0	690253	5628.464968585022	0.004705182	1.2
1728.5064458959077	1200	34.256391674074926	0.0	598727	2375.360323746708	0.0051239585	1.2
1732.4176095918872	1200	34.34522797809563	0.0	487812	3911.163695979294	0.09602045	1.2
1737.015980461633	1200	33.74685710834971	0.0	575591	4598.370869745918	0.004705182	1.2
1742.7970865436712	1200	31.96575102631167	0.0	605884	5781.106082038042	0.004705182	1.2
1746.4188669845357	1200	32.34397058544706	0.0	587506	3621.780440864605	0.004705182	1.2
1749.0741461748107	1200	33.688691395171986	0.0	566904	2655.2791902750782	0.008055825	1.2
1752.1862460437137	1200	34.57659152626914	0.0	641452	3112.099868902841	0.65150964	1.2
1758.269950620759	2850	32.49288694922397	0.0	1343002	6083.704577045164	0.15031378	1.2000000000000002
1764.381002821388	2850	30.381834748594752	0.0	1587250	6111.052200629222	0.004705182	2.85
1769.2645760150751	2850	29.498261554907568	0.0	1464921	4883.573193687186	0.004705182	2.85
1774.225139328897	2850	28.537698241085664	0.0	1483527	4960.563313821902	0.0055603976	2.85
1778.2715089541482	2850	28.491328615834476	0.0	1231456	4046.36962525119	0.042467177	2.85
1782.4771093567576	2850	28.28572821322499	0.0	1364537	4205.600402609485	0.3748333	2.85

