1299.6558350336377	750	4.0	0.848125509873515	450283	848.1255098735149	-2.8969396924561144
1300.0080281084	300	7.647806925237956	0.0	155580	352.1930747620443	-0.15000000000000002
1300.7445544886011	750	10.911280545036503	0.0	350812	736.5263802014521	0.3
1301.9632442608838	1200	13.692590772753801	0.0	617681	1218.689772282702	0.75
1304.8939698206332	2850	14.761865213004679	0.0	1472558	2930.725559749123	1.2000000000000002
1307.2721033164473	2850	16.3837317171905	0.0	1224260	2378.133495814178	2.85
1311.3511575623543	4300	16.304677471283455	0.0	2157535	4079.0542459070466	2.8499999999999996
1315.6276665436158	4300	16.028168490022097	0.0	2290172	4276.508981261358	4.3
1319.3787479538366	4300	16.277087079801188	0.0	2055469	3751.081410220908	4.3
1323.4738728851978	4300	16.181962148439894	0.0	2169201	4095.124931361295	4.3
1327.72516354857	4300	15.930671485067771	0.0	2173522	4251.290663372122	4.3
1331.8641416059822	4300	15.791693427655439	0.0	2102452	4138.9780574123315	4.3
1335.7272924737617	4300	15.928542559875883	0.0	2209463	3863.150867779556	4.3
1340.3789307632856	4300	15.276904270351999	0.0	2275376	4651.638289523884	4.3
1344.0668450978596	4300	15.588989935778052	0.0	2005399	3687.914334573946	4.3
1348.2015572961093	4300	15.454277737528383	0.0	2152483	4134.71219824967	4.3
1352.9296196174992	4300	14.726215416138674	0.0	2289689	4728.062321389709	4.3
1355.3882535400712	2850	16.267581493566556	0.0	1358801	2458.6339225721185	1.4000000000000001
1359.5848107577792	4300	16.071024275858488	0.0	2220726	4196.557217708068	2.8499999999999996
1363.5715021116378	4300	16.084332922000122	0.0	2156729	3986.691353858365	4.3
1367.3417596497084	4300	16.314075383929477	0.0	2039773	3770.2575380706435	4.3
1371.1090591855586	4300	16.546775848079175	0.0	2176469	3767.299535850304	4.3
1375.3860448326902	4300	16.269790200947835	0.0	2221506	4276.985647131341	4.3
1379.3830419696862	4300	16.272793063951596	0.0	2044075	3996.997136996239	4.3
1383.797096324896	4300	15.858738708742017	0.0	2186790	4414.054355209578	4.3
1387.8932920875507	4300	15.76254294608736	0.0	2105231	4096.195762654657	4.3
1392.1536170417862	4300	15.502217991851895	0.0	2395588	4260.324954235466	4.3
1395.698758872546	4300	15.957076161092008	0.0	1972048	3545.1418307598865	4.3
1399.9192191244376	4300	15.736615909200513	0.0	2134614	4220.460251891494	4.3
1403.730916404888	4300	15.92491862874993	0.0	2164140	3811.6972804505817	4.3
1407.7944179521435	4300	15.861417081494317	0.0	2113193	4063.5015472556142	4.3
1411.7739492413893	4300	15.881885792248625	0.0	2147852	3979.531289245694	4.3
1416.0531620496533	4300	15.602672983984663	0.0	2191074	4279.212808263961	4.3
1420.3514406721104	4300	15.304394361527647	0.0	2286761	4298.278622457016	4.3
1424.6573690590162	4300	14.99846597462161	0.0	2307787	4305.928386906037	4.3
1427.3070467685661	2850	16.348788265071626	0.0	1439896	2649.677709549983	1.4000000000000001
1430.8700399645024	4300	16.78579506913524	0.0	1919781	3562.9931959363853	2.8499999999999996
1435.0993443249904	4300	16.556490708647356	0.0	2147467	4229.304360487885	4.3
1439.3425553068998	4300	16.31327972673789	0.0	2133870	4243.2109819094685	4.3
1443.1420377038428	4300	16.513797329794784	0.0	2146120	3799.4823969431054	4.3
1447.2990710425786	4300	16.356763991058905	0.0	2108491	4157.033338735879	4.3
1451.4519327880162	4300	16.203902245621386	0.0	2184571	4152.861745437518	4.3
1455.527815412412	4300	16.1280196212256	0.0	2121928	4075.8826243957847	4.3
1460.1341641713536	4300	15.521670862284115	0.0	2219102	4606.348758941488	4.3
1463.9908975092726	4300	15.664937524365115	0.0	2124950	3856.7333379189986	4.3
1468.222569857488	4300	15.433265176149758	0.0	2246506	4231.672348215358	4.3
1471.8876099457525	4300	15.768225087885197	0.0	1961140	3665.0400882645604	4.3
1475.8296462960493	4300	15.826188737588499	0.0	2155012	3942.0363502966984	4.3

