23565.410457935996	750	4.0	3.9127276647253035	450283	3912.7276647253034	-16.074728958318804
23566.842050956104	300	6.568406979893699	0.0	155580	1431.593020106301	-0.15000000000000002
23568.0085517094	300	9.401906226594866	0.0	139857	1166.500753298834	0.3
23569.15699703716	300	12.253460898835879	0.0	155432	1148.4453277589848	0.3
23571.68159520143	750	13.728862734566606	0.0	411561	2524.5981642692727	0.3
23573.686268050067	750	15.72418988592967	0.0	318564	2004.6728486369348	0.75
23576.40990092516	750	17.000557010837984	0.0	352642	2723.632875091688	0.75
23580.642659328038	750	16.76779860796066	0.0	437162	4232.7584028773235	0.75
23584.581246433954	750	16.82921150204072	0.0	374758	3938.587105919937	0.75
23589.065733086132	750	16.344724849865262	0.0	362795	4484.486652175459	0.75
23591.313227153434	750	18.097230782560445	0.0	353220	2247.4940673048186	0.75
23593.63759169212	750	19.772866243874372	0.0	405134	2324.364538686072	0.75
23595.97899697261	750	21.4314609633822	0.0	386351	2341.4052804921694	0.75
23598.59565941718	750	22.81479851881657	0.0	434409	2616.662444565632	0.75
23603.13503015124	1850	22.27542778475383	0.0	821631	4539.37073406274	0.75
23608.986533384297	1850	20.423924551697397	0.0	923170	5851.503233056433	1.85
23618.39212733783	1850	15.018330598164471	0.0	966699	9405.593953532925	1.85
23623.230031479805	750	14.180426456185764	0.0	372963	4837.904141978708	-0.3500000000000001
23627.520648085825	750	13.889809850165788	0.0	405596	4290.616606019976	0.75
23632.600629740577	750	12.809828195412898	0.0	350713	5079.98165475289	0.75
23635.730004981568	750	13.68045295442501	0.0	386472	3129.375240987887	0.75
23639.34311491978	750	14.067343016211456	0.0	399894	3613.1099382135553	0.75
23642.82084247902	750	14.589615456969483	0.0	401853	3477.7275592419733	0.75
23645.891206532684	750	15.51925140330809	0.0	343800	3070.3640536613925	0.75
23649.14031082547	750	16.27014711051923	0.0	359903	3249.1042927888598	0.75
23653.902662239656	750	15.507795696332359	0.0	379700	4762.351414186872	0.75
23662.514219838824	750	10.896238097164707	0.0	425781	8611.557599167652	0.75
23664.514857034814	300	12.895600901174781	0.0	111155	2000.637195989926	-0.15000000000000002
23667.74031317068	300	13.670144765305283	0.0	153605	3225.456135869499	0.3
23671.634242896987	300	13.776215039000254	0.0	149029	3893.9297263050294	0.3
23674.43030503603	300	14.980152899961164	0.0	157421	2796.0621390390897	0.3
23678.072079836715	300	15.338378099271738	0.0	157488	3641.774800689425	0.3
23689.074317745122	750	8.336140190863896	0.0	369834	11002.237908407842	0.3
23694.620672334808	300	6.789785601179944	0.0	163444	5546.354589683952	-0.15000000000000002
23697.562702499545	300	7.847755436441496	0.0	179328	2942.030164738448	0.3
23700.167264980882	300	9.243192955105915	0.0	159914	2604.562481335581	0.3
23702.014819440185	300	11.39563849580218	0.0	131610	1847.5544593037362	0.3
23703.546726488792	300	13.863731447195482	0.0	124011	1531.9070486066976	0.3
23704.98024645972	300	16.430211476267644	0.0	144254	1433.5199709278404	0.3
23707.928780487036	750	17.48167744894961	0.0	390680	2948.534027318029	0.3
23711.229402692366	750	18.18105524362102	0.0	345516	3300.622205328595	0.75
23715.98925810009	750	17.42119983589981	0.0	384505	4759.85540772121	0.75
23725.27089528302	750	12.139562652967296	0.0	372093	9281.637182932514	0.75
23729.34507355228	300	12.065384383711466	0.0	172312	4074.1782692558304	-0.15000000000000002
23734.369948304604	300	11.040509631385095	0.0	167025	5024.87475232637	0.3
23740.157959759425	300	9.25249817656509	0.0	160064	5788.011454820005	0.3
23743.91745243378	300	9.493005502209526	0.0	137507	3759.492674355564	0.3
23747.22800988813	300	10.182448047859179	0.0	118421	3310.5574543503462	0.3

