9640.438578412897	750	4.0	2.342534869962582	450283	2342.534869962582	-9.322899940839102
9641.509266488027	300	6.929311924870432	0.0	155580	1070.6880751295678	-0.15000000000000002
9642.812801079273	300	9.625777333623237	0.0	139857	1303.5345912471955	0.3
9645.800627015007	1200	10.63795139788892	0.0	617681	2987.8259357343177	0.29999999999999993
9648.13318678164	1200	12.30539163125489	0.0	652874	2332.5597666340295	1.2
9650.795877541868	1850	13.642700871028051	0.0	801058	2662.690760226838	1.2000000000000002
9655.065898414046	2850	13.372679998851142	0.0	1388403	4270.02087217691	1.85
9660.75425889721	2850	11.684319515687825	0.0	1638769	5688.360483163317	2.85
9665.719004344432	1850	10.719574068466551	0.0	852833	4964.745447221274	0.8500000000000001
9667.966784927541	1200	12.471793485357251	0.0	560821	2247.780583109299	0.5499999999999999
9671.335735784705	1850	13.102842628193708	0.0	939819	3368.9508571635433	1.2000000000000002
9676.124050911005	2850	12.3145275018947	0.0	1519951	4788.3151262990095	1.85
9679.090069010834	1850	13.34850940206642	0.0	946851	2966.01809982828	0.8500000000000001
9683.989989192314	2850	12.448589220584436	0.0	1578343	4899.920181481984	1.85
9686.877261257738	1850	13.561317155160548	0.0	821631	2887.272065423888	0.8500000000000001
9693.88213757142	2850	10.556440841477214	0.0	1471065	7004.876313683335	1.85
9696.429261988042	1200	12.009316424855042	0.0	617242	2547.1244166221713	-0.44999999999999996
9699.768107925063	1850	12.670470487833649	0.0	885714	3338.8459370213927	1.2000000000000002
9703.489313067914	1850	12.949265344982884	0.0	987708	3721.2051428507657	1.85
9707.022042317769	1850	13.41653609512719	0.0	923755	3532.729249855693	1.85
9714.976780635256	2850	9.461797777639145	0.0	1415116	7954.738317488046	1.85
9718.112956173572	1200	10.325622239323122	0.0	616206	3136.1755383160234	-0.44999999999999996
9721.602952439747	1200	10.835625973148229	0.0	656471	3489.9962661748928	1.2
9724.235698854027	1200	12.20287955886833	0.0	536667	2632.7464142799004	1.2
9729.643510892362	1850	10.79506752053352	0.0	897976	5407.8120383348105	1.2000000000000002
9733.450412171844	1200	10.988166241051413	0.0	590335	3806.901279482107	0.5499999999999999
9738.220228825196	1200	10.218349587700812	0.0	696376	4769.816653350601	1.2
9741.426269790856	1200	11.012308622040326	0.0	487160	3206.040965660486	1.2
9748.274878303844	1850	8.163700109052659	0.0	972798	6848.6085129876665	1.2000000000000002
9751.136353198426	750	9.302225214470473	0.0	400508	2861.474894582187	-0.3500000000000001
9755.969298282125	1200	8.469280130770207	0.0	570392	4832.945083700265	0.75
9759.397351964573	750	9.04122644832389	0.0	400322	3428.053682446316	0.3
9764.559160078777	1200	7.879418334120032	0.0	584349	5161.808114203858	0.75
9768.90089373137	750	7.537684681527379	0.0	412837	4341.733652592653	0.3
9776.900243027607	750	4.0	0.46166461470976083	401088	7999.34929623714	-1.2351578432519714
9780.41079292527	300	4.48945010233752	0.0	159914	3510.5498976624795	-0.15000000000000002
9781.817866068455	300	7.082376959153733	0.0	131610	1407.0731431837876	0.3
9788.557563270453	750	4.342679757155384	0.0	361565	6739.697201998349	0.3
9791.495169262374	300	5.405073765234775	0.0	144254	2937.605991920609	-0.15000000000000002
9793.276036394454	300	7.624206633154165	0.0	149991	1780.867132080611	0.3
9795.89763484482	750	9.00260818278954	0.0	345516	2621.598450364625	0.3
9799.67939467467	1200	9.22084835293796	0.0	641452	3781.7598298515804	0.75
9803.737797986592	1200	9.162445041014987	0.0	599477	4058.403311922971	1.2
9807.431030695208	1200	9.469212332398502	0.0	634861	3693.2327086164855	1.2
9811.637774821036	1200	9.262468206572715	0.0	630203	4206.744125825788	1.2
9816.1471300036	1200	8.753113024008412	0.0	638661	4509.355182564303	1.2
9818.811403920039	750	10.088839107568111	0.0	331053	2664.273916440301	0.3
9822.768997898935	1200	10.131245128672385	0.0	550906	3957.593978895726	0.75

