7542.352747561838	750	4.0	2.8275693741498356	450283	2827.5693741498358	0.033327326	-11.408548308844292
7543.1853479583615	300	7.167399603477153	0.0	155580	832.600396522847	0.1727351	-0.15000000000000002
7543.900598999958	300	10.452148561881389	0.0	139857	715.2510415957636	0.025773352	0.3
7545.5870294872275	750	12.765718074611508	0.0	382355	1686.4304872698822	0.6317696	0.3
7554.467276385305	1200	7.88547117653279	0.0	652874	8880.246898078718	0.16831432	0.75
7556.844728790073	300	9.508018771765284	0.0	126289	2377.452404767507	0.004705182	-0.6000000000000001
7559.6922147227	300	10.660532839138133	0.0	153295	2847.4859326271508	0.004705182	0.3
7563.024366591246	300	11.328380970591331	0.0	173849	3332.1518685468022	0.004705182	0.3
7565.280478838625	300	13.07226872321305	0.0	150710	2256.1122473782816	0.004705182	0.3
7567.981630860667	300	14.37111670117034	0.0	139105	2701.15202204271	0.0050030136	0.3
7572.764493295667	300	13.588254266169603	0.0	141840	4782.862435000738	0.004705182	0.3
7577.341107392159	300	13.011640169678037	0.0	156148	4576.614096491566	0.004705182	0.3
7581.079484620833	300	13.273262941004575	0.0	160746	3738.377228673464	0.004705182	0.3
7584.7474454018375	300	13.605302160000065	0.0	179801	3667.960781004509	0.004705182	0.3
7587.085929853146	300	15.266817708691496	0.0	140051	2338.4844513085686	0.004705182	0.3
7589.724509658339	300	16.628237903497983	0.0	138313	2638.5798051935126	0.004705182	0.3
7592.539154439029	300	17.813593122809245	0.0	143509	2814.644780688736	0.004705182	0.3
7595.822590208886	300	18.53015735295166	0.0	150616	3283.4357698575836	0.004705182	0.3
7599.811137039987	300	18.54161052185011	0.0	165384	3988.5468311015507	0.004705182	0.3
7602.921475173085	300	19.431272388752586	0.0	140881	3110.338133097522	0.004705182	0.3
7605.705173413653	300	20.64757414818439	0.0	157671	2783.698240568197	0.008518427	0.3
7608.4917276058595	300	21.86101995597772	0.0	157812	2786.5541922066695	0.034533564	0.3
7611.623241461953	300	22.729506099885047	0.0	163927	3131.513856092674	0.1604281	0.3
7614.1412641154775	300	24.211483446359555	0.0	137654	2518.0226535254897	0.31951347	0.3
7617.758077447116	300	24.594670114721364	0.0	146754	3616.8133316381914	0.69683135	0.3
7626.39105000111	750	19.961697560727682	0.0	379700	8632.972553993679	0.6692229	0.3
7627.972781938027	300	22.379965623810648	0.0	181901	1581.7319369170352	0.047080528	-0.15000000000000002
7630.5482049300945	750	23.804542631742844	0.0	277716	2575.4229920678054	0.5757991	0.3
7633.992657449307	750	24.360090112528745	0.0	400396	3444.452519214098	0.004705182	0.75
7638.804474499827	750	23.54827306200916	0.0	400508	4811.817050519588	0.004705182	0.75
7644.250117814804	750	22.102629747031706	0.0	358218	5445.643314977449	0.004705182	0.75
7647.564729385584	750	22.788018176252255	0.0	400322	3314.611570779451	0.0061936155	0.75
7650.141447341941	750	24.21130021989506	0.0	369834	2576.717956357193	0.004705182	0.75
7652.954151818313	750	25.398595743523146	0.0	412837	2812.704476371917	0.012575034	0.75
7656.721750343636	750	25.63099721820123	0.0	401088	3767.598525321915	0.109484755	0.75
7661.450602844345	750	24.902144717492018	0.0	365161	4728.852500709214	0.024529533	0.75
7668.233802200479	750	22.118945361358215	0.0	321064	6783.199356133802	0.0064117266	0.75
7674.035634683364	750	20.317112878472653	0.0	361565	5801.83248288556	0.004705182	0.75
7677.9544157573155	750	20.398331804521597	0.0	378327	3918.781073951056	0.004705182	0.75
7681.43089580429	750	20.921851757546268	0.0	390680	3476.48004697533	0.0082988525	0.75
7683.242737838084	750	23.1100097237519	0.0	345516	1811.8420337943674	0.06276103	0.75
7686.940111321008	1200	23.412636240828732	0.0	641452	3697.3734829231707	0.13239104	0.75
7692.19818150161	1200	22.15456606022771	0.0	599477	5258.070180601018	0.004705182	1.2
7702.767506006671	1200	15.58524155516548	0.0	634861	10569.324505062234	0.010316529	1.2
7709.6354767646	750	12.717270797236448	0.0	398987	6867.970757929032	0.011051307	0.3
7721.0192541749975	750	5.333493386839316	0.0	393804	11383.777410397131	0.09920188	0.75
7724.146025241567	300	6.206722320269472	0.0	137507	3126.771066569844	0.004705182	-0.15000000000000002
7726.558096760355	300	7.794650801481104	0.0	118421	2412.071518788369	0.004705182	0.3

