2971.962675723558	750	4.0	4.034106319630938	450283	4034.106319630938	-16.596657174413032
2973.0789770622455	300	6.883698661312633	0.0	155580	1116.3013386873674	-0.15000000000000002
2974.085513670907	300	9.877162052650885	0.0	139857	1006.5366086617488	0.3
2975.043939718991	300	12.918736004566787	0.0	155432	958.4260480840993	0.3
2977.1881146009737	750	14.774561122584116	0.0	411561	2144.174881982671	0.3
2980.117422323881	750	15.845253399677262	0.0	318564	2929.3077229068526	0.75
2982.3251688029677	750	17.637506920590067	0.0	352642	2207.746479087196	0.75
2984.697911295892	750	19.264764427665607	0.0	437162	2372.742492924461	0.75
2986.564846759935	750	21.397828963622807	0.0	374758	1866.9354640428003	0.75
2991.833382224997	1850	20.129293498560457	0.0	913888	5268.53546506235	0.75
2996.7778663862455	1850	19.184809337312217	0.0	939819	4944.484161248241	1.85
2999.7362414865215	1850	20.226434237036212	0.0	917428	2958.3751002760023	1.85
3003.240050668554	1850	20.722625055003935	0.0	946851	3503.8091820322816	1.85
3007.4152633759395	1850	20.547412347618447	0.0	1036454	4175.212707385488	1.85
3010.74520960464	1850	21.21746611891777	0.0	821631	3329.9462287006763	1.85
3014.4252678046473	1850	21.537407918910517	0.0	923170	3680.058200007254	1.85
3021.1809611328154	1850	18.781714590742375	0.0	966699	6755.693328168141	1.85
3024.775962677253	1850	19.18671304630497	0.0	885714	3595.0015444374085	1.85
3028.4337546958814	1850	19.52892102767675	0.0	987708	3657.792018628222	1.85
3032.5344662667785	1850	19.42820945677966	0.0	923755	4100.7115708970905	1.85
3037.606562997286	1850	18.35611272627215	0.0	891604	5072.096730507506	1.85
3041.498385291745	1850	18.464290431812774	0.0	955231	3891.822294459379	1.85
3045.3133484396203	1850	18.649327283937257	0.0	968026	3814.9631478755123	1.85
3048.293424416329	1850	19.669251307228958	0.0	874175	2980.075976708298	1.85
3050.9823296875966	1850	20.98034603596093	0.0	897976	2688.905271268029	1.85
3053.1082131337116	1850	22.85446258984573	0.0	905935	2125.8834461151982	1.85
3056.165881691154	1850	23.796794032403515	0.0	1076599	3057.6685574422168	1.85
3058.971094088888	1850	24.991581634669544	0.0	758197	2805.212397733971	1.85
3061.9548233757987	1850	26.007852347759044	0.0	972798	2983.7292869104954	1.85
3064.697511537871	1850	27.26516418568714	0.0	975811	2742.6881620719055	1.85
3066.6959472893504	1850	29.26672843420767	0.0	873429	1998.435751479467	1.85
3068.735372005459	1850	31.227303718099304	0.0	954453	2039.4247161083674	1.85
3073.047096943493	4300	30.91557878006515	0.0	2191074	4311.724938034157	1.8499999999999996
3078.3623216857454	4300	29.600354037812536	0.0	2286761	5315.224742252612	4.3
3087.120997417775	4300	24.841678305782914	0.0	2307787	8758.675732029624	4.3
3095.1004409273614	4300	20.86223479619627	0.0	2143948	7979.443509586643	4.3
3099.060310096749	4300	20.902365626808717	0.0	1919781	3959.869169387551	4.3
3104.166035795202	4300	19.79663992835562	0.0	2147467	5105.725698453098	4.3
3109.5392858966825	4300	18.423389826875006	0.0	2133870	5373.250101480616	4.3
3115.495659377548	4300	16.467016346009878	0.0	2146120	5956.373480865129	4.3
3123.990930401215	4300	11.97174532234315	0.0	2108491	8495.271023666728	4.3
3128.0527286338634	1850	11.90994708969443	0.0	1025005	4061.7982326487177	-0.6000000000000001
3131.472333003792	1850	12.490342719766028	0.0	886255	3419.604369928403	1.85
3134.739706942116	1850	13.222968781442328	0.0	973972	3267.3739383237007	1.85
3138.0643598890492	1850	13.898315834509297	0.0	958994	3324.6529469330294	1.85
3142.581594684742	1850	13.38108103881665	0.0	982064	4517.234795692648	1.85
3147.1558793462423	1850	12.806796377316292	0.0	830730	4574.284661500357	1.85
3151.793301395752	1850	12.169374327806505	0.0	846370	4637.422049509788	1.85

