23246.399317384134	750	4.0	5.057839080863765	450283	5057.839080863765	0.004705182	-20.99870804771419
23247.83005489919	300	6.569262484946178	0.0	155580	1430.7375150538228	0.004705182	-0.15000000000000002
23249.22864313503	300	9.170674249107659	0.0	139857	1398.5882358385181	0.004705182	0.3
23250.673621147693	300	11.72569623644636	0.0	155432	1444.9780126612982	0.004705182	0.3
23252.321861275785	300	14.077456108354035	0.0	163442	1648.2401280923232	0.0076130205	0.3
23253.6006630017	300	16.798654382437846	0.0	126289	1278.8017259161916	0.14427185	0.3
23256.724407533147	750	17.674909850993394	0.0	352642	3123.744531444453	0.3042674	0.3
23260.504184555604	750	17.8951328285363	0.0	437162	3779.777022457093	0.007899004	0.75
23263.926547766394	750	18.47276961774806	0.0	374758	3422.363210788239	0.008274709	0.75
23266.892269329634	750	19.50704805451119	0.0	362795	2965.7215632368707	0.0058579165	0.75
23270.09603498362	750	20.30328240052362	0.0	353220	3203.765653987568	0.00494373	0.75
23274.80133996418	750	19.59797741996705	0.0	405134	4705.304980556571	0.0047113798	0.75
23279.25147598395	750	19.14784140019401	0.0	386351	4450.136019773037	0.007326054	0.75
23282.986539599402	750	19.412777784742673	0.0	434409	3735.063615451337	0.0122126695	0.75
23286.198823722923	750	20.200493661222417	0.0	337059	3212.2841235202586	0.004705182	0.75
23289.825107562894	750	20.57420982125096	0.0	366214	3626.283839971455	0.004705182	0.75
23293.170494179667	750	21.22882320448195	0.0	360831	3345.3866167690067	0.004705182	0.75
23298.22714118244	750	20.172176201706012	0.0	372963	5056.64700277594	0.004705182	0.75
23303.60607618234	750	18.793241201808137	0.0	405596	5378.934999897877	0.011011125	0.75
23308.529598518126	750	17.86971886602362	0.0	350713	4923.522335784515	0.0880289	0.75
23313.326495056845	750	17.07282232730558	0.0	386472	4796.896538718039	0.20259874	0.75
23316.37773711173	750	18.021580272423797	0.0	399894	3051.2420548817818	0.23000214	0.75
23319.71320558683	750	18.68611179732225	0.0	401853	3335.4684751015493	0.0061358893	0.75
23323.441659509543	750	18.95765787460949	0.0	343800	3728.453922712758	0.0052446974	0.75
23327.186276856362	750	19.21304052778926	0.0	359903	3744.617346820233	0.0077732666	0.75
23330.26642187445	750	20.132895509703445	0.0	379700	3080.1450180858164	0.008004953	0.75
23335.466028511502	750	18.933288872649406	0.0	425781	5199.606637054038	0.004705182	0.75
23337.5764408571	750	20.822876527050795	0.0	277716	2110.41234559861	0.014411667	0.75
23341.01167805793	750	21.387639326220448	0.0	400396	3435.237200830346	0.005340718	0.75
23344.027419106205	750	22.37189827794756	0.0	400508	3015.741048272885	0.004705182	0.75
23346.429184981575	750	23.970132402579175	0.0	358218	2401.765875368386	0.012396757	0.75
23350.10112879576	750	24.298188588393483	0.0	400322	3671.9438141856904	0.03477871	0.75
23356.206117430916	750	22.19319995323253	0.0	369834	6104.988635160957	0.008182433	0.75
23363.274731464593	750	19.12458591955753	0.0	412837	7068.614033674999	0.004705182	0.75
23367.59031517613	750	18.809002208023955	0.0	401088	4315.583711533575	0.06306337	0.75
23372.277724820397	750	18.121592563753694	0.0	365161	4687.409644270263	0.004705182	0.75
23376.803526808235	750	17.59579057591635	0.0	321064	4525.801987837342	0.004705182	0.75
23381.345996146847	750	17.053321237304132	0.0	361565	4542.46933861222	0.004705182	0.75
23386.2415215048	750	16.157795879354815	0.0	378327	4895.525357949317	0.0048538744	0.75
23390.063660836466	750	16.335656547686803	0.0	390680	3822.139331668012	0.009204756	0.75
23394.88484915757	750	15.514468226579433	0.0	345516	4821.18832110737	0.004705182	0.75
23401.094291337573	750	13.305026046578714	0.0	384505	6209.442180000718	0.006840101	0.75
23406.748159186365	750	11.651158197785438	0.0	372093	5653.867848793276	0.25551292	0.75
23409.796187822012	300	12.603129562143572	0.0	172312	3048.0286356418674	0.6913379	-0.15000000000000002
23412.36012760999	300	14.039189774165205	0.0	167025	2563.9397879783664	0.030581247	0.3
23418.43758364796	750	11.961733736197642	0.0	393804	6077.456037967562	0.6783897	0.3
23424.09209969755	750	10.30721768660537	0.0	331053	5654.516049592274	0.17199138	0.75
23425.81851887969	300	12.58079850446932	0.0	118421	1726.4191821360482	0.67432564	-0.15000000000000002

