16421.456725060812	750	4.0	4.948165992489615	450283	4948.165992489616	-20.527113767705345
16422.863510867406	300	6.593214193405611	0.0	155580	1406.7858065943897	-0.15000000000000002
16423.87615520527	300	9.580569855539265	0.0	139857	1012.6443378663465	0.3
16425.028605272524	300	12.428119788285638	0.0	155432	1152.4500672536267	0.3
16428.76346802406	750	12.693257036751803	0.0	411561	3734.8627515338358	0.3
16431.91816949976	750	13.538555561051464	0.0	318564	3154.7014757003385	0.75
16435.69879270147	750	13.757932359340742	0.0	352642	3780.6232017107213	0.75
16443.806058457918	750	9.65066660289391	0.0	437162	8107.265756446832	0.75
16445.373467136	300	12.08325792481027	0.0	150710	1567.4086780836403	-0.15000000000000002
16446.673634726212	300	14.783090334599903	0.0	139105	1300.1675902103668	0.3
16448.002593274316	300	17.454131786496013	0.0	141840	1328.9585481038862	0.3
16449.702757553714	300	19.75396750709636	0.0	156148	1700.1642793996552	0.3
16453.01368274342	750	20.443042317390354	0.0	386351	3310.925189706004	0.3
16457.1382606875	750	20.318464373311553	0.0	434409	4124.577944078803	0.75
16460.54481388023	750	20.911911180579846	0.0	337059	3406.5531927317047	0.75
16465.817617864857	750	19.63910719595196	0.0	366214	5272.803984627884	0.75
16471.54064078209	750	17.916084278721748	0.0	360831	5723.022917230215	0.75
16474.229407660987	300	19.227317399824557	0.0	150616	2688.7668788971905	-0.15000000000000002
16475.92198979246	300	21.53473526835145	0.0	165384	1692.5821314731068	0.3
16477.119227525407	300	24.337497535404665	0.0	140881	1197.237732946785	0.3
16478.447560351175	300	27.009164709635517	0.0	157671	1328.3328257691505	0.3
16481.316837086448	750	28.139887974363628	0.0	399894	2869.2767352718884	0.3
16484.370179159698	750	29.086545901113695	0.0	401853	3053.342073249933	0.75
16489.42794176782	1200	28.028783292993182	0.0	536667	5057.762608120514	0.75
16492.62499693539	750	28.831728125420632	0.0	359903	3197.055167572553	0.3
16496.59426343623	750	28.862461624582764	0.0	379700	3969.266500837869	0.75
16501.01761151427	750	28.439113546540845	0.0	425781	4423.348078041921	0.75
16503.902341137837	750	29.55438392297381	0.0	277716	2884.7296235670365	0.75
16509.71288505285	750	27.743840007960227	0.0	400396	5810.5439150135835	0.75
16514.983915908615	750	26.472809152196604	0.0	400508	5271.030855763618	0.75
16517.24307126479	300	28.213653796019102	0.0	157421	2259.155356177502	-0.15000000000000002
16522.0105814497	300	27.44614361111248	0.0	157488	4767.510184906623	0.3
16524.551558812364	300	28.905166248448477	0.0	143881	2540.977362664	0.3
16526.360237826575	300	31.096487234236236	0.0	163444	1808.6790142122418	0.3
16530.458715642773	750	30.998009418037462	0.0	401088	4098.477816198773	0.3
16533.587010560383	750	31.869714500425488	0.0	365161	3128.2949176119732	0.75
16536.322311620606	750	33.13441344020334	0.0	321064	2735.3010602221534	0.75
16541.34443573687	1200	32.112289323936515	0.0	575591	5022.124116266819	0.75
16545.77901617116	1200	31.677708889647867	0.0	605884	4434.580434288653	1.2
16550.155286897898	1200	31.30143816291019	0.0	587506	4376.270726737677	1.2
16553.88493823548	1200	31.57178682533352	0.0	566904	3729.6513375766754	1.2
16558.518970879682	1200	30.93775418112889	0.0	641452	4634.032644204628	1.2
16562.61200850656	1200	30.844716554250912	0.0	599477	4093.0376268779805	1.2
16566.901975056615	1200	30.55475000419348	0.0	634861	4289.966550057429	1.2
16571.516959769033	1200	29.939765291779253	0.0	630203	4614.984712414227	1.2
16576.020458190407	1200	29.436266870402584	0.0	638661	4503.498421376669	1.2
16579.988377046284	1200	29.46834801452673	0.0	538612	3967.9188558758547	1.2
16585.179252842143	1200	28.27747221866807	0.0	550906	5190.8757958586575	1.2

