10067.136435150442	750	4.0	2.009934342455404	450283	2009.9343424554038	-7.892717672558236
10067.967053417378	300	7.169381733062442	0.0	155580	830.6182669375579	-0.15000000000000002
10069.084415707104	300	10.052019443338434	0.0	139857	1117.362289724009	0.3
10073.88161836726	750	9.254816783181381	0.0	382355	4797.202660157053	0.3
10075.563700189992	300	11.572734960448047	0.0	163442	1682.0818227333339	-0.15000000000000002
10077.917790536361	750	13.218644614080514	0.0	318564	2354.090346367533	0.3
10080.171838596127	750	14.964596554315175	0.0	352642	2254.048059765339	0.75
10081.036938099027	300	18.099497051414364	0.0	173849	865.0995029008112	-0.15000000000000002
10082.811142697637	750	20.32529245280254	0.0	374758	1774.2045986118246	0.3
10085.298447253517	1200	21.83798789692307	0.0	560821	2487.3045558794674	0.75
10089.012101652257	1850	22.124333498184274	0.0	939819	3713.654398738796	1.2000000000000002
10093.043964155493	1850	22.092470994947973	0.0	917428	4031.8625032363	1.85
10097.084537877749	1850	22.051897272693424	0.0	946851	4040.573722254551	1.85
10101.275660307125	1850	21.860774843316147	0.0	1036454	4191.122429377277	1.85
10106.484276973295	2850	20.652158177147236	0.0	1231445	5208.616666168914	1.85
10110.074254768257	1850	21.062180382184366	0.0	923170	3589.977794962869	0.8500000000000001
10114.001824863572	1850	21.134610286868956	0.0	966699	3927.570095315407	1.85
10117.517264997477	1850	21.619170152964678	0.0	885714	3515.4401339042784	1.85
10121.563060524379	1850	21.573374626062936	0.0	987708	4045.7955269017416	1.85
10125.299234044614	1850	21.83720110582514	0.0	923755	3736.1735202377977	1.85
10129.532061275164	1850	21.60437387527702	0.0	891604	4232.827230548123	1.85
10135.027097759745	1850	20.109337390696425	0.0	955231	5495.036484580594	1.85
10143.983514486219	1850	15.152920664220133	0.0	968026	8956.416726476293	1.85
10147.030820529686	1200	16.105614620754473	0.0	536667	3047.30604346566	0.5499999999999999
10149.978160074283	1200	17.1582750761577	0.0	587236	2947.3395445967735	1.2
10153.08055892096	1200	18.055876229481775	0.0	590335	3102.3988466759256	1.2
10157.040183458075	1200	18.096251692365357	0.0	696376	3959.6245371164187	1.2
10159.237656341948	1200	19.898778808492885	0.0	487160	2197.4728838724736	1.2
10162.933997052318	1200	20.202438098123245	0.0	622896	3696.340710369638	1.2
10166.571278739084	1200	20.565156411356803	0.0	641447	3637.281686766444	1.2
10171.926576244678	1850	19.209858905762253	0.0	873429	5355.297505594552	1.2000000000000002
10175.98189947219	1200	19.15453567825044	0.0	620283	4055.3232275118144	0.5499999999999999
10179.012850146744	1200	20.123585003696206	0.0	584349	3030.95067455423	1.2
10181.932148313927	1200	21.20428683651471	0.0	670129	2919.2981671814946	1.2
10184.814994142665	1200	22.321441007776286	0.0	690253	2882.8458287384237	1.2
10189.031604724418	1850	22.104830426023433	0.0	943942	4216.610581752854	1.2000000000000002
10193.01809791886	1850	22.1183372315808	0.0	728962	3986.493194442633	1.85
10199.0238315437	1850	20.112603606741146	0.0	938587	6005.733624839655	1.85
10204.002496538966	1850	19.13393861147712	0.0	908665	4978.664995264031	1.85
10207.152035718918	1200	19.984399431524334	0.0	587506	3149.5391799527847	0.5499999999999999
10213.825279966186	1850	17.31115518425493	0.0	858450	6673.244247269402	1.2000000000000002
10222.070184346208	1200	13.06625080423288	0.0	641452	8244.904380022052	0.5499999999999999
10224.75662159201	750	14.379813558429849	0.0	372093	2686.4372458030302	0.3
10227.089900760704	750	16.046534389736017	0.0	438281	2333.2791686938317	0.75
10229.404508875572	750	17.73192627486895	0.0	398987	2314.6081148670664	0.75
10231.761987098194	750	19.374448052245747	0.0	393804	2357.4782226232046	0.75
10236.217557022488	1200	18.918878127952585	0.0	538612	4455.569924293159	0.75
10239.74899458696	1200	19.387440563481743	0.0	550906	3531.437564470846	1.2

