13912.472367867238	750	4.0	2.855960794164828	450283	2855.9607941648283	-11.530631414908761
13913.281379851442	300	7.1909880157968455	0.0	155580	809.011984203154	-0.15000000000000002
13914.45411375347	750	10.018254113766275	0.0	350812	1172.7339020305694	0.3
13917.290141694677	1200	11.18222617256187	0.0	617681	2836.0279412044056	0.75
13922.902450264639	1850	9.569917602599878	0.0	996749	5612.3085699619905	1.2000000000000002
13926.250305293035	1200	10.222062574203086	0.0	520315	3347.8550283967925	0.5499999999999999
13929.139030982848	1200	11.333336884389679	0.0	561791	2888.725689813407	1.2
13933.008963358336	1850	11.463404508903288	0.0	1060487	3869.932375486391	1.2000000000000002
13936.603684415959	1850	11.868683451279104	0.0	852833	3594.721057624184	1.85
13939.687974948103	1850	12.784392919135307	0.0	913888	3084.290532143795	1.85
13943.545733091543	1850	12.926634775696318	0.0	939819	3857.758143438988	1.85
13948.224901567239	1850	12.247466299999395	0.0	917428	4679.1684756969225	1.85
13953.708947612033	1850	10.763420255207048	0.0	946851	5484.046044792346	1.85
13956.974340903702	1200	11.498026963538434	0.0	687371	3265.393291668616	0.5499999999999999
13961.568051491717	1850	10.904316375522205	0.0	821631	4593.710588016229	1.2000000000000002
13965.94982498789	1200	10.52254287934954	0.0	587876	4381.773496172664	0.5499999999999999
13970.328549541933	1200	10.143818325307096	0.0	617242	4378.724554042444	1.2
13974.18061505924	1200	10.291752808000151	0.0	581493	3852.0655173069454	1.2
13977.953674092852	1200	10.51869377438927	0.0	639204	3773.0590336108794	1.2
13981.012050706666	1200	11.460317160575741	0.0	586839	3058.3766138135284	1.2
13989.07617258478	1850	7.3961952824610036	0.0	891604	8064.121878114738	1.2000000000000002
13992.014343932045	750	8.458023935196552	0.0	399894	2938.171347264451	-0.3500000000000001
13995.651679421493	750	8.820688445748845	0.0	401853	3637.3354894477075	0.75
13999.134924338352	750	9.337443528890754	0.0	343800	3483.244916858091	0.75
14004.472663666933	1200	7.999704200309012	0.0	587236	5337.739328581741	0.75
14008.99450091529	750	7.4778669519514995	0.0	379700	4521.837248357513	0.3
14012.93023108934	750	7.542136777902384	0.0	425781	3935.7301740491157	0.75
14015.326643238763	750	9.145724628481405	0.0	277716	2396.41214942098	0.75
14019.263054984085	1200	9.209312883159306	0.0	622896	3936.4117453220983	0.75
14023.772449494269	1200	8.699918372976043	0.0	641447	4509.394510183263	1.2
14031.766808018161	750	4.70555984908351	0.0	358218	7994.3585238925325	0.3
14033.06006497712	300	7.4123028901246935	0.0	157488	1293.2569589588163	-0.15000000000000002
14035.45635899868	750	9.016008868567308	0.0	369834	2396.294021557387	0.3
14039.122638754076	1200	9.349729113170204	0.0	670129	3666.279755397104	0.75
14042.742044031182	1200	9.73032383606419	0.0	690253	3619.405277106014	1.2
14045.06544497919	1200	11.40692288805721	0.0	598727	2323.40094800698	1.2
14047.732933094829	1850	12.739434772416516	0.0	728962	2667.4881156406946	1.2000000000000002
14050.840461510556	1850	13.631906356689198	0.0	938587	3107.5284157273186	1.85
14055.496644379988	2850	12.975723487255811	0.0	1427478	4656.182869433386	1.85
14058.171867516432	1850	14.30050035081125	0.0	930577	2675.223136444562	0.8500000000000001
14061.59304474695	2850	14.879323120293789	0.0	1339500	3421.1772305174613	1.85
14066.576357297816	2850	13.896010569428254	0.0	1527299	4983.312550865534	2.85
14071.856236963795	2850	12.616130903447926	0.0	1343002	5279.879665980328	2.85
14075.63188465765	1850	12.840483209592074	0.0	973972	3775.647693855852	0.8500000000000001
14081.427383212278	1850	11.044984654965855	0.0	958994	5795.498554626218	1.85
14087.334155434162	1850	9.138212433081975	0.0	982064	5906.772221883881	1.85
14089.677665574905	1200	10.794702292338666	0.0	538612	2343.510140743308	0.5499999999999999
14092.731844385758	1200	11.74052348148574	0.0	550906	3054.178810852927	1.2

