21305.342251317346	750	4.0	3.995068697861578	450283	3995.068697861578	-16.428795400804784
21306.834523404676	300	6.507727912669612	0.0	155580	1492.2720873303876	-0.15000000000000002
21308.10661945874	300	9.235631858607427	0.0	139857	1272.0960540621852	0.3
21313.27136295395	1200	8.07088836339585	0.0	617681	5164.7434952115755	0.29999999999999993
21316.658299290368	750	8.683952026979842	0.0	411561	3386.93633641601	0.3
21319.503472420576	750	9.838778896767494	0.0	318564	2845.173130212347	0.75
21327.894728903048	1200	5.447522414297367	0.0	561791	8391.256482470126	0.75
21331.2327762294	300	6.109475087945613	0.0	173849	3338.047326351754	-0.6000000000000001
21333.691497522253	300	7.6507537950906785	0.0	150710	2458.721292854934	0.3
21338.727578305876	750	6.614673011469148	0.0	362795	5036.080783621531	0.3
21340.492293404495	300	8.849957912851337	0.0	141840	1764.7150986178099	-0.15000000000000002
21345.295107392787	750	8.047143924557204	0.0	405134	4802.813988294133	0.3
21349.390518509128	750	7.951732808219642	0.0	386351	4095.411116337563	0.75
21353.329687703135	750	8.012563614208911	0.0	434409	3939.169194010731	0.75
21357.192589871018	750	8.149661446324377	0.0	337059	3862.9021678845347	0.75
21361.11706614655	750	8.225185170791912	0.0	366214	3924.4762755324637	0.75
21366.410930366037	750	6.931320951310269	0.0	360831	5293.864219481643	0.75
21370.236477326307	300	7.105773991039552	0.0	150616	3825.546960270717	-0.15000000000000002
21376.97128646233	750	4.370964855016149	0.0	405596	6734.809136023403	0.3
21379.173975763268	300	6.1682755540782495	0.0	140881	2202.6893009379005	-0.15000000000000002
21381.262533780955	300	8.079717536390895	0.0	157671	2088.558017687354	0.3
21390.615992746603	750	4.0	1.2737414292578706	399894	9353.458965648766	-5.177088145808844
21395.55117041387	300	4.0	0.9351776672686283	163927	4935.177667268628	-4.171263969255102
21398.888340787358	300	4.66282962651255	0.0	137654	3337.17037348745	0.3
21402.983707787298	300	4.567462626573182	0.0	146754	4095.3669999393687	0.3
21406.50104679398	300	5.050123619893467	0.0	153938	3517.339006679714	0.3
21409.99112590543	300	5.560044508440095	0.0	181901	3490.079111453372	0.3
21412.615436767195	300	6.935733646679007	0.0	111155	2624.310861761088	0.3
21416.35231298663	300	7.198857427240857	0.0	153605	3736.8762194381507	0.3
21426.267789059468	750	4.0	2.716618645597626	400508	9915.476072838483	-11.38146017606979
21429.435762604986	300	4.832026454484022	0.0	157421	3167.973545515978	-0.15000000000000002
21432.437955895977	300	5.829833163489519	0.0	157488	3002.1932909945035	0.3
21435.0406947269	300	7.227094332568458	0.0	143881	2602.7388309210605	0.3
21441.473585593307	750	4.7942034661605755	0.0	412837	6432.890866407883	0.3
21445.679525252326	300	4.588263807140253	0.0	179328	4205.939659020323	-0.15000000000000002
21450.086992306115	300	4.18079675335433	0.0	159914	4407.467053785923	0.3
21452.30173859477	300	5.96605046469733	0.0	131610	2214.7462886569997	0.3
21454.164052408334	300	8.10373665113248	0.0	124011	1862.3138135648485	0.3
21458.877842280086	750	7.389946779380939	0.0	378327	4713.789871751542	0.3
21462.52676549247	750	7.741023566998082	0.0	390680	3648.9232123828583	0.75
21465.600957089213	750	8.666831970254048	0.0	345516	3074.1915967440323	0.75
21468.89601225001	750	9.371776809455623	0.0	384505	3295.055160798426	0.75
21473.737079705494	1200	8.530709353968753	0.0	599477	4841.067455486871	0.75
21478.095593701873	750	8.172195357591686	0.0	438281	4358.513996377066	0.3
21484.66361556495	750	5.604173494513045	0.0	398987	6568.021863078641	0.75
21487.769589712538	300	6.498199346924654	0.0	160064	3105.9741475883916	-0.15000000000000002
21490.019922330255	300	8.247866729204507	0.0	137507	2250.3326177201466	0.3
21494.53781512355	750	7.729973935911737	0.0	314107	4517.89279329277	0.3

