2203.06375919943	750	4.0	6.275717151967713	450283	6275.717151967713	1.3154634	-26.235583753461167
2205.238441917787	300	5.825317281643536	0.0	155580	2174.6827183564637	0.051790025	-0.15000000000000002
2207.3243664221864	300	7.7393927772440305	0.0	139857	2085.924504399506	0.32356596	0.3
2213.655580551913	750	5.408178647517092	0.0	382355	6331.214129726938	0.48445985	0.3
2215.6915055804307	300	7.37225361899905	0.0	163442	2035.9250285180422	0.0886712	-0.15000000000000002
2217.538438297186	300	9.52532090224396	0.0	126289	1846.9327167550887	0.65349394	0.3
2223.7963807326632	750	7.267378466766354	0.0	352642	6257.9424354776065	0.757174	0.3
2226.5574267928037	300	8.506332406626322	0.0	173849	2761.0460601400314	0.23974878	-0.15000000000000002
2229.029551310564	300	10.034207888866247	0.0	150710	2472.124517760075	0.5210124	0.3
2230.9995351814837	300	12.064224017946318	0.0	139105	1969.9838709199298	0.7031905	0.3
2235.1713109035886	750	11.892448295841444	0.0	353220	4171.775722104874	1.047351	0.3
2236.7488803895626	300	14.314878809867364	0.0	156148	1577.5694859740772	1.1427763	-0.15000000000000002
2240.5361395550817	750	14.527619644348636	0.0	386351	3787.2591655187284	1.1342876	0.3
2252.390620238252	1200	6.673138961178158	0.0	687371	11854.48068317048	1.187135	0.75
2255.7119468211044	300	7.351812378325859	0.0	140051	3321.326582852298	0.18965097	-0.6000000000000001
2258.36438254341	300	8.699376656019815	0.0	138313	2652.4357223060456	0.23500556	0.3
2261.049763479642	300	10.01399571978768	0.0	143509	2685.380936232136	0.40273932	0.3
2264.132127033471	300	10.931632165958622	0.0	150616	3082.363553829058	0.5614214	0.3
2268.076944222842	300	10.986814976587732	0.0	165384	3944.8171893708886	0.64818907	0.3
2271.450326260502	300	11.61343293892757	0.0	140881	3373.3820376601607	0.46968877	0.3
2274.98828070017	300	12.075478499259356	0.0	157671	3537.954439668213	0.55453444	0.3
2277.8982307758483	300	13.165528423580843	0.0	157812	2909.9500756785137	0.63249993	0.3
2280.1119236013965	300	14.951835598033032	0.0	163927	2213.69282554781	0.9512352	0.3
2282.7736746476994	300	16.290084551729827	0.0	137654	2661.751046303207	1.0942357	0.3
2295.3911628052756	1200	7.672596394153694	0.0	587236	12617.488157576132	1.0869049	0.29999999999999993
2298.394159974684	300	8.669599224745124	0.0	153938	3002.9971694085702	0.13352269	-0.6000000000000001
2302.8819198017695	300	8.181839397659939	0.0	181901	4487.759827085185	0.31150678	0.3
2304.505409221302	300	10.558349978126987	0.0	111155	1623.4894195329505	0.18313001	0.3
2309.008438752715	750	10.055320446714202	0.0	400396	4503.029531412786	0.60339296	0.3
2315.9448986334332	1200	7.118860565996297	0.0	641447	6936.459880717905	0.9391482	0.75
2322.3251904624954	750	4.738568736934109	0.0	358218	6380.291829062187	0.5471357	0.3
2325.6692090345873	300	5.394550164842053	0.0	157488	3344.018572092057	0.00709541	-0.15000000000000002
2328.2076365712373	300	6.856122628191992	0.0	143881	2538.4275366500606	0.00732685	0.3
2330.7138383985493	300	8.349920800880161	0.0	163444	2506.201827311829	0.06137991	0.3
2333.4002432736406	300	9.663515925789023	0.0	179328	2686.4048750911393	0.3208302	0.3
2336.422454330691	300	10.64130486873824	0.0	159914	3022.2110570507834	0.5685576	0.3
2345.6580500732744	1200	5.405709126155079	0.0	487812	9235.59574258316	0.72268456	0.29999999999999993
2347.8073700536675	300	7.256389145762077	0.0	124011	2149.319980393003	0.044851515	-0.6000000000000001
2350.0257421108554	300	9.038017088574016	0.0	144254	2218.372057188061	0.22640006	0.3
2352.062545936843	300	11.001213262586692	0.0	149991	2036.8038259873224	0.6217395	0.3
2356.3351846715627	750	10.728574527867174	0.0	345516	4272.638734719518	1.036149	0.3
2360.6896027589155	750	10.374156440514364	0.0	384505	4354.418087352811	1.1273904	0.75
2362.501655002635	300	12.562104196794872	0.0	145210	1812.0522437194925	1.1013416	-0.15000000000000002
2370.3420249415426	1200	8.721734257887299	0.0	634861	7840.369938907572	1.1491814	0.29999999999999993
2375.644376212715	750	7.419382986714703	0.0	398987	5302.351271172596	1.0160921	0.3
2378.0508791983857	300	9.012880001044053	0.0	160064	2406.5029856706497	0.7930745	-0.15000000000000002
2380.3304221012836	300	10.733337098146677	0.0	137507	2279.5429028973754	0.8302106	0.3
2382.129921886411	300	12.933837313019058	0.0	118421	1799.4997851276205	1.0132526	0.3

