9561.82200270283	750	4.0	2.7039540741785544	450283	2703.9540741785545	-10.877002518967783
9564.79733610915	1200	5.0246665936790595	0.0	611087	2975.3334063209404	0.75
9567.356138128816	1200	6.465864574011337	0.0	571051	2558.802019667723	1.2
9572.00345474507	1200	5.818547957756555	0.0	617681	4647.316616254782	1.2
9577.067110567314	1200	4.754892135513749	0.0	652874	5063.655822242807	1.2
9583.015531375118	1200	4.0	1.1935286722902074	520315	5948.4208078039555	-3.9321732908478912
9585.300728755481	750	5.714802619635271	0.0	352642	2285.1973803647284	0.3
9588.005629061277	750	7.009902313838691	0.0	437162	2704.9003057965797	0.75
9590.235560717612	750	8.779970657504542	0.0	374758	2229.93165633415	0.75
9592.288552515434	750	10.726978859683484	0.0	362795	2052.9917978210588	0.75
9594.097273047208	750	12.91825832791045	0.0	353220	1808.7205317730336	0.75
9596.855325196835	1200	14.160206178283435	0.0	594078	2758.0521496270153	0.75
9599.774921667477	1200	15.240609707640429	0.0	624282	2919.596470643007	1.2
9603.45252746443	1200	15.563003910688098	0.0	687371	3677.6057969523326	1.2
9608.238403834568	1200	14.777127540549516	0.0	526950	4785.8763701385815	1.2
9613.034126426703	1200	13.981404948414562	0.0	587876	4795.722592134954	1.2
9616.918575146708	1200	14.096956228408818	0.0	617242	3884.4487200057442	1.2
9619.589688570371	1200	15.425842804747269	0.0	581493	2671.113423661547	1.2
9629.47322618297	1200	9.542305192147765	0.0	639204	9883.537612599504	1.2
9633.146117843116	750	9.869413532002698	0.0	350713	3672.891660145067	0.3
9636.301350687676	750	10.714180687443292	0.0	386472	3155.232844559405	0.75
9640.612519416964	750	10.403011958155373	0.0	399894	4311.168729287919	0.75
9643.310280612863	750	11.705250762254899	0.0	401853	2697.7611959004757	0.75
9645.733221934091	750	13.282309441027614	0.0	343800	2422.9413212272852	0.75
9648.083208825046	750	14.932322550073444	0.0	359903	2349.9868909541697	0.75
9650.760037264638	750	16.25549411048257	0.0	379700	2676.8284395908745	0.75
9653.204335680652	750	17.81119569446717	0.0	425781	2444.298416015402	0.75
9656.60660993085	1200	18.408921444269648	0.0	487160	3402.274250197524	0.75
9660.686617849276	1200	18.328913525842143	0.0	622896	4080.0079184275023	1.2
9665.282631553964	1200	17.732899821155303	0.0	641447	4596.013704686839	1.2
9670.716315716973	1200	16.299215658147162	0.0	570392	5433.6841630081435	1.2
9673.147828855654	750	17.867702519465208	0.0	400322	2431.5131386819503	0.3
9675.976574922906	750	19.038956452212986	0.0	369834	2828.7460672522197	0.75
9679.065769240395	750	19.949762134725876	0.0	412837	3089.1943174871126	0.75
9681.363447219212	750	21.652084155909336	0.0	401088	2297.6779788165404	0.75
9683.350583110452	750	23.664948264669817	0.0	365161	1987.1358912395208	0.75
9688.987485220774	1200	22.028046154348015	0.0	487812	5636.9021103218	0.75
9694.718020733242	750	20.297510641877622	0.0	361565	5730.535512470393	0.3
9700.094736616977	750	18.920794758144034	0.0	378327	5376.715883733589	0.75
9705.454877050995	750	17.560654324124346	0.0	390680	5360.140434019689	0.75
9707.17144149769	300	19.844089877428843	0.0	147968	1716.5644466955002	-0.15000000000000002
9708.840014506331	300	22.17551686878916	0.0	161857	1668.5730086396834	0.3
9710.224710739782	300	24.790820635338285	0.0	145210	1384.6962334508767	0.3
9711.702677524252	300	27.312853850868176	0.0	172312	1477.9667844701055	0.3
9714.606097574795	750	28.409433800325665	0.0	398987	2903.420050542514	0.3
9717.012180510786	750	30.003350864333864	0.0	393804	2406.082935991797	0.75
9718.991579122214	750	32.02395225290809	0.0	331053	1979.3986114257737	0.75
9720.773447608179	750	34.24208376694254	0.0	314107	1781.868485965546	0.75

