10573.865676385518	750	4.0	2.009934342455404	450283	2009.9343424554038	-7.892717672558236
10574.696294652456	300	7.169381733062442	0.0	155580	830.6182669375579	-0.15000000000000002
10577.647762962228	750	8.217913423291721	0.0	350812	2951.468309770722	0.3
10582.490058196821	750	7.375618188697456	0.0	382355	4842.295234594264	0.75
10585.63768414895	750	8.227992236570637	0.0	411561	3147.6259521268194	0.75
10587.280488710267	750	10.585187675251984	0.0	318564	1642.8045613186537	0.75
10589.92512167626	1200	11.940554709258357	0.0	561791	2644.632965993625	0.75
10594.209607156856	1850	11.656069228662332	0.0	1060487	4284.485480596026	1.2000000000000002
10597.955932176217	1850	11.909744209300479	0.0	852833	3746.3250193618533	1.85
10601.74203549938	1850	12.12364088613902	0.0	913888	3786.1033231614592	1.85
10605.67613289934	1850	12.189543486177723	0.0	939819	3934.0973999612966	1.85
10609.56538077903	1850	12.300295606487248	0.0	917428	3889.247879690475	1.85
10613.473249608925	1850	12.392426776592664	0.0	946851	3907.868829894583	1.85
10617.53069653118	1850	12.334979854339737	0.0	1036454	4057.4469222529287	1.85
10620.965301527209	1850	12.900374858308753	0.0	821631	3434.6049960309847	1.85
10624.60941730848	1850	13.256259077039623	0.0	923170	3644.1157812691313	1.85
10630.502900308651	2850	11.3627760768667	0.0	1491626	5893.4830001729215	1.85
10634.521368793075	1850	11.344307592442094	0.0	885714	4018.4684844246062	0.8500000000000001
10639.71835764369	1850	10.147318741828464	0.0	987708	5196.98885061363	1.85
10644.230797775195	1200	9.63487861032228	0.0	586839	4512.440131506183	0.5499999999999999
10649.98665132659	1200	7.879025058928012	0.0	601738	5755.853551394269	1.2
10652.788600639988	750	9.077075745528692	0.0	399894	2801.949313399321	0.3
10655.954676532085	1200	9.910999853432456	0.0	656471	3166.075892096236	0.75
10658.660782211193	1200	11.204894174324124	0.0	536667	2706.1056791083297	1.2
10663.737866956304	1850	10.127809429210886	0.0	897976	5077.084745113237	1.2000000000000002
10666.51125043792	1200	11.354425947596873	0.0	590335	2773.383481614014	0.5499999999999999
10672.770998240105	1850	9.09467814541278	0.0	1076599	6259.747802184093	1.2000000000000002
10675.457114770763	1200	10.408561614754372	0.0	487160	2686.116530658408	0.5499999999999999
10679.829391994765	1200	10.036284390752156	0.0	622896	4372.277224002218	1.2
10683.671701072595	1200	10.19397531292172	0.0	641447	3842.3090778304363	1.2
10686.35630805265	1200	11.509368332868638	0.0	570392	2684.6069800530818	1.2
10690.346168519689	1850	11.519507865829633	0.0	954453	3989.860467039005	1.2000000000000002
10694.160017714825	1850	11.705658670693264	0.0	885062	3813.849195136368	1.85
10699.694130578897	1850	10.171545806621147	0.0	1035329	5534.112864072117	1.85
10704.394567342064	1200	9.471109043453136	0.0	690253	4700.436763168011	0.5499999999999999
10707.855058781463	1200	10.01061760405528	0.0	598727	3460.4914393978556	1.2
10710.375537988932	1200	11.490138396586325	0.0	487812	2520.4792074689562	1.2
10715.487330247546	1850	10.378346137971933	0.0	938587	5111.792258614391	1.2000000000000002
10720.979310849707	1200	8.88636553580951	0.0	605884	5491.980602162425	0.5499999999999999
10725.73195241643	750	8.133723969086585	0.0	390680	4752.641566722925	0.3
10729.992778833861	750	7.872897551658124	0.0	345516	4260.82641742846	0.75
10732.293340650129	750	9.572335735390613	0.0	384505	2300.5618162675105	0.75
10735.567282761795	1200	10.298393623724206	0.0	599477	3273.94211166641	0.75
10739.64121302722	1200	10.22446335829859	0.0	634861	4073.9302654256144	1.2
10744.621161577663	1200	9.244514807857222	0.0	630203	4979.94855044137	1.2
10748.260827053753	1200	9.604849331766776	0.0	638661	3639.665476090446	1.2
10753.611950901399	1200	8.253725484122016	0.0	538612	5351.123847644761	1.2
10757.146557304784	750	8.719119080736712	0.0	314107	3534.606403385304	0.3

