15816.030327585111	750	4.0	4.948165992489615	450283	4948.165992489616	-20.527113767705345
15817.437113391705	300	6.593214193405611	0.0	155580	1406.7858065943897	-0.15000000000000002
15818.449757729572	300	9.580569855539265	0.0	139857	1012.6443378663465	0.3
15819.602207796825	300	12.428119788285638	0.0	155432	1152.4500672536267	0.3
15823.33707054836	750	12.693257036751803	0.0	411561	3734.8627515338358	0.3
15826.49177202406	750	13.538555561051464	0.0	318564	3154.7014757003385	0.75
15830.272395225771	750	13.757932359340742	0.0	352642	3780.6232017107213	0.75
15838.379660982218	750	9.65066660289391	0.0	437162	8107.265756446832	0.75
15839.9470696603	300	12.08325792481027	0.0	150710	1567.4086780836403	-0.15000000000000002
15841.24723725051	300	14.783090334599903	0.0	139105	1300.1675902103668	0.3
15844.724668175031	750	15.305659410080459	0.0	353220	3477.430924519444	0.3
15848.121658112588	750	15.908669472524023	0.0	405134	3396.9899375564364	0.75
15851.863671905945	750	16.16665567916806	0.0	386351	3742.013793355965	0.75
15856.745044273457	750	15.285283311656181	0.0	434409	4881.372367511875	0.75
15861.393013342546	750	14.637314242567085	0.0	337059	4647.969069089096	0.75
15868.124821944126	750	11.905505640988506	0.0	366214	6731.808601578577	0.75
15871.480405615463	750	12.549921969650622	0.0	360831	3355.5836713378853	0.75
15874.461970556547	750	13.568357028564984	0.0	372963	2981.564941085639	0.75
15877.131697438415	750	14.898630146697508	0.0	405596	2669.726881867477	0.75
15880.39532629398	750	15.635001291133133	0.0	350713	3263.6288555643755	0.75
15883.918813728353	750	16.11151385675986	0.0	386472	3523.4874343732736	0.75
15887.56252788809	750	16.46779969702134	0.0	399894	3643.714159738515	0.75
15891.810164018705	750	16.220163566406768	0.0	401853	4247.636130614575	0.75
15895.385622528844	750	16.64470505626928	0.0	343800	3575.4585101374864	0.75
15899.29302573062	750	16.737301854493847	0.0	359903	3907.4032017754375	0.75
15905.082442355835	750	14.94788522927669	0.0	379700	5789.416625217157	0.75
15910.564878595345	750	13.46544898976823	0.0	425781	5482.436239508459	0.75
15917.530170542203	750	10.50015704291037	0.0	277716	6965.29194685786	0.75
15921.945380198356	750	10.084947386756818	0.0	400396	4415.209656153553	0.75
15925.889958080728	750	10.140369504385465	0.0	400508	3944.5778823713526	0.75
15928.906847216955	750	11.123480368158903	0.0	358218	3016.8891362265613	0.75
15932.29246540274	750	11.73786218237457	0.0	400322	3385.6181857843326	0.75
15935.60260604145	750	12.427721543664237	0.0	369834	3310.1406387103334	0.75
15938.716177038285	750	13.314150546829408	0.0	412837	3113.5709968348265	0.75
15941.624212092986	750	14.406115492126487	0.0	401088	2908.035054702922	0.75
15944.39279844559	750	15.6375291395237	0.0	365161	2768.586352602785	0.75
15946.626946692639	750	17.40338089247635	0.0	321064	2234.1482470473516	0.75
15948.911962532535	750	19.11836505257863	0.0	361565	2285.0158398977214	0.75
15951.747388354179	750	20.28293923093447	0.0	378327	2835.425821644161	0.75
15954.671399645715	750	21.358927939399198	0.0	390680	2924.011291535273	0.75
15956.950352125257	750	23.079975459856794	0.0	345516	2278.9524795424027	0.75
15959.479164401833	750	24.55116318328147	0.0	384505	2528.81227657532	0.75
15962.276995828644	750	25.753331756468764	0.0	372093	2797.8314268127083	0.75
15968.98592870498	1850	23.044398880132565	0.0	973972	6708.932876336199	0.75
15976.80421082615	1850	19.226116758963062	0.0	958994	7818.282121169503	1.85
15985.862653304714	1850	14.167674280400432	0.0	982064	9058.442478562632	1.85
15993.921006058998	1850	10.109321526115576	0.0	830730	8058.352754284856	1.85
15996.372067270691	750	11.658260314422945	0.0	314107	2451.0612116926295	-0.3500000000000001

