20933.28653720043	750	4.0	4.2446647119615655	450283	4244.664711961565	-17.50205826143473
20934.70132533397	300	6.5852118664659365	0.0	155580	1414.7881335340633	-0.15000000000000002
20935.965016666312	300	9.321520534123353	0.0	139857	1263.6913323425845	0.3
20940.79707339886	1200	8.489463801575397	0.0	617681	4832.056732547955	0.29999999999999993
20943.50335427243	750	9.783182928005365	0.0	411561	2706.2808735700337	0.3
20947.8518778248	1200	9.43465937563595	0.0	520315	4348.523552369415	0.75
20951.77159224743	1200	9.514944953004761	0.0	561791	3919.71442263119	1.2
20958.355590563428	1200	6.93094663700803	0.0	709534	6583.9983159967305	1.2
20959.68044672172	300	9.60609047871852	0.0	150710	1324.8561582895086	-0.6000000000000001
20964.489159828358	1200	8.79737737207713	0.0	560821	4808.71310664139	0.29999999999999993
20967.344759849086	750	9.94177735134794	0.0	353220	2855.600020729193	0.3
20972.21837477225	1200	9.06816242818789	0.0	594078	4873.6149231600475	0.75
20976.962403872636	1200	8.324133327801038	0.0	624282	4744.029100386853	1.2
20979.45527135663	750	9.831265843805273	0.0	434409	2492.8674839957644	0.3
20982.93592415094	1200	10.35061304949614	0.0	526950	3480.652794309133	0.75
20987.54155726632	1200	9.744979934119181	0.0	587876	4605.633115376959	1.2
20992.356047397145	1200	8.930489803291225	0.0	617242	4814.490130827955	1.2
20995.279553676217	750	10.006983524218699	0.0	372963	2923.5062790725283	0.3
21000.682300819484	1200	8.604236380953353	0.0	639204	5402.747143265345	0.75
21004.2415120889	750	9.045025111535383	0.0	350713	3559.2112694179696	0.3
21009.492471267637	1200	7.794065932799042	0.0	601738	5250.95917873634	0.75
21013.800214966628	750	7.486322233805728	0.0	399894	4307.743698993315	0.3
21019.19568174311	750	6.090855457325306	0.0	401853	5395.466776480422	0.75
21023.43630605544	300	5.850231144994115	0.0	137654	4240.624312331191	-0.15000000000000002
21026.055436060782	300	7.23110113964799	0.0	146754	2619.130005346125	0.3
21032.49702716931	750	4.789510031122112	0.0	379700	6441.591108525878	0.3
21035.19496863494	300	6.091568565489672	0.0	181901	2697.94146563244	-0.15000000000000002
21036.837126522394	300	8.449410678035806	0.0	111155	1642.1578874538668	0.3
21042.93319572289	750	6.3533414775424495	0.0	400396	6096.069200493355	0.3
21044.307943181804	300	8.9785940186253	0.0	149029	1374.747458917151	-0.15000000000000002
21047.10360229354	750	10.182934906889408	0.0	358218	2795.6591117358907	0.3
21051.831880248	1200	9.454656952429053	0.0	620283	4728.2779544603545	0.75
21055.780301789448	1200	9.506235410981633	0.0	584349	3948.4215414474206	1.2
21059.951780112566	1200	9.334757087864169	0.0	670129	4171.478323117464	1.2
21065.07116065524	1200	8.215376545190134	0.0	690253	5119.380542674035	1.2
21067.53491715103	750	9.751620049398957	0.0	365161	2463.7564957911777	0.3
21070.738545492568	1200	10.547991707861492	0.0	487812	3203.6283415374646	0.75
21074.62953848486	1200	10.656998715569687	0.0	575591	3890.9929922918063	1.2
21080.79894191104	1200	8.48759528938647	0.0	605884	6169.4034261832185	1.2
21085.15296291494	750	8.133574285486468	0.0	390680	4354.021003900001	0.3
21088.232247059255	750	9.054290141169473	0.0	345516	3079.2841443169946	0.75
21093.123930599657	1200	8.162606600767534	0.0	641452	4891.683540401939	0.75
21096.78108374205	750	8.5054534583702	0.0	372093	3657.153142397335	0.3
21101.70082268235	750	7.585714518070288	0.0	438281	4919.738940299911	0.75
21106.250167816703	750	7.036369383717454	0.0	398987	4549.345134352834	0.75
21109.724095742127	750	7.562441458289182	0.0	393804	3473.9279254282715	0.75
21111.973072630848	750	9.313464569569557	0.0	331053	2248.9768887196246	0.75
21115.356656986052	1200	9.929880214364784	0.0	550906	3383.584355204774	0.75

