7233.051379199759	750	4.0	2.184991174137217	450283	2184.991174137217	0.5	-8.645462048790034
7235.5809578269145	1200	5.470421372845207	0.0	611087	2529.5786271547936	0.5	0.75
7238.483879807136	1200	6.567499392623348	0.0	571051	2902.9219802218595	0.5	1.2
7250.130034323681	1200	4.0	5.078655123921548	617681	11646.154516544895	0.5	-20.638217032862656
7254.329046104947	300	4.0	0.19901178126609192	163442	4199.011781266092	0.5	-1.4557506594441953
7256.795065141555	300	5.533980963392097	0.0	126289	2466.0190366079023	0.5	0.3
7258.907233140572	300	7.421812964375482	0.0	153295	2112.167999016616	0.5	0.3
7260.7289107161005	300	9.600135388846944	0.0	173849	1821.6775755285375	0.5	0.3
7262.143072975501	300	12.185973129445902	0.0	150710	1414.1622594010428	0.5	0.3
7263.539941183309	300	14.789104921638703	0.0	139105	1396.8682078071972	0.5	0.3
7265.460074785181	300	16.86897131976686	0.0	141840	1920.1336018718414	0.5	0.3
7271.535279457584	750	14.793766647364434	0.0	405134	6075.204672402428	0.5	0.3
7273.9161568209365	750	16.412889284012266	0.0	386351	2380.8773633521687	0.5	0.75
7276.1539323307015	750	18.175113774246444	0.0	434409	2237.7755097658196	0.5	0.75
7277.772510428543	750	20.556535676404742	0.0	337059	1618.5780978417029	0.5	0.75
7279.625150960991	750	22.703895143956856	0.0	366214	1852.6405324478885	0.5	0.75
7281.740871141059	750	24.588174963888367	0.0	360831	2115.720180068489	0.5	0.75
7286.781651906734	1850	23.547394198213837	0.0	885714	5040.780765674527	0.5	0.75
7297.398611243448	1850	16.930434861500018	0.0	987708	10616.959336713822	0.5	1.85
7303.876888965834	1850	14.452157139113215	0.0	923755	6478.2777223868015	0.5	1.85
7306.286639529996	1200	16.042406574950572	0.0	601738	2409.750564162642	0.5	0.5499999999999999
7309.359475797788	1200	16.969570307159266	0.0	616206	3072.8362677913083	0.5	1.2
7312.699954257238	1200	17.62909184770997	0.0	656471	3340.4784594492944	0.5	1.2
7315.824322919449	1200	18.50472318549877	0.0	536667	3124.3686622112004	0.5	1.2
7318.600451426624	1200	19.728594678323184	0.0	587236	2776.1285071755824	0.5	1.2
7323.186983421535	1850	19.142062683412504	0.0	905935	4586.531994910681	0.5	1.2000000000000002
7327.400411267675	1850	18.928634837273588	0.0	1076599	4213.427846138915	0.5	1.85
7330.95144900051	1850	19.377597104438145	0.0	758197	3551.0377328354452	0.5	1.85
7335.661509737122	1850	18.66753636782684	0.0	972798	4710.060736611302	0.5	1.85
7339.75058802587	1850	18.578458079079233	0.0	975811	4089.078288747611	0.5	1.85
7342.525103161005	1850	19.803942943943625	0.0	873429	2774.5151351356067	0.5	1.85
7345.693280714052	1850	20.63576539089737	0.0	954453	3168.1775530462533	0.5	1.85
7350.420861673007	1850	19.908184431942537	0.0	885062	4727.580958954832	0.5	1.85
7353.914009524927	1850	20.415036580022882	0.0	1035329	3493.147851919654	0.5	1.85
7358.658397335842	2850	19.67064876910741	0.0	1492672	4744.387810915474	0.5	1.85
7363.341658956549	2850	18.987387148401858	0.0	1439896	4683.26162070555	0.5	2.85
7367.642999237353	2850	18.6860468675972	0.0	1139291	4301.340280804659	0.5	2.85
7374.687965715801	2850	15.641080389150174	0.0	1499009	7044.9664784470215	0.5	2.85
7379.945353618938	2850	14.3836924860126	0.0	1427478	5257.3879031375745	0.5	2.85
7384.430302846646	2850	13.898743258303746	0.0	1402287	4484.949227708854	0.5	2.85
7389.413871867474	2850	12.915174237475576	0.0	1339500	4983.56902082817	0.5	2.85
7399.195874755731	2850	7.133171349218672	0.0	1527299	9782.002888256904	0.5	2.85
7401.929343549601	1200	8.39970255534874	0.0	599477	2733.4687938699317	0.5	-0.44999999999999996
7404.9392914278615	1200	9.38975467708725	0.0	634861	3009.947878261489	0.5	1.2
7408.0083320686845	1200	10.320714036264436	0.0	630203	3069.0406408228155	0.5	1.2
7412.706050486886	1200	9.622995618063415	0.0	638661	4697.718418201021	0.5	1.2
7420.785033915324	1200	5.544012189624979	0.0	538612	8078.983428438435	0.5	1.2
7421.698626822608	300	8.630419282340482	0.0	118421	913.5929072844979	0.5	-0.6000000000000001

