21235.845640705564	750	4.0	10.535228578788095	450283	10535.228578788096	-44.551482888788804
21237.236487654096	300	6.609153051467327	0.0	155580	1390.8469485326723	-0.15000000000000002
21238.919079592193	300	8.926561113369436	0.0	139857	1682.5919380978908	0.3
21241.198967671557	300	10.646673034004781	0.0	155432	2279.888079364655	0.3
21243.35480759565	300	12.490833109915867	0.0	163442	2155.8399240889144	0.3
21244.927607493068	300	14.918033212494962	0.0	126289	1572.7998974209063	0.3
21247.012236844745	300	16.833403860820415	0.0	153295	2084.629351674547	0.3
21253.032730688956	750	14.812910016610397	0.0	437162	6020.4938442100165	0.3
21260.251736021826	750	11.593904683737236	0.0	374758	7219.005332873161	0.75
21263.785375562897	300	12.060265142670707	0.0	139105	3533.6395410665277	-0.15000000000000002
21267.565356112587	300	12.280284592979422	0.0	141840	3779.9805496912845	0.3
21271.622754191907	300	12.222886513664074	0.0	156148	4057.398079315348	0.3
21274.5042689862	300	13.341371719371294	0.0	160746	2881.5147942927806	0.3
21277.578415493343	300	14.267225212225616	0.0	179801	3074.1465071456782	0.3
21280.243097303555	300	15.602543402012898	0.0	140051	2664.6818102127177	0.3
21286.609984962728	750	13.235655742839372	0.0	366214	6366.887659173526	0.3
21289.400269115013	300	14.445371590556904	0.0	143509	2790.2841522824665	-0.15000000000000002
21296.78056579575	750	11.065074909818996	0.0	372963	7380.296680737908	0.3
21298.809500863565	300	13.036139842005708	0.0	165384	2028.935067813286	-0.15000000000000002
21300.385149354857	300	15.460491350713085	0.0	140881	1575.648491292624	0.3
21304.218138524877	750	15.627502180693929	0.0	386472	3832.9891700191556	0.3
21310.366183832895	750	13.479456872675287	0.0	399894	6148.045308018642	0.75
21318.23212449962	750	9.613516205952532	0.0	401853	7865.940666722756	0.75
21320.509076277314	300	11.336564428256453	0.0	137654	2276.9517776960774	-0.15000000000000002
21322.90836011321	300	12.937280592361335	0.0	146754	2399.2838358951194	0.3
21324.984047330585	300	14.86159337498947	0.0	153938	2075.6872173718643	0.3
21329.88333852476	750	13.962302180813518	0.0	425781	4899.291194175952	0.3
21333.040310013348	750	14.805330692224121	0.0	277716	3156.971488589397	0.75
21339.20417977105	750	12.64146093452003	0.0	400396	6163.869757704091	0.75
21349.636028897152	750	6.209611808418027	0.0	400508	10431.849126102003	0.75
21353.691797384847	300	6.153843320722499	0.0	157421	4055.7684876955273	-0.15000000000000002
21357.31197445232	300	6.5336662532505345	0.0	157488	3620.1770674719655	0.3
21360.343943628875	300	7.5016970766959545	0.0	143881	3031.969176554579	0.3
21364.866011923274	300	6.979628782299197	0.0	163444	4522.068294396758	0.3
21371.033981787605	300	4.811658917969083	0.0	179328	6167.9698643301135	0.3
21375.25093570625	300	4.594704999322066	0.0	159914	4216.953918647017	0.3
21378.018812954655	300	5.826827750914815	0.0	131610	2767.8772484072506	0.3
21380.628827980137	300	7.216812725432106	0.0	124011	2610.0150254827095	0.3
21383.428445081125	300	8.417195624444673	0.0	144254	2799.6171009874333	0.3
21385.55721889913	300	10.28842180644185	0.0	149991	2128.7738180028246	0.3
21388.480256527702	300	11.365384177866956	0.0	147968	2923.037628574894	0.3
21392.84321684696	300	11.002423858613337	0.0	161857	4362.960319253618	0.3
21396.32598529915	300	11.519655406418842	0.0	145210	3482.7684521944952	0.3
21400.069927832374	300	11.775712873197994	0.0	172312	3743.9425332208484	0.3
21403.072473794866	300	12.773166910703509	0.0	167025	3002.5459624944856	0.3
21405.412899238385	300	14.432741467185727	0.0	160064	2340.425443517782	0.3
21407.395102693346	300	16.450538012225547	0.0	137507	1982.2034549601785	0.3
21411.98297081954	750	15.862669886032162	0.0	314107	4587.868126193387	0.3

