15070.075705287438	750	4.0	1.9120480482224669	450283	1912.0480482224668	-7.471806607356607
15070.806294467631	300	7.2694108198065255	0.0	155580	730.5891801934749	-0.15000000000000002
15073.359275759332	1200	8.716429528106234	0.0	571051	2552.9812917002923	0.29999999999999993
15085.129697741462	1850	4.0	3.05399245402431	933276	11770.421982130543	-11.932167552304534
15086.457867313356	300	6.671830428104907	0.0	163442	1328.1695718950934	-1.25
15090.793057614415	1200	6.33664012704648	0.0	520315	4335.1903010584265	0.29999999999999993
15095.278660693524	1200	5.851037047937786	0.0	561791	4485.603079108694	1.2
15097.857811953434	750	7.2718857880282055	0.0	437162	2579.1512599095804	0.3
15099.94565092494	750	9.184046816522368	0.0	374758	2087.8389715058374	0.75
15101.64169156907	750	11.488006172393554	0.0	362795	1696.0406441288142	0.75
15104.682042792205	1200	12.447654949258293	0.0	607410	3040.3512231352615	0.75
15107.810634001176	1200	13.319063740285873	0.0	594078	3128.5912089724193	1.2
15110.541516849446	750	14.588180892017334	0.0	386351	2730.88284826854	0.3
15114.920132368805	750	14.20956537265833	0.0	434409	4378.615519359003	0.75
15118.40298496981	750	14.726712771652581	0.0	337059	3482.8526010057485	0.75
15120.353464898979	300	16.776232842484166	0.0	138313	1950.4799291684149	-0.15000000000000002
15126.916702141252	750	14.212995600212336	0.0	360831	6563.237242271828	0.3
15130.822768717915	300	14.306929023549623	0.0	150616	3906.0665766627144	-0.15000000000000002
15134.464958616585	300	14.664739124879546	0.0	165384	3642.189898670077	0.3
15136.76324530242	300	16.366452439043652	0.0	140881	2298.2866858358934	0.3
15138.79490486783	300	18.334792873633894	0.0	157671	2031.6595654097575	0.3
15140.351757554885	300	20.777940186577847	0.0	157812	1556.8526870560454	0.3
15141.663232865949	300	23.466464875514202	0.0	163927	1311.4753110636473	0.3
15142.611673990157	300	26.518023751305474	0.0	137654	948.4411242087274	0.3
15144.98991335817	750	28.139784383292668	0.0	359903	2378.2393680128084	0.3
15148.679498160272	750	28.45019958118862	0.0	379700	3689.584802104046	0.75
15158.068665272249	1200	23.061032469211625	0.0	696376	9389.167111976993	0.75
15161.368259892453	750	23.761437849007162	0.0	277716	3299.594620204464	0.3
15164.531745430773	750	24.597952310687145	0.0	400396	3163.4855383200147	0.75
15167.961607495883	1200	25.168090245576465	0.0	641447	3429.862065110678	0.75
15170.429820132747	1200	26.69987760871232	0.0	570392	2468.2126368641457	1.2
15173.656712808686	1200	27.472984932774096	0.0	620283	3226.892675938225	1.2
15176.35643362234	1200	28.773264119118277	0.0	584349	2699.7208136558193	1.2
15180.535056869743	1850	28.594640871717203	0.0	1035329	4178.623247401078	1.2000000000000002
15184.771331704465	1850	28.358366036994727	0.0	1026056	4236.274834722472	1.85
15188.936422072184	1850	28.19327566927718	0.0	943942	4165.09036771755	1.85
15192.018572482646	1850	29.111125258814717	0.0	728962	3082.150410462462	1.85
15196.254961413317	1850	28.87473632814445	0.0	938587	4236.388930670266	1.85
15209.248080954083	1850	19.881616787379407	0.0	908665	12993.119540765045	1.85
15217.55687770225	1850	15.572820039211331	0.0	930577	8308.796748168077	1.85
15222.16569611805	1850	14.964001623411228	0.0	858450	4608.818415800102	1.85
15227.392041435227	1850	13.737656306236067	0.0	1025005	5226.345317175161	1.85
15231.776572193068	1850	13.353125548394518	0.0	886255	4384.53075784155	1.85
15236.94286742165	1850	12.18683031980999	0.0	973972	5166.295228584526	1.85
15242.224556632123	1850	10.905141109336608	0.0	958994	5281.689210473382	1.85
15248.017711989174	1850	9.1119857522859	0.0	982064	5793.155357050708	1.85
15252.585878342188	1850	8.543819399269882	0.0	830730	4568.166353016019	1.85
15257.035524098737	1850	8.094173642721042	0.0	846370	4449.64575654884	1.85

