16365.947179434585	750	4.0	0.848125509873515	450283	848.1255098735149	1.1689954	-2.8969396924561144
16366.747396983032	750	7.199782451554113	0.0	398865	800.2175484458868	1.2479428	0.75
16367.899400226876	1200	10.047779207709489	0.0	571051	1152.0032438446237	1.3320788	0.75
16369.885140458982	1850	12.062038975603311	0.0	933276	1985.7402321061777	1.3869147	1.2000000000000002
16371.116877207705	1200	14.830302226879411	0.0	652874	1231.7367487239007	1.447059	0.5499999999999999
16372.174586561556	1200	17.77259287302991	0.0	520315	1057.7093538495005	1.4915935	1.2
16372.985480025522	750	20.961699409062827	0.0	352642	810.8934639670817	1.513082	0.3
16375.035520857906	1850	22.911658576679017	0.0	1060487	2050.040832383812	1.4414232	0.75
16376.692519042615	1850	25.25466039196965	0.0	852833	1656.9981847093661	1.5589691	1.85
16377.754978988061	1200	28.192200446523223	0.0	560821	1062.4599454464278	1.5637896	0.5499999999999999
16379.009952627614	1200	30.93722680696943	0.0	607410	1254.9736395537964	1.6271405	1.2
16380.713159842968	1850	33.2340195916149	0.0	917428	1703.2072153545269	1.6445452	1.2000000000000002
16382.497355267784	1850	35.44982416679937	0.0	946851	1784.1954248155396	1.4986472	1.85
16384.448742083056	1850	37.49843735152865	0.0	1036454	1951.3868152707155	1.4777386	1.85
16385.983647586825	1850	39.96353184775844	0.0	821631	1534.9055037702112	1.3468117	1.85
16388.75789055368	2850	41.18928888090381	0.0	1471065	2774.2429668546215	1.3039678	1.85
16393.17511436299	4300	40.77206507159337	0.0	2289689	4417.223809310444	0.7553967	2.8499999999999996
16397.338601696094	4300	40.60857773848968	0.0	2059512	4163.487333103687	0.25996336	4.3
16401.271707076743	4300	40.67547235784121	0.0	2220726	3933.105380648468	0.29487398	4.3
16405.531045708558	4300	40.41613372602771	0.0	2156729	4259.338631813502	0.24244478	4.3
16409.392499830352	4300	40.55467960423443	0.0	2039773	3861.454121793276	0.2567008	4.3
16413.594834848598	4300	40.352344585985456	0.0	2176469	4202.335018248978	0.24574716	4.3
16418.21321515553	4300	39.733964279053694	0.0	2221506	4618.380306931756	0.25990847	4.3
16421.90211152116	4300	40.04506791342414	0.0	2044075	3688.896365629556	0.27651915	4.3
16426.032716621357	4300	39.91446281322861	0.0	2186790	4130.605100195534	0.24088347	4.3
16429.942849708837	4300	40.00432972574566	0.0	2105231	3910.133087482943	0.25349027	4.3
16434.334402478624	4300	39.61277695596043	0.0	2395588	4391.5527697852385	0.26273656	4.3
16437.742351237983	4300	40.20482819660143	0.0	1972048	3407.9487593589943	0.22499737	4.3
16441.838065592376	4300	40.10911384220864	0.0	2134614	4095.714354392789	0.22080335	4.3
16446.060137286102	4300	39.887042148481974	0.0	2164140	4222.071693726668	0.23983048	4.3
16450.349304861465	4300	39.597874573116556	0.0	2113193	4289.167575365417	0.2336698	4.3
16454.49842352701	4300	39.44875590757417	0.0	2147852	4149.118665542387	0.24400344	4.3
16458.456361635857	4300	39.49081779872637	0.0	2191074	3957.938108847795	0.2357865	4.3
16462.5220332426	4300	39.42514619198273	0.0	2286761	4065.671606743635	0.22980882	4.3
16467.06915171535	4300	38.87802771923123	0.0	2307787	4547.118472751507	0.21653408	4.3
16470.853449182403	4300	39.093730252177984	0.0	2143948	3784.2974670532453	0.22866231	4.3
16474.548545471567	4300	39.39863396301708	0.0	1919781	3695.096289160905	0.18837674	4.3
16478.52331796976	4300	39.42386146482133	0.0	2147467	3974.7724981957567	0.20809959	4.3
16482.71231314729	4300	39.23486628729395	0.0	2133870	4188.99517752738	0.20264512	4.3
16486.76805724795	4300	39.17912218663238	0.0	2146120	4055.7441006615695	0.20347214	4.3
16490.66528218361	4300	39.28189725097395	0.0	2108491	3897.2249356584316	0.19593492	4.3
16494.668139803893	4300	39.279039630691805	0.0	2184571	4002.8576202821446	0.19741154	4.3
16498.63270146815	4300	39.31447796643644	0.0	2121928	3964.5616642553664	0.18342978	4.3
16502.86180216356	4300	39.085377271025166	0.0	2219102	4229.100695411275	0.1903206	4.3
16506.01352528957	2850	39.93365414501305	0.0	1464921	3151.7231260121107	0.18813194	1.4000000000000001
16509.98655599292	4300	39.96062344166344	0.0	2246506	3973.0307033496138	0.4060451	2.8499999999999996
16513.846151147958	4300	40.10102828662598	0.0	1961140	3859.5951550374566	0.16006683	4.3
16517.982811411202	4300	39.96436802338039	0.0	2155012	4136.660263245587	0.16818555	4.3

