6366.21898416519	750	4.0	3.252274383373264	450283	3252.2743833732643	-13.234779848505035
6367.192844084351	300	7.026140080838887	0.0	155580	973.8599191611128	-0.15000000000000002
6369.721846387864	1200	8.497137777326426	0.0	571051	2529.002303512461	0.29999999999999993
6373.191425446805	1850	9.027558718385677	0.0	933276	3469.5790589407493	1.2000000000000002
6376.710960959596	1850	9.508023205593512	0.0	996749	3519.5355127921657	1.85
6380.3161157540535	1850	9.902868411135913	0.0	801058	3605.1547944576	1.85
6384.754055697312	1850	9.464928467878376	0.0	905515	4437.9399432575365	1.85
6390.623496925255	2850	7.595487239935226	0.0	1638769	5869.441227943151	1.85
6392.317150354577	750	9.901833810612432	0.0	374758	1693.6534293227937	-1.35
6396.661920966927	1200	9.557063198262382	0.0	560821	4344.77061235005	0.75
6398.181733992778	750	12.037250172411062	0.0	353220	1519.8130258513197	0.3
6399.930750771583	750	14.28823339360633	0.0	405134	1749.0167788047331	0.75
6402.438060253304	1200	15.780923911886099	0.0	624282	2507.309481720231	0.75
6405.381158162697	1200	16.83782600249219	0.0	687371	2943.097909393908	1.2
6407.425775414971	1200	18.793208750217467	0.0	526950	2044.6172522747265	1.2
6409.633326493779	1200	20.5856576714097	0.0	587876	2207.5510788077663	1.2
6413.720323925027	1850	20.49866024016233	0.0	966699	4086.9974312473696	1.2000000000000002
6416.429905110694	1200	21.789079054495378	0.0	581493	2709.581185666952	0.5499999999999999
6420.400396048868	1200	21.818588116320523	0.0	639204	3970.4909381748557	1.2
6423.393542696775	750	22.825441468413548	0.0	350713	2993.146647906975	0.3
6425.685457829068	750	24.533526336121096	0.0	386472	2291.915132292451	0.75
6429.1403381845075	750	25.07864598068097	0.0	399894	3454.880355440124	0.75
6431.85582330797	750	26.363160857217714	0.0	401853	2715.485123463257	0.75
6434.029355126469	750	28.189629038718895	0.0	343800	2173.5318184988173	0.75
6436.154978807553	750	30.064005357635494	0.0	359903	2125.6236810834025	0.75
6438.75165148093	1200	31.467332684258327	0.0	590335	2596.6726733771684	0.75
6444.128166581058	1850	30.090817584130345	0.0	1076599	5376.515100127982	1.2000000000000002
6450.442049106244	1850	27.776935058943963	0.0	758197	6313.882525186382	1.85
6456.562342840877	1850	25.656641324310492	0.0	972798	6120.293734633473	1.85
6458.788469387251	1200	27.430514777937184	0.0	641447	2226.1265463733052	0.5499999999999999
6463.252195064301	1850	26.96678910088638	0.0	873429	4463.725677050805	1.2000000000000002
6467.3303700778	1850	26.888614087388014	0.0	954453	4078.1750134983677	1.85
6471.261918792485	1850	26.9570653727038	0.0	885062	3931.5487146842156	1.85
6478.625765431436	1850	23.593218733751943	0.0	1035329	7363.846638951853	1.85
6485.431745333435	1850	20.787238831752767	0.0	1026056	6805.979901999178	1.85
6490.936864667019	1850	19.282119498168804	0.0	943942	5505.119333583962	1.85
6493.424458504502	1850	20.79452566068585	0.0	728962	2487.5938374829543	1.85
6496.935605454608	1850	21.283378710579445	0.0	938587	3511.146950106407	1.85
6500.758134387358	1850	21.460849777828827	0.0	908665	3822.528932750617	1.85
6504.001803230139	1850	22.21718093504796	0.0	930577	3243.6688427808676	1.85
6507.591052980206	2850	22.627931184980703	0.0	1339500	3589.2497500672594	1.85
6517.9257249901375	2850	16.293259175049045	0.0	1527299	10334.672009931657	2.85
6528.627318302576	2850	9.591665862610878	0.0	1343002	10701.593312438166	2.85
6539.801157867356	2850	4.0	1.5821737021685331	1587250	11173.839564779411	-3.953346919324692
6540.641436451356	300	7.159721416000089	0.0	167025	840.2785839999115	-2.25
6544.925770958558	1850	6.8753869087986175	0.0	982064	4284.334507201471	0.30000000000000004
6547.848448548717	1850	7.952709318638499	0.0	830730	2922.6775901601186	1.85
6550.68255080373	1850	9.118607063625527	0.0	846370	2834.102255012973	1.85

