18847.135584792617	750	4.0	6.275717151967713	450283	6275.717151967713	-26.235583753461167
18849.310267510973	300	5.825317281643536	0.0	155580	2174.6827183564637	-0.15000000000000002
18851.39619201537	300	7.7393927772440305	0.0	139857	2085.924504399506	0.3
18855.323157851173	300	7.812426941441434	0.0	155432	3926.9658358025963	0.3
18857.128501840485	300	10.00708295213319	0.0	163442	1805.343989308242	0.3
18858.616007508983	300	12.519577283635904	0.0	126289	1487.5056684972856	0.3
18860.62966719443	300	14.505917598187823	0.0	153295	2013.6596854480813	0.3
18863.95101599832	300	15.184568794298952	0.0	173849	3321.3488038888718	0.3
18866.694347123124	300	16.441237669495035	0.0	150710	2743.3311248039176	0.3
18868.649272576466	300	18.48631221615171	0.0	139105	1954.9254533433261	0.3
18870.953703606352	300	20.18188118626581	0.0	141840	2304.4310298859023	0.3
18873.513687569066	300	21.621897223552516	0.0	156148	2559.9839627132924	0.3
18875.729278443363	300	23.406306349255672	0.0	160746	2215.5908742968422	0.3
18877.957939178104	300	25.17764561451333	0.0	179801	2228.660734742343	0.3
18881.38409026491	750	25.75149452770877	0.0	337059	3426.151086804564	0.3
18885.03817209193	750	26.097412700690036	0.0	366214	3654.0818270187324	0.75
18889.784070968857	750	25.351513823758275	0.0	360831	4745.898876931758	0.75
18898.315544170626	750	20.820040621992426	0.0	372963	8531.473201765848	0.75
18901.813518788957	300	21.32206600366292	0.0	165384	3497.974618329507	-0.15000000000000002
18904.47199310571	300	22.663591686906333	0.0	140881	2658.474316756586	0.3
18907.4539876575	300	23.68159713511925	0.0	157671	2981.9945517870833	0.3
18911.226369111806	300	23.909215680812427	0.0	157812	3772.381454306824	0.3
18915.125451849144	300	24.010132943475966	0.0	163927	3899.0827373364623	0.3
18918.422005403154	300	24.71357938946773	0.0	137654	3296.553554008235	0.3
18921.252353677402	300	25.883231115219242	0.0	146754	2830.348274248487	0.3
18923.539941911178	300	27.59564288144285	0.0	153938	2287.5882337763896	0.3
18926.63245297661	300	28.503131816011066	0.0	181901	3092.5110654317828	0.3
18932.38739694436	750	26.748187848264493	0.0	277716	5754.943967746573	0.3
18935.739736805117	300	27.395847987505345	0.0	153605	3352.339860759149	-0.15000000000000002
18939.294421555718	300	27.841163236908127	0.0	149029	3554.6847505972164	0.3
18942.305147192696	300	28.83043759993217	0.0	157421	3010.7256369759566	0.3
18946.305018889052	300	28.830565903574577	0.0	157488	3999.8716963575916	0.3
18948.716957133067	300	30.418627659560336	0.0	143881	2411.938244014239	0.3
18950.79571889135	300	32.33986590127616	0.0	163444	2078.761758284176	0.3
18954.69921575383	750	32.43636903879372	0.0	401088	3903.4968624824432	0.3
18958.890804014023	750	32.24478077860179	0.0	365161	4191.588260191924	0.75
18966.846275916814	1200	28.289308875809606	0.0	487812	7955.471902792187	0.75
18973.574357396	750	25.56122739662665	0.0	361565	6728.081479182958	0.3
18979.27748133907	750	23.858103453553866	0.0	378327	5703.12394307278	0.75
18987.14017322165	750	19.995411570972504	0.0	390680	7862.691882581363	0.75
18989.80580100089	300	21.3297837917348	0.0	147968	2665.6277792377055	-0.15000000000000002
18992.586641443	300	22.548943349625066	0.0	161857	2780.8404421097343	0.3
18994.76498309504	300	24.370601697584327	0.0	145210	2178.3416520407395	0.3
18997.025166199244	300	26.11041859337713	0.0	172312	2260.183104207198	0.3
18999.21687574457	300	27.918709048051994	0.0	167025	2191.7095453251354	0.3
19003.671680612668	750	27.463904179954678	0.0	393804	4454.804868097314	0.3
19007.54267994435	750	27.59290484827608	0.0	331053	3870.999331678597	0.75
19011.59081007891	750	27.54477471371469	0.0	314107	4048.1301345613892	0.75

