2880.5877146447137	750	4.0	3.7572090788844412	450283	3757.209078884441	0.4350123	-15.405999039203095
2881.8184492586383	300	6.76926538607515	0.0	155580	1230.7346139248493	0.005210882	-0.15000000000000002
2882.8837642866342	300	9.703950358079696	0.0	139857	1065.3150279954539	0.004705182	0.3
2884.165494247955	300	12.422220396759094	0.0	155432	1281.729961320603	0.006615982	0.3
2885.7505349862963	300	14.837179658417623	0.0	163442	1585.0407383414722	0.13343813	0.3
2887.5853894480447	300	17.002325196669013	0.0	126289	1834.854461748612	0.530826	0.3
2890.1570932529216	300	18.430621391792354	0.0	153295	2571.70380487666	0.24296217	0.3
2892.9360183990807	300	19.65169624563326	0.0	173849	2778.9251461590893	0.16170304	0.3
2894.7356626550963	300	21.852051989617394	0.0	150710	1799.6442560158698	0.33543155	0.3
2897.29461819308	750	23.293096451633666	0.0	362795	2558.955537983728	0.44864208	0.3
2900.227116390385	750	24.36059825432848	0.0	353220	2932.4981973051845	0.012417027	0.75
2906.1048121495414	750	22.482902495172105	0.0	405134	5877.695759156378	0.008300976	0.75
2909.3924311762557	750	23.195283468457863	0.0	386351	3287.619026714239	0.007665499	0.75
2913.556727804734	750	23.030986839979764	0.0	434409	4164.2966284781	0.004705182	0.75
2921.5628339225095	750	19.024880722204298	0.0	337059	8006.106117775466	0.004705182	0.75
2924.4129495601073	300	20.174765084606832	0.0	138313	2850.115637597464	0.31348106	-0.15000000000000002
2928.804106758365	300	19.78360788634889	0.0	143509	4391.15719825794	0.054854132	0.3
2933.1371276940636	300	19.450586950650425	0.0	150616	4333.020935698468	0.007889137	0.3
2937.030112416511	300	19.55760222820235	0.0	165384	3892.9847224480786	0.0063958596	0.3
2939.961415859207	300	20.626298785506872	0.0	140881	2931.3034426954746	0.005652066	0.3
2944.6295922893514	300	19.95812235536269	0.0	157671	4668.176430144182	0.025708925	0.3
2950.1106825865986	300	18.47703205811541	0.0	157812	5481.090297247282	0.0048267245	0.3
2955.985543435592	300	16.60217120912251	0.0	163927	5874.8608489929	0.004705182	0.3
2960.5641695263757	300	16.02354511833862	0.0	137654	4578.626090783888	0.004705182	0.3
2964.3936198746237	300	16.19409477009069	0.0	146754	3829.4503482479304	0.004705182	0.3
2967.5142946462915	300	17.073419998422978	0.0	153938	3120.6747716677146	0.004705182	0.3
2971.3095538379275	300	17.27816080678693	0.0	181901	3795.259191636051	0.004705182	0.3
2972.730249370056	300	19.857465274658928	0.0	111155	1420.6955321280013	0.004705182	0.3
2974.7096139782957	300	21.878100666419158	0.0	153605	1979.3646082397681	0.03479171	0.3
2977.153986819692	300	23.433727825022988	0.0	149029	2444.3728413961744	0.29698887	0.3
2984.8386167251915	750	19.74909791952351	0.0	358218	7684.629905499474	0.66340613	0.3
2989.2657094832725	300	19.322005161442487	0.0	157488	4427.092758081022	0.4096538	-0.15000000000000002
2993.91984158741	300	18.66787305730484	0.0	143881	4654.132104137649	0.0062785484	0.3
2998.941398427207	300	17.64631621750786	0.0	163444	5021.556839796981	0.005322554	0.3
3005.8875410143346	300	14.700173630380316	0.0	179328	6946.142587127541	0.004705182	0.3
3009.661084018858	300	14.926630625856822	0.0	159914	3773.543004523494	0.004705182	0.3
3013.813315383966	300	14.774399260749195	0.0	131610	4152.231365107627	0.004705182	0.3
3018.2277622655633	300	14.359952379151192	0.0	124011	4414.446881598002	0.004705182	0.3
3023.4277686618593	300	13.159945982855035	0.0	144254	5200.006396296157	0.004705182	0.3
3028.095398467323	300	12.49231617739177	0.0	149991	4667.629805463266	0.004705182	0.3
3031.4323503174305	300	13.155364327283873	0.0	147968	3336.951850107896	0.004705182	0.3
3033.5222673205044	300	15.065447324210146	0.0	161857	2089.9170030737278	0.004705182	0.3
3034.974507952959	300	17.61320669175576	0.0	145210	1452.240632454383	0.1471753	0.3
3038.4960555972816	750	18.091659047433055	0.0	438281	3521.547644322706	0.03501086	0.3
3041.3026311072263	750	19.28508353748834	0.0	398987	2806.575509944717	0.027567457	0.75
3043.8970220303313	750	20.69069261438382	0.0	393804	2594.3909231045177	0.6174245	0.75
3047.290565504558	1200	21.297149140156957	0.0	538612	3393.5434742268617	0.14274853	0.75
3051.158883101029	1200	21.428831543686126	0.0	550906	3868.3175964708316	0.009917604	1.2

