14413.651475331064	750	4.0	5.4395307625425735	450283	5439.530762542574	-22.639982278933065
14416.04510219899	300	5.606373132073677	0.0	155580	2393.6268679263235	-0.15000000000000002
14418.2167282313	300	7.4347470997634195	0.0	139857	2171.626032310258	0.3
14421.171228211466	300	8.480247119597157	0.0	155432	2954.4999801662616	0.3
14423.541041552597	300	10.110433778467936	0.0	163442	2369.8133411292224	0.3
14424.557163126741	300	13.094312204322456	0.0	126289	1016.1215741454799	0.3
14425.632430076685	300	16.019045254378536	0.0	153295	1075.2669499439207	0.3
14426.790097363557	300	18.861377967505376	0.0	173849	1157.667286873158	0.3
14429.477293561667	750	20.174181769396593	0.0	374758	2687.196198108784	0.3
14431.991466490805	750	21.66000884025886	0.0	362795	2514.172929137729	0.75
14434.585780267143	750	23.065695063919947	0.0	353220	2594.3137763389154	0.75
14437.491783130276	750	24.15969220078779	0.0	405134	2906.002863132155	0.75
14442.245395658245	750	23.40607967281803	0.0	386351	4753.612527969758	0.75
14445.704511735898	750	23.94696359516553	0.0	434409	3459.1160776524994	0.75
14448.941328163914	750	24.710147167148296	0.0	337059	3236.816428017236	0.75
14453.3628165117	750	24.28865881936368	0.0	366214	4421.488347784618	0.75
14459.138661892179	750	22.51281343888372	0.0	360831	5775.845380479959	0.75
14460.67570870027	300	24.97576663079371	0.0	150616	1537.0468080900084	-0.15000000000000002
14462.112725447332	300	27.538749883730087	0.0	165384	1437.0167470636213	0.3
14463.499315716725	300	30.152159614337226	0.0	140881	1386.5902693928626	0.3
14467.273152595162	750	30.378322735899353	0.0	386472	3773.836878437871	0.3
14470.846641532538	750	30.80483379852305	0.0	399894	3573.488937376304	0.75
14473.622412050825	750	32.02906328023708	0.0	401853	2775.770518285965	0.75
14477.371044512982	1200	32.280430818079886	0.0	536667	3748.632462157199	0.75
14481.74106565716	1200	31.910409673902137	0.0	587236	4370.021144177751	1.2
14486.088835789047	1200	31.562639542014807	0.0	590335	4347.77013188733	1.2
14492.004932946624	1200	29.646542384437925	0.0	696376	5916.097157576881	1.2
14496.3764761642	1200	29.274999166863253	0.0	487160	4371.543217574671	1.2
14501.233824025183	1200	28.417651305881222	0.0	622896	4857.347860982031	1.2
14503.882724279558	750	29.76875105150466	0.0	400508	2648.900254376562	0.3
14509.26588842959	1200	28.385586901472035	0.0	570392	5383.164150032625	0.75
14515.446867831532	750	26.204607499531804	0.0	400322	6180.979401940227	0.3
14520.716765641417	750	24.93470968964544	0.0	369834	5269.897809886362	0.75
14521.902013233306	300	27.749462097757213	0.0	163444	1185.247591888231	-0.15000000000000002
14523.066790924777	300	30.58468440628738	0.0	179328	1164.7776914698347	0.3
14525.706404202867	750	31.945071128197224	0.0	365161	2639.6132780901535	0.3
14528.988704741187	1200	32.66277058987775	0.0	487812	3282.300538319472	0.75
14533.101865878589	1200	32.5496094524752	0.0	575591	4113.161137402552	1.2
14539.677724455876	1200	29.97375087518878	0.0	605884	6575.858577286419	1.2
14544.523457501653	1200	29.12801782941215	0.0	587506	4845.733045776629	1.2
14551.615923709227	1200	26.03555162183884	0.0	566904	7092.46620757331	1.2
14557.014049383639	750	24.63742594742674	0.0	384505	5398.1256744121	0.3
14558.288503877526	300	27.362971453539775	0.0	145210	1274.4544938869615	-0.15000000000000002
14562.50056896364	750	27.15090636742572	0.0	438281	4212.065086114056	0.3
14564.192413672725	300	29.459061658340307	0.0	167025	1691.844709085414	-0.15000000000000002
14567.52045565	750	30.131019681064913	0.0	393804	3328.041977275392	0.3
14569.813357474191	750	31.838117856873964	0.0	331053	2292.90182419095	0.75
14573.66013290914	1200	31.99134242192353	0.0	550906	3846.7754349504326	0.75

