16519.41547696571	750	4.0	1.4326655545084757	450283	1432.6655545084757	0.18568465	-5.410461884386445
16521.580914628365	1200	5.834562337347541	0.0	611087	2165.4376626524595	1.2070464	0.75
16523.903297216842	1200	7.512179748867241	0.0	571051	2322.3825884803	1.2468377	1.2
16525.449879128115	300	9.9655978375978	0.0	155432	1546.5819112694421	1.2655107	-0.6000000000000001
16527.55960234588	750	11.855874619832113	0.0	411561	2109.723217765685	1.1994873	0.3
16529.291239841197	1200	14.124237124514519	0.0	520315	1731.6374953175944	1.3023356	0.75
16531.14690689134	1200	16.26857007437001	0.0	561791	1855.6670501445083	1.3778927	1.2
16532.52031370856	750	18.89516325715167	0.0	437162	1373.4068172183447	1.39408	0.3
16534.44590443544	1200	20.969572530272195	0.0	584846	1925.590726879471	1.4012665	0.75
16536.21081145343	1200	23.204665512279497	0.0	560821	1764.907017992697	1.462139	1.2
16538.224172912873	1200	25.19130405284064	0.0	607410	2013.3614594388616	1.4844726	1.2
16540.368251283548	1200	27.04722568216418	0.0	594078	2144.0783706764582	1.4889967	1.2
16543.641940785477	1850	27.773536180234007	0.0	946851	3273.6895019301705	1.50042	1.2000000000000002
16547.384379119238	1200	28.031097846475596	0.0	687371	3742.438333758413	1.5214014	0.5499999999999999
16549.793535890385	1200	29.621941075328643	0.0	526950	2409.156771146953	1.4725342	1.2
16555.29333586569	2850	28.12214110002599	0.0	1471065	5499.799975302656	1.4930618	1.2000000000000002
16557.44401542327	1200	29.971461542444732	0.0	617242	2150.679557581254	1.3774984	-0.44999999999999996
16560.282707079507	1850	31.132769886204887	0.0	885714	2838.6916562398483	1.5356598	1.2000000000000002
16563.705035838986	1850	31.710441126726995	0.0	987708	3422.328759477892	1.531822	1.85
16572.851406760088	4300	26.56407020562596	0.0	2156729	9146.37092110103	1.5271517	1.8499999999999996
16575.768715732218	1850	27.646761233495372	0.0	891604	2917.308972130588	1.1707143	-0.6000000000000001
16577.03860967281	750	30.376867292905544	0.0	399894	1269.8939405898304	1.5185721	-0.3500000000000001
16581.754251851577	2850	29.661225114138958	0.0	1505760	4715.642178766587	1.5068749	0.75
16586.238190162054	2850	29.177286803659367	0.0	1323990	4483.938310479589	1.2865177	2.85
16592.540170279037	2850	26.87530668667985	0.0	1383735	6301.980116979517	1.2932693	2.85
16596.228076488762	1850	27.18740047695124	0.0	905935	3687.9062097286096	1.320663	0.8500000000000001
16598.802967968673	1200	28.61250899704056	0.0	696376	2574.8914799106806	1.5207658	0.5499999999999999
16599.97049456513	750	31.444982400584887	0.0	277716	1167.5265964556743	1.5858911	0.3
16600.61521960202	300	34.80025736369383	0.0	153605	644.7250368910586	1.5173858	-0.15000000000000002
16602.018473431035	750	37.397003534679726	0.0	400508	1403.2538290141097	1.4598516	0.3
16603.88809821716	1200	39.52737874855435	0.0	570392	1869.624786125374	1.6498297	0.75
16607.075763405155	1850	40.33971356056016	0.0	954453	3187.6651879941833	1.6426291	1.2000000000000002
16607.684403100186	300	43.73107386552948	0.0	143881	608.6396950306836	1.3423684	-1.25
16609.852125095993	1200	45.56335186972167	0.0	670129	2167.7219958078126	1.6364547	0.29999999999999993
16619.546018826415	4300	39.86945813929847	0.0	2307787	9693.893730423195	1.5060681	1.1999999999999997
16626.208402355074	4300	37.2070746106398	0.0	2143948	6662.383528658675	0.67499304	4.3
16632.599411854753	4300	34.81606511096156	0.0	1919781	6391.009499678243	0.43827307	4.3
16642.11861432344	4300	29.2968626422758	0.0	2147467	9519.202468685753	0.4975307	4.3
16649.456358775555	4300	25.959118190158662	0.0	2133870	7337.74445211714	0.83477503	4.3
16656.74040431011	4300	22.675072655605923	0.0	2146120	7284.045534552736	0.7027592	4.3
16665.524011304373	4300	17.891465661344196	0.0	2108491	8783.606994261729	0.73505056	4.3
16670.26576954943	2850	17.149707416286308	0.0	1527299	4741.758245057888	0.9964714	1.4000000000000001
16674.870050363992	2850	16.54542660172218	0.0	1343002	4604.280814564124	1.0334117	2.85
16684.42240573111	4300	10.993071234605155	0.0	2219102	9552.355367117027	1.0584557	2.8499999999999996
16691.93406587755	4300	7.4814110881652125	0.0	2124950	7511.660146439943	1.1137552	4.3
16695.098069538988	1850	8.317407426725646	0.0	982064	3164.0036614395663	1.229699	-0.6000000000000001
16699.212741722316	2850	8.202735243395926	0.0	1231456	4114.67218332972	1.3353075	1.85
16702.517217946413	1850	8.89825901930013	0.0	846370	3304.4762240957944	1.2230988	0.8500000000000001

