3371.006077245078	750	4.0	3.791441730238546	450283	3791.441730238546	0.004705182	-15.553199440025747
3372.39312349965	300	6.6129537454278156	0.0	155580	1387.046254572185	0.4757396	-0.15000000000000002
3373.4103495641266	300	9.595727680951125	0.0	139857	1017.2260644766923	0.18781751	0.3
3374.3629378172195	300	12.643139427858042	0.0	155432	952.5882530930813	0.04831275	0.3
3375.3837614690806	300	15.622315775997306	0.0	163442	1020.8236518607367	0.650393	0.3
3376.279703646044	300	18.72637359903397	0.0	126289	895.9421769633375	0.6546611	0.3
3377.3603932857777	300	21.64568395929977	0.0	153295	1080.6896397341975	0.17838818	0.3
3378.529599631089	300	24.47647761398868	0.0	173849	1169.206345311089	0.2200906	0.3
3379.5990514310647	300	27.40702581401314	0.0	150710	1069.4517999755444	0.42299762	0.3
3380.668884317718	300	30.337192927359762	0.0	139105	1069.832886653373	0.6037946	0.3
3382.814680803933	750	32.19139644114484	0.0	353220	2145.7964862149283	0.6643104	0.3
3384.6462153058683	750	34.35986193920938	0.0	405134	1831.5345019354536	0.0066463426	0.75
3385.93571102854	750	37.07036621653746	0.0	386351	1289.4957226719255	0.026695086	0.75
3388.518851555949	1200	38.48722568912837	0.0	687371	2583.1405274090766	0.4660043	0.75
3390.754170490345	1200	40.251906754732325	0.0	526950	2235.3189343960544	0.004741779	1.2
3394.6055408897023	1200	40.40053635537515	0.0	587876	3851.37039935717	0.004705182	1.2
3398.005899704391	1200	41.000177540686146	0.0	617242	3400.3588146890065	0.01247505	1.2
3401.0074591026987	1200	41.99861814237853	0.0	581493	3001.5593983076187	0.005525906	1.2
3404.4895427557035	1200	42.51653448937371	0.0	639204	3482.0836530048196	0.004705182	1.2
3408.13785925735	1200	42.86821798772697	0.0	586839	3648.316501646738	0.004705182	1.2
3411.94395127842	1200	43.062125966657014	0.0	601738	3806.0920210699633	0.004705182	1.2
3417.010495057585	1200	41.99558218749182	0.0	616206	5066.543779165194	0.004705182	1.2
3424.2798354442566	1200	38.72624180082025	0.0	656471	7269.340386671576	0.012106958	1.2
3430.244178537972	1200	36.761898707105196	0.0	536667	5964.343093715043	0.2571725	1.2
3434.7515887027507	1200	36.2544885423262	0.0	587236	4507.410164778989	0.56275266	1.2
3438.8365203789313	1200	36.16955686614566	0.0	590335	4084.931676180535	0.13527627	1.2
3443.3739952476176	1200	35.63208199745956	0.0	696376	4537.474868686105	0.049041867	1.2
3447.0420011067354	1200	35.964076138341554	0.0	487160	3668.005859118005	0.010081181	1.2
3450.784833698802	1200	36.22124354627517	0.0	622896	3742.832592066385	0.021746866	1.2
3454.4227030176485	1200	36.58337422742859	0.0	641447	3637.869318846572	0.005082746	1.2
3457.8577422498474	1200	37.14833499522932	0.0	570392	3435.039232199266	0.004705182	1.2
3462.362927484463	1200	36.64314976061371	0.0	620283	4505.185234615611	0.004705182	1.2
3467.2080906264096	1200	35.79798661866684	0.0	584349	4845.163141946879	0.004705182	1.2
3474.495869704963	1200	32.51020754011399	0.0	670129	7287.779078552844	0.004705182	1.2
3481.355274042284	1200	29.650803202793032	0.0	690253	6859.404337320959	0.021589972	1.2
3486.6634351490716	1200	28.3426420960049	0.0	598727	5308.1611067881295	0.027663311	1.2
3491.9370354464504	1200	27.06904179862608	0.0	487812	5273.600297378821	0.019529775	1.2
3498.866673109086	1200	24.139404135990436	0.0	575591	6929.637662635643	0.10807392	1.2
3506.9326649172654	1200	20.07341232781093	0.0	605884	8065.991808179506	0.27928263	1.2
3513.314693393358	750	17.691383851718545	0.0	390680	6382.0284760923905	0.6454398	0.3
3519.2158309429515	750	15.790246302125082	0.0	345516	5901.137549593461	0.004991497	0.75
3529.124499766219	750	9.881577478857523	0.0	384505	9908.66882326756	0.004705182	0.75
3532.068962936098	300	10.937114308978366	0.0	145210	2944.463169879157	0.004705182	-0.15000000000000002
3534.118689789589	300	12.88738745548761	0.0	172312	2049.726853490755	0.009516323	0.3
3535.6267289993275	300	15.379348245749146	0.0	167025	1508.0392097384645	0.3281687	0.3
3539.2949914762926	750	15.711085768783837	0.0	393804	3668.262476965308	0.3190281	0.3
3542.892558151364	750	16.113519093712796	0.0	331053	3597.5666750710407	0.0089221075	0.75
3546.024833663182	750	16.981243581894116	0.0	314107	3132.2755118186797	0.0059372257	0.75

