933.1932347007884	750	4.0	6.865112348267744	450283	6865.112348267744	-28.7699830975513
935.2538106183523	300	5.939424082436076	0.0	155580	2060.575917563924	-0.15000000000000002
941.698358448434	1200	4.0	0.5051237476456326	571051	6444.5478300817085	-1.8720321148762205
943.138527979939	300	6.559830468494889	0.0	155432	1440.1695315051113	-0.6000000000000001
950.0808133061711	1200	4.0	0.38245485773716065	652874	6942.28532623205	-1.3445558882697908
951.6448947412092	300	6.435918564961872	0.0	126289	1564.0814350381274	-0.6000000000000001
956.3336389293174	750	5.747174376853581	0.0	352642	4688.744188108291	0.3
962.2332805707528	750	4.0	0.15246726458180457	437162	5899.641641435385	0.0943907622982404
964.8232719379549	300	5.41000863279785	0.0	150710	2589.99136720215	-0.15000000000000002
968.1075706546221	300	6.125709916130641	0.0	139105	3284.2987166672087	0.3
972.5231275558461	300	5.710153014906626	0.0	141840	4415.556901224015	0.3
978.5660936845629	300	4.0	0.3328131138101853	156148	6042.966128716812	-1.1310963893837966
984.4359688804394	300	4.0	1.8698751958764497	160746	5869.87519587645	-7.7404633422687334
990.5929765128797	300	4.0	2.1570076324402816	179801	6157.007632440282	-8.97513281949321
994.5678324967445	300	4.025144016135241	0.0	140051	3974.8559838647593	0.3
998.6689187377361	300	4.0	0.07594222485650926	138313	4101.08624099175	-0.02655156688298982
1003.8721811414595	300	4.0	1.2032624037233437	143509	5203.262403723344	-4.874028336010378
1007.1519919405976	300	4.720189200861961	0.0	150616	3279.8107991380384	0.3
1010.0069357074699	300	5.865245433989565	0.0	165384	2854.9437668723967	0.3
1012.6157657704985	300	7.256415370961108	0.0	140881	2608.830063028457	0.3
1015.5198171250036	300	8.35236401645603	0.0	157671	2904.0513545050767	0.3
1019.608199746415	300	8.263981395044537	0.0	157812	4088.382621411494	0.3
1024.0637757778284	300	7.808405363631103	0.0	163927	4455.576031413434	0.3
1027.5392073392902	300	8.332973802169311	0.0	137654	3475.4315614617904	0.3
1031.3628380733983	300	8.50934306806111	0.0	146754	3823.630734108204	0.3
1035.074908240437	300	8.79727290102252	0.0	153938	3712.0701670385893	0.3
1036.783502353448	300	11.088678788011434	0.0	181901	1708.5941130110862	0.3
1037.3267481554458	300	14.545432986013745	0.0	111155	543.2458019976875	0.3
1037.9538019566787	300	17.918379184780747	0.0	153605	627.0538012329972	0.3
1038.4607239906964	300	21.411457150763116	0.0	149029	506.9220340176336	0.3
1039.3659092189016	750	24.50627192255774	0.0	358218	905.1852282053729	0.3
1041.5797013141007	1850	26.29247982735875	0.0	954453	2213.79209519899	0.75
1044.35228256507	2850	27.519898576389295	0.0	1358081	2772.581250969454	1.85
1047.874100155082	2850	27.99808098637726	0.0	1587293	3521.817590012037	2.85
1053.0319987456792	4300	26.840182395780207	0.0	2307787	5157.89859059705	2.8499999999999996
1057.680081578197	4300	26.192099563262484	0.0	2143948	4648.0828325177245	4.3
1061.78176408948	4300	26.090417051979433	0.0	1919781	4101.682511283052	4.3
1066.1279435297151	4300	25.74423761174446	0.0	2147467	4346.179440234972	4.3
1071.071438035354	4300	24.800743106105497	0.0	2133870	4943.494505638964	4.3
1076.271661445927	4300	23.600519695532423	0.0	2146120	5200.22341057307	4.3
1081.136733348266	4300	22.735447793193625	0.0	2108491	4865.071902338801	4.3
1085.772210518935	4300	22.09997062252471	0.0	2184571	4635.4771706689135	4.3
1090.5783012899456	4300	21.293879851514138	0.0	2121928	4806.090771010572	4.3
1096.1341647149118	4300	19.7380164265481	0.0	2219102	5555.863424966039	4.3
1101.3513738570468	4300	18.520807284412946	0.0	2124950	5217.209142135155	4.3
1106.0667046659366	4300	17.80547647552336	0.0	2246506	4715.330808889587	4.3
1113.1123747810339	4300	14.759806360426024	0.0	1961140	7045.670115097336	4.3
1123.9945792594212	4300	7.877601882038761	0.0	2155012	10882.204478387262	4.3

