7845.143795388389	750	4.0	2.566216384271528	450283	2566.216384271528	-10.28473045236757
7846.053636692029	300	7.0901586963599605	0.0	155580	909.8413036400393	-0.15000000000000002
7846.742694055033	300	10.401101333355498	0.0	139857	689.0573630044631	0.3
7847.383226398766	300	13.760568989622517	0.0	155432	640.5323437329835	0.3
7848.797097133935	750	16.346698254454342	0.0	411561	1413.8707351681733	0.3
7850.597468539599	1200	18.54632684879079	0.0	520315	1800.3714056635486	0.75
7853.3910283311525	1850	19.752767057236802	0.0	905515	2793.55979155399	1.2000000000000002
7857.136905024715	1850	20.00689036367384	0.0	1060487	3745.876693562963	1.85
7859.816229877845	1850	21.32756551054276	0.0	852833	2679.324853131078	1.85
7862.989875151305	1850	22.15392023708346	0.0	913888	3173.6452734593017	1.85
7867.746027125666	1850	21.397768262722273	0.0	939819	4756.151974361184	1.85
7871.342667587148	1850	21.801127801240487	0.0	917428	3596.6404614817866	1.85
7875.072502734342	1850	22.071292654046317	0.0	946851	3729.83514719417	1.85
7879.240749279441	1850	21.903046108947848	0.0	1036454	4168.246545098469	1.85
7882.753078182265	1850	22.39071720612355	0.0	821631	3512.3289028242966	1.85
7887.468787483506	1850	21.67500790488235	0.0	923170	4715.7093012412015	1.85
7892.64592488382	1850	20.497870504568535	0.0	966699	5177.137400313814	1.85
7895.910548076178	1200	21.233247312211017	0.0	581493	3264.6231923575187	0.5499999999999999
7902.177218327957	1200	18.966577060431625	0.0	639204	6266.670251779393	1.2
7908.064660464435	1200	17.079134923953738	0.0	586839	5887.442136477886	1.2
7911.426240455785	750	17.717554932603765	0.0	386472	3361.579991349971	0.3
7915.774609709142	750	17.36918567924702	0.0	399894	4348.369253356743	0.75
7920.60990182063	750	16.533893567759407	0.0	401853	4835.292111487614	0.75
7923.468820170045	750	17.6749752183443	0.0	343800	2858.9183494151043	0.75
7925.554418186764	750	19.58937720162535	0.0	359903	2085.5980167189527	0.75
7928.02289252702	750	21.12090286136902	0.0	379700	2468.474340256328	0.75
7930.238718194411	750	22.905077193978247	0.0	425781	2215.825667390773	0.75
7931.709624317135	750	25.43417107125378	0.0	277716	1470.9061227244683	0.75
7934.734801964836	1200	26.408993423553156	0.0	622896	3025.1776477006256	0.75
7938.0070393007345	1200	27.136756087655534	0.0	641447	3272.2373358976165	1.2
7940.316809177644	1200	28.82698621074509	0.0	570392	2309.7698769104445	1.2
7943.841500835777	1200	29.30229455261252	0.0	620283	3524.6916581325695	1.2
7947.267413057744	1200	29.87638233064535	0.0	584349	3425.912221967168	1.2
7951.43805819229	1200	29.705737196100856	0.0	670129	4170.645134544496	1.2
7955.816082010969	1200	29.327713377421603	0.0	690253	4378.023818679253	1.2
7963.303258113875	1200	25.840537274515466	0.0	598727	7487.176102906136	1.2
7966.634703343116	750	26.509092045274517	0.0	321064	3331.445229240951	0.3
7969.451398214437	750	27.692397173953275	0.0	361565	2816.694871321242	0.75
7971.926230692431	750	29.21756469595856	0.0	378327	2474.832477994715	0.75
7974.256679618676	750	30.887115769714473	0.0	390680	2330.4489262440893	0.75
7977.100171728895	750	32.04362365949561	0.0	345516	2843.4921102188646	0.75
7980.061166126466	750	33.08262926192423	0.0	384505	2960.9943975713763	0.75
7982.8045418347565	750	34.3392535536333	0.0	372093	2743.3757082909283	0.75
7986.521957136846	750	34.62183825154399	0.0	438281	3717.4153020893123	0.75
7989.711621337549	750	35.432174050839954	0.0	398987	3189.664200704036	0.75
7993.048018830859	750	36.09577655753092	0.0	393804	3336.397493309031	0.75
7996.705639101919	750	36.438156286471205	0.0	331053	3657.62027105971	0.75
8000.135076322307	750	37.00871906608333	0.0	314107	3429.4372203878734	0.75

