22458.311495545517	750	4.0	4.997202366246414	450283	4997.202366246414	0.14360029	-20.73797017485958
22460.464857295803	300	5.846638249714482	0.0	155580	2153.3617502855177	0.1316688	-0.15000000000000002
22463.583009409293	300	6.728486136226441	0.0	139857	3118.1521134880413	0.38705894	0.3
22467.95462616567	300	6.35686937985117	0.0	155432	4371.6167563752715	0.24946046	0.3
22472.38284865674	300	5.928646888778943	0.0	163442	4428.222491072226	0.07861557	0.3
22475.43420569677	300	6.877289848750208	0.0	126289	3051.3570400287354	0.05969418	0.3
22478.055585866125	300	8.255909679394989	0.0	153295	2621.38016935522	0.1120909	0.3
22479.759604704985	300	10.551890840533298	0.0	173849	1704.0188388616891	0.2926709	0.3
22481.240254830616	300	13.071240714897634	0.0	150710	1480.6501256356646	1.0062686	0.3
22486.18520242975	1200	12.126293115760996	0.0	560821	4944.947599136638	1.1274004	0.29999999999999993
22490.947178238035	1200	11.364317307480935	0.0	607410	4761.975808280062	1.2120882	1.2
22495.226270728363	1200	11.085224817154222	0.0	594078	4279.092490326713	1.2102257	1.2
22498.733457431375	1200	11.578038114139181	0.0	624282	3507.1867030150397	1.2229502	1.2
22502.102478790865	1200	12.209016754651435	0.0	687371	3369.021359487745	1.244859	1.2
22504.64197811937	1200	13.669517426145553	0.0	526950	2539.4993285058804	1.2991766	1.2
22506.55512519881	750	15.756370346702617	0.0	366214	1913.147079442936	1.3334272	0.3
22510.74919622645	1200	15.562299319063682	0.0	617242	4194.071027638937	1.3039985	0.75
22514.822334962082	1200	15.489160583435838	0.0	581493	4073.1387356278424	1.3236355	1.2
22516.348451010417	300	17.963044535100423	0.0	165384	1526.116048335412	1.2963635	-0.6000000000000001
22520.649231204523	1200	17.66226434099159	0.0	586839	4300.780194108831	1.1958305	0.29999999999999993
22523.308542884577	750	19.00295266094058	0.0	386472	2659.311680051009	1.3033934	0.3
22528.835054025425	1200	17.476441520092997	0.0	616206	5526.511140847583	1.2722923	0.75
22544.771219738235	1850	5.540275807285667	0.0	968026	15936.165712807331	1.2651509	1.2000000000000002
22548.167644245044	300	6.143851300474648	0.0	137654	3396.42450681102	0.14826587	-1.25
22551.76566563797	300	6.545829907549554	0.0	146754	3598.0213929250926	0.07468417	0.3
22555.35262249921	300	6.958873046309807	0.0	153938	3586.9568612397466	0.04436153	0.3
22558.804497600555	300	7.506997944964852	0.0	181901	3451.875101344955	0.02434245	0.3
22560.627806723514	300	9.68368882200824	0.0	111155	1823.3091229566123	0.08826353	0.3
22563.799881290495	300	10.511614255024519	0.0	153605	3172.074566983721	0.3054456	0.3
22567.51530195193	300	10.796193593588944	0.0	149029	3715.420661435575	0.34291628	0.3
22571.486908898358	300	10.82458664716098	0.0	157421	3971.606946427962	0.42209813	0.3
22578.94719350518	750	7.364302040337621	0.0	400322	7460.28460682336	0.50365865	0.3
22581.038885916205	300	9.272609629314443	0.0	143881	2091.6924110231776	0.13606252	-0.15000000000000002
22583.37750581451	300	10.933989731006728	0.0	163444	2338.619898307715	0.52402085	0.3
22585.83226768051	300	12.479227865008065	0.0	179328	2454.7618659986642	0.82748526	0.3
22587.51198363004	300	14.799511915480274	0.0	159914	1679.7159495277892	1.0706302	0.3
22593.441723567947	1200	12.869771977570151	0.0	487812	5929.739937910122	1.1949853	0.29999999999999993
22604.982170461604	1850	5.329325083915501	0.0	938587	11540.446893654651	1.1639006	1.2000000000000002
22607.696780730927	750	6.614714814593203	0.0	378327	2714.6102693222974	0.31234097	-0.3500000000000001
22610.418176233088	750	7.893319312432557	0.0	390680	2721.395502160646	0.94646746	0.75
22612.761307397057	750	9.550188148462219	0.0	345516	2343.131163970338	1.1416767	0.75
22615.59854733102	750	10.712948214498182	0.0	384505	2837.239933964038	1.1840706	0.75
22619.520293242917	750	10.791202302603168	0.0	372093	3921.7459118950133	1.2324296	0.75
22623.664482383927	750	10.64701316159492	0.0	438281	4144.189141008248	1.1761898	0.75
22630.004002034264	1200	8.307493511254451	0.0	630203	6339.519650340468	1.1861218	0.75
22631.99266025288	300	10.318835292638813	0.0	160064	1988.6582186156388	1.1185092	-0.6000000000000001
22633.793268669157	300	12.518226876359245	0.0	137507	1800.6084162795669	1.1580907	0.3
22640.68939586449	1200	9.622099681028056	0.0	550906	6896.12719533119	1.1923013	0.29999999999999993

