12086.657498036677	750	4.0	3.478694088168143	450283	3478.694088168143	-14.208384579123015
12087.862625204396	300	6.794872832282032	0.0	155580	1205.1271677179675	-0.15000000000000002
12089.730954057834	750	8.926543978844713	0.0	350812	1868.3288534373198	0.3
12093.49813594982	1200	9.159362086858275	0.0	617681	3767.1818919864386	0.75
12098.272143826918	1200	8.385354209760107	0.0	652874	4774.007877098167	1.2
12103.258520006742	1200	7.3989780299373695	0.0	520315	4986.376179822738	1.2
12112.052981575329	1200	4.0	1.395483538650059	561791	8794.461568587429	-4.800579216195254
12114.56677832833	300	5.486203246998728	0.0	173849	2513.7967530012716	-0.6000000000000001
12116.560772211724	300	7.492209363605785	0.0	150710	1993.9938833929423	0.3
12118.948573298394	300	9.104408276933498	0.0	139105	2387.8010866722875	0.3
12122.250160204192	300	9.802821371134822	0.0	141840	3301.5869057986765	0.3
12124.749700845226	300	11.303280730101648	0.0	156148	2499.540641033175	0.3
12127.457114771152	300	12.595866804177062	0.0	160746	2707.413925924585	0.3
12129.60390290856	300	14.4490786667684	0.0	179801	2146.7881374086614	0.3
12131.713490116445	750	16.339491458883742	0.0	337059	2109.5872078846583	0.3
12134.093224952394	750	17.959756622934588	0.0	366214	2379.7348359491543	0.75
12138.020626176374	750	18.032355398955332	0.0	360831	3927.401223979256	0.75
12143.803015448688	750	16.24996612664153	0.0	372963	5782.3892723138	0.75
12145.499040634226	300	18.553940941102898	0.0	165384	1696.0251855386334	-0.15000000000000002
12146.762155299932	300	21.290826275396608	0.0	140881	1263.1146657062895	0.3
12150.117577935245	750	21.93540364008308	0.0	386472	3355.4226353135273	0.3
12155.412417074762	750	20.64056450056537	0.0	399894	5294.839139517709	0.75
12157.085448920394	300	22.96753265493377	0.0	163927	1673.0318456316006	-0.15000000000000002
12158.2569175762	300	25.796063999128048	0.0	137654	1171.4686558057203	0.3
12161.174530236962	750	26.878451338366094	0.0	359903	2917.61266076195	0.3
12164.334092430321	750	27.718889145005253	0.0	379700	3159.5621933608436	0.75
12167.830535964322	750	28.2224456110057	0.0	425781	3496.4435339995553	0.75
12172.398309461132	1200	27.654672114195012	0.0	487160	4567.773496810689	0.75
12178.242650555387	1200	25.810331019939873	0.0	622896	5844.341094255137	1.2
12183.89392906745	1200	24.159052507877572	0.0	641447	5651.278512062301	1.2
12189.138017482725	1200	22.91496409260361	0.0	570392	5244.088415273959	1.2
12194.752272384905	1200	21.300709190423028	0.0	620283	5614.2549021805835	1.2
12201.05460393722	1200	18.998377638107208	0.0	584349	6302.33155231582	1.2
12208.079850862196	1200	15.973130713130887	0.0	670129	7025.246924976322	1.2
12212.272063921037	750	15.780917654289636	0.0	401088	4192.213058841251	0.3
12216.488458809501	750	15.564522765824611	0.0	365161	4216.394888465026	0.75
12219.860526492726	750	16.192455082599203	0.0	321064	3372.0676832254085	0.75
12223.230207942715	750	16.82277363261092	0.0	361565	3369.681449988279	0.75
12227.573732895053	750	16.479248680274367	0.0	378327	4343.524952336555	0.75
12231.267106527841	750	16.785875047485916	0.0	390680	3693.373632788451	0.75
12234.257667220318	750	17.79531435501016	0.0	345516	2990.5606924757562	0.75
12241.511460287826	1200	14.541521287500714	0.0	641452	7253.793067509445	0.75
12246.218497868944	1200	13.834483706382038	0.0	599477	4707.037581118678	1.2
12250.939435873448	1200	13.11354570187684	0.0	634861	4720.938004505198	1.2
12258.431881203644	1200	9.621100371681866	0.0	630203	7492.445330194972	1.2
12264.549446113135	1200	7.503535462191046	0.0	638661	6117.564909490821	1.2
12269.230118646135	1200	6.822862929190434	0.0	538612	4680.672533000612	1.2
12272.562802842722	1200	7.490178732605021	0.0	550906	3332.6841965854114	1.2

