17256.309720121735	750	4.0	4.549356298858494	450283	4549.356298858494	-18.812232085091523
17259.341232723713	750	4.968487398019588	0.0	398865	3031.512601980412	0.75
17262.035011095202	750	6.274709026529084	0.0	350812	2693.778371490503	0.75
17265.09721972705	750	7.212500394681246	0.0	382355	3062.2086318478378	0.75
17268.939178721517	750	7.370541400213673	0.0	411561	3841.958994467573	0.75
17271.793325261824	750	8.516394859907082	0.0	318564	2854.1465403065913	0.75
17274.75404181516	750	9.555678306571323	0.0	352642	2960.7165533357597	0.75
17278.57918361485	750	9.730536506880517	0.0	437162	3825.1417996908062	0.75
17281.907805109462	750	10.401915012267693	0.0	374758	3328.6214946128234	0.75
17285.348912554182	750	10.960807567547572	0.0	362795	3441.107444720121	0.75
17288.91310549443	750	11.396614627302272	0.0	353220	3564.1929402453015	0.75
17293.911880550695	750	10.39783957103817	0.0	405134	4998.775056264102	0.75
17297.6374436431	750	10.67227647862951	0.0	386351	3725.56309240866	0.75
17301.285273701276	750	11.024446420452483	0.0	434409	3647.830058177027	0.75
17304.711270994143	750	11.598449127585948	0.0	337059	3425.997292866535	0.75
17308.9006230052	750	11.409097116526294	0.0	366214	4189.3520110596555	0.75
17313.130809842343	750	11.17891027938097	0.0	360831	4230.186837145322	0.75
17316.681004686714	750	11.628715435011738	0.0	372963	3550.194844369233	0.75
17319.78367472215	750	12.5260453995753	0.0	405596	3102.6700354364357	0.75
17322.214448326347	750	14.09527179538012	0.0	350713	2430.7736041951816	0.75
17325.06513231631	750	15.244587805415302	0.0	386472	2850.6839899648185	0.75
17328.27508485439	750	16.034635267334988	0.0	399894	3209.9525380803157	0.75
17331.294280297876	750	17.015439823850162	0.0	401853	3019.195443484822	0.75
17334.15666305836	750	18.1530570633673	0.0	343800	2862.3827604828675	0.75
17336.609986791504	750	19.6997333302235	0.0	359903	2453.323733143801	0.75
17339.3664773464	750	20.943242775326087	0.0	379700	2756.4905548974098	0.75
17342.76986365277	750	21.539856468959673	0.0	425781	3403.3863063664166	0.75
17345.0737061723	750	23.23601394942559	0.0	277716	2303.8425195340815	0.75
17348.89854709842	750	23.41117302330563	0.0	400396	3824.840926119959	0.75
17352.18832314184	750	24.12139697988732	0.0	400508	3289.7760434183115	0.75
17355.08891763242	750	25.220802489308337	0.0	358218	2900.5944905789797	0.75
17359.86247026032	750	24.447249861410967	0.0	400322	4773.55262789737	0.75
17366.3723297239	750	21.93739039782799	0.0	369834	6509.85946358298	0.75
17368.435446368887	300	23.874273752842665	0.0	163444	2063.116644985323	-0.15000000000000002
17371.203239669496	300	25.10648045223705	0.0	179328	2767.793300605616	0.3
17373.57117254264	300	26.738547579092824	0.0	159914	2367.9328731442265	0.3
17375.312859816706	300	28.9968603050248	0.0	131610	1741.6872740680267	0.3
17376.84021649922	300	31.469503622515866	0.0	124011	1527.356682508933	0.3
17378.457062340975	300	33.85265778075621	0.0	144254	1616.8458417596478	0.3
17380.062711002563	300	36.247009119168666	0.0	149991	1605.6486615875467	0.3
17381.71236590062	300	38.59735422110926	0.0	147968	1649.6548980594025	0.3
17383.649488495612	300	40.66023162612018	0.0	161857	1937.1225949890877	0.3
17385.273848650388	300	43.03587147134409	0.0	145210	1624.3601547760911	0.3
17386.88733108508	300	45.4223890366547	0.0	172312	1613.4824346893854	0.3
17390.153237592072	750	46.15648252966274	0.0	398987	3265.90650699196	0.3
17393.314464227933	750	46.995255893800916	0.0	393804	3161.2266358618217	0.75
17396.231755707217	750	48.07796441451859	0.0	331053	2917.291479282325	0.75
17399.397353928696	750	48.91236619303874	0.0	314107	3165.598221479839	0.75

