6100.731134907195	750	4.0	2.288238812003366	450283	2288.238812003366	-9.089426891614474
6101.849836943963	300	6.8812979632329325	0.0	155580	1118.7020367670673	-0.15000000000000002
6102.875973765873	300	9.855161141322627	0.0	139857	1026.136821910304	0.3
6106.448059052942	1200	10.283075854253292	0.0	617681	3572.0852870693343	0.29999999999999993
6109.020806293939	1200	11.710328613255976	0.0	652874	2572.747240997316	1.2
6112.595016072583	1850	12.136118834611459	0.0	801058	3574.209778644517	1.2000000000000002
6116.223990618125	1850	12.507144289070142	0.0	905515	3628.974545541318	1.85
6121.051848058827	1850	11.67928684836768	0.0	1060487	4827.8574407024635	1.85
6125.978986031974	1850	10.75214887522067	0.0	852833	4927.13797314701	1.85
6128.826430987036	1200	11.904703920159841	0.0	560821	2847.444955060827	0.5499999999999999
6132.488070262692	1850	12.243064644502855	0.0	939819	3661.639275656987	1.2000000000000002
6136.643423223727	1850	12.087711683468546	0.0	917428	4155.3529610343085	1.85
6141.054923996873	1850	11.676210910323157	0.0	946851	4411.50077314539	1.85
6145.138229747286	1850	11.592905159910778	0.0	1036454	4083.3057504123767	1.85
6149.488747215775	1850	11.242387691421476	0.0	821631	4350.517468489303	1.85
6152.655097556337	1850	12.076037350859758	0.0	923170	3166.3503405617166	1.85
6155.326638231049	1850	13.404496676147089	0.0	966699	2671.540674712671	1.85
6161.571190005525	2850	11.159944901671542	0.0	1358801	6244.551774475545	1.85
6166.011444016771	1850	10.719690890425769	0.0	987708	4440.254011245773	0.8500000000000001
6168.955377598941	1200	11.775757308256056	0.0	586839	2943.9335821697127	0.5499999999999999
6173.20092609266	1850	11.530208814536078	0.0	891604	4245.548493719978	1.2000000000000002
6177.108718798894	1850	11.622416108301897	0.0	955231	3907.7927062341805	1.85
6182.9829736107595	1850	9.748161296436756	0.0	968026	5874.25481186514	1.85
6185.531677587518	1200	11.199457319678082	0.0	536667	2548.7039767586743	0.5499999999999999
6190.511967542992	1850	10.219167364204583	0.0	897976	4980.289955473498	1.2000000000000002
6193.2460165806515	1200	11.485118326544649	0.0	590335	2734.0490376599364	0.5499999999999999
6197.723973864001	1850	11.0071610431945	0.0	1076599	4477.957283350147	1.2000000000000002
6200.528329572264	1850	12.20280533493177	0.0	758197	2804.3557082627303	1.85
6203.984985770061	1850	12.746149137134791	0.0	972798	3456.6561977969795	1.85
6207.76365735538	1850	12.9674775518151	0.0	975811	3778.671585319692	1.85
6212.159047983268	1850	12.572086923927879	0.0	873429	4395.390627887222	1.85
6219.035226580705	1850	9.69590832649016	0.0	954453	6876.178597437719	1.85
6222.064542350715	1200	10.666592556480715	0.0	584349	3029.3157700094457	0.5499999999999999
6225.828351457911	1200	10.902783449285199	0.0	670129	3763.8091071955178	1.2
6228.483517593813	1200	12.247617313382712	0.0	690253	2655.166135902485	1.2
6231.696623464249	1850	13.034511442947155	0.0	943942	3213.1058704355587	1.2000000000000002
6236.4297544642795	2850	12.301380442916605	0.0	1139291	4733.131000030549	1.85
6240.624742775133	1850	12.10639213206344	0.0	938587	4194.988310853165	0.8500000000000001
6244.162061265535	1850	12.56907364166195	0.0	908665	3537.3184904014906	1.85
6247.7691970663245	1850	12.961937840871471	0.0	930577	3607.135800790478	1.85
6253.011488771102	1850	11.719646136094147	0.0	858450	5242.291704777324	1.85
6257.584084030812	1850	11.147050876385249	0.0	1025005	4572.595259708897	1.85
6261.248795134946	1850	11.48233977225118	0.0	886255	3664.7111041340677	1.85
6265.024003854383	1850	11.707131052812862	0.0	973972	3775.2087194383184	1.85
6268.766816810347	1850	11.964318096849102	0.0	958994	3742.8129559637596	1.85
6273.220891527795	1850	11.510243379401144	0.0	982064	4454.074717447957	1.85
6278.389771519879	1850	10.341363387317692	0.0	830730	5168.879992083454	1.85
6282.250719629219	1200	10.480415277977706	0.0	550906	3860.948109339987	0.5499999999999999

