19120.29776684793	750	4.0	4.799754461958953	450283	4799.754461958953	1.1962045	-19.888944186423497
19121.71975707571	300	6.578009772220171	0.0	155580	1421.9902277798294	0.15366428	-0.15000000000000002
19122.92176576462	300	9.376001083309369	0.0	139857	1202.0086889108015	0.80938166	0.3
19126.73921653668	750	9.558550311250475	0.0	382355	3817.450772058895	1.132262	0.3
19136.594912945035	1200	4.0	0.2971460971078104	652874	9855.696408358284	1.18082	-0.5277282175635847
19139.714758384893	300	4.8801545601419045	0.0	126289	3119.8454398580952	0.08641996	-0.6000000000000001
19142.941461812858	300	5.653451132180513	0.0	153295	3226.703427961392	0.025510546	0.3
19146.09116635166	300	6.503746593377891	0.0	173849	3149.704538802622	0.029598275	0.3
19148.22518571915	300	8.369727225889237	0.0	150710	2134.0193674886546	0.08579852	0.3
19149.66016383649	300	10.934749108555229	0.0	139105	1434.9781173340093	0.5281441	0.3
19153.801117523777	750	10.793795421262173	0.0	353220	4140.953687293054	0.99693847	0.3
19162.725107033326	1200	5.869805911711686	0.0	594078	8923.989509550487	1.0780107	0.75
19166.390218135795	300	6.204694809240993	0.0	160746	3665.1111024706934	0.13375969	-0.6000000000000001
19169.57425753022	300	7.020655414819241	0.0	179801	3184.0393944217526	0.04374934	0.3
19172.52307648727	300	8.071836457770313	0.0	140051	2948.818957048927	0.1553759	0.3
19178.831331495276	750	5.7635814497670514	0.0	366214	6308.255008003262	0.24160658	0.3
19181.119340656795	300	7.475572288247346	0.0	143509	2288.0091615197057	0.04109589	-0.15000000000000002
19183.818070426943	300	8.77684251809887	0.0	150616	2698.7297701484745	0.14669016	0.3
19186.617441752078	300	9.977471192966615	0.0	165384	2799.3713251322542	0.27057567	0.3
19190.865450729154	750	9.729462215889239	0.0	350713	4248.008977077377	0.4753266	0.3
19192.715173555822	300	11.879739389222085	0.0	157671	1849.7228266671536	0.90287554	-0.15000000000000002
19194.424057916	300	14.17085502904173	0.0	157812	1708.884360180354	1.0086346	0.3
19196.031690441334	300	16.563222503708275	0.0	163927	1607.6325253334553	1.1053282	0.3
19200.5396494412	750	16.055263503841367	0.0	343800	4507.958999866907	1.1511505	0.3
19207.040022790305	1200	13.554890154738406	0.0	587236	6500.3733491029625	1.1880106	0.75
19211.158089048105	750	13.436823896937655	0.0	379700	4118.06625780075	1.1784803	0.3
19215.595850320664	750	12.999062624381558	0.0	425781	4437.761272556096	1.165147	0.75
19219.873817817803	1200	12.721095127239613	0.0	487160	4277.967497141945	1.1891282	0.75
19229.890667979504	1200	6.704244965536373	0.0	622896	10016.85016170324	1.2018546	1.2
19231.815548500654	300	8.779364444388152	0.0	149029	1924.8805211482188	0.26512432	-0.6000000000000001
19234.87937051344	300	9.715542431598376	0.0	157421	3063.822012789777	0.56948304	0.3
19240.816358620188	750	7.778554324852459	0.0	400322	5936.988106745917	0.48908293	0.3
19242.67516971495	300	9.919743230090031	0.0	143881	1858.8110947624282	0.36237824	-0.15000000000000002
19246.3311584455	750	10.263754499538763	0.0	412837	3655.988730551267	0.68862337	0.3
19249.989894316604	750	10.605018628433859	0.0	401088	3658.735871104903	1.0778109	0.75
19256.15287343009	750	8.442039514952837	0.0	365161	6162.979113481022	1.1570241	0.75
19259.908063505525	750	8.686849439515683	0.0	321064	3755.1900754371545	0.7564305	0.75
19266.277074642494	750	6.317838302548196	0.0	361565	6369.011136967487	0.9174073	0.75
19268.862547163048	300	7.732365781994488	0.0	144254	2585.472520553708	0.14496812	-0.15000000000000002
19271.591235607346	300	9.003677337698496	0.0	149991	2728.6884442959918	0.34221765	0.3
19273.75602418409	300	10.838888760951592	0.0	147968	2164.7885767469056	0.60316485	0.3
19275.895413210394	300	12.69949973465375	0.0	161857	2139.38902629784	0.8619678	0.3
19281.624303611297	750	10.970609333748424	0.0	372093	5728.8904009053285	1.1466323	0.3
19284.7000215418	750	11.894891403244841	0.0	438281	3075.7179305035834	1.0260085	0.75
19287.308482163156	750	13.286430781888198	0.0	398987	2608.4606213566444	1.1928604	0.75
19290.302502060706	750	14.292410884340967	0.0	393804	2994.01989754723	1.2586385	0.75
19293.51886902176	750	15.076043923287413	0.0	331053	3216.3669610535544	1.2853632	0.75
19296.347696532634	750	16.24721641241234	0.0	314107	2828.8275108750745	1.2849605	0.75

