1582.4581286737593	750	4.0	2.8598146493896546	450283	2859.8146493896547	-11.547202992375514
1583.3343602042544	300	7.123768469505115	0.0	155580	876.2315304948851	-0.15000000000000002
1584.9093850297882	750	9.548743643971175	0.0	350812	1575.0248255339393	0.3
1586.62718983721	750	11.830938836549318	0.0	382355	1717.8048074218566	0.75
1588.8867196785664	750	13.571408995192796	0.0	411561	2259.529841356521	0.75
1591.3496009619992	1200	15.10852771175994	0.0	520315	2462.881283432856	0.75
1593.487221477813	1200	16.970907195946456	0.0	561791	2137.620515813483	1.2
1595.7568850909574	1200	18.701243582801826	0.0	709534	2269.663613144629	1.2
1598.721137032754	1850	19.736991641005197	0.0	852833	2964.2519417966328	1.2000000000000002
1603.1707008352255	1850	19.28742783853392	0.0	913888	4449.563802471274	1.85
1607.4586201763975	1850	18.999508497361873	0.0	939819	4287.919341172049	1.85
1612.4721495417239	1850	17.98597913203552	0.0	917428	5013.529365326351	1.85
1617.3481999898959	1850	17.109928683863522	0.0	946851	4876.050448171998	1.85
1621.7816181144995	1200	16.676510559259906	0.0	687371	4433.418124603618	0.5499999999999999
1624.6297207666105	1200	17.828407907148932	0.0	526950	2848.1026521109743	1.2
1627.4568840821084	1200	19.001244591651005	0.0	587876	2827.1633154979263	1.2
1629.4606756894505	1200	20.997452984308996	0.0	617242	2003.7916073420079	1.2
1633.5491738011199	1850	20.90895487263967	0.0	885714	4088.4981116693266	1.2000000000000002
1637.9395217642568	1850	20.51860690950273	0.0	987708	4390.347963136938	1.85
1643.7170742433	1850	18.741054430459595	0.0	923755	5777.552479043135	1.85
1647.2068005154442	1850	19.251328158315292	0.0	891604	3489.726272144304	1.85
1651.248637997972	1850	19.209490675787563	0.0	955231	4041.8374825277265	1.85
1655.4382663619315	1850	19.01986231182796	0.0	968026	4189.628363959605	1.85
1658.9067696379668	1850	19.551359035792775	0.0	874175	3468.5032760351864	1.85
1662.4086939747588	1850	20.049434699000912	0.0	897976	3501.9243367918652	1.85
1665.4196973948292	1850	21.038431278930425	0.0	905935	3011.0034200704863	1.85
1669.9606841046598	1850	20.49744456909973	0.0	1076599	4540.986709830693	1.85
1674.7491429987897	2850	19.708985674969995	0.0	1141971	4788.458894129738	1.85
1678.3561573861318	1850	20.10197128762794	0.0	972798	3607.0143873420525	0.8500000000000001
1682.1008215108313	1850	20.357307162928336	0.0	975811	3744.664124699602	1.85
1685.4727919393308	1850	20.98533673442894	0.0	873429	3371.970428499396	1.85
1689.8625472934434	1850	20.595581380316226	0.0	954453	4389.755354112713	1.85
1694.3452823896512	1850	20.1128462841084	0.0	885062	4482.735096207827	1.85
1697.870515332511	1850	20.58761334124862	0.0	1035329	3525.2329428597814	1.85
1701.2694715192297	1850	21.188657154530137	0.0	1026056	3398.9561867184834	1.85
1705.8111643517248	1850	20.64696432203513	0.0	943942	4541.692832495006	1.85
1709.9059899143808	2850	20.552138759379247	0.0	1139291	4094.8255626558857	1.85
1713.647734251387	1850	20.810394422373122	0.0	938587	3741.744337006123	0.8500000000000001
1717.310488085998	1850	21.147640587762005	0.0	908665	3662.7538346111182	1.85
1721.9147439957574	1850	20.54338467800268	0.0	930577	4604.255909759328	1.85
1726.700809275097	1850	19.757319398663032	0.0	858450	4786.065279339647	1.85
1732.0476939260252	1850	18.410434747734847	0.0	1025005	5346.884650928186	1.85
1737.16242661588	1850	17.295702057880096	0.0	886255	5114.732689854749	1.85
1741.622941465173	1200	16.83518720858716	0.0	634861	4460.514849292934	0.5499999999999999
1747.1134824312203	1200	15.344646242539806	0.0	630203	5490.540966047355	1.2
1754.1572057555425	750	12.300922918217667	0.0	393804	7043.723324322137	0.3
1756.1852515770468	750	14.27287709671349	0.0	331053	2028.0458215041783	0.75
1757.5361183327652	750	16.92201034099479	0.0	314107	1350.866755718698	0.75

