9806.851018568028	750	4.0	2.322935537655054	450283	2322.935537655054	-9.238622811916732
9807.928908737405	300	6.922109830622425	0.0	155580	1077.8901693775754	-0.15000000000000002
9809.44985718923	300	9.401161378798434	0.0	139857	1520.9484518239897	0.3
9810.915602686411	300	11.935415881617908	0.0	155432	1465.745497180527	0.3
9813.951282140913	750	12.899736427114467	0.0	411561	3035.6794545034404	0.3
9816.215402023492	750	14.63561654453631	0.0	318564	2264.119882578158	0.75
9818.462213255376	750	16.388805312653815	0.0	352642	2246.8112318824974	0.75
9821.350017979086	750	17.501000588943946	0.0	437162	2887.804723709869	0.75
9823.88431196568	750	18.966706602349028	0.0	374758	2534.293986594919	0.75
9826.840731789813	750	20.010286778216454	0.0	362795	2956.4198241325703	0.75
9829.676679327406	750	21.174339240622576	0.0	353220	2835.947537593879	0.75
9833.130122254606	750	21.720896313423157	0.0	405134	3453.4429271994186	0.75
9835.879356410414	750	22.971662157614883	0.0	386351	2749.2341558082735	0.75
9838.612788453367	750	24.238230114662805	0.0	434409	2733.432042952078	0.75
9844.146685869353	1850	22.704332698675636	0.0	821631	5533.897415987169	0.75
9851.362816850855	1850	19.488201717173617	0.0	923170	7216.13098150202	1.85
9861.716052746398	1850	13.134965821629665	0.0	966699	10353.23589554395	1.85
9863.195826029145	750	15.655192538883977	0.0	372963	1479.773282745688	-0.3500000000000001
9864.906611049682	750	17.94440751834614	0.0	405596	1710.7850205378356	0.75
9872.787382039494	1850	14.063636528533658	0.0	923755	7880.77098981248	0.75
9878.37965128579	1850	12.47136728223817	0.0	891604	5592.2692462954865	1.85
9882.69683528715	1850	12.154183280877184	0.0	955231	4317.184001360985	1.85
9886.525926923143	1850	12.325091644885335	0.0	968026	3829.0916359918506	1.85
9890.37859653905	1850	12.472422028977842	0.0	874175	3852.6696159074936	1.85
9894.221262191635	1850	12.629756376393622	0.0	897976	3842.66565258422	1.85
9897.886993763492	1850	12.96402480453641	0.0	905935	3665.731571857214	1.85
9902.441628618788	1850	12.409389949240019	0.0	1076599	4554.634855296389	1.85
9905.455153051991	1850	13.395865516037906	0.0	758197	3013.524433202113	1.85
9909.419953402503	1850	13.43106516552716	0.0	972798	3964.800350510746	1.85
9913.424993370973	1850	13.426025197057351	0.0	975811	4005.039968469808	1.85
9916.879720964482	1850	13.971297603546967	0.0	873429	3454.727593510385	1.85
9920.928045420551	1850	13.922973147477421	0.0	954453	4048.324456069546	1.85
9923.436971690735	1200	15.414046877293531	0.0	584349	2508.92627018389	0.5499999999999999
9928.44980711822	1850	14.401211449807434	0.0	1035329	5012.835427486098	1.2000000000000002
9935.25023487833	1850	11.600783689697888	0.0	1026056	6800.427760109545	1.85
9942.16789722152	1850	8.68312134650901	0.0	943942	6917.662343188878	1.85
9945.822321739914	1850	9.028696828114366	0.0	728962	3654.424518394642	1.85
9950.620299765875	1850	8.230718802152953	0.0	938587	4797.9780259614145	1.85
9952.961136455307	750	9.889882112721578	0.0	378327	2340.8366894313745	-0.3500000000000001
9955.016107820078	750	11.834910747948765	0.0	390680	2054.971364772814	0.75
9956.611694376967	750	14.239324191062215	0.0	345516	1595.5865568865509	0.75
9958.820557752857	750	16.030460815171303	0.0	384505	2208.86337589091	0.75
9961.034430577603	750	17.81658799042386	0.0	372093	2213.8728247474473	0.75
9963.539988433078	750	19.311030134950904	0.0	438281	2505.5578554729536	0.75
9965.804121613886	750	21.046896954142525	0.0	398987	2264.1331808083783	0.75
9968.212980263901	750	22.638038304126713	0.0	393804	2408.8586500158135	0.75
9973.704398294309	1850	21.146620273720245	0.0	830730	5491.418030406469	0.75
9977.852500684257	1850	20.998517883771463	0.0	846370	4148.102389948779	1.85

