25254.811736447886	750	4.0	4.851455205977005	450283	4851.455205977005	1.0992917	-20.11125738570112
25257.015401327586	300	5.796335120296149	0.0	155580	2203.664879703851	0.1475059	-0.15000000000000002
25259.17226786351	300	7.639468584376665	0.0	139857	2156.8665359194842	0.372964	0.3
25261.83443613368	300	8.97730031420655	0.0	155432	2662.1682701701147	0.52015924	0.3
25264.277082948032	300	10.534653499851958	0.0	163442	2442.646814354592	0.76680934	0.3
25273.47237235403	1200	5.339364093854645	0.0	520315	9195.289405997313	1.1102006	0.29999999999999993
25274.820159363382	300	7.991577084504465	0.0	153295	1347.7870093501797	0.09632196	-0.6000000000000001
25276.18873508285	300	10.62300136503745	0.0	173849	1368.5757194670164	0.6847416	0.3
25277.542966157613	300	13.268770290275022	0.0	150710	1354.2310747624272	1.1438763	0.3
25279.07593924654	300	15.735797201346646	0.0	139105	1532.9730889283767	1.1588894	0.3
25280.815362867215	300	17.99637358067234	0.0	141840	1739.423620674302	1.1751286	0.3
25283.193622889776	300	19.618113558108902	0.0	156148	2378.2600225634374	1.1577957	0.3
25300.86586234427	1850	5.945874103611171	0.0	946851	17672.239454497732	1.1474563	0.30000000000000004
25303.97200776588	300	6.839728682004272	0.0	179801	3106.1454216069	0.06224869	-1.25
25305.659433128523	300	9.152303319359046	0.0	140051	1687.4253626452266	0.30986497	0.3
25307.17247701987	300	11.639259428011101	0.0	138313	1513.0438913479459	0.7093188	0.3
25310.539278320743	750	12.272458127143125	0.0	360831	3366.801300867975	1.0595973	0.3
25311.95904135137	300	14.852695096513406	0.0	150616	1419.7630306297199	1.2023746	-0.15000000000000002
25316.401932132092	750	14.40980431579073	0.0	405596	4442.890780722676	1.1062268	0.3
25318.235192247663	300	16.576544200219843	0.0	140881	1833.2601155708862	1.1775488	-0.15000000000000002
25320.0452968667	300	18.76643958118172	0.0	157671	1810.104619038121	1.1112827	0.3
25325.165580811725	1200	17.646155636158962	0.0	616206	5120.283945022762	1.1618692	0.29999999999999993
25327.26266642839	750	19.54907001949714	0.0	401853	2097.0856166618205	1.2373904	0.3
25333.812778691903	1850	16.99895775598052	0.0	874175	6550.112263516623	1.2988902	0.75
25341.697045653273	1200	13.114690794611397	0.0	587236	7884.266961369121	1.302334	0.5499999999999999
25345.99815228872	750	12.813584159162373	0.0	379700	4301.106635449024	1.1775298	0.3
25349.016099133594	300	13.79563731428529	0.0	181901	3017.946844877083	1.1710917	-0.15000000000000002
25354.670630591292	750	12.141105856590855	0.0	277716	5654.531457694435	1.1165938	0.3
25358.88338066803	750	11.928355779852946	0.0	400396	4212.750076737907	1.0785714	0.75
25361.621311222345	750	13.190425225538203	0.0	400508	2737.9305543147443	1.1451406	0.75
25362.806824102565	300	16.00491234531802	0.0	157421	1185.5128802201828	1.2291794	-0.15000000000000002
25363.882508962743	300	18.929227485141325	0.0	157488	1075.6848601766978	1.1953349	0.3
25364.640644299274	300	22.171092148613123	0.0	143881	758.1353365281996	1.2482513	0.3
25366.816427187652	750	23.995309260234347	0.0	412837	2175.782888378777	1.3089422	0.3
25368.50476207687	750	26.30697437101494	0.0	401088	1688.3348892194042	1.4162322	0.75
25371.48422871397	750	27.327507733913055	0.0	365161	2979.466637101887	1.5001941	0.75
25381.706471463858	1850	21.10526498402608	0.0	728962	10222.242749886975	1.4752128	0.75
25391.93135466278	1200	14.88038178510114	0.0	575591	10224.88319892494	1.3046578	0.5499999999999999
25397.08461508507	1200	13.727121362817176	0.0	605884	5153.260422283964	1.1756524	1.2
25413.85655180476	1850	4.0	3.044815356875031	930577	16771.936719692207	1.2405754	-11.892706034562634
25416.3675039803	300	5.489047824463711	0.0	147968	2510.95217553629	0.02240863	-1.25
25418.60642501496	300	7.250126789801326	0.0	161857	2238.9210346623845	0.037211966	0.3
25421.024340887467	300	8.83221091729425	0.0	145210	2417.915872507078	0.15553957	0.3
25423.56037179672	300	10.296180008041905	0.0	172312	2536.030909252344	0.1603812	0.3
25425.452680122762	300	12.40387168199905	0.0	167025	1892.3083260428564	0.5964731	0.3
25427.050725310724	300	14.805826494036058	0.0	160064	1598.045187962991	0.9964437	0.3
25432.11304000196	1200	13.743511802796151	0.0	538612	5062.314691239907	1.2367566	0.29999999999999993
25441.195583172732	1850	8.660968632029105	0.0	846370	9082.543170767045	1.2318017	1.2000000000000002

