9807.092921053058	750	4.0	2.342534869962582	450283	2342.534869962582	-9.322899940839102
9808.163609128187	300	6.929311924870432	0.0	155580	1070.6880751295678	-0.15000000000000002
9812.808784759225	1850	6.2841362938314	0.0	877771	4645.175631039032	0.30000000000000004
9816.02775371998	1850	7.065167333077688	0.0	933276	3218.968960753713	1.85
9819.092908414852	1850	8.000012638205662	0.0	996749	3065.1546948720256	1.85
9821.667444246998	1850	9.425476806059196	0.0	801058	2574.535832146467	1.85
9824.808077531308	1850	10.284843521748565	0.0	905515	3140.6332843106325	1.85
9832.51726043929	2850	6.575660613765968	0.0	1638769	7709.182907982596	1.85
9833.107912985115	300	9.985008067941378	0.0	150710	590.6525458245906	-2.25
9835.494249647501	1200	11.59867140555402	0.0	560821	2386.336662387357	0.29999999999999993
9837.608850942059	1200	13.484070110998134	0.0	607410	2114.601294555886	1.2
9840.580286443394	1850	14.512634609662095	0.0	917428	2971.435501336039	1.2000000000000002
9842.55110726363	1200	16.541813789426936	0.0	624282	1970.8208202351605	0.5499999999999999
9845.79834663452	1850	17.294574418534857	0.0	1036454	3247.2393708920795	1.2000000000000002
9847.464939293191	1200	19.627981759863548	0.0	526950	1666.592658671306	0.5499999999999999
9850.35225006934	1850	20.740670983713734	0.0	923170	2887.3107761498154	1.2000000000000002
9853.723124826078	1850	21.369796226977037	0.0	966699	3370.8747567366986	1.85
9856.620738350084	1200	22.472182702969675	0.0	581493	2897.613524007361	0.5499999999999999
9859.567665888513	1200	23.525255164540877	0.0	639204	2946.9275384288	1.2
9862.316145693227	1200	24.776775359828086	0.0	586839	2748.4798047127865	1.2
9864.568271109807	1200	26.524649943247244	0.0	601738	2252.1254165808427	1.2
9867.000425189852	1200	28.09249586320289	0.0	616206	2432.154080044359	1.2
9869.531147772524	1200	29.56177328052951	0.0	656471	2530.722582673373	1.2
9871.436402355701	1200	31.65651869735398	0.0	536667	1905.2545831755303	1.2
9873.764562116143	1200	33.328358936913226	0.0	587236	2328.159760440753	1.2
9877.86191493509	1850	33.23100611796491	0.0	905935	4097.3528189483095	1.2000000000000002
9887.051411899944	2850	28.041509153114344	0.0	1547572	9189.496964850568	1.85
9889.533963996477	1200	29.558957056579654	0.0	487160	2482.55209653469	-0.44999999999999996
9894.980233739789	1850	28.11268731326831	0.0	972798	5446.269743311344	1.2000000000000002
9900.98316049362	1850	26.10976055943606	0.0	975811	6002.92675383225	1.85
9907.16179223441	1850	23.931128818648904	0.0	873429	6178.631740787159	1.85
9913.484520149617	1850	21.608400903442167	0.0	954453	6322.7279152067385	1.85
9917.761759706233	1200	21.331161346825827	0.0	584349	4277.239556616339	0.5499999999999999
9923.390438158232	1200	19.702482894826616	0.0	670129	5628.678451999211	1.2
9929.056862800462	1200	18.036058252597908	0.0	690253	5666.424642228707	1.2
9935.475226892891	1200	15.617694160168462	0.0	598727	6418.364092429447	1.2
9944.53767394318	1200	10.555247109882753	0.0	487812	9062.447050285708	1.2
9947.278015897973	300	11.814905155088166	0.0	124011	2740.341954794588	-0.6000000000000001
9953.172391492366	750	9.92052956069306	0.0	378327	5894.3755943951055	0.3
9959.805037087475	750	7.28788396558443	0.0	390680	6632.645595108629	0.75
9960.928489554952	300	10.16443149810986	0.0	147968	1123.4524674745708	-0.15000000000000002
9963.59648904907	750	11.496432003992119	0.0	384505	2667.999494117741	0.3
9965.689759693936	750	13.403161359126361	0.0	372093	2093.2706448657573	0.75
9968.847530687646	750	14.245390365414979	0.0	438281	3157.7709937113827	0.75
9972.753589993259	1200	14.339331059803179	0.0	630203	3906.0593056117987	0.75
9976.351992644008	1200	14.740928409054009	0.0	638661	3598.4026507491685	1.2
9982.519170804153	1850	12.573750248909452	0.0	830730	6167.178160144557	1.2000000000000002
9988.921264337463	1850	10.171656715598955	0.0	846370	6402.093533310496	1.85

