1277.593178640644	750	4.0	1.1482833162359447	450283	1148.2833162359448	-4.187618259814562
1278.0468970413367	300	7.546281599307435	0.0	155580	453.71840069256433	-0.15000000000000002
1278.460359275699	300	11.132819364945245	0.0	139857	413.46223436218986	0.3
1278.9123082124436	300	14.680870428200617	0.0	155432	451.94893674463	0.3
1279.4139596364282	300	18.179219004216005	0.0	163442	501.65142398461376	0.3
1279.8229322089098	300	21.770246431734186	0.0	126289	408.9725724818171	0.3
1280.3407550898235	300	25.252423550820588	0.0	153295	517.8228809135969	0.3
1281.0571090293022	300	28.536069611341926	0.0	173849	716.3539394786626	0.3
1281.7923266331397	300	31.800852007504353	0.0	150710	735.2176038375727	0.3
1282.547355238984	300	35.04582340166018	0.0	139105	755.0286058441781	0.3
1283.3727857581557	300	38.220392882488326	0.0	141840	825.4305191718555	0.3
1284.362280504931	300	41.23089813571301	0.0	156148	989.4947467753125	0.3
1285.6380458778383	300	43.95513276280568	0.0	160746	1275.7653729073288	0.3
1286.6269202147357	300	46.966258425908386	0.0	179801	988.8743368972965	0.3
1287.2791581949205	300	50.314020445723536	0.0	140051	652.2379801848532	0.3
1287.8300126393165	300	53.76316600132758	0.0	138313	550.8544443959552	0.3
1288.4074117870616	300	57.18576685358228	0.0	143509	577.3991477453008	0.3
1289.0148553185186	300	59.583303376380684	0.0	150616	602.4634772016018	0.3
1289.8802920517176	300	59.90307499875881	0.0	165384	680.2283776218713	0.3
1291.1777211546746	300	59.75196467756888	0.0	140881	1151.1103211899301	0.3
1291.8127559936004	300	59.67760656788947	0.0	157671	574.3581096794184	0.3
1292.60692290044	300	59.68586156019297	0.0	157812	491.745007696495	0.3
1294.0928969750914	300	59.55908546763876	0.0	163927	626.7760925542113	0.3
1295.3305903168452	300	59.61483775446035	0.0	137654	944.247713178408	0.3
1297.651642026973	300	59.62603465168435	0.0	146754	988.8031027759993	0.3
1300.3552002672486	300	59.95037990672229	0.0	153938	2175.6547449620557	0.3
1303.3462771776224	300	59.538793213492234	0.0	181901	2411.586693230063	0.3
1304.1673059439945	300	59.73802395322789	0.0	111155	800.7692602643466	0.3
1305.388991359251	300	59.51231096050374	0.0	153605	725.7129927241449	0.3
1306.4271693880105	300	59.97120813829017	0.0	149029	541.1028222135665	0.3
1307.1117780440616	300	59.87244138018753	0.0	157421	598.7667581026368	0.3
1307.8501629830764	300	59.746169869154265	0.0	157488	626.271511033272	0.3
1308.9542319104728	300	59.63019219574695	0.0	143881	615.9776734073066	0.3
1309.9803057301901	300	59.57120091288278	0.0	163444	558.9912828641731	0.3
1311.2260604809726	300	59.88186481546825	0.0	179328	689.3360974145347	0.3
1311.9430763569057	300	59.73156611358549	0.0	159914	650.2987018827525	0.3
1312.6531228809492	300	59.83490147193908	0.0	131610	396.6646416464126	0.3
1312.9882864192357	300	59.52401065354429	0.0	124011	310.8908183947833	0.3
1314.7029438549746	300	59.5738182384206	0.0	144254	450.1924151236873	0.3
1315.430753817212	300	59.632145810509435	0.0	149991	441.6724279111647	0.3
1316.4616944469901	300	59.52974432498367	0.0	147968	602.4014855257674	0.3
1317.0561450136443	300	59.51178851328265	0.0	161857	517.9558117010109	0.3
1317.434930589255	300	59.680643117454075	0.0	145210	331.14539582858174	0.3
1318.3286944528545	300	59.70258129004521	0.0	172312	478.06182740886953	0.3
1319.3287109412136	300	59.65542403046097	0.0	167025	547.1572595842354	0.3
1320.280624358511	300	59.710896964699764	0.0	160064	444.52706576120454	0.3
1320.8738460262182	300	59.63797929711426	0.0	137507	572.9176675855003	0.3
1321.8388756657794	300	59.73061649639452	0.0	118421	407.36280071974943	0.3

