11487.304243898832	750	4.0	6.835416697573638	450283	6835.416697573638	0.5	-28.642291799566642
11490.610782120897	300	4.693461777936518	0.0	155580	3306.5382220634815	0.5	-0.15000000000000002
11492.79709947884	300	6.507144419993679	0.0	139857	2186.3173579428385	0.5	0.3
11494.832915252684	300	8.471328646148999	0.0	155432	2035.8157738446798	0.5	0.3
11496.606225653244	300	10.698018245588635	0.0	163442	1773.310400560364	0.5	0.3
11498.604156223111	300	12.700087675722632	0.0	126289	1997.9305698660023	0.5	0.3
11499.9678611627	300	15.336382736134434	0.0	153295	1363.7049395881982	0.5	0.3
11501.444109140462	300	17.860134758370997	0.0	173849	1476.2479777634353	0.5	0.3
11504.466449631796	750	18.837794267037804	0.0	374758	3022.3404913331965	0.5	0.3
11506.81983529311	750	20.484408605725307	0.0	362795	2353.3856613124954	0.5	0.75
11509.193753133713	750	22.110490765120833	0.0	353220	2373.9178406044734	0.5	0.75
11513.440861826062	1200	21.863382072772996	0.0	594078	4247.108692347839	0.5	0.75
11517.400670368019	1200	21.90357353081485	0.0	624282	3959.808541958143	0.5	1.2
11521.542993333498	1200	21.761250565336884	0.0	687371	4142.322965477967	0.5	1.2
11525.305670069984	1200	21.99857382885248	0.0	526950	3762.6767364844045	0.5	1.2
11529.672041631742	1200	21.63220226709346	0.0	587876	4366.371561759015	0.5	1.2
11537.582983728753	1850	17.721260170081294	0.0	966699	7910.942097012164	0.5	1.2000000000000002
11543.255744287284	1850	16.04849961154978	0.0	885714	5672.760558531518	0.5	1.85
11548.889449880025	1850	14.41479401880828	0.0	987708	5633.705592741499	0.5	1.85
11553.588656887745	1850	13.715587011088669	0.0	923755	4699.207007719611	0.5	1.85
11558.199243808109	1850	13.105000090724683	0.0	891604	4610.586920363984	0.5	1.85
11565.293901093813	1850	10.010342805020443	0.0	955231	7094.65728570424	0.5	1.85
11573.714531973963	1850	5.589711924869307	0.0	968026	8420.630880151135	0.5	1.85
11579.442897095072	1200	4.0	0.13865319624062886	536667	5728.365121109936	0.5	-0.04620874383470408
11580.477678780235	300	6.965218314837946	0.0	146754	1034.7816851620537	0.5	-0.6000000000000001
11581.478816007759	300	9.96408108731448	0.0	153938	1001.1372275234651	0.5	0.3
11584.172251596114	750	11.270645498961029	0.0	425781	2693.4355883534513	0.5	0.3
11586.128221849875	750	13.314675245200736	0.0	277716	1955.9702537602925	0.5	0.75
11589.294681134821	750	14.148215960253028	0.0	400396	3166.459284947707	0.5	0.75
11592.745404934254	750	14.697492160820513	0.0	400508	3450.7237994325146	0.5	0.75
11598.181494078128	1200	13.26140301694631	0.0	570392	5436.089143874202	0.5	0.75
11604.581389674337	1200	10.861507420739022	0.0	620283	6399.895596207289	0.5	1.2
11609.698146625335	1200	9.744750469740906	0.0	584349	5116.756950998116	0.5	1.2
11616.128879932336	1200	7.314017162738587	0.0	670129	6430.733307002319	0.5	1.2
11619.543991888115	750	7.898905206959094	0.0	401088	3415.111955779493	0.5	0.3
11622.546957256083	750	8.895939838991413	0.0	365161	3002.9653679676812	0.5	0.75
11624.55670300835	750	10.88619408672394	0.0	321064	2009.7457522674733	0.5	0.75
11626.934129122865	750	12.508767972210068	0.0	361565	2377.426114513871	0.5	0.75
11629.472943337545	750	13.969953757529188	0.0	378327	2538.814214680879	0.5	0.75
11636.756267496661	1200	10.686629598414012	0.0	587506	7283.3241591151755	0.5	0.75
11640.828094913004	1200	10.614802182071122	0.0	566904	4071.827416342891	0.5	1.2
11644.293521678954	750	11.14937541612049	0.0	384505	3465.426765950631	0.5	0.3
11647.762104530415	750	11.680792564660905	0.0	372093	3468.582851459585	0.5	0.75
11651.604724706265	750	11.838172388810245	0.0	438281	3842.620175850662	0.5	0.75
11654.970421762235	750	12.47247533284128	0.0	398987	3365.6970559689657	0.5	0.75
11659.331299478998	750	12.111597616077427	0.0	393804	4360.877716763852	0.5	0.75
11666.11948631147	1200	9.323410783605649	0.0	538612	6788.186832471778	0.5	0.75
11675.413170328738	1200	4.029726766337919	0.0	550906	9293.68401726773	0.5	1.2

