6475.191064595563	750	4.0	6.619212714537035	450283	6619.212714537035	0.32773554	-27.71261467250925
6477.302026939814	300	5.8890376557490836	0.0	155580	2110.9623442509164	0.004705182	-0.15000000000000002
6479.108088943603	300	8.082975651959863	0.0	139857	1806.0620037892206	0.004705182	0.3
6481.82567685472	300	9.365387740844167	0.0	155432	2717.587911115697	0.004705182	0.3
6484.44184505845	300	10.749219537113932	0.0	163442	2616.1682037302335	0.004705182	0.3
6486.040898493007	300	13.150166102556996	0.0	126289	1599.0534345569358	0.004705182	0.3
6488.064621543553	300	15.126443052010968	0.0	153295	2023.723050546029	0.004705182	0.3
6491.261211601816	300	15.929852993747614	0.0	173849	3196.590058263353	0.0063973195	0.3
6494.28279115493	300	16.9082734406336	0.0	150710	3021.579553114015	0.004705182	0.3
6496.1594692422805	300	19.03159535328397	0.0	139105	1876.6780873496273	0.0067123463	0.3
6498.495726780205	300	20.695337815359544	0.0	141840	2336.2575379244277	0.050393112	0.3
6500.51404542	300	22.67701917556383	0.0	156148	2018.3186397957147	0.13690668	0.3
6505.27914871612	750	21.911915879443818	0.0	386351	4765.103296120012	0.678715	0.3
6510.475176768781	750	20.71588782678235	0.0	434409	5196.02805266147	0.0071307924	0.75
6513.017354860669	750	22.173709734894896	0.0	337059	2542.178091887454	0.016430741	0.75
6516.757919280751	750	22.433145314813512	0.0	366214	3740.564420081383	0.004705182	0.75
6520.123446673351	750	23.067617922212694	0.0	360831	3365.5273926008167	0.004705182	0.75
6523.35248570627	750	23.838578889292954	0.0	372963	3229.0390329197444	0.004705182	0.75
6526.217009510782	750	24.974055084780733	0.0	405596	2864.5238045122205	0.004705182	0.75
6528.919046608543	750	26.27201798702064	0.0	350713	2702.0370977600896	0.007827999	0.75
6531.869186485264	750	27.32187811029887	0.0	386472	2950.139876721771	0.011943372	0.75
6535.0392839542665	750	28.151780641296543	0.0	399894	3170.097469002326	0.015682928	0.75
6538.295820238366	750	28.895244357196784	0.0	401853	3256.5362840997577	0.024511492	0.75
6541.1347674121735	750	30.056297183388967	0.0	343800	2838.9471738078187	0.021858038	0.75
6545.2241928218855	750	29.966871773676765	0.0	359903	4089.425409712204	0.03481992	0.75
6549.329015889515	750	29.86204870604718	0.0	379700	4104.823067629584	0.007091319	0.75
6554.96014317308	750	28.230921422481984	0.0	425781	5631.127283565195	0.005996479	0.75
6560.006062069096	750	27.185002526465915	0.0	277716	5045.918896016069	0.004705182	0.75
6566.536524935889	750	24.654539659672583	0.0	400396	6530.462866793331	0.004705182	0.75
6570.803255517243	750	24.38780907831787	0.0	400508	4266.730581354716	0.004705182	0.75
6573.629552934979	750	25.561511660581928	0.0	358218	2826.2974177359392	0.004705182	0.75
6576.839644959539	750	26.351419636022136	0.0	400322	3210.0920245597927	0.005483353	0.75
6581.445148219284	750	25.745916376277002	0.0	369834	4605.503259745135	0.0070950068	0.75
6587.681029680822	750	23.51003491473948	0.0	412837	6235.881461537519	0.004705182	0.75
6592.7783382443395	750	22.412726351222382	0.0	401088	5097.308563517096	0.004705182	0.75
6597.290419470336	750	21.900645125225584	0.0	365161	4512.0812259968	0.004705182	0.75
6600.993557514829	750	22.19750708073204	0.0	321064	3703.1380444935435	0.004705182	0.75
6604.916406119704	750	22.27465847585722	0.0	361565	3922.848604874818	0.00506024	0.75
6609.105936167607	750	22.085128427954512	0.0	378327	4189.530047902709	0.0069728694	0.75
6614.819213366552	750	20.371851229010122	0.0	390680	5713.277198944388	0.007149487	0.75
6620.121000642571	750	19.070063952990626	0.0	345516	5301.787276019497	0.004705182	0.75
6625.966575881157	750	17.224488714404032	0.0	384505	5845.575238586593	0.004705182	0.75
6630.971729869165	750	16.21933472639666	0.0	372093	5005.153988007374	0.004705182	0.75
6636.884424730682	750	14.306639864878475	0.0	438281	5912.694861518185	0.004705182	0.75
6642.393291876744	750	12.797772718817193	0.0	398987	5508.867146061283	0.0064777713	0.75
6649.388866069546	750	9.802198526015273	0.0	393804	6995.574192801919	0.019896202	0.75
6651.794940600242	300	11.39612399531969	0.0	137507	2406.074530695583	0.098433316	-0.15000000000000002
6654.113530966402	300	13.077533629159596	0.0	118421	2318.590366160093	0.071264826	0.3

