20358.957371429566	750	4.0	4.549356298858494	450283	4549.356298858494	0.5	-18.812232085091523
20360.444180505554	300	6.513190924009408	0.0	155580	1486.8090759905917	0.5	-0.15000000000000002
20361.365123469048	300	9.59224796051802	0.0	139857	920.942963491389	0.5	0.3
20362.521501116084	300	12.435870313484033	0.0	155432	1156.3776470339874	0.5	0.3
20365.613530722312	750	13.343840707253666	0.0	411561	3092.029606230367	0.5	0.3
20368.303350189606	750	14.654021239957672	0.0	318564	2689.819467295993	0.5	0.75
20371.6610088136	750	15.296362615964641	0.0	352642	3357.658623993031	0.5	0.75
20375.524615945447	750	15.43275548411765	0.0	437162	3863.6071318469913	0.5	0.75
20380.50185437108	1200	14.455517058487425	0.0	584846	4977.238425630226	0.5	0.75
20385.492774166058	1200	13.464597263507443	0.0	560821	4990.919794979982	0.5	1.2
20391.33633509196	1200	11.621036337605734	0.0	607410	5843.560925901709	0.5	1.2
20398.614523504573	1200	8.342847924992762	0.0	594078	7278.188412612972	0.5	1.2
20401.83860731023	750	9.118764119336351	0.0	386351	3224.083805656412	0.5	0.3
20405.461621615155	750	9.49574981441336	0.0	434409	3623.014304922991	0.5	0.75
20409.240478737287	750	9.716892692282265	0.0	337059	3778.8571221310967	0.5	0.75
20413.499618082235	750	9.457753347335245	0.0	366214	4259.13934494702	0.5	0.75
20417.58956760444	750	9.367803825128755	0.0	360831	4089.949522206491	0.5	0.75
20420.64553660273	750	10.311834826838977	0.0	372963	3055.968998289778	0.5	0.75
20423.59935402368	750	11.358017405887626	0.0	405596	2953.817420951351	0.5	0.75
20426.01867641076	750	12.93869501880651	0.0	350713	2419.3223870811157	0.5	0.75
20429.08111277422	750	13.876258655346895	0.0	386472	3062.4363634596143	0.5	0.75
20432.03285619389	750	14.924515235672207	0.0	399894	2951.74341967469	0.5	0.75
20437.220847075147	1200	13.736524354421006	0.0	656471	5187.990881251201	0.5	0.75
20441.042523772332	1200	13.91484765723214	0.0	536667	3821.6766971888637	0.5	1.2
20445.571823233786	1200	13.38554819577849	0.0	587236	4529.29946145365	0.5	1.2
20450.88379943345	1200	12.073571996112628	0.0	590335	5311.976199665862	0.5	1.2
20456.472020605404	1200	10.485350824160605	0.0	696376	5588.221171952024	0.5	1.2
20461.862755643295	1200	9.094615786271339	0.0	487160	5390.735037889266	0.5	1.2
20468.778195676234	750	6.179175753331338	0.0	400396	6915.440032940001	0.5	0.3
20470.64949363203	300	8.307877797535438	0.0	149029	1871.297955795898	0.5	-0.15000000000000002
20473.086837331957	300	9.8705340976078	0.0	157421	2437.3436999276378	0.5	0.3
20475.440958499472	300	11.51641293009246	0.0	157488	2354.121167515338	0.5	0.3
20477.403266322835	300	13.554105106729091	0.0	143881	1962.3078233633703	0.5	0.3
20479.378778170623	300	15.578593258942028	0.0	163444	1975.5118477870644	0.5	0.3
20481.341354533964	300	17.616016895600584	0.0	179328	1962.5763633414451	0.5	0.3
20485.343378350426	750	17.613993079139156	0.0	365161	4002.023816461427	0.5	0.3
20490.107414610888	1200	16.849956818674958	0.0	487812	4764.036260464199	0.5	0.75
20494.676137264873	1200	16.281234164689323	0.0	575591	4568.722653985634	0.5	1.2
20500.024639814328	1200	14.93273161523296	0.0	605884	5348.5025494563615	0.5	1.2
20505.801330690832	1200	13.156040738731386	0.0	587506	5776.690876501575	0.5	1.2
20512.797500180564	1200	10.159871248998758	0.0	566904	6996.169489732626	0.5	1.2
20517.987010337543	750	8.97036109202026	0.0	384505	5189.510156978498	0.5	0.3
20525.46682287516	750	5.490548554402364	0.0	372093	7479.812537617898	0.5	0.75
20528.901708476213	300	6.055662953351721	0.0	172312	3434.885601050643	0.5	-0.15000000000000002
20530.667074749526	300	8.29029668003826	0.0	167025	1765.3662733134602	0.5	0.3
20532.445598045564	300	10.511773383999207	0.0	160064	1778.5232960390533	0.5	0.3
20533.906666442905	300	13.050704986659781	0.0	137507	1461.0683973394262	0.5	0.3
20537.64529145929	750	13.312079970275263	0.0	314107	3738.6250163845184	0.5	0.3

