10641.652277657482	750	4.0	1.5985734190571195	450283	1598.5734190571195	-6.123865701945613
10643.464080128324	750	6.188197529158977	0.0	398865	1811.8024708410228	0.75
10645.199094168607	750	8.453183488875696	0.0	350812	1735.0140402832803	0.75
10646.995529602307	750	10.6567480551748	0.0	382355	1796.4354337008972	0.75
10650.176021010808	1200	11.476256646674395	0.0	652874	3180.491408500404	0.75
10651.94739722399	1200	13.70488043349252	0.0	520315	1771.3762131818771	1.2
10653.739977340954	1200	15.91230031652986	0.0	561791	1792.58011696266	1.2
10657.127200485766	1850	16.52507717171654	0.0	1060487	3387.2231448133202	1.2000000000000002
10660.136850959592	1850	17.515426697891336	0.0	852833	3009.6504738252042	1.85
10663.579695931885	1850	18.072581725596727	0.0	913888	3442.8449722946098	1.85
10667.192521857816	1850	18.45975579966562	0.0	939819	3612.8259259311067	1.85
10670.25704510777	1850	19.39523254971166	0.0	917428	3064.523249953955	1.85
10673.897725810066	1850	19.754551847416895	0.0	946851	3640.6807022947655	1.85
10677.966123263299	1850	19.686154394183212	0.0	1036454	4068.397453233683	1.85
10681.562060501268	1850	20.090217156214493	0.0	821631	3595.9372379687175	1.85
10685.169816478403	1850	20.48246117907855	0.0	923170	3607.7559771359442	1.85
10688.393337194111	1850	21.258940463371154	0.0	966699	3223.5207157073964	1.85
10691.682252319359	1850	21.970025338124543	0.0	885714	3288.9151252466095	1.85
10695.956419964075	1850	21.695857693407874	0.0	987708	4274.1676447166665	1.85
10700.174341104801	1850	21.477936552681594	0.0	923755	4217.921140726281	1.85
10703.969941521162	1850	21.68233613632084	0.0	891604	3795.6004163607545	1.85
10707.767016796326	1850	21.885260861156155	0.0	955231	3797.075275164684	1.85
10711.296547550179	1850	22.355730107304	0.0	968026	3529.5307538521547	1.85
10714.77050692363	1850	22.88177073385165	0.0	874175	3473.9593734523523	1.85
10718.344654517905	1850	23.307623139577196	0.0	897976	3574.1475942744555	1.85
10721.1670912731	1850	24.485186384382512	0.0	905935	2822.43675519468	1.85
10727.308512719912	1850	22.343764937571333	0.0	1076599	6141.421446811178	1.85
10729.660982848138	1850	23.9912948093453	0.0	758197	2352.4701282260353	1.85
10733.938548259577	1850	23.713729397905794	0.0	972798	4277.565411439504	1.85
10739.13758231197	1850	22.51469534551165	0.0	975811	5199.034052394141	1.85
10743.81767819456	1850	21.8345994629227	0.0	873429	4680.095882588954	1.85
10746.83167937096	1200	22.82059828652221	0.0	620283	3014.0011764004867	0.5499999999999999
10749.784070389236	1200	23.86820726824707	0.0	584349	2952.391018275143	1.2
10753.30690616819	1200	24.34537148929257	0.0	670129	3522.835778954498	1.2
10756.57319564704	1200	25.079082010443077	0.0	690253	3266.289478849492	1.2
10759.210796471401	1200	26.441481186080885	0.0	598727	2637.600824362196	1.2
10761.251775738956	1200	28.400501918526032	0.0	487812	2040.9792675548513	1.2
10763.817078290182	1200	29.83519936730068	0.0	575591	2565.30255122535	1.2
10765.990497109346	1200	31.661780548135567	0.0	605884	2173.418819165113	1.2
10769.268114643837	1850	32.38416301364541	0.0	930577	3277.6175344901553	1.2000000000000002
10772.449520117809	1850	33.20275753967435	0.0	858450	3181.4054739710614	1.85
10776.390757639148	1850	33.261520018334124	0.0	1025005	3941.2375213402297	1.85
10779.854371578134	1850	33.79790607934844	0.0	886255	3463.6139389856853	1.85
10783.979587601798	1850	33.672690055685756	0.0	973972	4125.216023662682	1.85
10787.628555035672	1850	34.023722621811665	0.0	958994	3648.967433874096	1.85
10791.95836960868	1850	33.693908048803735	0.0	982064	4329.814573007927	1.85
10795.100379551608	1850	34.55189810587627	0.0	830730	3142.0099429274687	1.85
10798.999975356213	1850	34.65230230127012	0.0	846370	3899.59580460615	1.85

