4084.81011547408	750	4.0	3.9247822452337946	450283	3924.7822452337946	-16.126563654505315
4089.7721640498335	1200	4.0	0.9620485757540082	611087	4962.048575754008	-3.3868088757422345
4092.1985861559265	750	5.573577893907121	0.0	350812	2426.42210609288	0.3
4094.5531967509796	750	7.218967298854264	0.0	382355	2354.6105950528563	0.75
4096.980023357378	750	8.792140692456018	0.0	411561	2426.826606398246	0.75
4098.752064403148	750	11.020099646685368	0.0	318564	1772.0410457706487	0.75
4102.84665443444	1200	10.925509615394063	0.0	561791	4094.5900312913054	0.75
4108.656564605952	1200	9.115599443882004	0.0	709534	5809.910171512058	1.2
4111.847528994379	1200	9.924635055454456	0.0	584846	3190.9643884275506	1.2
4116.51599030791	1200	9.256173741923392	0.0	560821	4668.461313531063	1.2
4120.307847505104	750	9.464316544729591	0.0	353220	3791.857197193802	0.3
4125.860006023273	750	7.912158026560692	0.0	405134	5552.158518168899	0.75
4130.316032959038	750	7.456131090796307	0.0	386351	4456.026935764385	0.75
4134.670052403342	750	7.102111646491822	0.0	434409	4354.019444304486	0.75
4137.958937008841	750	7.813227040993557	0.0	337059	3288.8846054982646	0.75
4139.040362797609	300	10.731801252224418	0.0	138313	1081.4257887691388	-0.15000000000000002
4142.215411648364	750	11.556752401469518	0.0	360831	3175.0488507549	0.3
4147.133334106259	750	10.63882994357469	0.0	372963	4917.922457894829	0.75
4157.070759807583	750	4.701404242250773	0.0	405596	9937.425701323917	0.75
4158.997872922158	300	6.774291127675053	0.0	140881	1927.113114575721	-0.15000000000000002
4160.885787491365	300	8.886376558469092	0.0	157671	1887.914569205961	0.3
4162.982713983003	300	10.789450066830831	0.0	157812	2096.926491638259	0.3
4165.47126571451	300	12.300898335324167	0.0	163927	2488.551731506664	0.3
4167.324063766178	300	14.448100283655236	0.0	137654	1852.7980516689304	0.3
4169.156606105472	300	16.61555794436264	0.0	146754	1832.5423392925993	0.3
4171.245920370737	300	18.526243679097465	0.0	153938	2089.3142652651723	0.3
4173.800642412571	300	19.971521637263983	0.0	181901	2554.7220418334778	0.3
4174.925512170882	300	22.84665187895238	0.0	111155	1124.869758311603	0.3
4176.489184843714	300	25.28297920612063	0.0	153605	1563.6726728317524	0.3
4177.572222691663	300	28.19994135817165	0.0	149029	1083.0378479489782	0.3
4178.935098792094	300	30.837065257740573	0.0	157421	1362.876100431075	0.3
4184.248834578018	750	29.52332947181674	0.0	400322	5313.735785923833	0.3
4189.151785068019	750	28.62037898181538	0.0	369834	4902.950490001359	0.75
4193.672363981945	750	28.099800067890204	0.0	412837	4520.578913925179	0.75
4201.3770183999795	750	24.395145649855433	0.0	401088	7704.654418034768	0.75
4202.892060135592	300	26.88010391424373	0.0	159914	1515.0417356117036	-0.15000000000000002
4203.821622252768	300	29.950541797067263	0.0	131610	929.5621171764637	0.3
4204.734045568267	300	33.038118481568645	0.0	124011	912.4233154986227	0.3
4207.759153253967	750	34.013010795868645	0.0	378327	3025.107685700002	0.3
4210.014158102605	750	35.75800594723075	0.0	390680	2255.00484863789	0.75
4211.939799790679	750	37.832364259156925	0.0	345516	1925.6416880738273	0.75
4215.389036597377	1200	38.383127452458695	0.0	641452	3449.23680669823	0.75
4221.157644916015	1200	36.61451913382075	0.0	599477	5768.608318637936	1.2
4224.842284226547	750	36.929879823288246	0.0	438281	3684.639310532501	0.3
4226.840825263887	750	38.93133878594727	0.0	398987	1998.5410373409788	0.75
4231.144271021917	1200	38.62789302791754	0.0	638661	4303.445758029731	0.75
4234.934479013033	750	38.837685036802675	0.0	331053	3790.2079911148653	0.3
4236.930777824748	750	40.84138622508782	0.0	314107	1996.2988117148561	0.75

