9417.343372367577	750	4.0	2.287148895543779	450283	2287.148895543779	1.2235165	-9.084740250838248
9419.76122411532	750	5.582148252258925	0.0	398865	2417.8517477410755	0.9598592	0.75
9422.703917517032	1200	6.639454850546712	0.0	571051	2942.6934017122135	1.1856623	0.75
9424.535081560172	750	8.80829080740639	0.0	382355	1831.1640431403216	1.216774	0.3
9427.750518792767	1200	9.592853574812034	0.0	652874	3215.4372325943577	1.2555883	0.75
9433.940862078043	1850	7.402510289536044	0.0	801058	6190.34328527599	1.2858909	1.2000000000000002
9447.452764419486	1850	4.0	6.109392051908824	905515	13511.902341444867	1.1986185	-24.42038582320794
9452.129923377412	300	4.0	0.6771589579248948	173849	4677.158957924895	0.17028435	-4.161783519077048
9455.720210888821	300	4.4097124885891725	0.0	150710	3590.2875114108274	0.015602475	0.3
9458.307630078074	300	5.822293299336425	0.0	139105	2587.4191892527483	0.011622454	0.3
9460.75005332279	300	7.379870054619315	0.0	141840	2442.42324471711	0.03933203	0.3
9463.2735510994	300	8.856372278009388	0.0	156148	2523.497776609926	0.1549579	0.3
9465.817064546394	300	10.312858831015337	0.0	160746	2543.5134469940513	0.28164703	0.3
9468.237380970275	300	11.892542407134606	0.0	179801	2420.316423880732	0.4510183	0.3
9470.275111188628	300	13.854812188781803	0.0	140051	2037.730218352802	0.9251886	0.3
9471.80454471461	300	16.325378662798297	0.0	138313	1529.4335259835061	1.0822419	0.3
9473.956400900495	300	18.173522476913227	0.0	143509	2151.856185885074	1.1391156	0.3
9475.734885631993	300	20.395037745415447	0.0	150616	1778.4847314977794	1.1445909	0.3
9478.288544234107	300	21.84137914330271	0.0	165384	2553.658602112738	1.1583047	0.3
9485.864813956532	750	18.26510942087708	0.0	350713	7576.269722425628	1.1582724	0.3
9499.422971583335	1200	8.70695179407584	0.0	601738	13558.157626801241	1.146023	0.75
9503.47337346121	300	8.656549916202215	0.0	157812	4050.401877873624	0.3769151	-0.6000000000000001
9506.826889327374	300	9.303034050037125	0.0	163927	3353.51586616509	0.2900622	0.3
9510.6545102391	750	9.475413138312629	0.0	343800	3827.6209117244975	0.39784846	0.3
9511.958252113714	300	12.17167126369844	0.0	146754	1303.7418746141857	0.84773237	-0.15000000000000002
9514.742769591196	750	13.387153786218072	0.0	379700	2784.5174774803695	1.0583415	0.3
9516.003963079858	300	16.125960297555466	0.0	181901	1261.1934886626061	1.1940563	-0.15000000000000002
9519.208499706023	1200	16.921423671391157	0.0	487160	3204.53662616431	1.1825154	0.29999999999999993
9525.027072562927	1850	15.10285081448653	0.0	972798	5818.572856904627	1.3088704	1.2000000000000002
9528.738151184696	1200	15.391772192718006	0.0	641447	3711.0786217685227	1.2924577	0.5499999999999999
9536.576638456261	1850	11.553284921154777	0.0	873429	7838.487271563229	1.3232869	1.2000000000000002
9541.799021440189	1200	10.330901937226413	0.0	620283	5222.3829839283635	1.2110503	0.5499999999999999
9548.713257110323	1200	7.416666267092082	0.0	584349	6914.23567013433	1.1909037	1.2
9551.301249498398	750	8.828673879018574	0.0	412837	2587.9923880735096	0.97009486	0.3
9555.360688342604	750	8.769235034813669	0.0	401088	4059.4388442049058	1.1671892	0.75
9556.43624080835	300	11.69368256906514	0.0	159914	1075.552465748527	1.0978863	-0.15000000000000002
9557.333186904001	300	14.796736473414501	0.0	131610	896.946095650639	1.2349006	0.3
9563.43825986851	1200	12.691663508907219	0.0	575591	6105.072964507283	1.2632911	0.29999999999999993
9565.381655565257	300	14.74826781215948	0.0	144254	1943.395696747738	1.220753	-0.6000000000000001
9571.579077431963	750	12.550845945454046	0.0	390680	6197.421866705434	1.2040125	0.3
9581.230352466631	1200	6.899570910786222	0.0	566904	9651.275034667824	1.1606616	0.75
9584.33358356448	300	7.796339812939918	0.0	161857	3103.231097846305	0.54168475	-0.6000000000000001
9587.27852922927	300	8.851394148148826	0.0	145210	2944.945664791091	0.5485409	0.3
9590.57781261016	300	9.552110767259537	0.0	172312	3299.2833808892888	0.5640289	0.3
9592.271939583132	300	11.857983794285861	0.0	167025	1694.1269729736769	0.6198528	0.3
9595.005757566729	750	13.124165810689139	0.0	393804	2733.817983596722	1.1232516	0.3
9598.70592883652	1200	13.423994540898569	0.0	538612	3700.171269790569	1.2588013	0.75
9601.45755506188	1200	14.672368315540055	0.0	550906	2751.6262253585132	1.2904185	1.2

