5125.089680845572	750	4.0	2.7720774829579558	450283	2772.077482957956	-11.169933176719208
5126.173704570198	300	6.915976275372986	0.0	155580	1084.0237246270135	-0.15000000000000002
5127.161390558139	300	9.928290287432564	0.0	139857	987.6859879404237	0.3
5128.06027418697	300	13.029406658601745	0.0	155432	898.8836288308169	0.3
5130.012006122733	750	15.07767472283922	0.0	411561	1951.731935762525	0.3
5131.731265336574	1200	17.35841550899755	0.0	520315	1719.25921384167	0.75
5134.052157818927	1200	19.037523026643978	0.0	561791	2320.8924823535717	1.2
5136.462690133478	1200	20.626990712094152	0.0	709534	2410.5323145498273	1.2
5139.9816949663855	1850	21.107985879187023	0.0	852833	3519.00483290713	1.2000000000000002
5145.307019682291	1850	19.78266116328094	0.0	913888	5325.324715906086	1.85
5151.982741850773	1850	17.1069389947989	0.0	939819	6675.722168482039	1.85
5157.113992825535	1200	15.975688020036754	0.0	594078	5131.250974762146	0.5499999999999999
5161.97621024941	1200	15.11347059616175	0.0	624282	4862.217423875002	1.2
5168.967474093787	750	12.122206751784642	0.0	434409	6991.263844377108	0.3
5171.929753804115	300	13.159927041457632	0.0	140051	2962.2797103270104	-0.15000000000000002
5173.543260764162	300	15.546420081410407	0.0	138313	1613.5069600472257	0.3
5174.578225194948	300	18.511455650624274	0.0	143509	1034.9644307861317	0.3
5175.531521293458	300	21.558159552113953	0.0	150616	953.2960985103182	0.3
5177.576156506891	750	23.51352433868226	0.0	405596	2044.6352134316953	0.3
5179.023372161484	750	26.066308684088106	0.0	350713	1447.215654594152	0.75
5182.0559942332875	1850	27.033686612284356	0.0	891604	3032.6220718037493	0.75
5190.535094653629	1850	22.55458619194351	0.0	955231	8479.100420340847	1.85
5193.502493961569	1850	23.587186884003824	0.0	968026	2967.399307939691	1.85
5195.9439002486915	1850	25.145780596881504	0.0	874175	2441.4062871223186	1.85
5199.482086794989	2850	25.607594050583693	0.0	1383735	3538.186546297811	1.85
5204.15916305829	2850	24.93051778728396	0.0	1480464	4677.076263299733	2.85
5213.929452713065	1850	19.16022813250837	0.0	1076599	9770.289654775592	0.8500000000000001
5227.0414017782905	2850	10.0482790672833	0.0	1141971	13111.949065225068	1.85
5236.746177569442	750	4.343503276132198	0.0	400396	9704.775791151102	-1.35
5238.119919908261	300	6.969760937313151	0.0	149029	1373.7423388190473	-0.15000000000000002
5239.287321466733	300	9.802359378840025	0.0	157421	1167.4015584731258	0.3
5240.338536382773	300	12.751144462800475	0.0	157488	1051.2149160395495	0.3
5241.281265876343	300	15.80841496923011	0.0	143881	942.7294935703642	0.3
5242.1788641157245	300	18.910816729849007	0.0	163444	897.5982393811006	0.3
5244.031276679452	750	21.05840416612101	0.0	401088	1852.412563727999	0.3
5246.137837981727	1200	22.95184286384682	0.0	598727	2106.56130227419	0.75
5249.0210285943995	1850	24.068652251174285	0.0	728962	2883.190612672538	1.2000000000000002
5252.534428696298	1850	24.55525214927641	0.0	938587	3513.400101897874	1.85
5259.6757715146105	2850	21.413909330964042	0.0	1427478	7141.342818312369	1.85
5263.51271560696	1850	21.57696523861413	0.0	930577	3836.9440923499146	0.8500000000000001
5266.968698907782	1850	22.120981937792862	0.0	858450	3455.9833008212654	1.85
5271.443132781537	1850	21.646548064036622	0.0	1025005	4474.4338737562375	1.85
5275.553466655948	1850	21.53621418962551	0.0	886255	4110.33387441111	1.85
5279.132356059808	1850	21.957324785765355	0.0	973972	3578.889403860157	1.85
5282.624966202739	1850	22.464714642834075	0.0	958994	3492.610142931281	1.85
5285.586579824877	1850	23.503101020696413	0.0	982064	2961.6136221376637	1.85
5290.926267306702	2850	22.16341353887136	0.0	1231456	5339.6874818250535	1.85
5297.697328334429	2850	19.392352511145063	0.0	1364537	6771.061027726298	2.85

