14914.049496582482	750	4.0	4.997202366246414	450283	4997.202366246414	-20.73797017485958
14916.202858332768	300	5.846638249714482	0.0	155580	2153.3617502855177	-0.15000000000000002
14919.321010446256	300	6.728486136226441	0.0	139857	3118.1521134880413	0.3
14923.692627202632	300	6.35686937985117	0.0	155432	4371.6167563752715	0.3
14928.120849693705	300	5.928646888778943	0.0	163442	4428.222491072226	0.3
14931.172206733734	300	6.877289848750208	0.0	126289	3051.3570400287354	0.3
14933.793586903088	300	8.255909679394989	0.0	153295	2621.38016935522	0.3
14935.49760574195	300	10.551890840533298	0.0	173849	1704.0188388616891	0.3
14936.978255867585	300	13.071240714897634	0.0	150710	1480.6501256356646	0.3
14938.33327168661	300	15.716224895873086	0.0	139105	1355.0158190245468	0.3
14941.49908917608	750	16.550407406401042	0.0	353220	3165.8174894720437	0.3
14944.801101034884	750	17.248395547598	0.0	405134	3302.0118588030414	0.75
14947.660104396633	750	18.389392185847125	0.0	386351	2859.0033617508734	0.75
14950.83838784799	750	19.211108734489144	0.0	434409	3178.2834513579805	0.75
14953.001126988	750	21.048369594481763	0.0	337059	2162.7391400073843	0.75
14954.873367004422	750	23.17612957805802	0.0	366214	1872.2400164237417	0.75
14959.490919678086	1850	22.558576904394293	0.0	966699	4617.552673663728	0.75
14964.392199114287	1850	21.657297468192642	0.0	885714	4901.279436201649	1.85
14971.447616518282	1850	18.601880064197605	0.0	987708	7055.417403995038	1.85
14978.221322081245	1850	15.82817450123325	0.0	923755	6773.705562964356	1.85
14986.971390248846	1850	11.078106333631869	0.0	891604	8750.06816760138	1.85
14993.150187224424	750	8.899309358054099	0.0	399894	6178.796975577771	-0.3500000000000001
15000.26663372099	750	5.782862861487368	0.0	401853	7116.44649656673	0.75
15003.663058227801	300	6.38643835467635	0.0	137654	3396.42450681102	-0.15000000000000002
15007.262357710208	300	6.787138872271272	0.0	146754	3599.2994824050775	0.3
15010.868104132931	300	7.181392449547396	0.0	153938	3605.7464227238747	0.3
15014.381387277725	300	7.668109304754451	0.0	181901	3513.283144792946	0.3
15016.163118402605	300	9.886378179873937	0.0	111155	1781.7311248805145	0.3
15019.33519296959	300	10.714303612890214	0.0	153605	3172.074566983721	0.3
15022.983373740397	300	11.06612284208108	0.0	149029	3648.180770809135	0.3
15026.99419940829	300	11.055297174190262	0.0	157421	4010.8256678908187	0.3
15030.548994339098	300	11.500502243380708	0.0	157488	3554.794930809554	0.3
15033.240888135913	300	12.808608446566176	0.0	143881	2691.893796814533	0.3
15035.606103379256	300	14.443393203224302	0.0	163444	2365.215243341874	0.3
15038.193402999665	300	15.856093582816017	0.0	179328	2587.2996204082847	0.3
15042.779033149116	750	15.270463433364162	0.0	365161	4585.630149451854	0.3
15046.229000125719	750	15.820496456761127	0.0	321064	3449.9669766030347	0.75
15051.367433633206	750	14.682062949273124	0.0	361565	5138.433507488005	0.75
15057.753559626777	750	12.295936955702368	0.0	378327	6386.125993570758	0.75
15060.747420713456	750	13.302075869023291	0.0	390680	2993.8610866790764	0.75
15063.193849390076	750	14.855647192402994	0.0	345516	2446.4286766202977	0.75
15065.901431981241	750	16.14806460123851	0.0	384505	2707.5825911644847	0.75
15068.398515559578	750	17.65098102290063	0.0	372093	2497.083578337881	0.75
15071.636858578904	750	18.41263800357526	0.0	438281	3238.343019325369	0.75
15076.193565947286	750	17.85593063519466	0.0	398987	4556.707368380598	0.75
15079.573157293271	750	18.4763392892084	0.0	393804	3379.5913459862622	0.75
15082.343273852173	750	19.70622273030656	0.0	331053	2770.116558901842	0.75
15086.176632216095	750	19.872864366385855	0.0	314107	3833.3583639207036	0.75

