4776.578206782544	750	4.0	1.6438931885945212	450283	1643.8931885945212	-6.31874071095644
4777.270384793428	300	7.307821989116605	0.0	155580	692.1780108833948	-0.15000000000000002
4778.915110836319	750	9.663095946224754	0.0	350812	1644.726042891852	0.3
4781.684290609435	1200	10.893916173109199	0.0	617681	2769.179773115555	0.75
4784.837199199066	1200	11.741007583477469	0.0	652874	3152.908589631731	1.2
4789.666120814428	1850	10.91208596811647	0.0	801058	4828.921615360999	1.2000000000000002
4791.87597050805	1200	12.70223627449374	0.0	561791	2209.84969362273	0.5499999999999999
4796.426236720556	1850	12.151970061988047	0.0	1060487	4550.266212505692	1.2000000000000002
4799.840514843825	1850	12.73769193871807	0.0	852833	3414.278123269978	1.85
4803.661219383782	1850	12.916987398761556	0.0	913888	3820.7045399565145	1.85
4809.2835864267945	1850	11.294620355748366	0.0	939819	5622.36704301319	1.85
4815.140949043734	1850	9.437257738809029	0.0	917428	5857.362616939338	1.85
4819.2315373495485	1200	9.346669432994775	0.0	624282	4090.588305814253	0.5499999999999999
4823.715052341139	1200	8.863154441404488	0.0	687371	4483.514991590288	1.2
4825.934720999133	750	10.643485783410577	0.0	337059	2219.668657993911	0.3
4831.147041854951	1200	9.431164927592528	0.0	587876	5212.320855818049	0.75
4836.553154459325	1200	8.025052323218256	0.0	617242	5406.1126043742715	1.2
4840.299078098116	750	8.279128684426139	0.0	372963	3745.923638792118	0.3
4843.088811065142	750	9.48939571740069	0.0	405596	2789.732967025449	0.75
4846.204842972853	1200	10.373363809689069	0.0	586839	3116.031907711621	0.75
4848.44906064227	1200	12.12914614027296	0.0	601738	2244.2176694161076	1.2
4851.405436229073	1850	13.17277055346982	0.0	955231	2956.3755868031403	1.2000000000000002
4861.093833463754	2850	7.484373318788564	0.0	1505760	9688.397234681255	1.85
4862.8895798079375	750	9.688626974605173	0.0	343800	1795.7463441833918	-1.35
4865.5585081733725	1200	11.019698609169827	0.0	587236	2668.928365435346	0.75
4868.413061720408	1850	12.16514506213403	0.0	905935	2854.553547035797	1.2000000000000002
4872.666841435732	1850	11.911365346811413	0.0	1076599	4253.779715322616	1.85
4875.8960563706705	1850	12.682150411871623	0.0	758197	3229.2149349397896	1.85
4879.4738713535135	1850	13.104335429028978	0.0	972798	3577.814982842646	1.85
4884.542371347397	2850	12.03583543514534	0.0	1561263	5068.499993883639	1.85
4886.903932395041	1850	13.67427438750153	0.0	873429	2361.5610476438096	0.8500000000000001
4891.472905993556	2850	13.105300788985895	0.0	1497683	4568.973598515635	1.85
4896.020525683314	2850	12.55768109922777	0.0	1358081	4547.619689758125	2.85
4899.204285415849	1850	13.373921366693544	0.0	1035329	3183.7597325342253	0.8500000000000001
4906.145087117285	2850	10.433119665257978	0.0	1492672	6940.8017014355655	1.85
4909.258053187829	1200	11.320153594712822	0.0	598727	3112.9660705451547	-0.44999999999999996
4920.5052964308425	1850	4.07291035170046	0.0	728962	11247.243243012363	1.2000000000000002
4923.637409894987	300	4.940796887555205	0.0	124011	3132.113464145256	-1.25
4927.690521821706	300	4.887684960835343	0.0	144254	4053.111926719862	0.3
4933.586134705297	300	4.0	1.007927922754441	149991	5895.612883589784	-4.0340900678440965
4939.779082161028	300	4.0	2.192947455731217	147968	6192.947455731217	-9.129674059644232
4946.726358356975	300	4.0	2.9472761959466487	161857	6947.276195946649	-12.373287642570588
4952.927099338365	300	4.0	2.2007409813902297	145210	6200.7409813902295	-9.163186219977986
4959.833928238002	300	4.0	2.906828899636761	172312	6906.828899636761	-12.199364268438071
4966.516366259456	300	4.0	2.682438021453565	167025	6682.438021453565	-11.234483492250328
4972.0354014634995	300	4.0	1.5190352040437383	160064	5519.035204043738	-6.231851377388074
4977.453158767923	300	4.0	1.4177573044231657	137507	5417.757304423166	-5.796356409019612
4982.362340790691	300	4.0	0.9091820227680574	118421	4909.182022768057	-3.6094826979026466

