23939.644986140545	750	4.0	3.7572090788844412	450283	3757.209078884441	-15.405999039203095
23940.87572075447	300	6.76926538607515	0.0	155580	1230.7346139248493	-0.15000000000000002
23941.941035782467	300	9.703950358079696	0.0	139857	1065.3150279954539	0.3
23943.222765743787	300	12.422220396759094	0.0	155432	1281.729961320603	0.3
23948.555809661008	750	11.089176479538525	0.0	411561	5333.04391722057	0.3
23953.125504824206	750	10.519481316339935	0.0	318564	4569.69516319859	0.75
23954.43449806783	300	13.210488072714773	0.0	153295	1308.993243625163	-0.15000000000000002
23957.783029399547	750	13.861956740996446	0.0	437162	3348.531331718326	0.3
23962.085879522103	750	13.559106618438985	0.0	374758	4302.85012255746	0.75
23966.453321113975	750	13.191665026568161	0.0	362795	4367.441591870824	0.75
23969.296120403313	750	14.348865737229831	0.0	353220	2842.7992893383307	0.75
23974.406052383536	750	13.238933757008859	0.0	405134	5109.931980220972	0.75
23983.770178406914	750	7.874807733628957	0.0	386351	9364.126023379902	0.75
23989.240441996546	300	6.40454414399807	0.0	179801	5470.2635896308875	-0.15000000000000002
23993.149070319174	300	6.4959158213667525	0.0	140051	3908.628322631317	0.3
23996.1699365655	300	7.47504957504308	0.0	138313	3020.866246323672	0.3
23999.19360217224	300	8.451383968301498	0.0	143509	3023.6656067415825	0.3
24003.85034250797	300	7.794643632572222	0.0	150616	4656.740335729276	0.3
24009.637848843868	300	6.007137296673674	0.0	165384	5787.506335898547	0.3
24014.694078468598	300	4.950907671945791	0.0	140881	5056.229624727883	0.3
24019.815453482537	300	4.0	0.17046734199459934	157671	5121.375013940391	-0.4330095705767772
24023.760092486173	300	4.055360996366966	0.0	157812	3944.639003633034	0.3
24027.093803339867	300	4.721650142670934	0.0	163927	3333.7108536960322	0.3
24029.99457171877	300	5.820881763768646	0.0	137654	2900.7683789022885	0.3
24031.889999193423	300	7.925454289117149	0.0	146754	1895.4274746514952	0.3
24033.92733573144	300	9.888117751095022	0.0	153938	2037.3365380221267	0.3
24037.549572069544	300	10.265881412994812	0.0	181901	3622.23633810021	0.3
24040.132864713956	300	11.682588768584603	0.0	111155	2583.292644410208	0.3
24042.909143156365	300	12.90631032617454	0.0	153605	2776.2784424100632	0.3
24046.94982819689	300	12.865625285648486	0.0	149029	4040.685040526053	0.3
24051.98968669425	300	11.825766788290265	0.0	157421	5039.858497358222	0.3
24056.837677650576	300	10.977775831965848	0.0	157488	4847.990956324416	0.3
24062.203040591394	300	9.612412891149495	0.0	143881	5365.362940816352	0.3
24067.176911685066	300	8.638541797473703	0.0	163444	4973.8710936757925	0.3
24072.16071649477	300	7.654736987770749	0.0	179328	4983.804809702953	0.3
24077.84192770164	300	5.973525780902937	0.0	159914	5681.2112068678125	0.3
24082.54348881028	300	5.271964672263659	0.0	131610	4701.561108639278	0.3
24086.451387051886	300	5.36406643065862	0.0	124011	3907.898241605039	0.3
24089.831794715552	300	5.983658766988041	0.0	144254	3380.4076636705795	0.3
24092.09151984134	300	7.723933641202631	0.0	149991	2259.725125785409	0.3
24093.572992728587	300	10.242460753953653	0.0	147968	1481.472887248979	0.3
24095.100915941286	300	12.714537541255044	0.0	161857	1527.9232126986083	0.3
24097.920180378667	750	13.89527310387436	0.0	372093	2819.264437380685	0.3
24100.956387280487	750	14.859066202055816	0.0	438281	3036.206901818543	0.75
24103.54905453204	750	16.26639895050258	0.0	398987	2592.667251553235	0.75
24106.034895645636	750	17.780557836904297	0.0	393804	2485.841113598284	0.75
24108.279497100877	750	19.535956381663844	0.0	331053	2244.6014552404513	0.75
24110.661653179308	750	21.153800303234704	0.0	314107	2382.156078429139	0.75

