18935.946768054946	750	4.0	5.775321338143219	450283	5775.321338143219	1.1744646	-24.08388175401584
18937.263927799813	300	6.682840255133825	0.0	155580	1317.159744866175	0.073687956	-0.15000000000000002
18938.381059329975	300	9.565708724972165	0.0	139857	1117.1315301616603	0.83268255	0.3
18939.633724662912	300	12.313043392038171	0.0	155432	1252.6653329339927	1.1378045	0.3
18941.02012428395	300	14.926643770998389	0.0	163442	1386.3996210397818	1.1841893	0.3
18942.09559214715	300	17.851175907799078	0.0	126289	1075.4678631993083	1.2192428	0.3
18943.423860483577	300	20.522907571372347	0.0	153295	1328.268336426731	1.2135235	0.3
18944.961534531125	300	22.985233523823265	0.0	173849	1537.6740475490794	1.2051945	0.3
18946.783393103644	300	25.163374951303272	0.0	150710	1821.8585725199966	1.2287695	0.3
18950.85847613553	750	25.088291919416207	0.0	362795	4075.0830318870635	1.2259734	0.3
18956.38522934491	1200	23.561538710039137	0.0	607410	5526.753209377068	1.2631242	0.75
18965.018122316626	1850	18.928645738320707	0.0	917428	8632.892971718427	1.2795137	1.2000000000000002
18969.32102620967	1200	18.625741845279123	0.0	624282	4302.903893041583	1.2528505	0.5499999999999999
18970.67514476519	300	21.27162328975753	0.0	179801	1354.118555521593	1.2850366	-0.6000000000000001
18974.00778948505	750	21.938978569896033	0.0	337059	3332.6447198615	1.2442901	0.3
18989.023974343785	1850	10.922793711165328	0.0	923170	15016.184858730705	1.2713375	0.75
18993.005658384714	750	10.941109670236335	0.0	360831	3981.684040928993	1.0888855	-0.3500000000000001
18998.157390987606	750	9.78937706734586	0.0	372963	5151.732602890476	1.1223751	0.75
19000.3662475441	300	11.580520510850082	0.0	165384	2208.856556495778	0.8665029	-0.15000000000000002
19001.82325036159	300	14.123517693359416	0.0	140881	1457.0028174906647	0.94174874	0.3
19007.598841828913	750	12.347926226039345	0.0	386472	5775.591467320072	1.1431984	0.3
19009.441703488155	300	14.505064566795342	0.0	157812	1842.8616592440026	1.0303984	-0.15000000000000002
19013.307032642442	750	14.63973541250941	0.0	401853	3865.329154285932	1.0957955	0.3
19017.642767552585	750	14.30400050236887	0.0	343800	4335.73491014054	1.189844	0.75
19020.38793587726	300	15.558832177694393	0.0	146754	2745.168324674476	1.1705465	-0.15000000000000002
19026.21382419321	750	13.73294386174139	0.0	379700	5825.888315953003	1.1054784	0.3
19037.10407978571	1200	6.842688269246448	0.0	696376	10890.255592494943	1.1150157	0.75
19038.804089824444	300	9.142678230512647	0.0	111155	1700.0100387338005	0.23409586	-0.6000000000000001
19041.237439530763	300	10.709328524192046	0.0	153605	2433.349706320601	0.5331848	0.3
19044.06980499206	300	11.876963062894077	0.0	149029	2832.3654612979685	0.6770145	0.3
19046.755531695766	300	13.191236359189006	0.0	157421	2685.7267037050715	0.8407878	0.3
19049.108208250866	300	14.838559804089382	0.0	157488	2352.6765550996247	1.0021319	0.3
19056.980029660735	1200	10.966738394218185	0.0	584349	7871.821409871199	1.1043818	0.29999999999999993
19063.499303521916	750	8.447464533038932	0.0	412837	6519.273861179253	1.0982316	0.3
19065.120027575937	300	10.826740479020758	0.0	179328	1620.724054018175	0.5757775	-0.15000000000000002
19068.073418139382	750	11.873349915572211	0.0	365161	2953.3905634485473	1.0955006	0.3
19072.94798327748	1200	10.998784777475086	0.0	487812	4874.565138097125	1.2093656	0.75
19084.194148808376	1200	4.0	0.24738075341992954	575591	11246.165530895016	1.1625309	0.13626276029430295
19086.53640606335	300	5.657742745023566	0.0	144254	2342.257254976433	0.011142971	-0.6000000000000001
19088.166092580806	300	8.028056227568328	0.0	149991	1629.6865174552386	0.037119772	0.3
19089.646881349512	300	10.547267458861858	0.0	147968	1480.788768706469	0.6024634	0.3
19095.981545428214	1200	8.212603380162044	0.0	641452	6334.664078699815	1.092118	0.29999999999999993
19101.435095211455	750	6.759053596922716	0.0	372093	5453.549783239327	1.1045518	0.3
19102.812917417177	300	9.381231391200316	0.0	172312	1377.8222057224002	0.30443358	-0.15000000000000002
19104.261982473992	300	11.932166334382803	0.0	167025	1449.0650568175138	1.016958	0.3
19110.867883732182	1200	9.326265076194053	0.0	638661	6605.901258188749	1.194867	0.29999999999999993
19112.130907184448	300	12.063241623925215	0.0	137507	1263.0234522688388	1.1162052	-0.6000000000000001
19115.498012385968	750	12.69613642240594	0.0	314107	3367.1052015192736	1.2038965	0.3

