1287.8477643824194	750	4.0	1.3915974527875299	450283	1391.5974527875298	-5.233869046986379
1292.8808786597876	2850	4.0	1.0331142773682296	1431809	5033.1142773682295	-3.692391392683387
1297.2551392040994	2850	4.0	0.3742605443118	1300868	4374.2605443118	1.2406796594592602
1302.0343147081514	2850	4.0	0.7791755040520838	1520281	4779.175504052084	-0.50045466742396
1305.0549788255798	1850	4.979335882571616	0.0	996749	3020.664117428384	0.8500000000000001
1307.5028353379607	1850	6.531479370190947	0.0	801058	2447.856512380668	1.85
1310.934091714861	1850	7.100222993290508	0.0	905515	3431.2563769004387	1.85
1314.8810508844726	1850	7.153263823678935	0.0	1060487	3946.959169611574	1.85
1318.1006684248957	1850	7.933646283255978	0.0	852833	3219.617540422956	1.85
1322.4799670786895	1850	7.554347629462291	0.0	913888	4379.298653793687	1.85
1326.1698354666387	1850	7.864479241513068	0.0	939819	3689.8683879492232	1.85
1329.7464545646678	1850	8.287860143483856	0.0	917428	3576.6190980292126	1.85
1334.0328849146003	1850	8.00142979355144	0.0	946851	4286.430349932418	1.85
1337.7817836538752	1850	8.252531054276519	0.0	1036454	3748.8987392749204	1.85
1340.9846270610533	1850	9.04968764709846	0.0	821631	3202.8434071780575	1.85
1344.5867365684207	1850	9.447578139731053	0.0	923170	3602.109507367407	1.85
1348.7095849339735	1850	9.32472977417839	0.0	966699	4122.848365552663	1.85
1352.5286997609528	1850	9.50561494719909	0.0	885714	3819.1148269792984	1.85
1356.4062573844444	1850	9.6280573237075	0.0	987708	3877.55762349159	1.85
1360.2102828827708	1850	9.824031825381207	0.0	923755	3804.025498326294	1.85
1363.674193337734	1850	10.360121370417954	0.0	891604	3463.9104549632543	1.85
1367.2302237807985	1850	10.804090927353505	0.0	955231	3556.030443064448	1.85
1370.392009625473	1850	11.64230508267887	0.0	968026	3161.785844674636	1.85
1373.620359355369	1850	12.413955352782962	0.0	874175	3228.3497298959082	1.85
1376.6486654357495	1850	13.385649272402345	0.0	897976	3028.3060803806165	1.85
1379.6902614616818	1850	14.344053246470153	0.0	905935	3041.5960259321905	1.85
1383.7226290221147	1850	14.311685686037277	0.0	1076599	4032.367560432877	1.85
1386.8660915940814	1850	15.168223114070551	0.0	758197	3143.4625719667247	1.85
1390.5234414461663	1850	15.510873261985735	0.0	972798	3657.3498520848175	1.85
1394.1186709025742	1850	15.915643805577705	0.0	975811	3595.229456408029	1.85
1397.1196830078725	1850	16.914631700279543	0.0	873429	3001.0121052981603	1.85
1399.9032413970986	1850	18.13107331105334	0.0	954453	2783.5583892262043	1.85
1402.9512759187699	1850	19.083038789382087	0.0	885062	3048.0345216712512	1.85
1407.5114826090291	1850	18.522832099122816	0.0	1035329	4560.2066902592705	1.85
1412.1168369981733	1850	17.91747770997865	0.0	1026056	4605.354389144166	1.85
1415.8779127216026	1850	18.15640198654952	0.0	943942	3761.0757234291336	1.85
1418.2455759811842	1850	19.788738726967928	0.0	728962	2367.663259581591	1.85
1421.2119067886679	1850	20.822407919484203	0.0	938587	2966.330807483725	1.85
1424.7398881669117	1850	21.294426541240487	0.0	908665	3527.981378243714	1.85
1429.3054164840232	1850	20.728898224128876	0.0	930577	4565.52831711161	1.85
1436.1390273374714	1850	17.895287370680926	0.0	858450	6833.610853447952	1.85
1438.9077006970863	1200	19.126614011065953	0.0	641452	2768.673359614974	0.5499999999999999
1441.4682876625266	1200	20.566027045625717	0.0	599477	2560.5869654402372	1.2
1444.2979351936988	1200	21.73637951445347	0.0	634861	2829.647531172247	1.2
1446.7180307394287	1200	23.316283968723713	0.0	630203	2420.0955457297578	1.2
1449.4960483508767	1200	24.538266357275837	0.0	638661	2778.0176114478763	1.2
1452.4302475352051	1850	25.6040671729472	0.0	830730	2934.1991843286364	1.2000000000000002
1455.367744154318	1850	26.66657055383449	0.0	846370	2937.496619112712	1.85

