5564.5081174866955	750	4.0	3.252274383373264	450283	3252.2743833732643	-13.234779848505035
5567.528959767671	1200	4.979157719024059	0.0	611087	3020.842280975941	0.75
5569.768901076324	1200	6.739216410371382	0.0	571051	2239.941308652676	1.2
5571.877906134518	1200	8.630211352177682	0.0	617681	2109.0050581937007	1.2
5574.2672035243995	1200	10.24091396229604	0.0	652874	2389.2973898816417	1.2
5576.500784915116	1200	12.007332571579635	0.0	520315	2233.5813907164047	1.2
5580.71309086884	1850	11.79502661785488	0.0	905515	4212.305953724753	1.2000000000000002
5584.948593309053	1850	11.559524177642462	0.0	1060487	4235.502440212419	1.85
5588.345185197946	1850	12.162932288748468	0.0	852833	3396.5918888939946	1.85
5593.483011244873	1850	11.025106241822275	0.0	913888	5137.826046926192	1.85
5596.5529416612035	1200	11.955175825491235	0.0	607410	3069.9304163310403	0.5499999999999999
5599.111773709921	1200	13.396343776773653	0.0	594078	2558.8320487175797	1.2
5601.64181800969	1200	14.866299477005793	0.0	624282	2530.044299767862	1.2
5604.512545499231	1200	15.99557198746353	0.0	687371	2870.7274895422634	1.2
5606.506948493929	1200	18.00116899276615	0.0	526950	1994.402994697378	1.2
5610.198312087175	1850	18.30980539951997	0.0	923170	3691.3635932461793	1.2000000000000002
5614.478344237654	1850	18.029773249040733	0.0	966699	4280.032150479238	1.85
5620.705980498012	1850	15.802136988682273	0.0	885714	6227.636260358461	1.85
5624.673688078614	1200	15.834429408080753	0.0	639204	3967.7075806015177	0.5499999999999999
5629.225191788037	1200	15.282925698658609	0.0	586839	4551.503709422144	1.2
5633.206441571569	1200	15.301675915127191	0.0	601738	3981.2497835314193	1.2
5635.891612992225	1200	16.61650449446967	0.0	616206	2685.171420657521	1.2
5639.067865758991	1200	17.44025172770428	0.0	656471	3176.252766765391	1.2
5641.850948059354	1200	18.657169427340715	0.0	536667	2783.082300363563	1.2
5646.647067173174	1200	17.8610503135206	0.0	587236	4796.119113820113	1.2
5651.5208059777615	1200	16.987311508932073	0.0	590335	4873.738804588528	1.2
5654.966522977741	1200	17.54159450895279	0.0	696376	3445.716999979283	1.2
5656.702307631735	1200	19.80580985495942	0.0	487160	1735.784653993369	1.2
5659.687569738054	1200	20.820547748640468	0.0	622896	2985.262106318953	1.2
5662.470786507797	1200	22.03733097889666	0.0	641447	2783.216769743811	1.2
5665.209086821381	1200	23.29903066531296	0.0	570392	2738.3003135836975	1.2
5668.2333170033235	1200	24.274800483369823	0.0	620283	3024.230181943137	1.2
5670.47126397989	1200	26.03685350680343	0.0	584349	2237.946976566394	1.2
5675.553329370337	1200	24.954788116355903	0.0	670129	5082.065390447525	1.2
5680.513581671209	1200	23.994535815484056	0.0	690253	4960.252300871847	1.2
5684.712698181022	1200	23.795419305671153	0.0	598727	4199.116509812907	1.2
5687.791059360746	1200	24.717058125947485	0.0	487812	3078.3611797236676	1.2
5690.347491553622	1200	26.160625933071792	0.0	575591	2556.432192875695	1.2
5692.3162289719785	1200	28.19188851471428	0.0	605884	1968.7374183575123	1.2
5694.261394213326	1200	30.246723273367582	0.0	587506	1945.1652413466968	1.2
5697.669175021402	1200	30.838942465290415	0.0	566904	3407.7808080771642	1.2
5699.689660063782	1200	32.81845742291103	0.0	641452	2020.4850423793846	1.2
5702.658068719632	1850	33.85004876706115	0.0	886255	2968.4086558498743	1.2000000000000002
5705.2431988806875	1850	35.264918606006084	0.0	973972	2585.1301610550713	1.85
5708.577306941129	1850	35.93081054556422	0.0	958994	3334.108060441857	1.85
5717.718978908348	1850	30.789138578345167	0.0	982064	9141.671967219056	1.85
5724.707223526263	1850	27.800893960430404	0.0	830730	6988.244617914765	1.85
5728.369845140645	1200	28.138272346047525	0.0	550906	3662.6216143828783	0.5499999999999999

