345.65513605882165	750	4.0	1.8710689380755445	450283	1871.0689380755446	-7.295596433724841
347.2581499706147	750	6.396986088206931	0.0	398865	1603.0139117930696	0.75
348.3909027490691	750	9.264233309752525	0.0	350812	1132.7527784544063	0.75
349.45435259419116	750	12.200783464630447	0.0	382355	1063.449845122077	0.75
352.0425132693942	1850	13.612622789427446	0.0	996749	2588.160675203001	0.75
354.3270475064579	1850	15.328088552363745	0.0	801058	2284.5342370637018	1.85
357.272329269362	1850	16.38280678945965	0.0	905515	2945.2817629040924	1.85
362.3307254664915	1850	15.324410592330102	0.0	1060487	5058.39619712955	1.85
364.9256862518625	1850	16.729449806959124	0.0	852833	2594.9607853709763	1.85
367.4707533919015	1850	18.184382666920108	0.0	913888	2545.067140039017	1.85
370.17399120227844	1850	19.481144856543136	0.0	939819	2703.237810376972	1.85
373.3889892277093	1850	20.266146831112277	0.0	917428	3214.9980254308575	1.85
376.5245738391828	1850	21.130562219638772	0.0	946851	3135.584611473504	1.85
379.2886723700326	1850	22.366463688789	0.0	1036454	2764.0985308497725	1.85
381.8567182938345	1850	23.798417764987093	0.0	821631	2568.045923801907	1.85
385.1170345892271	1850	24.53810146959444	0.0	923170	3260.3162953926567	1.85
388.63248515246954	1850	25.022650906352027	0.0	966699	3515.450563242413	1.85
392.2694607881653	1850	25.385675270656265	0.0	885714	3636.975635695761	1.85
396.5783212693541	1850	25.076814789467456	0.0	987708	4308.86048118881	1.85
400.3486112280831	1850	25.306524830738454	0.0	923755	3770.289958729001	1.85
405.5773013345078	1850	24.07783472431371	0.0	891604	5228.690106424741	1.85
413.18996433376606	1850	20.465171725055477	0.0	955231	7612.662999258234	1.85
423.74662005501386	1850	13.908516003807678	0.0	968026	10556.655721247798	1.85
426.5453588185103	750	15.109777240311251	0.0	343800	2798.738763496426	-0.3500000000000001
429.45683666816416	750	16.198299390657375	0.0	359903	2911.4778496538756	0.75
433.0825383198991	750	16.572597738922507	0.0	379700	3625.7016517348657	0.75
436.68668816062376	750	16.96844789819777	0.0	425781	3604.1498407247373	0.75
438.99773857373475	750	18.657397485086797	0.0	277716	2311.0504131109747	0.75
442.35673048940254	750	19.29840556941903	0.0	400396	3358.991915667763	0.75
446.39246597337393	750	19.26267008544768	0.0	400508	4035.7354839713516	0.75
449.5584535041117	750	20.09668255470989	0.0	358218	3165.987530737791	0.75
453.9165173734887	750	19.73861868533285	0.0	400322	4358.063869377043	0.75
458.59634814959253	750	19.058787909229	0.0	369834	4679.8307761038495	0.75
462.3343624761998	750	19.32077358262179	0.0	412837	3738.0143266072077	0.75
465.55783362394914	750	20.09730243487236	0.0	401088	3223.471147749426	0.75
468.32578592948306	750	21.329350129338426	0.0	365161	2767.952305533938	0.75
470.95756894230107	750	22.697567116520418	0.0	321064	2631.783012818006	0.75
473.866225568945	750	23.78891048987644	0.0	361565	2908.65662664398	0.75
481.130876559755	1850	20.524259499066506	0.0	908665	7264.650990809933	0.75
488.43530347560664	1850	17.219832583214856	0.0	930577	7304.426915851651	1.85
496.06952302089945	1850	13.585613037922055	0.0	858450	7634.219545292799	1.85
500.12366543319206	750	13.531470625629476	0.0	384505	4054.14241229258	-0.3500000000000001
503.7337907687582	750	13.921345290063368	0.0	372093	3610.1253355661092	0.75
506.6909375110071	750	14.964198547814375	0.0	438281	2957.146742248993	0.75
509.1201853559859	750	16.534950702835623	0.0	398987	2429.2478449787504	0.75
512.0785231669498	750	17.576612891871694	0.0	393804	2958.3378109639298	0.75
514.5132731801722	750	19.141862878649274	0.0	331053	2434.7500132224204	0.75
516.8425849880119	750	20.812551070809523	0.0	314107	2329.3118078397492	0.75

