10390.278897227541	750	4.0	3.5388403668140223	450283	3538.840366814022	-14.467013577300294
10391.73129629769	300	6.5476009298498035	0.0	155580	1452.399070150196	-0.15000000000000002
10393.069800379582	300	9.209096847957815	0.0	139857	1338.5040818919888	0.3
10399.128867196629	1200	7.150030030911597	0.0	617681	6059.066817046218	0.29999999999999993
10403.601694877458	750	6.6772023500836655	0.0	411561	4472.8276808279315	0.3
10404.814613528088	300	9.46428369945259	0.0	126289	1212.9186506310768	-0.15000000000000002
10410.644292055385	1200	7.634605172154861	0.0	561791	5829.678527297729	0.29999999999999993
10414.739897502317	750	7.538999725223708	0.0	437162	4095.6054469311525	0.3
10417.53263930479	750	8.746257922748919	0.0	374758	2792.741802474789	0.75
10420.331094873483	750	9.947802354055737	0.0	362795	2798.4555686931812	0.75
10425.85937402491	1200	8.419523202629998	0.0	607410	5528.279151425739	0.75
10429.987807770847	750	8.291089456694179	0.0	405134	4128.433745935819	0.3
10433.794283158488	750	8.484614069051476	0.0	386351	3806.4753876427026	0.75
10436.922592005198	750	9.356305222344009	0.0	434409	3128.308846707468	0.75
10440.162605340687	1200	10.116291886853286	0.0	526950	3240.0133354907202	0.75
10443.693933501243	1200	10.58496372629816	0.0	587876	3531.3281605551265	1.2
10447.268124425287	1200	11.010772802255687	0.0	617242	3574.190924042472	1.2
10453.562226537022	1850	8.716670690519706	0.0	885714	6294.102111735982	1.2000000000000002
10455.638940872383	750	10.639956355160853	0.0	405596	2076.7143353588526	-0.3500000000000001
10458.991069422967	1200	11.287827804576274	0.0	586839	3352.128550584578	0.75
10467.483460677851	1850	6.7954365496926235	0.0	891604	8492.39125488365	1.2000000000000002
10469.126290108046	300	9.15260711949848	0.0	157812	1642.829430194145	-1.25
10478.124275339258	1200	4.154621888285332	0.0	656471	8997.985231213148	0.29999999999999993
10480.494947475776	300	5.7839497517681675	0.0	137654	2370.6721365171643	-0.6000000000000001
10482.27331766976	300	8.005579557783435	0.0	146754	1778.3701939847333	0.3
10487.422812805884	750	6.856084421660992	0.0	379700	5149.495136122442	0.3
10489.972869675585	300	8.306027551961343	0.0	181901	2550.0568696996493	-0.15000000000000002
10493.824010645812	750	8.454886581732987	0.0	277716	3851.140970228354	0.3
10499.071209741867	750	7.207687485677755	0.0	400396	5247.199096055233	0.75
10503.278503604639	750	7.000393622907099	0.0	400508	4207.293862770656	0.75
10508.837171302126	750	5.441725925420348	0.0	358218	5558.6676974867505	0.75
10511.247537882491	300	7.031359345054663	0.0	157488	2410.366580365685	-0.15000000000000002
10516.778095278365	750	5.500801949181133	0.0	369834	5530.55739587353	0.3
10518.170656147044	300	8.108241080502337	0.0	163444	1392.5608686787955	-0.15000000000000002
10521.258316857164	750	9.020580370383334	0.0	401088	3087.660710119004	0.3
10525.23295177021	1200	9.04594545733731	0.0	598727	3974.6349130460226	0.75
10528.619682967676	1200	9.65921425986995	0.0	487812	3386.7311974673617	1.2
10532.500171185027	1200	9.778726042518585	0.0	575591	3880.488217351365	1.2
10536.642911774434	1200	9.635985453112076	0.0	605884	4142.740589406509	1.2
10542.315538543431	1200	7.9633586841158985	0.0	587506	5672.626768996178	1.2
10544.654294561095	750	9.624602666452773	0.0	345516	2338.756017663126	0.3
10549.776150839574	1200	8.5027463879713	0.0	641452	5121.856278481474	0.75
10552.358060508408	750	9.920836719137613	0.0	372093	2581.9096688336863	0.3
10556.0395871314	1200	10.239310096146243	0.0	634861	3681.526622991371	0.75
10559.216783674052	1200	11.062113553494067	0.0	630203	3177.196542652176	1.2
10565.397104206393	1850	8.881793021152578	0.0	982064	6180.320532341487	1.2000000000000002
10567.64759750268	750	10.63129972486414	0.0	331053	2250.4932962884377	-0.3500000000000001
10571.855742043062	1200	10.42315518448195	0.0	550906	4208.144540382191	0.75

