9723.774093343016	750	4.0	3.0006457348380566	450283	3000.645734838057	-12.152776659803642
9727.803825074338	1200	4.0	0.029731731321683583	611087	4029.7317313216836	0.6221535553167605
9732.781509406392	1200	4.0	0.9776843320546077	571051	4977.684332054608	-3.0040426278348127
9739.489503315463	1200	4.0	2.70799390906944	617681	6707.99390906944	-10.444373808998591
9742.035655903728	750	5.453847411733186	0.0	411561	2546.1525882668143	0.3
9744.221612182497	750	7.267891132966217	0.0	318564	2185.9562787669693	0.75
9746.932600798975	750	8.55690251648591	0.0	352642	2710.988616480309	0.75
9750.116537996717	750	9.372965318744749	0.0	437162	3183.937197741159	0.75
9753.834654344335	750	9.654848971127034	0.0	374758	3718.1163476177153	0.75
9756.369287889753	750	11.120215425708903	0.0	362795	2534.633545418132	0.75
9758.092655073007	750	13.396848242454757	0.0	353220	1723.3671832541463	0.75
9759.935232121841	750	15.55427119362125	0.0	405134	1842.5770488335052	0.75
9762.72272501378	1200	16.766778301683942	0.0	624282	2787.492891937309	0.75
9765.624329015429	1200	17.865174300034695	0.0	687371	2901.604001649249	1.2
9768.156370389142	1200	19.33313292632034	0.0	526950	2532.0413737143554	1.2
9770.4929788282	1200	20.99652448726164	0.0	587876	2336.608439058695	1.2
9775.61877195084	1850	19.870731364624437	0.0	966699	5125.793122637205	1.2000000000000002
9778.946551237406	1200	20.542952078058104	0.0	581493	3327.779286566331	0.5499999999999999
9783.241766127561	1200	20.247737187902306	0.0	639204	4295.214890155799	1.2
9788.225215441937	1200	19.26428787352722	0.0	586839	4983.449314375084	1.2
9794.70646355911	1200	16.783039756354132	0.0	601738	6481.24811717309	1.2
9797.535459222338	750	17.954044093127077	0.0	399894	2828.99566322705	0.3
9799.883670897934	750	19.605832417529413	0.0	401853	2348.211675597663	0.75
9801.412811042928	750	22.076692272534732	0.0	343800	1529.1401449946818	0.75
9803.358822912785	750	24.130680402678	0.0	359903	1946.0118698567308	0.75
9806.395147469406	1200	25.094355846058484	0.0	590335	3036.3245566195196	0.75
9810.195132263789	1200	25.294371051674293	0.0	696376	3799.9847943841874	1.2
9812.65470353339	1200	26.83479978207231	0.0	487160	2459.5712696019837	1.2
9816.368214398437	1200	27.12128891702733	0.0	622896	3713.5108650449797	1.2
9819.789626081012	1200	27.699877234451	0.0	641447	3421.411682576331	1.2
9822.67635539138	1200	28.813147924080972	0.0	570392	2886.729310370029	1.2
9825.544119027463	1200	29.94538428799881	0.0	620283	2867.763636082162	1.2
9828.62203913109	1200	30.86746418437228	0.0	584349	3077.9201036265245	1.2
9833.764451025287	1200	29.725052290174975	0.0	670129	5142.411894197307	1.2
9839.017122984158	1200	28.472380331304183	0.0	690253	5252.671958870794	1.2
9845.388711762771	1200	26.100791552691724	0.0	598727	6371.588778612459	1.2
9846.612018121696	750	28.877485193768003	0.0	321064	1223.306358923721	0.3
9848.6700426131	750	30.819460702364186	0.0	361565	2058.0244914038153	0.75
9850.803290604259	750	32.68621271120255	0.0	378327	2133.2479911616374	0.75
9853.976448885613	1200	33.51305442984926	0.0	587506	3173.1582813532887	0.75
9856.549814122536	1200	34.93968919292664	0.0	566904	2573.365236922615	1.2
9859.397776446247	1200	36.0917268692147	0.0	641452	2847.9623237119404	1.2
9862.737214358236	1200	36.75228895722522	0.0	599477	3339.4379119894897	1.2
9869.098826546324	1200	34.390676769137144	0.0	634861	6361.612188088073	1.2
9877.666542452198	1200	29.822960863264484	0.0	630203	8567.715905872657	1.2
9881.352243440357	750	30.13725987510539	0.0	393804	3685.7009881590984	0.3
9882.979575079513	750	32.509928235948706	0.0	331053	1627.3316391566852	0.75
9884.46060493935	750	35.02889837611335	0.0	314107	1481.029859835356	0.75

