8963.990554035076	750	4.0	2.322935537655054	450283	2322.935537655054	-9.238622811916732
8967.466818133256	750	4.523735901820231	0.0	398865	3476.264098179768	0.75
8970.122550677517	750	5.868003357558568	0.0	350812	2655.732544261663	0.75
8972.890813934993	750	7.099740100082421	0.0	382355	2768.2632574761474	0.75
8975.501809907648	750	8.488744127426669	0.0	411561	2610.995972655752	0.75
8977.665385089958	750	10.325168945117074	0.0	318564	2163.575182309596	0.75
8979.999109415978	750	11.991444619097747	0.0	352642	2333.724326019327	0.75
8983.415278373193	750	12.575275661883323	0.0	437162	3416.1689572144237	0.75
8986.370449122589	750	13.620104912487811	0.0	374758	2955.17074939551	0.75
8989.477384585216	750	14.51316944986117	0.0	362795	3106.9354626266418	0.75
8992.219545636839	750	15.771008398238942	0.0	353220	2742.161051622228	0.75
8994.715998610878	750	17.27455542419971	0.0	405134	2496.4529740392295	0.75
8997.373316769661	750	18.617237265416836	0.0	386351	2657.318158782877	0.75
9000.315132766353	750	19.67542126872592	0.0	434409	2941.8159966909175	0.75
9002.52672302668	750	21.463831008399865	0.0	337059	2211.5902603260542	0.75
9005.742682960914	750	22.247871074165076	0.0	366214	3215.9599342347906	0.75
9008.586626975732	750	23.403927059346948	0.0	360831	2843.9440148181266	0.75
9014.197688327207	750	21.79286570787112	0.0	372963	5611.061351475829	0.75
9017.784122756304	750	22.206431278774538	0.0	405596	3586.4344290965823	0.75
9019.777696475234	750	24.212857559844004	0.0	350713	1993.5737189305323	0.75
9021.291666784642	750	26.698887250436208	0.0	386472	1513.9703094077952	0.75
9022.947752062657	750	29.04280197242043	0.0	399894	1656.085278015775	0.75
9024.985706260484	750	31.004847774594527	0.0	401853	2037.9541978259035	0.75
9031.270076963046	1200	28.720477072031212	0.0	536667	6284.370702563315	0.75
9035.296093310184	1200	28.694460724893126	0.0	587236	4026.016347138084	1.2
9038.072629615966	1200	29.917924419112	0.0	590335	2776.5363057811246	1.2
9041.007325352935	1200	30.983228682144034	0.0	696376	2934.6957369679667	1.2
9043.00246070944	1200	32.988093325639184	0.0	487160	1995.1353565048435	1.2
9045.776551106395	1200	34.214002928684344	0.0	622896	2774.0903969548435	1.2
9048.515693762936	1200	35.47486027214306	0.0	641447	2739.1426565412826	1.2
9052.250923584965	1850	35.73963045011475	0.0	873429	3735.2298220283087	1.2000000000000002
9056.097762020192	1850	35.892792014888116	0.0	954453	3846.8384352266366	1.85
9059.868639080303	1850	36.121914954775946	0.0	885062	3770.877060112175	1.85
9063.984842839342	1850	36.00571119573749	0.0	1035329	4116.203759038461	1.85
9068.17758514197	1850	35.812968893110096	0.0	1026056	4192.742302627392	1.85
9071.932858048742	1850	36.05769598633645	0.0	943942	3755.272906773656	1.85
9074.913975943631	1850	37.07657809144894	0.0	728962	2981.117894887509	1.85
9078.898941784897	1850	37.091612250180916	0.0	938587	3984.965841268024	1.85
9082.946689246828	1850	37.04386478825038	0.0	908665	4047.7474619305367	1.85
9087.658074106437	1850	36.332479928640595	0.0	930577	4711.38485960978	1.85
9094.896986874628	1850	33.09356716044925	0.0	858450	7238.912768191353	1.85
9098.974864123536	1200	33.0156899115425	0.0	641452	4077.8772489067387	0.5499999999999999
9102.102013060834	1200	33.88854097424509	0.0	599477	3127.1489372974174	1.2
9105.21267753447	1200	34.77787650060893	0.0	634861	3110.6644736361554	1.2
9108.5325717669	1200	35.4579822681798	0.0	630203	3319.894232429137	1.2
9112.269825922269	1200	35.720728112809496	0.0	638661	3737.2541553702968	1.2
9114.683299030354	1200	37.307255004724155	0.0	538612	2413.473108085347	1.2
9117.964246469526	1200	38.026307565551996	0.0	550906	3280.9474391721606	1.2

