1407.9651133267596	750	4.0	1.3915974527875299	450283	1391.5974527875298	-5.233869046986379
1409.276439870661	750	6.688673456098364	0.0	398865	1311.3265439016354	0.75
1411.5373926201469	1200	8.427720706612567	0.0	571051	2260.952749485798	0.75
1413.700095289742	1200	10.265018037017704	0.0	617681	2162.7026695948616	1.2
1415.9402369759227	1200	12.02487635083676	0.0	652874	2240.1416861809444	1.2
1418.78265626828	1850	13.182457058479406	0.0	801058	2842.4192923573546	1.2000000000000002
1421.607547279553	1850	14.35756604720648	0.0	905515	2824.891011272924	1.85
1423.5944053778126	1200	16.370707948947043	0.0	709534	1986.8580982594372	0.5499999999999999
1426.244413534917	1850	17.72069979184257	0.0	852833	2650.0081571044734	1.2000000000000002
1429.2988349898899	1850	18.666278336869436	0.0	913888	3054.4214549731355	1.85
1434.3625571179052	2850	17.602556208854097	0.0	1354548	5063.722128015337	1.85
1437.7619180066117	1850	18.203195320147643	0.0	917428	3399.360888706453	0.8500000000000001
1442.0212932537906	1850	17.943820072968816	0.0	946851	4259.3752471788275	1.85
1446.3669857928865	1850	17.598127533873043	0.0	1036454	4345.6925390957695	1.85
1449.5846213178347	1850	18.38049200892472	0.0	821631	3217.635524948325	1.85
1453.7170910322163	1850	18.24802229454327	0.0	923170	4132.46971438145	1.85
1457.3349219131765	1850	18.630191413583116	0.0	966699	3617.830880960152	1.85
1460.776518699398	1850	19.188594627361947	0.0	885714	3441.59678622117	1.85
1464.490488306173	1850	19.47462502058686	0.0	987708	3713.969606775089	1.85
1468.3567362662234	1850	19.60837706053623	0.0	923755	3866.2479600506326	1.85
1472.3428990083328	1850	19.622214318426995	0.0	891604	3986.1627421092335	1.85
1476.11348560754	1850	19.851627719219685	0.0	955231	3770.5865992073077	1.85
1480.0756712216485	1850	19.88944210511112	0.0	968026	3962.1856141085646	1.85
1483.4972907027072	1850	20.46782262405255	0.0	874175	3421.6194810585744	1.85
1486.850724284323	1850	21.11438904243677	0.0	897976	3353.4335816157763	1.85
1489.8282373216161	1850	22.13687600514351	0.0	905935	2977.5130372932626	1.85
1493.7646263574977	1850	22.200486969261977	0.0	1076599	3936.389035881535	1.85
1497.5338624573685	2850	22.431250869391175	0.0	1141971	3769.236099870804	1.85
1502.7358474392965	2850	21.22926588746322	0.0	1498470	5201.9849819279525	2.85
1506.8019359507978	1850	21.163177375961947	0.0	975811	4066.0885115012734	0.8500000000000001
1511.7450546157413	2850	20.220058711018336	0.0	1341201	4943.11866494361	1.85
1515.2405001352981	1850	20.724613191461586	0.0	954453	3495.44551955675	0.8500000000000001
1519.5204378046408	2850	20.44467552211895	0.0	1358081	4279.9376693426375	1.85
1522.9121690517509	1850	21.052944275008887	0.0	1035329	3391.731247110065	0.8500000000000001
1527.4215965516978	1850	20.543516775061978	0.0	1026056	4509.427499946909	1.85
1531.6169961527598	1850	20.348117174000006	0.0	943942	4195.399601061971	1.85
1536.2624703222277	2850	19.70264300453203	0.0	1139291	4645.474169467976	1.85
1539.2469812210734	1850	20.71813210568642	0.0	938587	2984.5108988456122	0.8500000000000001
1542.1469044244059	1850	21.818208902353906	0.0	908665	2899.9232033325134	1.85
1547.8983677038336	2850	20.06674562292622	0.0	1402287	5751.463279427685	1.85
1554.9019378216983	1850	17.06317550506147	0.0	858450	7003.570117864751	0.8500000000000001
1558.25284963672	1200	17.71226369003972	0.0	641452	3350.911815021752	0.5499999999999999
1561.9323746396028	1850	18.032738687156925	0.0	886255	3679.5250028827927	1.2000000000000002
1564.7252690274804	1200	19.23984429927927	0.0	634861	2792.894387877655	0.5499999999999999
1567.1372981306658	1200	20.827815196093802	0.0	630203	2412.0291031854676	1.2
1571.2489952176245	1850	20.716118109135138	0.0	982064	4111.697086958662	1.2000000000000002
1573.7250834890262	1850	22.24002983773364	0.0	830730	2476.0882714014997	1.85
1579.5983140243698	2850	20.366799302390085	0.0	1364537	5873.230535343556	1.85

