9085.804646057146	750	4.0	2.8275693741498356	450283	2827.5693741498358	0.5	-11.408548308844292
9087.656392384813	750	6.1482536723311885	0.0	398865	1851.7463276688115	0.5	0.75
9092.119926877374	1200	5.684719179771907	0.0	571051	4463.534492559282	0.5	0.75
9102.44512260879	1200	4.0	4.640476551644749	617681	10325.195731416656	0.5	-18.75404917207242
9105.770853043035	300	4.674269565756253	0.0	163442	3325.7304342437465	0.5	-0.6000000000000001
9107.628724233722	300	6.816398375069032	0.0	126289	1857.871190687221	0.5	0.3
9110.377798130023	300	8.067324478768509	0.0	153295	2749.0738963005238	0.5	0.3
9115.588301881848	300	6.85682072694252	0.0	173849	5210.503751825989	0.5	0.3
9120.107497196572	300	6.337625412218492	0.0	150710	4519.195314724028	0.5	0.3
9123.441410497404	300	7.0037121113864425	0.0	139105	3333.9133008320496	0.5	0.3
9126.522827216533	300	7.922295392256839	0.0	141840	3081.4167191296037	0.5	0.3
9129.322083168117	300	9.123039440673857	0.0	156148	2799.2559515829835	0.5	0.3
9132.237313722915	300	10.207808885875005	0.0	160746	2915.2305547988512	0.5	0.3
9135.722181455163	300	10.722941153628245	0.0	179801	3484.8677322467615	0.5	0.3
9138.741477216152	300	11.703645392638302	0.0	140051	3019.2957609899427	0.5	0.3
9142.151893059588	300	12.293229549201717	0.0	138313	3410.415843436585	0.5	0.3
9145.42631215061	300	13.018810458180274	0.0	143509	3274.4190910214415	0.5	0.3
9148.183238468015	300	14.261884140776228	0.0	150616	2756.9263174040457	0.5	0.3
9151.049187778155	300	15.395934830637042	0.0	165384	2865.9493101391854	0.5	0.3
9153.736161610057	300	16.708960998734	0.0	140881	2686.973831903044	0.5	0.3
9156.662515237544	300	17.782607371248123	0.0	157671	2926.353627485878	0.5	0.3
9160.263129672612	300	18.181992936179523	0.0	157812	3600.6144350686	0.5	0.3
9165.657118600358	300	16.788004008433298	0.0	163927	5393.988927746224	0.5	0.3
9168.714309740495	300	17.730812868298234	0.0	137654	3057.191140135065	0.5	0.3
9170.103699964877	300	20.341422643915344	0.0	146754	1389.390224382893	0.5	0.3
9171.449164400781	300	22.995958208011803	0.0	153938	1345.4644359035408	0.5	0.3
9175.407086762858	750	23.038035845933543	0.0	425781	3957.922362078259	0.5	0.3
9177.658002351513	750	24.78712025727939	0.0	277716	2250.915588654153	0.5	0.75
9182.668879606608	750	23.776243002184962	0.0	400396	5010.8772550944295	0.5	0.75
9188.438101179645	750	22.007021429149535	0.0	400508	5769.221573035424	0.5	0.75
9191.204638438976	750	23.240484169819208	0.0	358218	2766.5372593303287	0.5	0.75
9195.277220721546	1200	23.16790188724825	0.0	620283	4072.582282570958	0.5	0.75
9200.644294943071	1200	21.800827665722363	0.0	584349	5367.074221525888	0.5	1.2
9212.122515063844	1200	14.32260754495012	0.0	670129	11478.220120772241	0.5	1.2
9218.406226048914	750	12.03889655988242	0.0	401088	6283.710985067698	0.5	0.3
9221.739788771654	750	12.705333837141822	0.0	365161	3333.5627227406	0.5	0.75
9224.640829701968	750	13.804292906827289	0.0	321064	2901.0409303145325	0.5	0.75
9226.584242591338	750	15.8608800174568	0.0	361565	1943.4128893704885	0.5	0.75
9229.12034934607	750	17.32477326272287	0.0	378327	2536.106754733927	0.5	0.75
9230.827634435871	750	19.61748817292214	0.0	390680	1707.2850898007307	0.5	0.75
9237.101169413314	1200	17.343953195480747	0.0	566904	6273.534977441396	0.5	0.75
9248.330596004073	1200	10.114526604720806	0.0	641452	11229.42659075994	0.5	1.2
9255.319570909302	750	7.125551699492854	0.0	372093	6988.974905227952	0.5	0.3
9260.995620680182	300	5.4495019286127455	0.0	172312	5676.049770880109	0.5	-0.15000000000000002
9265.187659948493	300	5.2574626603015	0.0	167025	4192.039268311245	0.5	0.3
9268.693479946925	300	5.751642661867676	0.0	160064	3505.819998433825	0.5	0.3
9271.21653044557	300	7.228592163224668	0.0	137507	2523.0504986430074	0.5	0.3
9273.285991139359	300	9.159131469435724	0.0	118421	2069.460693788943	0.5	0.3

