16401.180451930497	750	4.0	4.594934407378574	450283	4594.934407378574	-19.008217951727868
16402.16391464198	300	7.016537288516239	0.0	155580	983.462711483761	-0.15000000000000002
16404.790865459676	750	8.38958647082037	0.0	350812	2626.950817695868	0.3
16409.82836729542	750	7.352084635074738	0.0	382355	5037.501835745632	0.75
16413.186222352935	750	7.994229577561267	0.0	411561	3357.85505751347	0.75
16420.202919384556	1200	4.977532545941991	0.0	520315	7016.6970316192765	0.75
16425.963531435384	750	4.0	0.7830795048886412	352642	5760.612050830632	-3.067241871021157
16430.365033009315	300	4.0	0.40150157392872554	173849	4401.5015739287255	-1.8764567678935196
16433.478507209267	300	4.886525800048072	0.0	150710	3113.4741999519288	0.3
16435.265055829925	300	7.099977179389425	0.0	139105	1786.5486206586463	0.3
16436.62744609575	300	9.737586913564439	0.0	141840	1362.3902658249874	0.3
16438.00001109318	300	12.365021916133458	0.0	156148	1372.5649974309822	0.3
16441.248627853547	750	13.116405155766675	0.0	386351	3248.6167603667823	0.3
16445.263310239934	750	13.101722769379132	0.0	434409	4014.682386387543	0.75
16446.889381735764	300	15.475651273549206	0.0	140051	1626.0714958299266	-0.15000000000000002
16451.543311932117	750	14.821721077197296	0.0	366214	4653.93019635191	0.3
16452.942542641755	300	17.422490367558268	0.0	143509	1399.2307096390277	-0.15000000000000002
16457.1752956673	750	17.189737342013444	0.0	372963	4232.7530255448255	0.3
16460.387921617577	300	17.977111391734574	0.0	165384	3212.625950278866	-0.15000000000000002
16464.298860641265	300	18.066172368046058	0.0	140881	3910.9390236885197	0.3
16469.171617378142	300	17.19341563117126	0.0	157671	4872.756736874797	0.3
16473.835298835183	300	16.52973417413063	0.0	157812	4663.681457040629	0.3
16478.394717188352	300	15.970315820960106	0.0	163927	4559.418353170525	0.3
16482.90877481551	300	15.456258193803185	0.0	137654	4514.057627156921	0.3
16486.270793994805	300	16.09423901450821	0.0	146754	3362.0191792949736	0.3
16488.226759086137	300	18.13827392317684	0.0	153938	1955.9650913313726	0.3
16489.718579221222	300	20.646453788092582	0.0	181901	1491.8201350842567	0.3
16490.63497973908	300	23.730053270232514	0.0	111155	916.4005178600677	0.3
16493.95935793177	750	24.405675077544046	0.0	400396	3324.3781926884703	0.3
16498.186578284647	750	24.17845472466888	0.0	400508	4227.220352875164	0.75
16503.561794457673	1200	22.803238551640312	0.0	570392	5375.21617302857	0.75
16507.7431699075	1200	22.62186310181472	0.0	620283	4181.375449825592	1.2
16511.504411491023	1200	22.86062151828988	0.0	584349	3761.2415835248444	1.2
16516.111092979067	1200	22.253940030246618	0.0	670129	4606.681488043263	1.2
16520.44003958167	1200	21.924993427642057	0.0	690253	4328.946602604558	1.2
16523.97589137858	1200	22.389141630732194	0.0	598727	3535.851796909863	1.2
16527.988354010115	1850	22.37667899919897	0.0	728962	4012.462631533225	1.2000000000000002
16534.354048491707	1850	20.01098451760846	0.0	938587	6365.694481590507	1.85
16540.45325341107	1850	17.9117795982469	0.0	908665	6099.204919361559	1.85
16546.302100205456	1850	16.06293280385759	0.0	930577	5848.846794389311	1.85
16551.64295036087	1850	14.72208264844278	0.0	858450	5340.850155414808	1.85
16558.103927645585	1850	12.261105363729584	0.0	1025005	6460.977284713194	1.85
16563.57530366915	1850	10.789729340163346	0.0	886255	5471.376023566239	1.85
16570.053991626457	1850	8.311041382858468	0.0	973972	6478.687957304876	1.85
16576.788203999196	1850	5.576829010119651	0.0	958994	6734.212372738817	1.85
16580.406717025508	1200	5.958315983806815	0.0	638661	3618.5130263128353	0.5499999999999999
16588.11824360795	1850	4.0	1.7532105986356483	830730	7711.526582442463	-6.338805574133287
16589.04770805636	300	7.0705355515897255	0.0	118421	929.4644484102746	-1.25

