10486.886503901516	750	4.0	7.862962959107444	450283	7862.962959107444	-33.06074072416201
10491.044480877772	750	4.0	0.15797697625562887	398865	4157.976976255629	0.07069900210079594
10493.936094756597	750	5.108386121176459	0.0	350812	2891.6138788235407	0.75
10501.128422297435	750	4.0	2.0839414196618837	382355	7192.327540838343	-8.2109481045461
10502.770930941579	300	6.3574913558575865	0.0	163442	1642.5086441424132	-0.15000000000000002
10503.808827905468	300	9.319594391966685	0.0	126289	1037.8969638908993	0.3
10505.038950598671	300	12.08947169876409	0.0	153295	1230.1226932025972	0.3
10509.163826629076	750	11.964595668360182	0.0	437162	4124.876030403908	0.3
10513.322974514303	750	11.805447783133465	0.0	374758	4159.147885226717	0.75
10517.760484113927	750	11.367938183509395	0.0	362795	4437.50959962407	0.75
10519.78267431514	750	13.345747982297182	0.0	353220	2022.1902012122132	0.75
10522.16517787786	750	14.963244419577544	0.0	405134	2382.503562719638	0.75
10525.156136266105	750	15.972286031333619	0.0	386351	2990.958388243925	0.75
10528.191709767938	750	16.93671252950145	0.0	434409	3035.573501832169	0.75
10530.9749466139	750	18.153475683538606	0.0	337059	2783.23684596284	0.75
10533.157952569447	750	19.970469727992235	0.0	366214	2183.0059555463704	0.75
10534.85927565105	750	22.26914664639161	0.0	360831	1701.3230816006264	0.75
10537.146057432292	1200	23.982364865147527	0.0	581493	2286.781781244084	0.75
10540.192601396235	1200	24.93582090120551	0.0	639204	3046.5439639420174	1.2
10542.55860997542	1200	26.569812322020063	0.0	586839	2366.008579185447	1.2
10545.054729136269	1200	28.073693161170883	0.0	601738	2496.1191608491786	1.2
10549.499322155736	1850	27.629100141704015	0.0	955231	4444.59301946687	1.2000000000000002
10555.1543146949	1850	25.974107602539732	0.0	968026	5654.992539164284	1.85
10558.054875758886	1200	27.07354653855326	0.0	536667	2900.5610639864703	0.5499999999999999
10561.75489925598	1200	27.373523041460107	0.0	587236	3700.0234970931533	1.2
10568.908763643658	1200	24.219658653782805	0.0	590335	7153.864387677303	1.2
10576.09770660569	750	21.030715691750096	0.0	425781	7188.942962032707	0.3
10579.840013939489	750	21.288408357950935	0.0	277716	3742.307333799163	0.75
10584.156257122528	750	20.97216517491218	0.0	400396	4316.243183038752	0.75
10585.352065867928	300	23.776356429510578	0.0	149029	1195.808745401603	-0.15000000000000002
10586.377921058827	300	26.75050123861141	0.0	157421	1025.8551908991676	0.3
10587.33104394098	300	29.797378356459884	0.0	157488	953.1228821515248	0.3
10589.164398664423	750	31.964023633018076	0.0	369834	1833.3547234418083	0.3
10590.69277366653	750	34.43564863091066	0.0	412837	1528.3750021074154	0.75
10593.963226036116	1200	35.16519626132402	0.0	690253	3270.4523695866433	0.75
10597.425489077852	1200	35.70293321958985	0.0	598727	3462.2630417341643	1.2
10601.164756209573	1200	35.963666087869015	0.0	487812	3739.2671317208324	1.2
10606.42397202632	1200	34.704450271121125	0.0	575591	5259.215816747896	1.2
10610.406064766277	1200	34.72235753116399	0.0	605884	3982.09273995713	1.2
10614.70100339268	1200	34.42741890476073	0.0	587506	4294.938626403264	1.2
10617.681793901724	750	35.44662839571734	0.0	345516	2980.790509043383	0.3
10620.721262681594	750	36.40715961584547	0.0	384505	3039.4687798718724	0.75
10623.319188386155	750	37.80923391128502	0.0	372093	2597.92570456045	0.75
10626.901966296598	750	38.22645600084228	0.0	438281	3582.7779104427336	0.75
10629.710610337219	750	39.41781196022279	0.0	398987	2808.644040619498	0.75
10632.514729561968	750	40.61369273547414	0.0	393804	2804.119224748646	0.75
10636.20441952932	750	40.92400276812121	0.0	331053	3689.689967352928	0.75
10640.053704238426	750	41.07471805901506	0.0	314107	3849.284709106153	0.75

