18365.489154032854	750	4.0	10.535228578788095	450283	10535.228578788096	0.004705182	-44.551482888788804
18366.880000981386	300	6.609153051467327	0.0	155580	1390.8469485326723	0.004705182	-0.15000000000000002
18368.562592919483	300	8.926561113369436	0.0	139857	1682.5919380978908	0.004705182	0.3
18370.842480998846	300	10.646673034004781	0.0	155432	2279.888079364655	0.004705182	0.3
18372.998320922936	300	12.490833109915867	0.0	163442	2155.8399240889144	0.004705182	0.3
18374.571120820357	300	14.918033212494962	0.0	126289	1572.7998974209063	0.004705182	0.3
18376.655750172034	300	16.833403860820415	0.0	153295	2084.629351674547	0.004705182	0.3
18378.87994385098	300	18.609210181872594	0.0	173849	2224.193678947818	0.0140166525	0.3
18380.707853652766	300	20.78130038008848	0.0	150710	1827.9098017841122	0.028484864	0.3
18383.35493020829	300	22.134223824563275	0.0	139105	2647.0765555252055	0.6968162	0.3
18385.693356746502	300	23.795797286351394	0.0	141840	2338.426538211881	0.6372508	0.3
18395.05409657242	750	18.43505746043236	0.0	405134	9360.739825919029	0.568481	0.3
18399.66667183466	300	17.822482198196305	0.0	160746	4612.5752622360615	0.004705182	-0.15000000000000002
18403.23941980095	300	18.249734231905126	0.0	179801	3572.7479662911746	0.004705182	0.3
18405.612943231146	300	19.87621080170741	0.0	140051	2373.523430197719	0.004705182	0.3
18408.118044005772	300	21.371110027081766	0.0	138313	2505.1007746256423	0.013121959	0.3
18410.872118362124	300	22.61703567072943	0.0	143509	2754.074356352337	0.07824108	0.3
18413.547728328547	300	23.94142570430562	0.0	150616	2675.609966423809	0.12113569	0.3
18416.36158223758	300	25.12757179527692	0.0	165384	2813.853909028697	0.47606915	0.3
18419.110968492252	300	26.378185540605944	0.0	140881	2749.3862546709797	0.6734227	0.3
18426.71631522828	750	22.772838804578946	0.0	386472	7605.346736026999	0.39530602	0.3
18431.157514128125	750	22.331639904733027	0.0	399894	4441.198899845918	0.34939983	0.75
18435.427907067966	750	22.06124696489178	0.0	401853	4270.3929398412465	0.0060375226	0.75
18441.478647136326	750	20.010506896529865	0.0	343800	6050.740068361914	0.004705182	0.75
18448.277228238432	750	17.21192579442442	0.0	359903	6798.581102105443	0.1343774	0.75
18450.808262759874	300	18.680891272982898	0.0	153938	2531.03452144152	0.1621064	-0.15000000000000002
18453.614753305203	300	19.874400727655658	0.0	181901	2806.4905453272386	0.009743535	0.3
18455.084152475778	300	22.40500155708352	0.0	111155	1469.399170572138	0.04198446	0.3
18457.122777178552	300	24.366376854307752	0.0	153605	2038.6247027757654	0.65230054	0.3
18461.328948071547	750	24.160205961311082	0.0	400508	4206.170892996672	0.1508753	0.3
18465.9291070248	750	23.560047008059414	0.0	358218	4600.158953251669	0.004705182	0.75
18475.290632022152	750	18.19852201070609	0.0	400322	9361.524997353325	0.004705182	0.75
18478.889015666064	300	18.600138366795406	0.0	143881	3598.383643910683	0.008541757	-0.15000000000000002
18483.158753636028	300	18.330400396830854	0.0	163444	4269.737969964552	0.010728114	0.3
18487.27189212218	300	18.217261910679298	0.0	179328	4113.138486151556	0.010699485	0.3
18490.7144150389	300	18.774738993960483	0.0	159914	3442.5229167188177	0.014889183	0.3
18494.417095274108	300	19.072058758749606	0.0	131610	3702.6802352108775	0.13141577	0.3
18498.635047092946	300	18.854106939911517	0.0	124011	4217.951818838087	0.091579966	0.3
18502.985853095975	300	18.503300936884163	0.0	144254	4350.806003027356	0.10449869	0.3
18506.629663709482	300	18.859490323377482	0.0	149991	3643.810613506683	0.091375425	0.3
18509.648019245644	300	19.841134787214948	0.0	147968	3018.355536162531	0.6525277	0.3
18516.312664105404	750	17.176489927453705	0.0	384505	6664.644859761243	0.22465222	0.3
18525.18686891246	750	12.30228512039437	0.0	372093	8874.204807059336	0.017524667	0.75
18529.03301037208	300	12.45614366077813	0.0	172312	3846.1414596162394	0.0049527893	-0.15000000000000002
18532.173901921335	300	13.315252111524128	0.0	167025	3140.891549254004	0.004705182	0.3
18534.594401242695	300	14.894752790163908	0.0	160064	2420.4993213602197	0.029324688	0.3
18536.576604697657	300	16.91254933520373	0.0	137507	1982.2034549601785	0.6060394	0.3
18541.26445033966	750	16.224703693198585	0.0	314107	4687.845642005143	0.010685071	0.3

