2574.3566767674724	750	4.0	2.7931852023610926	450283	2793.1852023610927	-11.260696370152697
2574.9960394205555	300	7.360637346917347	0.0	155580	639.3626530826534	-0.15000000000000002
2576.2975734180045	750	10.05910334946829	0.0	350812	1301.5339974490587	0.3
2578.25567406311	1200	12.101002704363095	0.0	617681	1958.1006451051946	0.75
2582.1703138429243	1850	12.186362924548552	0.0	996749	3914.639779814542	1.2000000000000002
2585.682414002781	1850	12.674262764691749	0.0	801058	3512.100159856803	1.85
2589.4129200088482	1850	12.943756758624826	0.0	905515	3730.506006066922	1.85
2596.5191911829966	1850	9.837485584476475	0.0	1060487	7106.271174148352	1.85
2604.5759137390387	1200	5.78076302843437	0.0	584846	8056.722556042106	0.5499999999999999
2606.9558080416027	300	7.4008687258701125	0.0	139105	2379.8943025642575	-0.6000000000000001
2611.4410026457317	750	6.915674121741124	0.0	353220	4485.194604128988	0.3
2612.6457662651073	300	9.710910502365627	0.0	156148	1204.7636193754959	-0.15000000000000002
2616.6523486567166	1200	9.704328110756283	0.0	624282	4006.5823916093436	0.29999999999999993
2620.1702089391097	1200	10.186467828363512	0.0	687371	3517.8602823927718	1.2
2624.105151609446	1200	10.251525158027128	0.0	526950	3934.9426703363815	1.2
2626.8116236989545	1200	11.545053068518698	0.0	587876	2706.472089508433	1.2
2630.6278656428103	1850	11.728811124662752	0.0	966699	3816.241943855945	1.2000000000000002
2634.1074369262597	1850	12.249239841213548	0.0	885714	3479.5712834492033	1.85
2636.9101953301392	1850	13.446481437334144	0.0	987708	2802.758403879403	1.85
2641.3210774644344	2850	13.035599303038985	0.0	1336050	4410.88213429516	1.85
2646.0476346395703	2850	12.309042127902702	0.0	1415116	4726.557175136284	2.85
2649.164664397063	1850	13.192012370409989	0.0	955231	3117.0297574927113	0.8500000000000001
2655.6998186464834	2850	10.656858120989563	0.0	1505760	6535.154249420427	1.85
2658.2375848651427	1200	12.11909190233073	0.0	536667	2537.7662186588327	-0.44999999999999996
2662.3436452340275	1850	12.013031533446108	0.0	897976	4106.060368884622	1.2000000000000002
2665.699475452242	1850	12.657201315231518	0.0	905935	3355.8302182145912	1.85
2670.4821125908356	1850	11.874564176638048	0.0	1076599	4782.63713859347	1.85
2672.8651501010418	1850	13.491526666431676	0.0	758197	2383.037510206369	1.85
2679.0002192721677	2850	11.356457495305873	0.0	1498470	6135.069171125805	1.85
2683.2598776639834	1850	11.09679910349023	0.0	975811	4259.658391815642	0.8500000000000001
2686.7038974197903	1850	11.65277934768353	0.0	873429	3444.0197558067	1.85
2690.3593809540707	1850	11.997295813402916	0.0	954453	3655.4835342806145	1.85
2693.958732041415	1850	12.397944726059254	0.0	885062	3599.3510873436608	1.85
2700.2544625547566	1850	10.102214212717536	0.0	1035329	6295.73051334172	1.85
2702.516678420061	1200	11.839998347413164	0.0	690253	2262.2158653043716	0.5499999999999999
2705.6433539221766	1850	12.713322845297258	0.0	943942	3126.675502115905	1.2000000000000002
2708.06139755844	1850	14.295279209033932	0.0	728962	2418.0436362633272	1.85
2713.122077022357	2850	13.234599745116775	0.0	1499009	5060.679463917158	1.85
2717.0883056924163	2850	13.26837107505801	0.0	1427478	3966.2286700587642	2.85
2723.5698889341825	2850	10.786787833291818	0.0	1402287	6481.583241766191	2.85
2726.94222959276	1200	11.414447174714223	0.0	566904	3372.340658577596	-0.44999999999999996
2731.9539456882303	1850	10.40273107924403	0.0	1025005	5011.716095470194	1.2000000000000002
2736.1420692995994	1200	10.214607467875464	0.0	599477	4188.123611368567	0.5499999999999999
2738.6901551519886	1200	11.666521615485905	0.0	634861	2548.0858523895595	1.2
2741.451876504775	1850	12.904800262699752	0.0	958994	2761.721352786154	1.2000000000000002
2744.2112337448175	1850	14.145443022657354	0.0	982064	2759.3572400423977	1.85
2748.7143860154024	2850	13.642290752072068	0.0	1231456	4503.152270585286	1.85
2757.6664241241774	2850	8.690252643297228	0.0	1364537	8952.03810877484	2.85

