20724.069284995345	750	4.0	4.2446647119615655	450283	4244.664711961565	0.5	-17.50205826143473
20725.48407312888	300	6.5852118664659365	0.0	155580	1414.7881335340633	0.5	-0.15000000000000002
20726.747764461223	300	9.321520534123353	0.0	139857	1263.6913323425845	0.5	0.3
20728.125677009073	300	11.94360798627423	0.0	155432	1377.9125478491217	0.5	0.3
20731.320594674897	750	12.748690320448102	0.0	411561	3194.9176658261276	0.5	0.3
20733.4305932671	750	14.638691728241579	0.0	318564	2109.998592206525	0.5	0.75
20736.252114739564	750	15.817170255781411	0.0	352642	2821.521472460166	0.5	0.75
20741.50726792043	1200	14.562017074912285	0.0	709534	5255.153180869126	0.5	0.75
20746.25612175948	1200	13.813163235861234	0.0	584846	4748.85383905105	0.5	1.2
20751.557739521628	1200	12.51154547371677	0.0	560821	5301.617762144461	0.5	1.2
20756.73729029121	1200	11.331994704133463	0.0	607410	5179.550769583309	0.5	1.2
20761.5493712286	1200	10.51991376674069	0.0	594078	4812.080937392772	0.5	1.2
20766.53676876021	1200	9.532516235136228	0.0	624282	4987.397531604462	0.5	1.2
20770.58680835856	1200	9.482476636787903	0.0	687371	4050.0395983483263	0.5	1.2
20774.261534174344	1200	9.807750821000853	0.0	526950	3674.725815787049	0.5	1.2
20778.87216050996	1200	9.197124485386608	0.0	587876	4610.626335614245	0.5	1.2
20783.628439787888	1200	8.440845207459747	0.0	617242	4756.279277926862	0.5	1.2
20788.52944296586	1200	7.53984202948458	0.0	581493	4901.003177975166	0.5	1.2
20794.141407144903	1200	5.9278778504425045	0.0	639204	5611.964179042076	0.5	1.2
20799.46211608144	1200	4.607168913908049	0.0	586839	5320.7089365344555	0.5	1.2
20803.347819789553	750	4.721465205796423	0.0	386472	3885.7037081116255	0.5	0.3
20808.24303118325	750	4.0	0.1737461879008697	399894	4895.211393697293	0.5	0.00289139202626032
20811.779944139038	300	4.4630870442129496	0.0	163927	3536.91295578705	0.5	-0.15000000000000002
20815.460624200543	300	4.782406982708837	0.0	137654	3680.6800615041134	0.5	0.3
20817.610321144253	300	6.632710038997202	0.0	146754	2149.6969437116345	0.5	0.3
20820.334632720682	300	7.908398462567433	0.0	153938	2724.3115764297686	0.5	0.3
20823.586335755823	300	8.656695427427625	0.0	181901	3251.703035139807	0.5	0.3
20825.266092126665	300	10.976939056586486	0.0	111155	1679.7563708411385	0.5	0.3
20827.524705796495	300	12.718325386755886	0.0	153605	2258.6136698306004	0.5	0.3
20830.093064308232	300	14.1499668750185	0.0	149029	2568.3585117373873	0.5	0.3
20832.74576355833	300	15.49726762492189	0.0	157421	2652.6992500966094	0.5	0.3
20834.41995963794	300	17.823071545313308	0.0	157488	1674.1960796085796	0.5	0.3
20835.719107298166	300	20.52392388508918	0.0	143881	1299.14766022413	0.5	0.3
20838.7504150092	750	21.492616174052927	0.0	412837	3031.307711036249	0.5	0.3
20841.83965884341	750	22.40337233983961	0.0	401088	3089.243834213318	0.5	0.75
20844.678002795783	750	23.565028387470512	0.0	365161	2838.343952369096	0.5	0.75
20847.797036832468	1200	24.44599435078435	0.0	487812	3119.034036686162	0.5	0.75
20851.420819738367	1200	24.82221144488587	0.0	575591	3623.78290589848	0.5	1.2
20855.978263413046	1200	24.26476777020699	0.0	605884	4557.44367467888	0.5	1.2
20859.914344041837	1200	24.328687141412544	0.0	587506	3936.080628794448	0.5	1.2
20863.517150483538	1200	24.725880699713272	0.0	566904	3602.8064416992747	0.5	1.2
20873.15756396563	1850	19.085467217620653	0.0	1025005	9640.413482092616	0.5	1.2000000000000002
20881.17057396647	1850	15.072457216782157	0.0	886255	8013.010000838497	0.5	1.85
20890.03524321948	1850	10.207787963773555	0.0	973972	8864.669253008602	0.5	1.85
20897.226577518304	1200	7.016453664949151	0.0	630203	7191.334298824404	0.5	0.5499999999999999
20900.62819862259	750	7.614832560661329	0.0	393804	3401.6211042878226	0.5	0.3
20902.859050837094	750	9.383980346155756	0.0	331053	2230.8522145055726	0.5	0.75
20906.229736618083	1200	10.01329456516979	0.0	550906	3370.6857809859666	0.5	0.75

