15928.755817135072	750	4.0	2.731225734575557	450283	2731.225734575557	-10.994270658674894
15931.180802724186	750	5.575014410885613	0.0	398865	2424.985589114387	0.75
15934.007420566057	750	6.748396569016907	0.0	350812	2826.617841868706	0.75
15940.374950758067	750	4.380866377007281	0.0	382355	6367.530192009626	0.75
15942.273607056435	300	6.482210078637703	0.0	163442	1898.6562983695774	-0.15000000000000002
15943.842182030821	300	8.913635104251494	0.0	126289	1568.5749743862089	0.3
15945.835519596607	300	10.920297538466734	0.0	153295	1993.3375657847619	0.3
15948.928767054018	300	11.827050081054905	0.0	173849	3093.247457411827	0.3
15950.548301848215	300	14.207515286855669	0.0	150710	1619.5347941992368	0.3
15951.75067377029	300	17.005143364782	0.0	139105	1202.3719220736652	0.3
15953.040802023357	300	19.715015111714457	0.0	141840	1290.1282530675442	0.3
15954.288132553926	300	22.467684581145242	0.0	156148	1247.3305305692106	0.3
15956.88737485817	750	23.868442276900325	0.0	386351	2599.2423042449204	0.3
15959.970392709984	750	24.78542442508743	0.0	434409	3083.017851812892	0.75
15963.062272452413	750	25.693544682659535	0.0	337059	3091.8797424278946	0.75
15965.933255911721	750	26.822561223350526	0.0	366214	2870.9834593090086	0.75
15968.388159797649	750	28.367657337423672	0.0	360831	2454.903885926855	0.75
15971.32863683697	750	29.427180298102112	0.0	372963	2940.477039321564	0.75
15976.140520526242	750	28.615296608830874	0.0	405596	4811.883689271235	0.75
15978.704321515343	750	30.051495619729927	0.0	350713	2563.8009891009483	0.75
15981.224962702723	750	31.530854432349	0.0	386472	2520.641187380925	0.75
15983.64854295194	750	33.10727418313289	0.0	399894	2423.580249216104	0.75
15986.436620688699	750	34.31919644637345	0.0	401853	2788.077736759444	0.75
15988.372086700514	750	36.38373043455943	0.0	343800	1935.4660118140118	0.75
15991.366381790724	1200	37.38943534435048	0.0	587236	2994.2950902089487	0.75
15994.851113650951	1200	37.904703484122	0.0	590335	3484.731860228479	1.2
15999.190420164283	1200	37.56539697078932	0.0	696376	4339.30651333268	1.2
16002.329950314706	1200	38.4258668203667	0.0	487160	3139.53015042262	1.2
16005.911688400558	1200	38.84412873451575	0.0	622896	3581.738085850953	1.2
16009.208988408414	1200	39.54682872665767	0.0	641447	3297.300007858075	1.2
16012.547216739567	1200	40.20860039550604	0.0	570392	3338.2283311516394	1.2
16015.564952737566	1200	41.190864397506964	0.0	620283	3017.735997999075	1.2
16019.188223616457	1850	41.56759351861615	0.0	885062	3623.2708788908108	1.2000000000000002
16023.85342752012	1850	40.90238961495276	0.0	1035329	4665.203903663391	1.85
16028.095904209897	1850	40.65991292517713	0.0	1026056	4242.476689775629	1.85
16033.795714218115	2850	38.960102916958334	0.0	1439896	5699.810008218795	1.85
16038.316704096844	2850	38.439113038229905	0.0	1139291	4520.989878728424	2.85
16043.66947595771	2850	37.08634117736321	0.0	1499009	5352.771860866701	2.85
16050.12212728056	2850	34.63368985451427	0.0	1427478	6452.6513228489375	2.85
16055.048279822573	1850	33.70753731250107	0.0	930577	4926.152542013205	0.8500000000000001
16059.9562942539	1850	32.79952288117446	0.0	858450	4908.014431326605	1.85
16065.426878635551	1850	31.32893849952234	0.0	1025005	5470.58438165212	1.85
16067.865005452522	1200	32.89081168255052	0.0	599477	2438.12681697182	0.5499999999999999
16070.664016199335	1200	34.09180093573843	0.0	634861	2799.010746812086	1.2
16077.099556407129	1850	31.656260727944137	0.0	958994	6435.5402077943	1.2000000000000002
16080.314999517566	1200	32.44081761750731	0.0	638661	3215.4431104368314	0.5499999999999999
16083.392499580203	1200	33.363317554870456	0.0	538612	3077.500062636854	1.2
16085.921476633652	1200	34.83434050142235	0.0	550906	2528.9770534481	1.2

