22338.64328562039	750	4.0	4.722418988271614	450283	4722.418988271614	0.010866665	-19.55640164956794
22340.118891438666	300	6.524394181725228	0.0	155580	1475.6058182747722	0.004705182	-0.15000000000000002
22341.319352183124	300	9.323933437271	0.0	139857	1200.460744454228	0.004705182	0.3
22342.467518055804	300	12.175767564590338	0.0	155432	1148.1658726806618	0.004705182	0.3
22343.584512370624	300	15.058773249770114	0.0	163442	1116.9943148202246	0.07144329	0.3
22346.037653726	750	16.605631894393177	0.0	318564	2453.141355376939	0.6368403	0.3
22348.796624957486	750	17.846660662908217	0.0	352642	2758.971231484958	0.009818545	0.75
22352.2019276461	750	18.441357974296153	0.0	437162	3405.302688612063	0.008203266	0.75
22355.132558654663	750	19.510726965734705	0.0	374758	2930.6310085614455	0.008871493	0.75
22358.2641741297	750	20.37911149069435	0.0	362795	3131.615475040359	0.017327543	0.75
22362.11525658661	750	20.528029033784595	0.0	353220	3851.0824569097545	0.011171032	0.75
22366.58956202213	750	20.053723598263787	0.0	405134	4474.305435520809	0.004705182	0.75
22371.672066518724	750	18.971219101669238	0.0	386351	5082.504496594549	0.004705182	0.75
22379.197660360012	750	15.445625260380533	0.0	434409	7525.593841288704	0.023306418	0.75
22381.72890192888	300	16.914383691514224	0.0	140051	2531.241568866311	0.014827848	-0.15000000000000002
22384.072673821338	300	18.57061179905625	0.0	138313	2343.771892457974	0.00596529	0.3
22385.7331699421	300	20.9101156782933	0.0	143509	1660.4961207629458	0.014340523	0.3
22387.23543731562	300	23.40784830477092	0.0	150616	1502.2673735223848	0.33177444	0.3
22390.63151300707	750	24.011772613325448	0.0	405596	3396.0756914454737	0.27495998	0.3
22393.368579986585	750	25.27470563380822	0.0	350713	2737.0669795172266	0.004705182	0.75
22397.576389341222	750	25.066896279169377	0.0	386472	4207.809354638845	0.0053607067	0.75
22403.51556083729	750	23.127724783102416	0.0	399894	5939.171496066963	0.004705182	0.75
22409.129424467745	750	21.513861152646932	0.0	401853	5613.863630455481	0.0047328374	0.75
22413.32534909802	750	21.317936522372285	0.0	343800	4195.924630274648	0.005740694	0.75
22417.683265958185	750	20.96001966220379	0.0	359903	4357.916860168495	0.004705182	0.75
22421.79480970813	750	20.848475912258074	0.0	379700	4111.54374994572	0.004705182	0.75
22426.593472626893	750	20.049812993495085	0.0	425781	4798.66291876299	0.004705182	0.75
22430.156188449608	750	20.48709717078501	0.0	277716	3562.7158227100754	0.005569035	0.75
22436.612593757447	750	18.030691862946135	0.0	400396	6456.405307838876	0.004871265	0.75
22439.20808873396	300	19.435196886432212	0.0	149029	2595.4949765139227	0.6839558	-0.15000000000000002
22441.692731354375	300	20.95055426601732	0.0	157421	2484.6426204148925	0.1349285	0.3
22447.00157568465	750	19.64170993574186	0.0	400322	5308.844330275458	0.46855733	0.3
22452.07348844386	750	18.56979717653641	0.0	369834	5071.912759205448	0.012662157	0.75
22457.574409262805	750	17.06887635758936	0.0	412837	5500.920818947052	0.03635694	0.75
22464.013180221205	750	14.630105399191338	0.0	401088	6438.770958398023	0.2982176	0.75
22466.976562243875	300	15.66672337652176	0.0	159914	2963.382022669578	0.17647904	-0.15000000000000002
22469.604369225948	300	17.038916394447806	0.0	131610	2627.8069820739543	0.0082706865	0.3
22472.21449643157	300	18.428789188826	0.0	124011	2610.1272056218054	0.03880349	0.3
22475.64276788665	300	19.000517733745145	0.0	144254	3428.271455080853	0.46545145	0.3
22484.259209602966	750	14.38407601742967	0.0	390680	8616.441716315476	0.6537864	0.3
22487.56976199958	300	15.073523620816687	0.0	147968	3310.552396612985	0.005926574	-0.15000000000000002
22491.410113000977	300	15.233172619420824	0.0	161857	3840.351001395862	0.010711788	0.3
22495.03512453762	300	15.608161082783209	0.0	145210	3625.0115366376153	0.02217822	0.3
22506.72476068128	750	7.918524939115865	0.0	438281	11689.636143667343	0.12838607	0.3
22509.844715469342	300	8.798570151057662	0.0	167025	3119.9547880582036	0.004705182	-0.15000000000000002
22512.438276741257	300	10.205008879139715	0.0	160064	2593.5612719179467	0.004705182	0.3
22514.56003365667	300	12.083251963728369	0.0	137507	2121.7569154113453	0.004705182	0.3
22516.386550473322	300	14.256735147077906	0.0	118421	1826.5168166504623	0.086269744	0.3

