5731.5357771882245	750	4.0	2.7857807865153212	450283	2785.7807865153213	-11.228857382015882
5732.797720877216	300	6.738056311008653	0.0	155580	1261.9436889913468	-0.15000000000000002
5733.568899271774	300	9.966877916450935	0.0	139857	771.1783945577192	0.3
5735.999669023268	1200	11.536108164956822	0.0	617681	2430.769751494111	0.29999999999999993
5741.087900394055	1850	10.447876794169872	0.0	996749	5088.231370786951	1.2000000000000002
5743.364923006219	1200	12.17085418200615	0.0	520315	2277.022612163721	0.5499999999999999
5747.431842285257	1850	12.103934902968536	0.0	905515	4066.919279037615	1.2000000000000002
5752.509045515459	1850	11.026731672766223	0.0	1060487	5077.203230202313	1.85
5757.261029710429	1850	10.274747477795161	0.0	852833	4751.984194971063	1.85
5760.005955865531	1200	11.529821322694113	0.0	560821	2744.9261551010472	0.5499999999999999
5765.446910998073	1850	10.088866190152823	0.0	939819	5440.95513254129	1.2000000000000002
5768.396539032971	1200	11.139238155253887	0.0	594078	2949.6280348989367	0.5499999999999999
5772.920488780191	1850	10.615288408035202	0.0	946851	4523.949747218684	1.2000000000000002
5776.274624167966	1200	11.261153020260107	0.0	687371	3354.1353877750953	0.5499999999999999
5780.37637480371	1850	11.159402384515822	0.0	821631	4101.7506357442835	1.2000000000000002
5784.903988475376	1850	10.631788712849843	0.0	923170	4527.613671665979	1.85
5787.498878866055	1200	12.036898322170316	0.0	617242	2594.890390679528	0.5499999999999999
5791.713021506296	1850	11.822755681929333	0.0	885714	4214.142640240983	1.2000000000000002
5796.487930443151	1850	11.04784674507454	0.0	987708	4774.908936854791	1.85
5802.136529196954	1850	9.399247991270666	0.0	923755	5648.598753803874	1.85
5805.2767752599775	1200	10.25900192824775	0.0	601738	3140.2460630229166	0.5499999999999999
5808.309459965249	1200	11.226317222976729	0.0	616206	3032.684705271022	1.2
5815.272969414751	1850	8.26280777347406	0.0	968026	6963.509449502668	1.2000000000000002
5817.81682391482	750	9.718953273404846	0.0	343800	2543.854500069214	-0.3500000000000001
5822.547539288356	1200	8.988237899869645	0.0	587236	4730.7153735352	0.75
5825.144446022708	750	10.391331165517391	0.0	379700	2596.9067343522543	0.3
5829.373145757873	1200	10.162631430351372	0.0	696376	4228.699735166018	0.75
5831.649148516179	1200	11.886628672045939	0.0	487160	2276.0027583054334	1.2
5835.924175152217	1850	11.611602036007572	0.0	972798	4275.0266360383675	1.2000000000000002
5840.387275398693	1850	11.148501789531819	0.0	975811	4463.10024647575	1.85
5844.685668034403	1850	10.850109153822567	0.0	873429	4298.392635709253	1.85
5847.466424348842	1200	12.069352839383031	0.0	620283	2780.7563144395344	0.5499999999999999
5851.472675577923	1850	12.063101610303027	0.0	885062	4006.251229080003	1.2000000000000002
5856.771440778518	1850	10.764336409707415	0.0	1035329	5298.7652005956115	1.85
5862.541230605359	1200	8.994546582866835	0.0	690253	5769.78982684058	0.5499999999999999
5864.9297110248135	750	10.606066163411523	0.0	365161	2388.4804194553126	0.3
5868.304909946199	1200	11.230867242026347	0.0	487812	3375.1989213851753	0.75
5875.030967014584	1850	8.504810173639799	0.0	938587	6726.057068386549	1.2000000000000002
5879.239601884834	750	8.296175303390754	0.0	378327	4208.634870249045	-0.3500000000000001
5884.43978773145	750	7.095989456774156	0.0	390680	5200.185846616598	0.75
5887.402867234116	750	8.132909954108865	0.0	345516	2963.0795026652904	0.75
5891.362050383234	750	8.173726804989945	0.0	384505	3959.183149118921	0.75
5895.502383208902	750	8.033393979322774	0.0	372093	4140.33282566717	0.75
5900.5295869467045	750	7.006190241520016	0.0	438281	5027.203737802759	0.75
5903.607829105221	750	7.927948083003792	0.0	398987	3078.2421585162238	0.75
5907.224442003355	750	8.31133518487039	0.0	393804	3616.6128981334004	0.75
5909.380330140829	750	10.15544704739577	0.0	331053	2155.8881374746206	0.75
5912.264826577408	1200	11.270950610816236	0.0	550906	2884.496436579536	0.75

