17964.8448531763	750	4.0	5.558065529459364	450283	5558.065529459364	-23.149681776675266
17967.65257230815	300	5.192280868151962	0.0	155580	2807.719131848038	-0.15000000000000002
17969.03810464277	300	7.8067485335352504	0.0	139857	1385.5323346167118	0.3
17970.602649330292	300	10.24220384601217	0.0	155432	1564.5446875230796	0.3
17972.829402138905	300	12.015451037399814	0.0	163442	2226.7528086123575	0.3
17974.503462996956	300	14.34139017934634	0.0	126289	1674.0608580534742	0.3
17976.571808914698	300	16.273044261605317	0.0	153295	2068.3459177410227	0.3
17979.290888808227	300	17.553964368077075	0.0	173849	2719.0798935282405	0.3
17982.062094717323	300	18.78275845898064	0.0	150710	2771.2059090964344	0.3
17984.193284149667	300	20.651569026636313	0.0	139105	2131.1894323443303	0.3
17985.48243762218	300	23.36241555412385	0.0	141840	1289.1534725124627	0.3
17988.15156502863	750	24.69328814767584	0.0	405134	2669.127406448009	0.3
17991.0985158617	750	25.74633731460499	0.0	386351	2946.9508330708527	0.75
17994.321488559886	750	26.52336461641841	0.0	434409	3222.97269818658	0.75
17998.06731332562	1200	26.777539850682672	0.0	526950	3745.824765735739	0.75
18002.349154814154	1200	26.495698362150996	0.0	587876	4281.841488531673	1.2
18006.78054546078	1200	26.064307715524727	0.0	617242	4431.390646626271	1.2
18013.47511705535	1850	23.369736120953647	0.0	885714	6694.571594571081	1.2000000000000002
18018.66629213693	1200	22.17856103937176	0.0	639204	5191.175081581886	0.5499999999999999
18024.490347989464	1200	20.354505186840854	0.0	586839	5824.055852530911	1.2
18031.904187669104	1200	16.94066550719658	0.0	601738	7413.839679644272	1.2
18035.24710320053	750	17.597749975773628	0.0	399894	3342.915531422953	0.3
18037.79978187966	750	19.04507129664396	0.0	401853	2552.6786791296636	0.75
18040.195743429213	750	20.64910974709074	0.0	343800	2395.9615495532194	0.75
18045.679786413784	1200	19.165066762521285	0.0	587236	5484.042984569455	0.75
18049.24176537829	750	19.603087798017576	0.0	379700	3561.9789645037085	0.3
18053.888400865922	750	18.95645231038118	0.0	425781	4646.635487636394	0.75
18058.550740062023	1200	18.294113114280115	0.0	487160	4662.339196101064	0.75
18062.093299331675	750	18.75155384462871	0.0	400396	3542.5592696514045	0.3
18066.08325056022	750	18.761602616082758	0.0	400508	3989.951228545953	0.75
18069.341040261366	750	19.5038129149363	0.0	358218	3257.789701146456	0.75
18073.15041590531	750	19.694437270989084	0.0	400322	3809.375643947216	0.75
18077.412962213988	750	19.431890962311943	0.0	369834	4262.5463086771415	0.75
18083.635591346814	750	17.20926182948445	0.0	412837	6222.629132827494	0.75
18087.144456183996	300	17.700396992305432	0.0	179328	3508.8648371790196	-0.15000000000000002
18089.923595080243	300	18.921258096058427	0.0	159914	2779.138896247005	0.3
18093.530283163887	750	19.314570012413977	0.0	321064	3606.6880836444507	0.3
18094.744374315324	300	22.10047886097613	0.0	124011	1214.09115143785	-0.15000000000000002
18096.33617833646	300	24.50867483984151	0.0	144254	1591.8040211346172	0.3
18100.721856393422	750	24.122996782880463	0.0	390680	4385.678056961048	0.3
18104.426666542997	750	24.4181866333059	0.0	345516	3704.810149574563	0.75
18108.43147707322	750	24.41337610308437	0.0	384505	4004.81053022153	0.75
18113.00991753508	750	23.834935641221715	0.0	372093	4578.440461862652	0.75
18118.33489106684	750	22.50996210946656	0.0	438281	5324.973531755156	0.75
18122.87841344814	750	21.96643972816481	0.0	398987	4543.522381301748	0.75
18125.74357094563	750	23.101282230675537	0.0	393804	2865.1574974892746	0.75
18130.64213802707	1200	22.20271514923436	0.0	538612	4898.567081441174	0.75
18135.031551635304	750	21.813301541000378	0.0	314107	4389.413608233982	0.3

