22264.178362704337	750	4.0	10.535228578788095	450283	10535.228578788096	-44.551482888788804
22265.56920965287	300	6.609153051467327	0.0	155580	1390.8469485326723	-0.15000000000000002
22267.251801590966	300	8.926561113369436	0.0	139857	1682.5919380978908	0.3
22272.26647181451	750	7.911890889828095	0.0	382355	5014.670223541341	0.3
22277.57977015173	750	6.598592552606106	0.0	411561	5313.29833722199	0.75
22279.12444921057	300	9.053913493767848	0.0	126289	1544.679058838257	-0.15000000000000002
22290.219357507463	1200	4.0	2.04099480312603	561791	11094.908296893878	-8.476277653441928
22294.619839807736	300	4.0	0.4004823002722915	173849	4400.4823002722915	-2.322073891170853
22298.989377663092	300	4.0	0.36953785535226413	150710	4369.537855352264	-1.2890127780147356
22301.53794584375	300	5.451431819343086	0.0	139105	2548.5681806569137	0.3
22303.947006732178	300	7.042370930915361	0.0	141840	2409.0608884277253	0.3
22311.301515944222	750	4.0	0.31213828113322145	405134	7354.509212048582	-1.0421946088728522
22313.905342946004	300	5.396172998217966	0.0	160746	2603.827001782034	-0.15000000000000002
22317.408175241115	300	5.893340703104484	0.0	179801	3502.8322951134815	0.3
22320.526018250228	300	6.775497693992802	0.0	140051	3117.8430091116816	0.3
22323.693602816184	300	7.607913128036624	0.0	138313	3167.5845659561787	0.3
22328.035349598056	750	7.266166346163366	0.0	360831	4341.746781873258	0.3
22331.713517191885	750	7.587998752333976	0.0	372963	3678.1675938293893	0.75
22337.511732128292	750	5.78978381592918	0.0	405596	5798.2149364047955	0.75
22340.57382982657	300	6.727686117650226	0.0	140881	3062.097698278954	-0.15000000000000002
22343.775560370123	300	7.525955574100673	0.0	157671	3201.7305435495523	0.3
22350.364722742306	750	4.936793201912423	0.0	399894	6589.16237218825	0.3
22352.698317269726	300	6.603198674496438	0.0	163927	2333.594527415986	-0.15000000000000002
22354.518156804555	300	8.7833591396677	0.0	137654	1819.839534828738	0.3
22358.474565994373	750	8.826949949846016	0.0	359903	3956.4091898216852	0.3
22362.932474218174	750	8.369041726046536	0.0	379700	4457.90822379948	0.75
22372.048461779756	750	4.0	0.7469458355331244	425781	9115.98756157966	-2.461867092792435
22374.799593811615	300	5.24886796813882	0.0	111155	2751.1320318611797	-0.15000000000000002
22378.7538670819	300	5.294594697851282	0.0	153605	3954.2732702875387	0.3
22382.513111974586	300	5.535349805169674	0.0	149029	3759.244892681608	0.3
22386.070659794845	300	5.9778019849110695	0.0	157421	3557.547820258604	0.3
22389.593155158094	300	6.455306621660778	0.0	157488	3522.4953632502916	0.3
22393.67373062912	300	6.3747311506343625	0.0	143881	4080.5754710264164	0.3
22399.359682681305	300	4.688779098451833	0.0	163444	5685.95205218253	0.3
22404.03920757008	300	4.009254209677267	0.0	179328	4679.524888774566	0.3
22407.2660627123	300	4.782399067457222	0.0	159914	3226.855142220045	0.3
22410.11570746068	300	5.932754319074493	0.0	131610	2849.6447483827283	0.3
22412.16904363711	300	7.879418142646045	0.0	124011	2053.336176428448	0.3
22419.77943989	750	4.269021889755305	0.0	378327	7610.39625289074	0.3
22423.50918555744	300	4.5392762223152205	0.0	149991	3729.745667440084	-0.15000000000000002
22426.875927055786	300	5.172534723966718	0.0	147968	3366.7414983485023	0.3
22430.056208089398	300	5.992253690356263	0.0	161857	3180.281033610456	0.3
22432.35530664213	300	7.693155137623948	0.0	145210	2299.0985527323146	0.3
22438.94950422027	750	5.0989575594861964	0.0	438281	6594.197578137751	0.3
22440.820132182205	300	7.228329597547366	0.0	167025	1870.6279619388306	-0.15000000000000002
22445.161578259514	750	6.8868835202406915	0.0	393804	4341.446077306674	0.3
22447.022357677088	300	9.026104102664945	0.0	137507	1860.7794175757458	-0.15000000000000002
22457.284118673473	1200	4.0	1.2356568937212578	550906	10261.760996386203	-5.0133246430014085

