21956.747195144762	750	4.0	3.1328471558220468	450283	3132.8471558220467	-12.7212427700348
21957.809634304584	300	6.937560840178129	0.0	155580	1062.4391598218708	-0.15000000000000002
21961.11890942334	1200	7.628285721422056	0.0	571051	3309.275118756073	0.29999999999999993
21964.90573624796	1200	7.841458896800832	0.0	617681	3786.826824621224	1.2
21969.721968248145	1200	7.025226896618106	0.0	652874	4816.232000182726	1.2
21974.2313303752	1200	6.515864769560922	0.0	520315	4509.362127057184	1.2
21978.969565742675	1200	5.7776294020878805	0.0	561791	4738.235367473042	1.2
21983.18420728458	750	5.562987860183444	0.0	437162	4214.641541904436	0.3
21984.396521525625	300	8.350673619138492	0.0	150710	1212.314241044953	-0.15000000000000002
21986.901141461327	750	9.846053683434247	0.0	362795	2504.6199357042447	0.3
21989.715013816538	750	11.032181328223627	0.0	353220	2813.8723552106208	0.75
21993.756747454696	750	10.990447690068464	0.0	405134	4041.733638155164	0.75
21994.936114188113	300	13.811080956649937	0.0	160746	1179.3667334185257	-0.15000000000000002
21998.371253164776	750	14.375941979987342	0.0	434409	3435.138976662596	0.3
22001.450184157602	750	15.297010987159402	0.0	337059	3078.9309928279404	0.75
22004.048608734858	750	16.69858640990328	0.0	366214	2598.4245772561208	0.75
22006.925705001973	750	17.82149014278915	0.0	360831	2877.096267114132	0.75
22009.583644533483	750	19.163550611280314	0.0	372963	2657.9395315088336	0.75
22012.661044586985	750	20.0861505577738	0.0	405596	3077.4000535065147	0.75
22015.443391628538	750	21.30380351622293	0.0	350713	2782.347041550868	0.75
22019.05442876285	750	21.692766381909163	0.0	386472	3611.037134313771	0.75
22020.490209425137	300	24.256985719622318	0.0	157812	1435.7806622868452	-0.15000000000000002
22023.610728012824	750	25.13646713193745	0.0	401853	3120.518587684867	0.3
22026.77709165111	750	25.970103493649823	0.0	343800	3166.3636382876284	0.75
22029.83819845041	750	26.9089966943515	0.0	359903	3061.106799298321	0.75
22033.4073034853	750	27.33989165946139	0.0	379700	3569.1050348901063	0.75
22037.30315434218	750	27.44404080258206	0.0	425781	3895.850856879332	0.75
22040.57372742274	1200	28.17346772202151	0.0	487160	3270.573080560547	0.75
22044.148392807776	1200	28.598802336988655	0.0	622896	3574.6653850328553	1.2
22048.291188062427	1200	28.456007082337173	0.0	641447	4142.795254651484	1.2
22052.5887748131	1200	28.158420331661922	0.0	570392	4297.586750675247	1.2
22057.87317408796	1200	26.874021056802164	0.0	620283	5284.399274859761	1.2
22063.13880866162	1200	25.608386483141906	0.0	584349	5265.634573660261	1.2
22068.5301981585	1200	24.216996986265283	0.0	670129	5391.389496876622	1.2
22074.36838903647	1200	22.378806108296622	0.0	690253	5838.19087796866	1.2
22078.882142332743	1200	21.865052812023375	0.0	598727	4513.753296273247	1.2
22083.386756732678	1200	21.360438412089483	0.0	487812	4504.614399933892	1.2
22087.66260096771	1200	21.08459417705798	0.0	575591	4275.844235031504	1.2
22092.024391266605	1200	20.722803878162285	0.0	605884	4361.790298895695	1.2
22096.49269831431	1200	20.254496830456908	0.0	587506	4468.307047705377	1.2
22101.5946970432	1200	19.152498101562504	0.0	566904	5101.998728894404	1.2
22106.79142630738	1200	17.955768837386376	0.0	641452	5196.729264176131	1.2
22112.007329196287	1200	16.73986594848158	0.0	599477	5215.902888904793	1.2
22118.19574416988	1200	14.551450974886723	0.0	634861	6188.414973594855	1.2
22122.416735123443	1200	14.33046002132197	0.0	630203	4220.990953564753	1.2
22126.087469900805	1200	14.65972524396229	0.0	638661	3670.734777359681	1.2
22129.50596647225	1200	15.241228672519632	0.0	538612	3418.4965714426585	1.2
22133.48182326878	1200	15.265371875991589	0.0	550906	3975.8567965280436	1.2

