11301.562312615584	750	4.0	3.0006457348380566	450283	3000.645734838057	-12.152776659803642
11302.805050719913	300	6.757261895671289	0.0	155580	1242.7381043287116	-0.15000000000000002
11309.140828006466	1850	4.421484609116804	0.0	877771	6335.777286554485	0.30000000000000004
11310.713359289448	300	6.848953326135303	0.0	155432	1572.5312829815016	-1.25
11317.60551151521	1200	4.0	0.04319889962529214	652874	6892.152225760595	0.11424473161124371
11318.389292313655	300	7.21621920155282	0.0	126289	783.7807984471794	-0.6000000000000001
11322.088567463727	1200	7.516944051482513	0.0	561791	3699.2751500703084	0.29999999999999993
11326.987805225532	1200	6.617706289676655	0.0	709534	4899.237761805857	1.2
11328.723844504875	300	8.881667010333175	0.0	150710	1736.0392793434805	-0.6000000000000001
11332.166472424493	750	9.439039090717209	0.0	362795	3442.627919615965	0.3
11334.478761143348	750	11.126750371862393	0.0	353220	2312.288718854817	0.75
11336.411151337936	750	13.194360177272197	0.0	405134	1932.390194590197	0.75
11338.131831339097	750	15.473680176112516	0.0	386351	1720.6800011596793	0.75
11341.217893531566	1200	16.38761798364359	0.0	687371	3086.0621924689244	0.75
11343.423292108793	1200	18.182219406417943	0.0	526950	2205.398577225649	1.2
11346.207027088003	1200	19.398484427207663	0.0	587876	2783.734979210279	1.2
11348.660329206117	1200	20.945182309094783	0.0	617242	2453.3021181128784	1.2
11351.60626563873	1200	21.999245876481435	0.0	581493	2945.936432613346	1.2
11355.351156231522	1200	22.254355283690305	0.0	639204	3744.8905927911314	1.2
11357.47563468397	750	24.12987683124109	0.0	350713	2124.4784524492115	0.3
11361.75278291369	1200	23.852728601520486	0.0	601738	4277.148229720605	0.75
11364.75370086955	750	24.85181064565989	0.0	399894	3000.917955860596	0.3
11368.891326550178	750	24.71418496503183	0.0	401853	4137.625680628058	0.75
11372.942958220943	750	24.662553294266118	0.0	343800	4051.6316707657106	0.75
11374.02124969831	300	27.5842618169007	0.0	146754	1078.2914773654206	-0.15000000000000002
11376.508835052951	750	29.096676462257076	0.0	379700	2487.5853546436247	0.3
11379.90372641764	1200	29.701785097568948	0.0	696376	3394.8913646881315	0.75
11382.551267174358	1200	31.054244340851042	0.0	487160	2647.540756717907	1.2
11385.601705062301	1200	32.003806452907554	0.0	622896	3050.4378879434853	1.2
11390.814625655577	1850	30.790885859632684	0.0	975811	5212.920593274875	1.2000000000000002
11395.765578259503	1850	29.839933255705454	0.0	873429	4950.952603927229	1.85
11400.73846503422	1850	28.867046480989774	0.0	954453	4972.88677471568	1.85
11404.85899887407	1850	28.746512641137492	0.0	885062	4120.5338398522845	1.85
11412.095125986603	1850	25.510385528603233	0.0	1035329	7236.127112534257	1.85
11420.976368403102	1850	20.62914311210646	0.0	1026056	8881.242416496772	1.85
11426.725908160479	1850	18.879603354727813	0.0	943942	5749.539757378649	1.85
11430.757294257706	1850	18.84821725750227	0.0	728962	4031.3860972255434	1.85
11435.146516458992	1850	18.45899505621643	0.0	938587	4389.222201285839	1.85
11439.46297248558	1850	18.142539029629347	0.0	908665	4316.456026587084	1.85
11448.864207511037	1850	12.74130400417367	0.0	930577	9401.235025455677	1.85
11458.809343688565	1850	6.7961678266458145	0.0	858450	9945.136177527856	1.85
11459.60456934238	300	10.000942172830715	0.0	161857	795.2256538150995	-1.25
11462.474126082414	1200	11.131385432795462	0.0	599477	2869.5567400352547	0.29999999999999993
11465.43243285446	1200	12.173078660749388	0.0	634861	2958.3067720460726	1.2
11468.122226239426	1200	13.48328527578305	0.0	630203	2689.7933849663386	1.2
11475.4148255586	1850	10.190685956608137	0.0	982064	7292.599319174914	1.2000000000000002
11484.506696919641	1850	5.098814595569402	0.0	830730	9091.871361038735	1.85
11486.258377482756	750	7.347134032452161	0.0	314107	1751.6805631172406	-0.3500000000000001

