23044.492053475165	750	4.0	4.010168074006698	450283	4010.168074006698	-16.4937227182288
23045.66597156781	300	6.8260819073535774	0.0	155580	1173.9180926464226	-0.15000000000000002
23046.670985748413	300	9.821067726748996	0.0	139857	1005.0141806045834	0.3
23050.384987043908	1200	10.107066431252294	0.0	617681	3714.001295496702	0.29999999999999993
23053.75346154412	1200	10.738591931042754	0.0	652874	3368.474500209539	1.2
23056.444618891957	1200	12.047434583205014	0.0	520315	2691.157347837739	1.2
23061.16962099178	1850	11.322432483385885	0.0	905515	4725.002099819131	1.2000000000000002
23065.491555617074	1850	11.000497858086757	0.0	1060487	4321.934625299128	1.85
23070.205854634292	1850	10.286198840871547	0.0	852833	4714.2990172152095	1.85
23073.666494025118	1200	10.825559450047178	0.0	560821	3460.639390824371	0.5499999999999999
23076.783729862105	1200	11.708323613060255	0.0	607410	3117.235836986923	1.2
23081.16652768842	1850	11.325525786744361	0.0	917428	4382.797826315894	1.2000000000000002
23085.368334937557	1850	11.123718537608804	0.0	946851	4201.807249135558	1.85
23089.88780602948	1850	10.60424744568644	0.0	1036454	4519.471091922364	1.85
23092.675859141877	1200	11.81619433329141	0.0	526950	2788.053112395029	0.5499999999999999
23097.127140332675	1850	11.364913142490431	0.0	923170	4451.281190800979	1.2000000000000002
23102.387925936768	1850	10.104127538399664	0.0	966699	5260.785604090767	1.85
23105.62820759554	1200	10.863845879627647	0.0	581493	3240.281658772019	0.5499999999999999
23109.97499380595	1200	10.517059669217405	0.0	639204	4346.786210410241	1.2
23113.081111031286	1200	11.410942443878318	0.0	586839	3106.1172253390873	1.2
23118.528181389385	1850	9.963872085781109	0.0	891604	5447.070358097208	1.2000000000000002
23122.293027445525	1200	10.199026029639318	0.0	616206	3764.8460561417905	0.5499999999999999
23125.882197731888	1200	10.60985574327923	0.0	656471	3589.1702863600894	1.2
23129.027156754204	1200	11.464896720960342	0.0	536667	3144.9590223188884	1.2
23135.64986709335	1850	8.84218638181407	0.0	897976	6622.710339146272	1.2000000000000002
23140.09518074914	750	8.396872726022458	0.0	379700	4445.313655791611	-0.3500000000000001
23143.138273065273	750	9.353780409889708	0.0	425781	3043.0923161327505	0.75
23147.741960103293	1200	8.750093371869742	0.0	487160	4603.687038019967	0.75
23154.354021035877	750	6.138032439285604	0.0	400396	6612.060932584137	0.3
23157.08007502611	300	7.411978449052751	0.0	149029	2726.0539902328533	-0.15000000000000002
23161.355496908876	750	7.136556566285555	0.0	358218	4275.421882767196	0.3
23165.114394403885	750	7.3776590712762316	0.0	400322	3758.897495009324	0.75
23168.234913205466	750	8.257140269693734	0.0	369834	3120.5188015824997	0.75
23173.447777413865	750	7.044276061295683	0.0	412837	5212.864208398049	0.75
23176.711764903386	750	7.7802885717746175	0.0	401088	3263.9874895210655	0.75
23180.074405595085	750	8.417647880074437	0.0	365161	3362.6406917001814	0.75
23183.413406378408	750	9.07864709675487	0.0	321064	3339.0007833195687	0.75
23189.220426376603	1200	7.2716270985588585	0.0	575591	5807.01999819601	0.75
23193.36963047821	750	7.122422996951442	0.0	378327	4149.204101607416	0.3
23198.426294253986	750	6.065759221176741	0.0	390680	5056.663775774701	0.75
23199.524925043926	300	8.967128431236178	0.0	147968	1098.630789940561	-0.15000000000000002
23202.52267249316	750	9.969380982003258	0.0	384505	2997.7474492329206	0.3
23208.927776057397	1200	7.564277417766129	0.0	599477	6405.10356423713	0.75
23213.45468984603	750	7.037363629135377	0.0	438281	4526.913788630752	0.3
23217.408278683466	750	7.083774791697566	0.0	398987	3953.588837437811	0.75
23223.308372962823	750	5.183680512337218	0.0	393804	5900.094279360348	0.75
23224.878803708616	300	7.613249766547127	0.0	137507	1570.4307457900911	-0.15000000000000002
23227.60037089194	750	8.891682583225277	0.0	314107	2721.567183321849	0.3

