2397.7840321921676	750	4.0	2.100206826790785	450283	2100.2068267907853	0.5	-8.280889355200376
2400.302158297905	750	5.481873894263046	0.0	398865	2518.126105736954	0.5	0.75
2402.177669825958	750	7.60636236620974	0.0	350812	1875.511528053306	0.5	0.75
2405.010966772125	1200	8.773065420042652	0.0	617681	2833.2969461670878	0.5	0.75
2407.9018654334614	1200	9.88216675870608	0.0	652874	2890.8986613365723	0.5	1.2
2410.062190033287	1200	11.721842158880444	0.0	520315	2160.324599825637	0.5	1.2
2412.7399377684937	1200	13.044094423673856	0.0	561791	2677.7477352065875	0.5	1.2
2418.036205930796	1850	11.747826261371854	0.0	1060487	5296.268162302002	0.5	1.2000000000000002
2421.3927659391416	1850	12.391266253026147	0.0	852833	3356.560008345706	0.5	1.85
2424.6081432825163	1850	13.175888909651327	0.0	913888	3215.377343374821	0.5	1.85
2427.689620071981	1850	14.094412120186393	0.0	939819	3081.476789464933	0.5	1.85
2431.511582860087	1850	14.272449332080612	0.0	917428	3821.9627881057804	0.5	1.85
2435.579896913722	1850	14.20413527844571	0.0	946851	4068.314053634902	0.5	1.85
2440.0412801057128	1850	13.74275208645481	0.0	1036454	4461.383191990899	0.5	1.85
2445.665403020055	2850	12.118629172112982	0.0	1231445	5624.1229143418295	0.5	1.85
2451.397584331657	2850	10.38644786051029	0.0	1471065	5732.181311602693	0.5	2.85
2459.2042870651735	2850	6.5797451269940455	0.0	1491626	7806.702733516243	0.5	2.85
2462.2229737629705	1850	7.561058429196983	0.0	885714	3018.6866977970626	0.5	0.8500000000000001
2465.635346128931	1850	8.148686063236669	0.0	987708	3412.372365960314	0.5	1.85
2469.538040996235	1850	8.245991195932527	0.0	923755	3902.694867304141	0.5	1.85
2473.4322947730957	1850	8.351737419071531	0.0	891604	3894.2537768609964	0.5	1.85
2477.809143986999	1850	7.97488820516836	0.0	955231	4376.849213903171	0.5	1.85
2487.8586632065053	1850	4.0	2.0746310143376268	968026	10049.519219505986	0.5	-7.070913361651796
2490.082445892878	300	5.776217313627434	0.0	137654	2223.782686372566	0.5	-1.25
2492.43350819192	300	7.425155014585577	0.0	146754	2351.062299041857	0.5	0.3
2494.982161163112	300	8.87650204339401	0.0	153938	2548.6529711915678	0.5	0.3
2496.95202357208	300	10.906639634425334	0.0	181901	1969.8624089686757	0.5	0.3
2497.9017928078333	300	13.956870398672521	0.0	111155	949.7692357528115	0.5	0.3
2499.1429818556026	300	16.715681350903193	0.0	153605	1241.1890477693278	0.5	0.3
2500.2137831376212	300	19.64488006888429	0.0	149029	1070.801282018902	0.5	0.3
2502.3887458296	750	21.469917376905883	0.0	358218	2174.962691978406	0.5	0.3
2505.469350034956	1200	22.38931317154976	0.0	620283	3080.604205356127	0.5	0.75
2509.829907763932	1200	22.028755442573402	0.0	584349	4360.557728976358	0.5	1.2
2512.8577279538977	1200	23.000935252608187	0.0	670129	3027.820189965216	0.5	1.2
2517.5995079666836	1850	22.259155239822267	0.0	1026056	4741.78001278592	0.5	1.2000000000000002
2520.8576103337405	1850	23.00105287276569	0.0	943942	3258.1023670565774	0.5	1.85
2523.0467919206935	1850	24.811871285812416	0.0	728962	2189.181586953272	0.5	1.85
2526.1881349156597	1850	25.6705282908464	0.0	938587	3141.342994966018	0.5	1.85
2531.0392704924734	2850	24.819392714032393	0.0	1427478	4851.135576814006	0.5	1.85
2535.864826206088	2850	23.993837000418136	0.0	1402287	4825.555713614258	0.5	2.85
2541.5487473702015	2850	22.30991583630442	0.0	1339500	5683.921164113717	0.5	2.85
2548.412652555911	2850	19.446010650595394	0.0	1527299	6863.905185709024	0.5	2.85
2553.69732464604	2850	18.161338560465982	0.0	1343002	5284.672090129415	0.5	2.85
2559.732395777404	2850	16.126267429102576	0.0	1587250	6035.071131363406	0.5	2.85
2565.6931428970697	2850	14.165520309436456	0.0	1464921	5960.747119666122	0.5	2.85
2571.86876876048	2850	11.98989444602649	0.0	1483527	6175.625863409964	0.5	2.85
2576.579386513536	2850	11.279276692970834	0.0	1231456	4710.617753055656	0.5	2.85
2587.196998897644	4300	4.661664308863168	0.0	2155012	10617.612384107666	0.5	2.8499999999999996

