19987.814244094337	750	4.0	6.212365695121308	450283	6212.365695121308	0.5	-25.963172489021623
19989.32133334835	300	6.492910745984942	0.0	155580	1507.089254015058	0.5	-0.15000000000000002
19990.89088084895	300	8.923363245387266	0.0	139857	1569.547500597674	0.5	0.3
19994.273862071554	300	9.54038202278418	0.0	155432	3382.981222603087	0.5	0.3
19996.6798351136	300	11.134408980739513	0.0	163442	2405.973042044665	0.5	0.3
19998.08166421021	300	13.732579884127976	0.0	126289	1401.8290966115378	0.5	0.3
19999.791410259015	300	16.02283383532257	0.0	153295	1709.746048805408	0.5	0.3
20002.313296822776	300	17.50094727156205	0.0	173849	2521.88656376052	0.5	0.3
20007.07251595542	750	16.741728138916027	0.0	374758	4759.2191326460215	0.5	0.3
20011.181914261055	750	16.632329833284782	0.0	362795	4109.398305631247	0.5	0.75
20013.457767107924	750	18.356476986415075	0.0	353220	2275.8528468697073	0.5	0.75
20016.45047854516	750	19.363765549178087	0.0	405134	2992.711437236987	0.5	0.75
20019.497348581084	750	20.31689551325534	0.0	386351	3046.8700359227455	0.5	0.75
20026.662655602624	750	17.1515884917158	0.0	434409	7165.307021539538	0.5	0.75
20031.828973011667	750	15.985271082673284	0.0	337059	5166.317409042516	0.5	0.75
20040.680415556573	750	11.133828537764735	0.0	366214	8851.442544908548	0.5	0.75
20044.344591539477	300	11.469652554859396	0.0	143509	3664.175982905339	0.5	-0.15000000000000002
20048.544405260363	300	11.269838833974147	0.0	150616	4199.81372088525	0.5	0.3
20051.731723666137	300	12.082520428201851	0.0	165384	3187.318405772295	0.5	0.3
20053.10693419232	300	14.707309902015925	0.0	140881	1375.2105261859256	0.5	0.3
20054.503789042024	300	17.31045505231067	0.0	157671	1396.854849705257	0.5	0.3
20055.938119257342	300	19.87612483699608	0.0	157812	1434.3302153145871	0.5	0.3
20057.478955134004	300	22.335288960332765	0.0	163927	1540.835876663316	0.5	0.3
20060.294764920804	750	23.519479173531007	0.0	343800	2815.8097868017594	0.5	0.3
20063.59626726119	750	24.217976833146146	0.0	359903	3301.5023403848595	0.5	0.75
20068.39427172682	1200	23.419972367516312	0.0	590335	4798.004465629835	0.5	0.75
20074.710903211235	1200	21.103340883096806	0.0	696376	6316.631484419505	0.5	1.2
20082.990577190078	1200	16.823666904253578	0.0	487160	8279.673978843228	0.5	1.2
20101.698365690383	1200	4.0	1.8841215960511837	622896	18707.788500304763	0.5	-6.9017228630200895
20105.650935391808	300	4.047430298573712	0.0	149029	3952.569701426288	0.5	-0.6000000000000001
20108.725421318337	300	4.972944372045709	0.0	157421	3074.485926528003	0.5	0.3
20111.175944410876	300	6.522421279505992	0.0	157488	2450.5230925397177	0.5	0.3
20113.382889164746	300	8.315476525634152	0.0	143881	2206.9447538718387	0.5	0.3
20115.82563877526	300	9.872726915119198	0.0	163444	2442.7496105149544	0.5	0.3
20118.711708276045	300	10.986657414332138	0.0	179328	2886.069500787061	0.5	0.3
20122.244254808775	300	11.454110881601784	0.0	159914	3532.5465327303527	0.5	0.3
20124.40928118816	300	13.289084502217358	0.0	131610	2165.0263793844256	0.5	0.3
20126.35492083002	300	15.343444860355866	0.0	124011	1945.6396418614918	0.5	0.3
20128.388580541196	300	17.30978514918247	0.0	144254	2033.6597111733972	0.5	0.3
20130.42839381832	300	19.269971872056246	0.0	149991	2039.8132771262235	0.5	0.3
20132.970381624094	300	20.727984066282595	0.0	147968	2541.9878057736496	0.5	0.3
20136.640767166613	300	21.057598523762564	0.0	161857	3670.3855425200295	0.5	0.3
20138.9915460207	300	22.70681966967447	0.0	145210	2350.778854088093	0.5	0.3
20141.766143127687	300	23.93222256268716	0.0	172312	2774.5971069873103	0.5	0.3
20143.727732234995	300	25.97063345537915	0.0	167025	1961.5891073080104	0.5	0.3
20146.84990376103	750	26.84846192934399	0.0	393804	3122.1715260351584	0.5	0.3
20152.52160274123	1200	25.17676294914428	0.0	538612	5671.698980199712	0.5	0.75
20162.82705116638	1850	18.87131452399619	0.0	846370	10305.44842514809	0.5	1.2000000000000002

