7049.522824026524	750	4.0	1.9680897620528024	450283	1968.0897620528024	0.5	-7.71278597682705
7051.7415976417915	750	5.781226384733127	0.0	398865	2218.7736152668726	0.5	0.75
7053.417056893088	750	8.105767133436677	0.0	350812	1675.4592512964498	0.5	0.75
7054.852675606321	750	10.670148420202866	0.0	382355	1435.6187132338102	0.5	0.75
7057.103649660982	1200	12.419174365542114	0.0	652874	2250.974054660752	0.5	0.75
7059.733772399008	1850	13.789051627517397	0.0	801058	2630.1227380247155	0.5	1.2000000000000002
7062.922760803909	1850	14.600063222615358	0.0	905515	3188.9884049020407	0.5	1.85
7075.819975283955	1850	5.702848742570186	0.0	1060487	12897.214480045172	0.5	1.85
7076.984608002321	300	8.538216024203688	0.0	150710	1164.632718366498	0.5	-1.25
7077.804375980613	300	11.718448045911945	0.0	139105	819.7679782917427	0.5	0.3
7078.384232049322	300	15.138591977201934	0.0	141840	579.8560687100098	0.5	0.3
7079.061905656157	300	18.460918370367384	0.0	156148	677.6736068345483	0.5	0.3
7079.788704038777	300	21.734119987747576	0.0	160746	726.7983826198074	0.5	0.3
7083.992827315338	1850	21.529996711185703	0.0	1036454	4204.123276561873	0.5	0.30000000000000004
7086.977190196018	1850	22.545633830506222	0.0	821631	2984.362880679482	0.5	1.85
7090.35368941098	1850	23.169134615543985	0.0	923170	3376.4992149622385	0.5	1.85
7097.3948883787725	2850	20.127935647750522	0.0	1491626	7041.198967793464	0.5	1.85
7106.936467950875	2850	14.58635607564848	0.0	1358801	9541.57957210204	0.5	2.85
7112.6988146527365	1850	12.824009373786845	0.0	987708	5762.346701861637	0.5	0.8500000000000001
7116.854558931251	1850	12.668265095271792	0.0	923755	4155.744278515052	0.5	1.85
7119.43024572558	1200	14.092578300943426	0.0	601738	2575.6867943283664	0.5	0.5499999999999999
7123.275648539374	1200	14.247175487148953	0.0	616206	3845.402813794474	0.5	1.2
7125.906611158892	1200	15.616212867630686	0.0	656471	2630.9626195182673	0.5	1.2
7131.449609317239	1850	14.073214709282826	0.0	874175	5542.998158347858	0.5	1.2000000000000002
7135.913464140285	1850	13.609359886237462	0.0	897976	4463.854823045365	0.5	1.85
7139.871068563328	1850	13.651755463194128	0.0	905935	3957.6044230433336	0.5	1.85
7145.409497133854	1850	12.11332689266837	0.0	1076599	5538.428570525758	0.5	1.85
7152.409599845963	1850	9.113224180558587	0.0	758197	7000.102712109782	0.5	1.85
7155.651011521106	1200	9.871812505416434	0.0	622896	3241.4116751421543	0.5	0.5499999999999999
7159.26910298646	1200	10.253721040062523	0.0	641447	3618.091465353911	0.5	1.2
7161.682448608655	1200	11.840375417866746	0.0	570392	2413.3456221957763	0.5	1.2
7165.746760296613	1200	11.776063729908921	0.0	620283	4064.311687957824	0.5	1.2
7170.074313179512	1200	11.448510847010057	0.0	584349	4327.552882898864	0.5	1.2
7173.290716149882	1200	12.232107876638823	0.0	670129	3216.402970371232	0.5	1.2
7176.185400472278	1200	13.337423554243367	0.0	690253	2894.6843223954565	0.5	1.2
7178.859847408226	1200	14.662976618294605	0.0	598727	2674.4469359487616	0.5	1.2
7182.995591693686	1850	14.527232332834858	0.0	728962	4135.744285459748	0.5	1.2000000000000002
7188.077671898424	1850	13.445152128096696	0.0	938587	5082.080204738162	0.5	1.85
7192.286861866535	1850	13.235962159985727	0.0	908665	4209.189968110968	0.5	1.85
7195.630482342133	1850	13.892341684387837	0.0	930577	3343.6204755978906	0.5	1.85
7199.7384421423285	1850	13.784381884193134	0.0	858450	4107.959800194701	0.5	1.85
7204.6649855882515	1850	12.857838438270154	0.0	1025005	4926.543445922982	0.5	1.85
7208.5165038340865	1850	13.006320192435203	0.0	886255	3851.518245834951	0.5	1.85
7212.512463578558	1850	13.010360447964132	0.0	973972	3995.9597444710703	0.5	1.85
7216.946795210232	1850	12.576028816289476	0.0	958994	4434.331631674658	0.5	1.85
7222.670472192852	2850	10.852351833669227	0.0	1483527	5723.676982620249	0.5	1.85
7226.451389758416	2850	11.071434268105683	0.0	1231456	3780.9175655635436	0.5	2.85
7230.866388025622	2850	10.656436000899554	0.0	1364537	4414.998267206131	0.5	2.85

