15831.972016378337	750	4.0	2.288238812003366	450283	2288.238812003366	1.05524	-9.089426891614474
15833.090718415104	300	6.8812979632329325	0.0	155580	1118.7020367670673	0.959234	-0.15000000000000002
15834.116855237015	300	9.855161141322627	0.0	139857	1026.136821910304	1.1617231	0.3
15836.4889292586	750	11.483087119737485	0.0	382355	2372.074021585142	1.1885426	0.3
15839.242245726515	1200	12.729770651823674	0.0	652874	2753.3164679138117	1.2549949	0.75
15840.70326565221	750	15.268750726129026	0.0	318564	1461.0199256946473	1.3420798	0.3
15843.2728397872	1200	16.699176591137594	0.0	561791	2569.574134991432	1.3500884	0.75
15847.540251898341	1850	16.431764479997227	0.0	1060487	4267.412111140369	1.3663462	1.2000000000000002
15848.286107540876	300	19.68590883746329	0.0	150710	745.8556425339356	1.3958178	-1.25
15850.2257126374	750	21.746303740939116	0.0	362795	1939.6050965241786	1.2885777	0.3
15851.870537613828	750	24.10147876451145	0.0	353220	1644.8249764276634	1.3661022	0.75
15854.126278879892	1200	25.84573749844743	0.0	594078	2255.7412660640216	1.3743045	0.75
15857.022928583174	750	26.94908779516689	0.0	386351	2896.6497032805432	1.4748471	0.3
15864.009001179524	2850	23.96301519881699	0.0	1578343	6986.072596349901	1.3419799	0.75
15866.422443919546	1200	25.54957245879513	0.0	526950	2413.442740021858	1.3844143	-0.44999999999999996
15869.242783960746	1200	26.729232417594442	0.0	587876	2820.34004120069	1.4452369	1.2
15872.17842116857	1200	27.79359520977203	0.0	617242	2935.637207822414	1.4627333	1.2
15873.574924027533	750	30.397092350808478	0.0	372963	1396.5028589635513	1.4885017	0.3
15876.09705218486	1200	31.87496419348201	0.0	639204	2522.1281573264664	1.4567953	0.75
15880.977530834887	1850	30.99448554345326	0.0	923755	4880.47865002875	1.5642235	1.2000000000000002
15884.125376087017	1850	31.84664029132252	0.0	891604	3147.8452521307395	1.5309323	1.85
15888.512321030696	2850	31.459695347645372	0.0	1468126	4386.944943677145	1.5277259	1.85
15899.072368029438	4300	24.89964834890276	0.0	2221506	10560.046998742613	1.3112944	2.8499999999999996
15903.213450405645	1850	24.75856597269666	0.0	874175	4141.0823762061	1.2312711	-0.6000000000000001
15907.077198859197	1850	24.89481751914491	0.0	897976	3863.7484535517474	1.4983695	1.85
15908.763594705171	750	27.208421673168296	0.0	379700	1686.395845976615	1.5037706	-0.3500000000000001
15911.735729003112	750	28.23628737522794	0.0	425781	2972.13429794036	1.4293771	0.75
15912.419055714812	300	31.552960663528395	0.0	111155	683.3267116995396	1.4685525	-0.15000000000000002
15915.653856169081	1200	32.318160209258245	0.0	622896	3234.8004542701483	1.3417709	0.29999999999999993
15921.112532183888	1850	30.859484194452556	0.0	975811	5458.676014805695	1.5650454	1.2000000000000002
15927.064787471934	2850	28.907228906403986	0.0	1341201	5952.255288048569	1.4904872	1.85
15932.61013321627	2850	27.361883162068033	0.0	1497683	5545.345744335954	1.2839273	2.85
15937.35141059222	2850	26.620605786118542	0.0	1358081	4741.2773759494885	1.2464081	2.85
15945.352169470663	2850	22.619846907675093	0.0	1587293	8000.75887844345	1.2422643	2.85
15954.81873420659	2850	17.15328217174818	0.0	1492672	9466.56473592691	1.2703632	2.85
15959.117978157052	1850	16.854038221287684	0.0	943942	4299.2439504605	1.3211018	0.8500000000000001
15961.855922750636	1850	18.116093627702973	0.0	728962	2737.9445935847107	1.3921283	1.85
15965.117637708336	1850	18.854378670001655	0.0	938587	3261.714957701318	1.3750517	1.85
15971.521103264304	2850	16.450913114032964	0.0	1427478	6403.465555968689	1.3564674	1.85
15976.942108226569	2850	15.029908151768218	0.0	1402287	5421.004962264744	1.1872754	2.85
15980.276076550146	1850	15.695939828190854	0.0	858450	3333.9683235773637	1.1854285	0.8500000000000001
15983.220876477557	750	16.751139900781194	0.0	384505	2944.7999274096614	1.367329	-0.3500000000000001
15984.358481268691	300	19.613535109646982	0.0	145210	1137.604791134211	1.409492	-0.15000000000000002
15985.4300234662	300	22.541992912137765	0.0	172312	1071.5421975092163	1.3673579	0.3
15988.06822043403	1200	23.903795944307	0.0	630203	2638.1969678307655	1.4452337	0.29999999999999993
15994.219340916592	2850	21.75267546174411	0.0	1483527	6151.120482562889	1.479789	1.2000000000000002
16001.840117419732	4300	18.131898958606747	0.0	1961140	7620.776503137362	1.102668	2.8499999999999996
16009.311243231421	2850	14.660773146915627	0.0	1364537	7471.12581169112	1.0085741	1.4000000000000001

