19017.803175774032	750	4.0	6.212365695121308	450283	6212.365695121308	-25.963172489021623
19019.310265028045	300	6.492910745984942	0.0	155580	1507.089254015058	-0.15000000000000002
19020.879812528645	300	8.923363245387266	0.0	139857	1569.547500597674	0.3
19024.262793751248	300	9.54038202278418	0.0	155432	3382.981222603087	0.3
19026.668766793293	300	11.134408980739513	0.0	163442	2405.973042044665	0.3
19028.070595889905	300	13.732579884127976	0.0	126289	1401.8290966115378	0.3
19029.78034193871	300	16.02283383532257	0.0	153295	1709.746048805408	0.3
19032.302228502467	300	17.50094727156205	0.0	173849	2521.88656376052	0.3
19034.497058872526	300	19.306116901505767	0.0	150710	2194.830370056284	0.3
19038.89747952743	750	18.90569624660118	0.0	362795	4400.420654904587	0.3
19042.163351844618	750	19.63982392941218	0.0	353220	3265.872317189001	0.75
19043.15982158707	300	22.64335418695694	0.0	156148	996.4697424552402	-0.15000000000000002
19045.86057393934	750	23.942601834690286	0.0	386351	2700.7523522666547	0.3
19049.276030467925	750	24.527145306103055	0.0	434409	3415.456528587231	0.75
19057.46197553946	1200	20.341200234567072	0.0	526950	8185.945071535981	0.75
19063.734205242527	750	18.06897053150349	0.0	366214	6272.229703063584	0.3
19072.63912707361	750	13.164048700422294	0.0	360831	8904.921831081194	0.75
19076.732928889636	300	13.070246884396344	0.0	150616	4093.8018160259517	-0.15000000000000002
19080.516600631458	300	13.28657514257439	0.0	165384	3783.671741821953	0.3
19082.549463654253	300	15.253712119778685	0.0	140881	2032.863022795705	0.3
19083.942298405498	300	17.86087736853323	0.0	157671	1392.8347512454538	0.3
19085.354498474193	300	20.448677299841325	0.0	157812	1412.200068691904	0.3
19086.870427719456	300	22.932748054576866	0.0	163927	1515.929245264459	0.3
19089.732907485093	750	24.07026828893956	0.0	343800	2862.479765637308	0.3
19094.841600921915	1200	22.96157485211861	0.0	587236	5108.693436820946	0.75
19099.752382686132	1200	22.05079308790348	0.0	590335	4910.78176421513	1.2
19103.57933526837	750	22.223840505665656	0.0	425781	3826.9525822378246	0.3
19110.66694865494	1200	19.136227119096038	0.0	487160	7087.613386569619	0.75
19121.427604662258	750	12.375571111777122	0.0	400396	10760.656007318916	0.3
19126.345230288654	300	11.45794548538115	0.0	149029	4917.625626395972	-0.15000000000000002
19131.128254388856	300	10.674921385181948	0.0	157421	4783.024100199203	0.3
19135.37552995479	300	10.427645819249289	0.0	157488	4247.275565932659	0.3
19138.37599616098	300	11.427179613056127	0.0	143881	3000.4662061931604	0.3
19140.979463804266	300	12.823711969770766	0.0	163444	2603.467643285361	0.3
19143.701676646957	300	14.101499127083054	0.0	179328	2722.2128426877125	0.3
19146.07203269008	300	15.731143083957855	0.0	159914	2370.3560431251994	0.3
19147.943469935322	300	17.859705838715758	0.0	131610	1871.4372452420941	0.3
19150.861413937208	300	18.941761836831063	0.0	124011	2917.9440018846976	0.3
19153.555099880334	300	20.24807589370408	0.0	144254	2693.6859431269804	0.3
19155.995741838608	300	21.807433935430847	0.0	149991	2440.6419582732346	0.3
19158.089350488917	300	23.71382528512295	0.0	147968	2093.608650307896	0.3
19160.293030991805	300	25.510144782233517	0.0	161857	2203.6805028894332	0.3
19162.422328387795	300	27.380847386243534	0.0	145210	2129.2973959899837	0.3
19170.729009910134	750	23.074165863902948	0.0	438281	8306.681522340587	0.3
19173.10779810805	300	24.695377665987472	0.0	167025	2378.7881979154777	-0.15000000000000002
19176.379851018224	750	25.42332475581211	0.0	393804	3272.05291017536	0.3
19179.73717055888	750	26.066005215156764	0.0	331053	3357.3195406553464	0.75
19182.98440719467	750	26.81876857936816	0.0	314107	3247.2366357886044	0.75

