9460.206152829744	750	4.0	4.277909780182569	450283	4277.909780182569	-17.64501205478505
9461.455139129861	300	6.75101369988408	0.0	155580	1248.98630011592	-0.15000000000000002
9462.999610802715	300	9.206542027029297	0.0	139857	1544.4716728547828	0.3
9468.858429336991	1200	7.347723492754165	0.0	617681	5858.818534275131	0.29999999999999993
9471.864908476377	750	8.341244353368474	0.0	411561	3006.4791393856904	0.3
9473.80170879294	750	10.40444403680526	0.0	318564	1936.8003165632133	0.75
9476.282342012977	1200	11.923810816767109	0.0	561791	2480.6332200381507	0.75
9480.493501617197	1850	11.712651212547238	0.0	1060487	4211.159604219871	1.2000000000000002
9484.88095052704	1850	11.32520230270312	0.0	852833	4387.448909844116	1.85
9489.069272630153	1850	11.136880199589566	0.0	913888	4188.3221031135545	1.85
9492.895849504122	1850	11.31030332562059	0.0	939819	3826.5768739689765	1.85
9497.04871689319	1850	11.157435936553133	0.0	917428	4152.867389067456	1.85
9500.862228151944	1850	11.343924677800365	0.0	946851	3813.511258752767	1.85
9504.42228649	1850	11.783866339743174	0.0	1036454	3560.058338057191	1.85
9507.671501180974	1850	12.534651648770774	0.0	821631	3249.214690972399	1.85
9511.627888916948	1850	12.578263912794263	0.0	923170	3956.38773597651	1.85
9515.598562667708	1850	12.60759016203414	0.0	966699	3970.673750760123	1.85
9518.621596448458	1850	13.584556381284832	0.0	885714	3023.0337807493083	1.85
9522.865890420284	2850	13.340262409460163	0.0	1537156	4244.293971824669	1.85
9527.31747035201	2850	12.888682477733365	0.0	1336050	4451.579931726797	2.85
9530.352240033322	1850	13.853912796421136	0.0	891604	3034.7696813122297	0.8500000000000001
9535.061291511489	2850	13.144861318255163	0.0	1468126	4709.051478165974	1.85
9539.890207420125	2850	12.315945409619541	0.0	1505760	4828.915908635624	2.85
9542.753902995744	1850	13.452249834000318	0.0	874175	2863.695575619221	0.8500000000000001
9547.419296895983	2850	12.786855933762428	0.0	1383735	4665.393900237891	1.85
9551.787966854878	1850	12.418185974866667	0.0	905935	4368.669958895762	0.8500000000000001
9555.838520825035	1850	12.367632004709584	0.0	1076599	4050.5539701570815	1.85
9557.9518856667	1850	14.25426716304415	0.0	758197	2113.364841665436	1.85
9562.589274696162	2850	13.616878133581853	0.0	1498470	4637.389029462295	1.85
9568.3841937512	2850	11.821959078541907	0.0	1561263	5794.919055039945	2.85
9571.094021425313	1850	13.11213140443022	0.0	873429	2709.8276741116874	0.8500000000000001
9575.56028136562	2850	12.645871464121928	0.0	1497683	4466.259940308291	1.85
9578.680410605144	1850	13.525742224598856	0.0	885062	3120.129239523073	0.8500000000000001
9585.060393504642	2850	11.145759325099858	0.0	1587293	6379.9828994989975	1.85
9589.08765513028	1850	11.118497699461674	0.0	1026056	4027.261625638184	0.8500000000000001
9592.377361175959	1850	11.828791653783465	0.0	943942	3289.706045678208	1.85
9594.69635425992	1850	13.5097985698206	0.0	728962	2318.9930839628673	1.85
9601.42833198652	2850	10.777820843222212	0.0	1499009	6731.977726598387	1.85
9603.746649164377	1200	12.459503665365537	0.0	605884	2318.3171778566757	-0.44999999999999996
9607.066979459347	1850	13.139173370395605	0.0	930577	3320.3302949699323	1.2000000000000002
9611.122661420655	2850	13.08349140908811	0.0	1339500	4055.6819613074954	1.85
9616.572166501359	2850	11.63398632838442	0.0	1527299	5449.505080703689	2.85
9619.534653615656	1850	12.671499214087946	0.0	886255	2962.4871142964744	0.8500000000000001
9622.181034747988	1850	14.025118081755318	0.0	973972	2646.3811323326286	1.85
9627.15290619525	2850	13.053246634494757	0.0	1464921	4971.871447260561	1.85
9631.96875647639	2850	12.237396353355232	0.0	1483527	4815.850281139525	2.85
9634.60480672987	1850	13.601346099875126	0.0	830730	2636.050253480105	0.8500000000000001
9638.096043542935	2850	14.110109286811387	0.0	1364537	3491.23681306374	1.85

