16571.039287383715	750	4.0	4.492096968258112	450283	4492.096968258112	-18.56601696350988
16572.43776422324	300	6.6015231604739535	0.0	155580	1398.4768395260464	-0.15000000000000002
16573.62110311038	300	9.418184273333548	0.0	139857	1183.3388871404063	0.3
16574.940118458497	300	12.09916892521706	0.0	155432	1319.0153481164841	0.3
16578.499827013464	750	12.539460370249705	0.0	411561	3559.7085549673566	0.3
16581.438741393325	750	13.600545990389577	0.0	318564	2938.914379860127	0.75
16584.430539657602	750	14.608747726113574	0.0	352642	2991.798264276003	0.75
16588.25739849658	750	14.781888887135977	0.0	437162	3826.8588389775955	0.75
16591.54928762903	750	15.489999754684757	0.0	374758	3291.88913245122	0.75
16594.612435289167	750	16.426852094546426	0.0	362795	3063.1476601383315	0.75
16598.380322596895	750	16.658964786818885	0.0	353220	3767.8873077275425	0.75
16602.95599997395	750	16.083287409762008	0.0	405134	4575.677377056877	0.75
16607.807421405538	750	15.231865978173822	0.0	386351	4851.421431588185	0.75
16613.687541257645	750	13.351746126067553	0.0	434409	5880.119852106269	0.75
16616.556704010316	300	14.482583373396729	0.0	140051	2869.1627526708253	-0.15000000000000002
16619.60975310768	300	15.42953427603308	0.0	138313	3053.0490973636497	0.3
16621.498213667	300	17.54107371671374	0.0	143509	1888.4605593193387	0.3
16623.207361315926	300	19.83192606778879	0.0	150616	1709.1476489249515	0.3
16624.975346258256	300	22.06394112545806	0.0	165384	1767.9849423307292	0.3
16626.552471770498	300	24.486815613216283	0.0	140881	1577.1255122417795	0.3
16628.36972290935	300	26.669564474364048	0.0	157671	1817.251138852237	0.3
16630.222084705274	300	28.817202678441102	0.0	157812	1852.3617959229455	0.3
16632.469876397656	300	30.569410986057736	0.0	163927	2247.7916923833645	0.3
16634.301332680003	300	32.73795470371011	0.0	137654	1831.456282347628	0.3
16636.386424300646	300	34.65286308306608	0.0	146754	2085.0916206440297	0.3
16638.553427748335	300	36.48585963538082	0.0	153938	2167.0034476852597	0.3
16641.374135026148	300	37.66515235756486	0.0	181901	2820.707277815961	0.3
16643.22841224	300	39.81087514371428	0.0	111155	1854.2772138505738	0.3
16645.707181093243	300	41.332106290470996	0.0	153605	2478.768853243277	0.3
16648.428315686233	300	42.61097169748429	0.0	149029	2721.13459298671	0.3
16651.011544266225	300	44.02774311749175	0.0	157421	2583.228579992536	0.3
16654.251883748915	300	44.78740363479974	0.0	157488	3240.33948269201	0.3
16656.336601665043	300	46.70268571867337	0.0	143881	2084.71791612637	0.3
16658.270226909717	300	48.76906047399951	0.0	163444	1933.625244673861	0.3
16660.174378105152	300	50.86490927856361	0.0	179328	1904.1511954359014	0.3
16661.760646833598	300	53.278640550117245	0.0	159914	1586.2687284463607	0.3
16663.05217226686	300	55.98711511685395	0.0	131610	1291.5254332632956	0.3
16664.269967813172	300	58.769319570541214	0.0	124011	1217.795546312737	0.3
16667.428269550455	750	59.61101783326152	0.0	378327	3158.3017372796953	0.3
16671.28047510438	750	59.75881227933341	0.0	390680	3352.205553928106	0.75
16675.051008620503	750	59.988278763210694	0.0	345516	3270.5335161227217	0.75
16679.46616232348	750	59.5731250602347	0.0	384505	3915.1537029759943	0.75
16683.343631974843	750	59.695655408872945	0.0	372093	3877.46965136175	0.75
16687.42377077822	750	59.61551660549537	0.0	438281	3580.138803377576	0.75
16691.141636786004	750	59.609873816185605	0.0	398987	3505.642789309775	0.75
16695.17188246946	750	59.57962813272709	0.0	393804	3530.2456834585164	0.75
16698.443401791803	750	59.70510283192167	0.0	331053	2874.525300805412	0.75
16701.599704782784	750	59.535448347198106	0.0	314107	2669.654484723563	0.75

