1954.7981128103552	750	4.0	4.838144007766586	450283	4838.144007766587	-20.05401923339632
1959.906019471475	1200	4.0	1.1079066611198505	611087	5107.9066611198505	-4.0139986428153565
1964.3731654978621	1200	4.0	0.46714602638716224	571051	4467.146026387162	-0.8087279134647976
1967.4006707813771	750	4.972494716484746	0.0	382355	3027.5052835152537	0.3
1970.7147707708164	750	5.658394727045541	0.0	411561	3314.099989439205	0.75
1972.900120989147	750	7.473044508714961	0.0	318564	2185.35021833058	0.75
1975.3065547052236	750	9.066610792638382	0.0	352642	2406.4337160765785	0.75
1978.9873863708626	750	9.38577912699942	0.0	437162	3680.8316656389643	0.75
1981.6124344949262	750	10.760731002935934	0.0	374758	2625.048124063486	0.75
1983.4880152188157	750	12.885150279046258	0.0	362795	1875.5807238896755	0.75
1985.2959713629662	750	15.077194134895922	0.0	353220	1807.9561441503356	0.75
1988.0866554315724	1200	16.286510066289747	0.0	594078	2790.6840686061773	0.75
1990.7401005444287	1200	17.633064953433387	0.0	624282	2653.4451128563574	1.2
1993.5463484291738	1200	18.82681706868849	0.0	687371	2806.2478847448965	1.2
1995.9578661326414	1200	20.41529936522076	0.0	526950	2411.517703467729	1.2
1998.7348473374627	1200	21.63831816039955	0.0	587876	2776.981204821211	1.2
2001.8254418934991	1200	22.54772360436313	0.0	617242	3090.59455603642	1.2
2004.0066429144488	1200	24.366522583413367	0.0	581493	2181.201020949762	1.2
2006.2806294569268	1200	26.0925360409354	0.0	639204	2273.9865424779678	1.2
2009.5781442822263	1850	26.795021215636005	0.0	923755	3297.514825299393	1.2000000000000002
2013.5466141994941	1850	26.826551298368145	0.0	891604	3968.469917267862	1.85
2022.5705107430865	1850	21.80265475477561	0.0	955231	9023.896543592535	1.85
2025.5592580531206	1200	22.813907444741282	0.0	656471	2988.7473100343263	0.5499999999999999
2029.6726372931003	1200	22.700528204761635	0.0	536667	4113.379239979646	1.2
2034.4646086783516	1200	21.908556819510327	0.0	587236	4791.9713852513105	1.2
2037.1837379857	750	23.18942751216197	0.0	379700	2719.129307348358	0.3
2039.3440912558283	750	25.029074242033605	0.0	425781	2160.353270128361	0.75
2041.974673059508	1200	26.398492438353987	0.0	487160	2630.581803679618	0.75
2045.1809427879089	1200	27.192222709953114	0.0	622896	3206.2697284008714	1.2
2050.571327456098	1200	25.801838041763755	0.0	641447	5390.38466818936	1.2
2055.029009889824	1200	25.344155608037877	0.0	570392	4457.68243372588	1.2
2056.406945353426	1200	27.966220144435603	0.0	620283	1377.9354636022717	1.2
2057.64932881975	1200	30.723836678112004	0.0	584349	1242.383466323596	1.2
2059.1099540377463	1200	33.26321146011552	0.0	670129	1460.6252179964893	1.2
2060.5971044327353	1200	35.77606106512689	0.0	690253	1487.150394988631	1.2
2062.3292206309306	1850	38.043944866931334	0.0	943942	1732.1161981955527	1.2000000000000002
2064.5821378981145	2850	39.7910275997476	0.0	1139291	2252.917267183736	1.85
2067.4772894866837	2850	40.89587601117843	0.0	1499009	2895.151588569173	2.85
2071.7026631243493	2850	40.67050237351292	0.0	1427478	4225.373637665515	2.85
2074.6352641730464	2850	41.73790132481563	0.0	1402287	2932.60104869728	2.85
2077.2112581956103	2850	43.16190730225195	0.0	1339500	2575.994022563689	2.85
2080.1639173876974	2850	44.20924811016454	0.0	1527299	2952.659192087408	2.85
2084.07741545175	2850	44.29575004611228	0.0	1343002	3913.4980640522535	2.85
2090.4165298873627	2850	41.95663561049961	0.0	1587250	6339.114435612679	2.85
2096.918287380227	2850	39.45487811763499	0.0	1464921	6501.757492864618	2.85
2101.0353132004507	1850	39.33785229741171	0.0	982064	4117.025820223282	0.8500000000000001
2104.7872501430347	1850	39.58591535482738	0.0	830730	3751.9369425843324	1.85
2109.65802400312	1850	38.715141494742625	0.0	846370	4870.773860084749	1.85

