14497.998685639346	750	4.0	2.731225734575557	450283	2731.225734575557	-10.994270658674894
14498.962142533483	300	7.036543105862896	0.0	155580	963.4568941371031	-0.15000000000000002
14501.169726788547	750	8.828958850798239	0.0	350812	2207.584255064658	0.3
14509.530947597028	1200	4.46773804231571	0.0	617681	8361.220808482529	0.75
14511.422662416086	300	6.576023223259481	0.0	163442	1891.7148190562286	-0.6000000000000001
14518.865159687564	1200	4.0	0.866474048219463	520315	7442.497271478945	-3.4258384073436905
14520.090877543902	300	6.774282143662418	0.0	153295	1225.7178563375817	-0.6000000000000001
14523.636231025825	750	7.2289286617393955	0.0	437162	3545.353481923022	0.3
14526.127206673855	750	8.737953013708259	0.0	374758	2490.975648031138	0.75
14528.727548511955	750	10.137611175607374	0.0	362795	2600.3418381008855	0.75
14531.944205493692	750	10.920954193870086	0.0	353220	3216.6569817372874	0.75
14535.103513284967	750	11.76164640259524	0.0	405134	3159.3077912748467	0.75
14537.658614175225	750	13.20654551233653	0.0	386351	2555.1008902587087	0.75
14541.404166519284	750	13.46099316827732	0.0	434409	3745.552344059212	0.75
14543.38945003785	300	15.475709649711765	0.0	140051	1985.2835185655535	-0.15000000000000002
14546.756369799394	750	16.10878988816728	0.0	366214	3366.9197615444837	0.3
14549.195367896591	750	17.669791790971193	0.0	360831	2438.9980971960867	0.75
14551.455997535615	750	19.409162151947633	0.0	372963	2260.629639023562	0.75
14554.28119416684	750	20.5839655207214	0.0	405596	2825.196631226234	0.75
14556.364854681684	750	22.500305005879394	0.0	350713	2083.660514842005	0.75
14558.492624237559	750	24.372535450005593	0.0	386472	2127.7695558737983	0.75
14560.504434226696	750	26.360725460867794	0.0	399894	2011.8099891378017	0.75
14562.891594959132	750	27.973564728431587	0.0	401853	2387.1607324362094	0.75
14564.993931214565	750	29.87122847299903	0.0	343800	2102.3362554325577	0.75
14568.740382613889	1200	30.124777073677205	0.0	587236	3746.4513993218234	0.75
14572.415790166055	1200	30.449369521510413	0.0	590335	3675.4075521667924	1.2
14576.37759899309	1200	30.48756069447492	0.0	696376	3961.808827035494	1.2
14580.50315347978	1850	30.362006207785438	0.0	758197	4125.554486689482	1.2000000000000002
14585.336506256937	1850	29.528653430625834	0.0	972798	4833.352777159606	1.85
14589.382324125758	1850	29.482835561806294	0.0	975811	4045.817868819542	1.85
14593.186843288604	1850	29.678316398958824	0.0	873429	3804.5191628474668	1.85
14597.125623788756	1850	29.739535898808146	0.0	954453	3938.780500150678	1.85
14600.52924620203	1850	30.33591348553468	0.0	885062	3403.6224132734665	1.85
14604.949620238529	1850	29.91553944903426	0.0	1035329	4420.374036500421	1.85
14610.193326955012	2850	28.671832732551763	0.0	1492672	5243.706716482496	1.85
14615.8884647092	2850	26.976694978362453	0.0	1439896	5695.137754189311	2.85
14621.517049041246	2850	25.348110646317156	0.0	1139291	5628.584332045295	2.85
14629.906205979843	2850	20.9589537077192	0.0	1499009	8389.156938597958	2.85
14636.814228117257	2850	18.050931570304122	0.0	1427478	6908.02213741508	2.85
14645.03173085172	2850	13.833428835839852	0.0	1402287	8217.50273446427	2.85
14652.04003558647	2850	10.82512410109158	0.0	1339500	7008.304734748271	2.85
14659.438714886868	2850	7.426444800691769	0.0	1527299	7398.679300399811	2.85
14664.382371189728	1850	6.4827884978308985	0.0	886255	4943.656302860871	0.8500000000000001
14669.437782406421	1850	5.427377281137169	0.0	973972	5055.411216693729	1.85
14672.821264102462	1200	6.0438955850954	0.0	630203	3383.4816960417693	0.5499999999999999
14677.068339008269	1850	5.796820679290759	0.0	982064	4247.07490580464	1.2000000000000002
14678.818502032711	1200	8.046657654847994	0.0	538612	1750.1630244427658	0.5499999999999999
14681.365245455563	1850	9.49991423199588	0.0	846370	2546.743422852112	1.2000000000000002

