4637.122383528954	750	4.0	3.9247822452337946	450283	3924.7822452337946	0.5	-16.126563654505315
4638.473779822169	300	6.648603706784821	0.0	155580	1351.3962932151785	0.5	-0.15000000000000002
4641.32127015807	750	7.801113370884768	0.0	350812	2847.4903359000523	0.5	0.3
4644.048611060008	750	9.07377246894685	0.0	382355	2727.3409019379205	0.5	0.75
4646.675706952411	750	10.446676576543375	0.0	411561	2627.0958924034726	0.5	0.75
4648.641701627268	750	12.480681901686014	0.0	318564	1965.9946748573625	0.5	0.75
4651.788915269998	1200	13.333468258956863	0.0	561791	3147.2136427291503	0.5	0.75
4657.477953348598	1200	11.644430180356325	0.0	709534	5689.038078600538	0.5	1.2
4661.702472909703	1200	11.419910619251525	0.0	584846	4224.5195611048	0.5	1.2
4664.9507580095815	1200	12.171625519372505	0.0	560821	3248.285099879019	0.5	1.2
4670.3636709503035	1200	10.758712578650552	0.0	607410	5412.912940721952	0.5	1.2
4678.0488259039075	1200	7.073557625047011	0.0	594078	7685.154953603543	0.5	1.2
4682.502745374541	750	6.619638154413867	0.0	386351	4453.919470633144	0.5	0.3
4684.404393012539	300	8.717990516416378	0.0	179801	1901.6476379974886	0.5	-0.15000000000000002
4685.8519620547095	300	11.270421474245456	0.0	140051	1447.5690421709228	0.5	0.3
4687.253190777067	300	13.869192751888555	0.0	138313	1401.2287223569022	0.5	0.3
4688.729306878388	300	16.39307665056816	0.0	143509	1476.116101320393	0.5	0.3
4691.906975268222	750	17.215408260734293	0.0	372963	3177.668389833865	0.5	0.3
4695.573372945964	750	17.549010582991396	0.0	405596	3666.3976777428998	0.5	0.75
4701.34837659415	750	15.774006934805671	0.0	350713	5775.003648185724	0.5	0.75
4710.275600730084	750	10.846782798872285	0.0	386472	8927.224135933386	0.5	0.75
4712.30682945047	300	12.815554078486073	0.0	157812	2031.228720386212	0.5	-0.15000000000000002
4714.355427987631	300	14.766955541325936	0.0	163927	2048.5985371601355	0.5	0.3
4716.291102551692	300	16.83128097726406	0.0	137654	1935.6745640618733	0.5	0.3
4718.556630899137	300	18.565752629818526	0.0	146754	2265.528347445534	0.5	0.3
4720.497708841239	300	20.624674687717427	0.0	153938	1941.0779421011002	0.5	0.3
4726.124209353522	750	18.998174175433675	0.0	425781	5626.500512283751	0.5	0.3
4728.845013282827	750	20.277370246129607	0.0	277716	2720.8039293040706	0.5	0.75
4732.228260154126	750	20.89412337483085	0.0	400396	3383.2468712987534	0.5	0.75
4737.8684712067525	750	19.253912322203178	0.0	400508	5640.211052627676	0.5	0.75
4742.244388945504	750	18.877994583451336	0.0	358218	4375.917738751845	0.5	0.75
4747.541337607707	750	17.581045921248855	0.0	400322	5296.9486622024815	0.5	0.75
4754.029714933508	750	15.092668595447481	0.0	369834	6488.377325801371	0.5	0.75
4757.073049822637	750	16.04933370631867	0.0	412837	3043.334889128809	0.5	0.75
4760.15190398629	750	16.970479542665817	0.0	401088	3078.854163652856	0.5	0.75
4762.255516959363	750	18.86686656959237	0.0	365161	2103.6129730734447	0.5	0.75
4764.909917502831	1200	20.21246602612456	0.0	487812	2654.400543467811	0.5	0.75
4768.194620846119	1200	20.927762682837233	0.0	575591	3284.7033432873263	0.5	1.2
4774.280460653551	1200	18.841922875404762	0.0	605884	6085.839807432472	0.5	1.2
4778.145784002017	1200	18.976599526938976	0.0	587506	3865.323348465786	0.5	1.2
4781.233673047758	1200	19.888710481196323	0.0	566904	3087.889045742652	0.5	1.2
4787.578325964231	1200	17.54405756472408	0.0	641452	6344.652916472242	0.5	1.2
4790.8033711234075	1200	18.319012405548396	0.0	599477	3225.045159175687	0.5	1.2
4794.4710549545825	1200	18.65132857437287	0.0	634861	3667.683831175523	0.5	1.2
4797.4764382672	1200	19.64594526175532	0.0	630203	3005.383312617552	0.5	1.2
4802.656195844817	1850	18.46618768413904	0.0	982064	5179.757577616278	0.5	1.2000000000000002
4807.291896155751	1850	17.83048737320606	0.0	830730	4635.700310932978	0.5	1.85
4813.869111425462	2850	15.253272103495412	0.0	1364537	6577.21526971065	0.5	1.85

