15154.175809647513	750	4.0	6.3928079957343495	450283	6392.80799573435	0.5	-26.7390743816577
15155.244897257251	300	6.93091239026107	0.0	155580	1069.0876097389298	0.5	-0.15000000000000002
15156.730671973735	300	9.445137673777062	0.0	139857	1485.7747164840077	0.5	0.3
15158.774231329517	300	11.40157831799436	0.0	155432	2043.559355782702	0.5	0.3
15160.809742183032	300	13.366067464480084	0.0	163442	2035.5108535142779	0.5	0.3
15161.781050208943	300	16.39475943856815	0.0	126289	971.3080259119344	0.5	0.3
15164.304931232402	750	17.870878415109228	0.0	352642	2523.881023458921	0.5	0.3
15167.541908749983	750	18.633900897529248	0.0	437162	3236.97751757998	0.5	0.75
15170.75942954753	750	19.416380099981666	0.0	374758	3217.520797547581	0.5	0.75
15174.241725215878	750	19.934084431633032	0.0	362795	3482.295668348635	0.5	0.75
15178.686522489978	1200	19.489287157533532	0.0	607410	4444.797274099502	0.5	0.75
15182.984906145848	1200	19.190903501662593	0.0	594078	4298.383655870939	0.5	1.2
15188.725676893446	1200	17.45013275406448	0.0	624282	5740.770747598111	0.5	1.2
15192.702242319423	1200	17.47356732808768	0.0	687371	3976.5654259768035	0.5	1.2
15195.764022656544	1200	18.411786990968505	0.0	526950	3061.7803371191767	0.5	1.2
15203.037637469308	1200	15.138172178202367	0.0	587876	7273.614812766136	0.5	1.2
15207.972173549788	1200	14.203636097723237	0.0	617242	4934.536080479131	0.5	1.2
15210.512511720492	750	15.663297927020322	0.0	372963	2540.3381707029143	0.5	0.3
15213.065979049241	750	17.109830598271568	0.0	405596	2553.4673287487517	0.5	0.75
15215.417731775895	750	18.75807787161738	0.0	350713	2351.752726654186	0.5	0.75
15218.629188387584	750	19.546621259928852	0.0	386472	3211.4566116885285	0.5	0.75
15221.77176220027	750	20.404047447243002	0.0	399894	3142.573812685849	0.5	0.75
15224.635771286888	750	21.540038360625132	0.0	401853	2864.009086617871	0.5	0.75
15228.191670135879	1200	21.98413951163591	0.0	536667	3555.8988489892226	0.5	0.75
15231.931026822649	1200	22.24478282486466	0.0	587236	3739.3566867712457	0.5	1.2
15235.690658569527	1200	22.485151077986703	0.0	590335	3759.63174687796	0.5	1.2
15240.933888264368	1850	21.241921383146472	0.0	1076599	5243.229694840229	0.5	1.2000000000000002
15248.522975593944	1850	17.652834053570352	0.0	758197	7589.08732957612	0.5	1.85
15255.090896396398	1200	15.084913251116252	0.0	622896	6567.920802454102	0.5	0.5499999999999999
15259.269942535188	1200	14.905867112324664	0.0	641447	4179.0461387915875	0.5	1.2
15263.156192167722	1200	15.019617479790645	0.0	570392	3886.2496325340203	0.5	1.2
15267.87471780274	1200	14.301091844771861	0.0	620283	4718.525635018783	0.5	1.2
15272.414123313416	1200	13.761686334095884	0.0	584349	4539.405510675977	0.5	1.2
15287.023233438038	1200	4.0	0.8474237905252466	670129	14609.110124621131	0.5	-2.4439222992585607
15290.938971564938	300	4.08426187309922	0.0	179328	3915.7381269007797	0.5	-0.6000000000000001
15293.367307484452	300	5.655925953585328	0.0	159914	2428.3359195138923	0.5	0.3
15294.627458797791	300	8.395774640244113	0.0	131610	1260.151313341214	0.5	0.3
15295.824712235628	300	11.198521202408847	0.0	124011	1197.2534378352677	0.5	0.3
15297.217939599052	300	13.805293838984722	0.0	144254	1393.2273634241237	0.5	0.3
15298.78813838256	300	16.23509505547505	0.0	149991	1570.1987835096734	0.5	0.3
15301.63250385191	750	17.390729586127993	0.0	345516	2844.3654693470567	0.5	0.3
15304.743917230875	750	18.279316207163255	0.0	384505	3111.413378964739	0.5	0.75
15307.511818898218	750	19.51141453981989	0.0	372093	2767.9016673433675	0.5	0.75
15310.629067906228	750	20.394165531810593	0.0	438281	3117.2490080092975	0.5	0.75
15312.929831263924	750	22.09340217411407	0.0	398987	2300.7633576965227	0.5	0.75
15317.671179360632	1850	21.35205407740666	0.0	982064	4741.348096707405	0.5	0.75
15321.818565375477	1850	21.204668062562277	0.0	830730	4147.386014844384	0.5	1.85
15331.549311973044	2850	15.473921464997101	0.0	1364537	9730.746597565174	0.5	1.85

