22469.55081993152	750	4.0	12.266701258043659	450283	12266.701258043659	-51.99681540958773
22474.182740461776	300	4.0	0.6319205302601922	155580	4631.920530260192	-2.867258280118827
22477.230572128108	300	4.952168333667658	0.0	139857	3047.8316663323417	0.3
22480.500048565347	300	5.682691896429397	0.0	155432	3269.4764372382615	0.3
22483.857323986154	300	6.325416475623024	0.0	163442	3357.275420806372	0.3
22485.985089451202	300	8.19765101057458	0.0	126289	2127.765465048444	0.3
22490.5970224314	750	7.5857180303766025	0.0	352642	4611.9329801979775	0.3
22495.37794472406	750	6.804795737714778	0.0	437162	4780.922292661825	0.75
22496.94305239638	300	9.239688065394551	0.0	150710	1565.107672320226	-0.15000000000000002
22502.624684261256	1200	7.558056200517172	0.0	560821	5681.6318648773795	0.29999999999999993
22506.965226650136	750	7.217513811633535	0.0	353220	4340.542388883638	0.3
22511.897249406724	750	6.285491055045177	0.0	405134	4932.022756588358	0.75
22514.469550120895	300	7.713190340876276	0.0	160746	2572.300714168902	-0.15000000000000002
22519.51868396242	750	6.664056499350989	0.0	434409	5049.133841525286	0.3
22520.94541088055	300	9.237329581219786	0.0	140051	1426.7269181312022	-0.15000000000000002
22527.544689620223	1200	6.638050841547988	0.0	587876	6599.278739671799	0.29999999999999993
22529.549391800632	300	8.633348661140937	0.0	143509	2004.7021804070505	-0.6000000000000001
22535.337132463093	750	6.845607998678865	0.0	372963	5787.740662462072	0.3
22536.85144310025	300	9.331297361519667	0.0	165384	1514.3106371591991	-0.15000000000000002
22540.840498971018	1200	9.342241490751887	0.0	586839	3989.0558707677797	0.29999999999999993
22545.2100995522	1200	8.972640909567625	0.0	601738	4369.6005811842615	1.2
22547.975480678397	750	10.207259783372061	0.0	399894	2765.3811261955634	0.3
22552.73408944382	1200	9.448651017948029	0.0	656471	4758.608765424033	0.75
22556.231995333423	1200	9.950745128348913	0.0	536667	3497.9058895991143	1.2
22560.30607369557	1200	9.876666766200227	0.0	587236	4074.078362148686	1.2
22564.66891202309	1200	9.513828438682228	0.0	590335	4362.838327517999	1.2
22568.76809262216	1200	9.41464783961525	0.0	696376	4099.180599066978	1.2
22572.010291186616	1200	10.172449275156934	0.0	487160	3242.1985644583156	1.2
22575.92067259742	1200	10.262067864348309	0.0	622896	3910.3814108086262	1.2
22580.140207237964	1200	10.042533223807837	0.0	641447	4219.534640540472	1.2
22584.069542881967	1200	10.113197579803703	0.0	570392	3929.335644004134	1.2
22588.441936398434	1200	9.740804063332202	0.0	620283	4372.393516471502	1.2
22593.847016742977	1200	8.335723718788518	0.0	584349	5405.080344543684	1.2
22596.56605863209	750	9.616681829680529	0.0	412837	2719.0418891079894	0.3
22605.58332124931	1200	4.5994192124583275	0.0	690253	9017.2626172222	0.75
22606.764508610315	300	7.418231851452655	0.0	159914	1181.187361005673	-0.6000000000000001
22608.578573452312	750	9.604167009453981	0.0	321064	1814.0648419986735	0.3
22612.075248090372	1200	10.10749237139389	0.0	575591	3496.6746380600907	0.75
22615.386422667227	1200	10.796317794538426	0.0	605884	3311.174576855463	1.2
22621.708707076006	1200	8.47403338576171	0.0	587506	6322.284408776717	1.2
22627.573631303385	750	6.6091091583842	0.0	345516	5864.92422737751	0.3
22630.40264167317	300	7.780098788597952	0.0	161857	2829.010369786248	-0.15000000000000002
22637.365026362666	750	4.817714099103164	0.0	372093	6962.384689494787	0.3
22638.82706288741	300	7.355677574360042	0.0	172312	1462.036524743123	-0.15000000000000002
22642.20590620047	750	7.976834261300844	0.0	398987	3378.8433130591975	0.3
22647.83855728104	750	6.344183180731356	0.0	393804	5632.651080569488	0.75
22649.681193610708	300	8.50154685106191	0.0	137507	1842.6363296694465	-0.15000000000000002
22652.620376802934	750	9.562363658839914	0.0	314107	2939.1831922219976	0.3

