15703.530364479913	750	4.0	4.751626329382562	450283	4751.626329382562	-19.681993216345017
15707.46215128299	750	4.068213196921591	0.0	398865	3931.786803078409	0.75
15710.346016313817	750	5.184348166094848	0.0	350812	2883.865030826743	0.75
15712.827591399655	750	6.702773080257834	0.0	382355	2481.5750858370143	0.75
15716.788221641547	750	6.742142838365458	0.0	411561	3960.6302418923756	0.75
15720.536014400075	750	6.9943500798391325	0.0	318564	3747.7927585263255	0.75
15725.610957642426	750	5.919406837486531	0.0	352642	5074.943242352601	0.75
15730.463635437143	750	5.066729042769446	0.0	437162	4852.677794717085	0.75
15732.91157172062	750	6.618792759292188	0.0	374758	2447.9362834772587	0.75
15735.729700764234	750	7.8006637156793674	0.0	362795	2818.1290436128197	0.75
15739.78403114035	750	7.746333339563224	0.0	353220	4054.330376116144	0.75
15743.922027070816	750	7.608337409098173	0.0	405134	4137.995930465051	0.75
15747.300163461758	750	8.230201018155654	0.0	386351	3378.1363909425186	0.75
15751.554862114728	750	7.9755023651853465	0.0	434409	4254.698652970308	0.75
15754.997675052127	750	8.532689427786549	0.0	337059	3442.812937398797	0.75
15758.663908576458	750	8.866455903455197	0.0	366214	3666.233524331353	0.75
15761.913290547996	750	9.61707393191781	0.0	360831	3249.3819715373866	0.75
15765.42329799474	750	10.107066485175862	0.0	372963	3510.007446741949	0.75
15768.6081441533	750	10.922220326612932	0.0	405596	3184.84615856293	0.75
15771.526795161297	750	12.003569318616403	0.0	350713	2918.6510079965283	0.75
15775.129449014019	750	12.400915465894562	0.0	386472	3602.6538527218413	0.75
15778.888718483928	750	12.641645995985957	0.0	399894	3759.2694699086046	0.75
15782.467352632651	750	13.063011847262738	0.0	401853	3578.6341487232185	0.75
15788.09489861772	750	11.43546586219333	0.0	343800	5627.545985069409	0.75
15798.936498334322	750	4.59386614559191	0.0	359903	10841.59971660142	0.75
15802.746845425097	300	4.783519054816541	0.0	153938	3810.3470907753695	-0.15000000000000002
15806.004443551172	300	5.525920928742054	0.0	181901	3257.5981260744866	0.3
15807.258756789655	300	8.271607690258806	0.0	111155	1254.3132384832486	0.3
15809.140178653552	300	10.390185826362723	0.0	153605	1881.4218638960826	0.3
15811.409819049084	300	12.120545430829205	0.0	149029	2269.6403955335195	0.3
15814.164167609308	300	13.366196870605574	0.0	157421	2754.34856022363	0.3
15817.629900628783	300	13.900463851131164	0.0	157488	3465.7330194744104	0.3
15820.316600839553	300	15.21376364036143	0.0	143881	2686.7002107697335	0.3
15822.823620724846	300	16.706743755069613	0.0	163444	2507.0198852918184	0.3
15825.112379275017	300	18.417985204898162	0.0	179328	2288.7585501714493	0.3
15827.019577406598	300	20.51078707331696	0.0	159914	1907.1981315812043	0.3
15828.781851280866	300	22.748513199049295	0.0	131610	1762.2738742676645	0.3
15831.13717979378	300	24.393184686135307	0.0	124011	2355.328512913987	0.3
15834.128674430156	300	25.401690049760475	0.0	144254	2991.4946363748313	0.3
15837.192932898002	300	26.337431581914238	0.0	149991	3064.2584678462385	0.3
15839.653779134462	300	27.876585345454938	0.0	147968	2460.8462364593	0.3
15841.170926496912	300	30.359437983005073	0.0	161857	1517.1473624498672	0.3
15842.30726445189	300	33.22310002802521	0.0	145210	1136.3379549798628	0.3
15843.800130554675	300	35.73023392524307	0.0	172312	1492.8661027821402	0.3
15845.387627524691	300	38.14273695522705	0.0	167025	1587.4969700160148	0.3
15848.900154238358	750	38.63021024155895	0.0	393804	3512.526713668109	0.3
15851.685820033674	750	39.844544446244605	0.0	331053	2785.665795314343	0.75
15854.962524246319	750	40.56784023359937	0.0	314107	3276.704212645235	0.75

