24440.4977362482	750	4.0	3.9127276647253035	450283	3912.7276647253034	0.5	-16.074728958318804
24441.929329268307	300	6.568406979893699	0.0	155580	1431.593020106301	0.5	-0.15000000000000002
24443.095830021604	300	9.401906226594866	0.0	139857	1166.500753298834	0.5	0.3
24445.70997182128	750	10.787764426918992	0.0	382355	2614.1417996758746	0.5	0.3
24448.130151647892	750	12.36758460030979	0.0	411561	2420.179826609202	0.5	0.75
24450.351637165022	750	14.146099083181726	0.0	318564	2221.4855171280647	0.5	0.75
24455.639660495443	1200	12.858075752760548	0.0	561791	5288.023330421176	0.5	0.75
24463.757727336815	1200	8.740008911384749	0.0	709534	8118.066841375801	0.5	1.2
24466.196056465287	750	10.30167978291423	0.0	374758	2438.329128470519	0.5	0.3
24468.27103502781	750	12.22670122039004	0.0	362795	2074.9785625241866	0.5	0.75
24470.458129148454	750	14.039607099744986	0.0	353220	2187.094120645055	0.5	0.75
24472.84158327178	750	15.65615297642033	0.0	405134	2383.4541233246573	0.5	0.75
24475.060659421597	750	17.437076826604113	0.0	386351	2219.076149816218	0.5	0.75
24477.508150898913	750	18.98958534928626	0.0	434409	2447.491477317852	0.5	0.75
24482.52688134377	1850	17.97085490443302	0.0	821631	5018.730444853242	0.5	0.75
24490.067960685225	1850	14.429775562977513	0.0	923170	7541.079341455505	0.5	1.85
24501.106549732103	1850	7.391186516096952	0.0	966699	11038.589046880561	0.5	1.85
24507.21344130681	750	5.2842949413928775	0.0	372963	6106.891574704075	0.5	-0.3500000000000001
24508.33187420726	300	8.165862040940135	0.0	165384	1118.4329004527424	0.5	-0.15000000000000002
24509.61018612393	300	10.887550124267454	0.0	140881	1278.3119166726804	0.5	0.3
24511.07955839076	300	13.418177857439517	0.0	157671	1469.3722668279374	0.5	0.3
24512.52914407235	300	15.968592175849617	0.0	157812	1449.5856815898999	0.5	0.3
24514.057292201363	300	18.440444046838937	0.0	163927	1528.148129010682	0.5	0.3
24518.723392001106	1200	17.774344247093417	0.0	536667	4666.09979974552	0.5	0.29999999999999993
24523.918850948183	1200	16.578885300020158	0.0	587236	5195.458947073262	0.5	1.2
24532.89258965328	1200	11.605146594920436	0.0	590335	8973.73870509972	0.5	1.2
24540.719062693555	750	7.778673554645887	0.0	425781	7826.473040274549	0.5	0.3
24547.33187583678	750	5.16586041142387	0.0	277716	6612.813143222016	0.5	0.75
24550.274374882174	300	6.223361366031277	0.0	153605	2942.4990453925934	0.5	-0.15000000000000002
24553.73200148146	300	6.7657347667419865	0.0	149029	3457.6265992892904	0.5	0.3
24557.628898902578	300	6.868837345626817	0.0	157421	3896.897421115169	0.5	0.3
24563.274226373724	300	5.22350987447974	0.0	157488	5645.327471147077	0.5	0.3
24568.23755731694	300	4.260178931265326	0.0	143881	4963.330943214414	0.5	0.3
24571.726928114684	300	4.770808133524806	0.0	163444	3489.3707977405197	0.5	0.3
24574.56074469339	300	5.936991554817798	0.0	179328	2833.8165787070084	0.5	0.3
24576.88443822207	300	7.613298026140435	0.0	159914	2323.693528677362	0.5	0.3
24578.52607192599	300	9.971664322217675	0.0	131610	1641.633703922761	0.5	0.3
24579.769653976502	300	12.728082271704467	0.0	124011	1243.5820505132085	0.5	0.3
24581.077814691085	300	15.419921557124225	0.0	144254	1308.1607145802418	0.5	0.3
24582.20360894448	300	18.294127303728413	0.0	149991	1125.7942533958135	0.5	0.3
24585.04801490646	750	19.449721341746663	0.0	345516	2844.4059619817467	0.5	0.3
24589.436597868018	750	19.06113838018963	0.0	384505	4388.582961557032	0.5	0.75
24596.910639066366	750	15.587097181843543	0.0	372093	7474.041198346087	0.5	0.75
24608.640848953233	750	7.8568872949776924	0.0	438281	11730.20988686585	0.5	0.75
24614.702662100965	300	5.795074147246804	0.0	167025	6061.813147730889	0.5	-0.15000000000000002
24619.160393599406	300	5.337342648805283	0.0	160064	4457.731498441521	0.5	0.3
24623.00417480493	300	5.493561443281643	0.0	137507	3843.78120552364	0.5	0.3
24626.154245217902	300	6.343491030312176	0.0	118421	3150.0704129694673	0.5	0.3

