19064.206725300486	750	4.0	6.275717151967713	450283	6275.717151967713	-26.235583753461167
19066.381408018842	300	5.825317281643536	0.0	155580	2174.6827183564637	-0.15000000000000002
19068.467332523243	300	7.7393927772440305	0.0	139857	2085.924504399506	0.3
19072.394298359042	300	7.812426941441434	0.0	155432	3926.9658358025963	0.3
19074.199642348354	300	10.00708295213319	0.0	163442	1805.343989308242	0.3
19075.687148016852	300	12.519577283635904	0.0	126289	1487.5056684972856	0.3
19077.7008077023	300	14.505917598187823	0.0	153295	2013.6596854480813	0.3
19085.162186786492	750	11.044538513997027	0.0	437162	7461.379084190796	0.3
19091.0582064019	750	9.14851889859048	0.0	374758	5896.019615406549	0.75
19092.92894190286	300	11.277783397629033	0.0	139105	1870.7355009614455	-0.15000000000000002
19094.681276124687	300	13.525449175804864	0.0	141840	1752.3342218241694	0.3
19096.45516798936	300	15.751557311132007	0.0	156148	1773.8918646728566	0.3
19100.192009278442	750	16.014716022045818	0.0	386351	3736.8412890861905	0.3
19105.002608254243	750	15.204117046245672	0.0	434409	4810.598975800145	0.75
19111.938575798784	750	12.268149501706073	0.0	337059	6935.967544539599	0.75
19119.90711170432	750	8.299613596170134	0.0	366214	7968.535905535939	0.75
19122.583015799068	300	9.623709501421681	0.0	143509	2675.904094748453	-0.15000000000000002
19125.781832783843	300	10.424892516645654	0.0	150616	3198.816984776027	0.3
19129.724438571535	300	10.482286728954051	0.0	165384	3942.6057876916016	0.3
19133.114885638654	300	11.091839661833344	0.0	140881	3390.4470671207073	0.3
19136.5371440369	300	11.669581263588274	0.0	157671	3422.258398245071	0.3
19139.32309991433	300	12.883625386157386	0.0	157812	2785.9558774308884	0.3
19141.61495856107	300	14.591766739417602	0.0	163927	2291.8586467397845	0.3
19148.62032815028	750	11.586397150207905	0.0	343800	7005.369589209698	0.3
19151.67829767606	300	12.528427624428547	0.0	146754	3057.969525779357	-0.15000000000000002
19155.520559281467	300	12.686166019019295	0.0	153938	3842.261605409252	0.3
19158.987032014404	300	13.219693286083006	0.0	181901	3466.472732936289	0.3
19161.767127688006	300	14.43959761248235	0.0	111155	2780.0956736006556	0.3
19164.9080923798	300	15.298632920685298	0.0	153605	3140.964691797051	0.3
19169.64938516991	750	14.557340130578057	0.0	400508	4741.292790107242	0.3
19172.95406713349	750	15.252658166998287	0.0	358218	3304.6819635797683	0.75
19177.954175675888	750	14.252549624600801	0.0	400322	5000.108542397486	0.75
19185.233984745857	750	10.972740554630247	0.0	369834	7279.809069970553	0.75
19188.394687292603	300	11.812038007885489	0.0	163444	3160.7025467447584	-0.15000000000000002
19191.199486465484	300	13.007238835001996	0.0	179328	2804.799172883493	0.3
19193.52257896721	300	14.684146333275134	0.0	159914	2323.0925017268623	0.3
19195.64529218297	300	16.561433117514866	0.0	131610	2122.713215760268	0.3
19202.96681476629	750	13.23991053419601	0.0	361565	7321.522583318856	0.3
19209.498528331304	750	10.708196969182032	0.0	378327	6531.713565013977	0.75
19214.75758718642	750	9.449138114060952	0.0	390680	5259.058855121079	0.75
19216.705480916913	300	11.501244383568718	0.0	147968	1947.8937304922342	-0.15000000000000002
19218.497369560188	300	13.70935574029605	0.0	161857	1791.8886432726667	0.3
19220.20555754173	300	16.00116775875436	0.0	145210	1708.1879815416917	0.3
19225.183790355048	750	15.02293494543316	0.0	438281	4978.232813321197	0.3
19230.386549984585	750	13.820175315896918	0.0	398987	5202.759629536243	0.75
19235.495435124794	750	12.71129017568621	0.0	393804	5108.885140210708	0.75
19240.45905066801	750	11.747674632471378	0.0	331053	4963.615543214831	0.75
19245.17023680283	750	11.036488497652282	0.0	314107	4711.186134819096	0.75

