22071.472517528302	750	4.0	4.3779972098671385	450283	4377.997209867139	-18.075388002428696
22072.730795292216	300	6.741722236087304	0.0	155580	1258.2777639126964	-0.15000000000000002
22073.77577112555	300	9.696746402752327	0.0	139857	1044.975833334976	0.3
22078.458829749714	1200	9.01368777858972	0.0	617681	4683.058624162607	0.29999999999999993
22083.487533097632	1200	7.984984430672345	0.0	652874	5028.703347917375	1.2
22085.9307037158	750	9.541813812505193	0.0	318564	2443.1706181671507	0.3
22089.656592323234	1200	9.81592520507387	0.0	561791	3725.8886074313227	0.75
22094.526469000044	1200	8.946048528261377	0.0	709534	4869.876676812494	1.2
22097.373117297586	750	10.099400230721063	0.0	374758	2846.648297540314	0.3
22102.522533367413	1200	8.949984160893019	0.0	560821	5149.416069828046	0.75
22105.859449503594	750	9.613068024714925	0.0	353220	3336.916136178093	0.3
22111.207313441	1200	8.265204087312364	0.0	594078	5347.863937402561	0.75
22115.287976043783	750	8.184541484526916	0.0	386351	4080.662602785449	0.3
22121.265297165897	750	6.207220362413191	0.0	434409	5977.3211221137235	0.75
22122.803247027055	300	8.669270501254754	0.0	140051	1537.9498611584374	-0.15000000000000002
22125.95957647326	750	9.512941055050502	0.0	366214	3156.3294462042527	0.3
22131.283435144065	1200	8.189082384243209	0.0	617242	5323.858670807293	0.75
22134.412463125056	750	9.06005440325403	0.0	372963	3129.027980989178	0.3
22139.765008144863	1200	7.7075093834503186	0.0	639204	5352.545019803712	0.75
22142.77711540787	750	8.695402120444692	0.0	350713	3012.1072630056265	0.3
22145.90329582742	750	9.569221700895742	0.0	386472	3126.1804195489512	0.75
22150.40848577624	1200	9.064031752074449	0.0	616206	4505.189948821293	0.75
22155.888184090418	1200	7.584333437897102	0.0	656471	5479.698314177347	1.2
22159.620499647328	750	7.852017880985888	0.0	343800	3732.3155569112128	0.3
22162.517190428483	750	8.95532709982743	0.0	359903	2896.6907811584574	0.75
22165.159211479444	750	10.313306048867611	0.0	379700	2642.0210509598205	0.75
22170.606015914942	1200	8.866501613367651	0.0	696376	5446.804435499959	0.75
22173.07282521772	750	10.3996923105909	0.0	277716	2466.8093027767495	0.3
22179.012767470893	1200	8.459750057417104	0.0	622896	5939.942253173796	0.75
22183.238884520215	750	8.233633008096104	0.0	400508	4226.117049320999	0.3
22186.96395674797	750	8.508560780339598	0.0	358218	3725.072227756507	0.75
22190.87305505584	750	8.599462472472991	0.0	400322	3909.0983078666063	0.75
22194.71910314726	750	8.753414381048719	0.0	369834	3846.048091424272	0.75
22198.99364476903	750	8.478872759278623	0.0	412837	4274.541621770095	0.75
22202.610915956382	750	8.861601571930166	0.0	401088	3617.271187348459	0.75
22205.85236272529	750	9.620154803019897	0.0	365161	3241.4467689102685	0.75
22210.015693897527	1200	9.456823630785443	0.0	487812	4163.331172234453	0.75
22215.286979223518	1200	8.185538304791729	0.0	575591	5271.285325993715	1.2
22218.924165415592	750	8.54835211271832	0.0	378327	3637.1861920734095	0.3
22222.300295729307	750	9.172221799005136	0.0	390680	3376.130313713183	0.75
22229.351623589988	1200	6.120893938320981	0.0	566904	7051.327860684155	0.75
22232.563474995146	300	6.909042533161865	0.0	161857	3211.8514051591155	-0.6000000000000001
22235.329344096837	300	8.143173431473675	0.0	145210	2765.8691016881903	0.3
22239.666264878095	750	7.80625265021543	0.0	438281	4336.920781258245	0.3
22242.962301460648	750	8.51021606766207	0.0	398987	3296.036582553361	0.75
22246.513555452162	750	8.958962076148968	0.0	393804	3551.253991513101	0.75
22249.041674001983	750	10.430843526323827	0.0	331053	2528.118549825142	0.75
22253.64313412555	1200	9.829383402759335	0.0	550906	4601.460123564491	0.75

