26009.05363328725	750	4.0	3.3429362672757508	450283	3342.9362672757507	-13.624625949285727
26010.24175494437	300	6.811878342882704	0.0	155580	1188.1216571172963	-0.15000000000000002
26014.626219645506	1200	6.427413641744934	0.0	571051	4384.464701137769	0.29999999999999993
26019.1925170839	1200	5.861116203353491	0.0	617681	4566.297438391443	1.2
26022.792496287828	1200	6.261136999425592	0.0	652874	3599.979203927899	1.2
26025.836335711447	1200	7.217297575807898	0.0	520315	3043.8394236176946	1.2
26028.575330874555	1200	8.478302412700456	0.0	561791	2738.9951631074414	1.2
26033.292018384698	1850	7.761614902558125	0.0	1060487	4716.68751014233	1.2000000000000002
26034.97737867246	750	10.076254614796143	0.0	374758	1685.360287761982	-0.3500000000000001
26037.212607911682	1200	11.841025375575663	0.0	560821	2235.22923922048	0.75
26041.733610794166	1850	11.320022493091797	0.0	939819	4521.002882483868	1.2000000000000002
26044.585290477567	750	12.468342809694203	0.0	405134	2851.679683397593	-0.3500000000000001
26047.18808656728	750	13.86554671998295	0.0	386351	2602.796089711254	0.75
26051.58227667148	750	13.471356615782739	0.0	434409	4394.19010420021	0.75
26053.355092531194	300	15.698540756070383	0.0	140051	1772.8158597123572	-0.15000000000000002
26057.82173060555	750	15.231902681711873	0.0	366214	4466.638074358511	0.3
26059.210923577484	300	17.842709709778607	0.0	143509	1389.1929719332659	-0.15000000000000002
26063.1151794681	750	17.938453819163243	0.0	372963	3904.2558906153645	0.3
26064.956651531505	300	20.096981755757454	0.0	165384	1841.4720634057876	-0.15000000000000002
26069.521136780917	750	19.532496506347954	0.0	350713	4564.485249409498	0.3
26071.717926475707	300	21.335706811558595	0.0	157671	2196.78969478936	-0.15000000000000002
26073.82257727073	300	23.231056016534758	0.0	157812	2104.6507950238342	0.3
26080.440825629128	750	20.612807658139804	0.0	401853	6618.248358394952	0.3
26082.811800232343	300	22.241833054922463	0.0	137654	2370.9746032173434	-0.15000000000000002
26084.81721363637	300	24.236419650897506	0.0	146754	2005.4134040249564	0.3
26085.848377637794	300	27.20525564946875	0.0	153938	1031.1640014287586	0.3
26088.32998401253	750	28.72364927473497	0.0	425781	2481.6063747337776	0.3
26090.16246710043	750	30.891166186839136	0.0	277716	1832.4830878958355	0.75
26094.113968460595	1200	30.93966482667199	0.0	622896	3951.5013601671467	0.75
26098.417950235147	1200	30.635683052120175	0.0	641447	4303.981774551816	1.2
26103.03802252851	1850	30.01561075875735	0.0	873429	4620.072293362823	1.2000000000000002
26107.488804867255	1850	29.56482842001097	0.0	954453	4450.782338746381	1.85
26111.542380951312	1850	29.511252335956094	0.0	885062	4053.5760840548764	1.85
26116.3226353543	1850	28.73099793297022	0.0	1035329	4780.254402985878	1.85
26123.620566556034	1850	25.433066731235968	0.0	1026056	7297.931201734249	1.85
26135.58671739067	1850	17.466915896598344	0.0	943942	11966.150834637627	1.85
26145.6730851224	1850	11.380548164870856	0.0	728962	10086.367731727489	1.85
26147.54040849158	300	13.513224795690578	0.0	124011	1867.3233691802789	-1.25
26151.858424298134	750	13.19520898913314	0.0	378327	4318.015806557436	0.3
26157.548627539756	750	11.505005747508001	0.0	390680	5690.20324162514	0.75
26160.66964563094	750	12.383987656324669	0.0	345516	3121.0180911833327	0.75
26163.606872188222	750	13.446761099045217	0.0	384505	2937.226557279451	0.75
26166.39960309886	750	14.654030188405384	0.0	372093	2792.7309106398343	0.75
26171.02494758077	1200	14.028685706499376	0.0	634861	4625.344481906008	0.75
26175.638781343834	1200	13.41485194343545	0.0	630203	4613.833763063926	1.2
26181.67366451091	1200	11.379968776357307	0.0	638661	6034.883167078142	1.2
26188.364746232186	1200	8.688887055080682	0.0	538612	6691.081721276624	1.2
26192.84738292468	1200	8.206250362586657	0.0	550906	4482.636692494028	1.2

