5836.274169330303	750	4.0	3.9247822452337946	450283	3924.7822452337946	0.117521845	-16.126563654505315
5837.625565623519	300	6.648603706784821	0.0	155580	1351.3962932151785	0.32318625	-0.15000000000000002
5838.677702687529	300	9.596466642774697	0.0	139857	1052.1370640101254	0.19488643	0.3
5840.0608283142	300	12.213341016103536	0.0	155432	1383.1256266711605	0.033931226	0.3
5841.498901036595	300	14.775268293708956	0.0	163442	1438.0727223945805	0.10346212	0.3
5842.435659295456	300	17.838510034847047	0.0	126289	936.7582588619088	0.17948475	0.3
5843.47855668939	300	20.79561264091363	0.0	153295	1042.8973939334187	0.0879134	0.3
5844.841712230147	300	23.43245710015649	0.0	173849	1363.1555407571384	0.111007035	0.3
5845.693747175238	300	26.580422155065612	0.0	150710	852.0349450908786	0.1429688	0.3
5846.578921936563	300	29.695247393740114	0.0	139105	885.174761325496	0.6683927	0.3
5848.684368605762	750	31.589800724541515	0.0	353220	2105.4466691986026	0.6963585	0.3
5850.948010383422	750	33.326158946881186	0.0	405134	2263.641777660326	0.0090760635	0.75
5853.527029448555	750	34.747139881747685	0.0	386351	2579.0190651334983	0.006162395	0.75
5857.590453937064	750	34.683715393239154	0.0	434409	4063.424488508533	0.005653069	0.75
5860.261354204031	750	36.01281512627204	0.0	337059	2670.900266967113	0.004705182	0.75
5862.192955867016	750	38.081213463285955	0.0	366214	1931.6016629860849	0.004705182	0.75
5864.424929895524	750	39.849239434778546	0.0	360831	2231.974028507411	0.05082161	0.75
5867.620376225228	750	40.65379310507401	0.0	372963	3195.446329704534	0.07610752	0.75
5871.42440573773	750	40.849763592572685	0.0	405596	3804.02951250132	0.024887487	0.75
5876.770025797188	750	39.50414353311378	0.0	350713	5345.620059458904	0.020547671	0.75
5881.206896443881	750	39.06727288642096	0.0	386472	4436.870646692826	0.004705182	0.75
5885.306764821644	750	38.967404508657665	0.0	399894	4099.8683777632905	0.004705182	0.75
5889.242144195455	750	39.032025134846265	0.0	401853	3935.3793738114	0.005446622	0.75
5892.063227011535	750	40.210942318766925	0.0	343800	2821.082816079341	0.010157538	0.75
5895.367939150299	750	40.90623018000232	0.0	359903	3304.712138764602	0.040931035	0.75
5902.161924560449	750	38.11224476985224	0.0	379700	6793.985410150083	0.05940587	0.75
5911.039285952177	750	33.23488337812402	0.0	425781	8877.361391728222	0.004705182	0.75
5914.454956582818	750	33.819212747482815	0.0	277716	3415.6706306412025	0.004705182	0.75
5919.942181943131	750	32.33198738716996	0.0	400396	5487.225360312857	0.004705182	0.75
5925.319392657126	750	30.954776673175616	0.0	400508	5377.210713994343	0.004705182	0.75
5928.625358697655	750	31.648810632645574	0.0	358218	3305.966040530043	0.004705182	0.75
5932.560874093108	750	31.713295237192494	0.0	400322	3935.5153954530797	0.012042401	0.75
5937.666702229501	750	30.607467100799955	0.0	369834	5105.828136392541	0.021639653	0.75
5942.127277155756	750	30.146892174545236	0.0	412837	4460.574926254717	0.005759477	0.75
5948.651154873333	750	27.623014456967972	0.0	401088	6523.877717577263	0.012123361	0.75
5954.173973769641	750	26.10019556066059	0.0	365161	5522.818896307383	0.005014808	0.75
5956.380428871334	750	27.893740458967507	0.0	321064	2206.455101693086	0.005005662	0.75
5959.259688908556	750	29.014480421744185	0.0	361565	2879.260037223323	0.18719065	0.75
5961.4447763840535	750	30.829392946247268	0.0	378327	2185.0874754969172	0.4725245	0.75
5964.619605507318	1200	31.654563822982848	0.0	587506	3174.829123264418	0.09771148	0.75
5967.956975967637	1200	32.31719336266306	0.0	566904	3337.370460319782	0.00981068	1.2
5974.3493984249635	1200	29.924770905336548	0.0	641452	6392.422457326515	0.013041794	1.2
5978.045169247224	1200	30.22900008307621	0.0	599477	3695.7708222603405	0.004705182	1.2
5982.185571285216	1200	30.08859804508369	0.0	634861	4140.402037992517	0.008451291	1.2
5987.948589410622	1200	28.32557991967815	0.0	630203	5763.018125405537	0.010461016	1.2
5991.197025629178	1200	29.077143701122232	0.0	638661	3248.436218555917	0.004843985	1.2
5994.344102833987	1200	29.930066496313238	0.0	538612	3147.077204808997	0.067001745	1.2
5996.951334251374	1200	31.322835078925767	0.0	550906	2607.231417387468	0.08169974	1.2

