3682.3449244209196	750	4.0	3.13772266060829	450283	3137.72266060829	-12.742207440615646
3683.3147740788772	300	7.0301503420424005	0.0	155580	969.8496579575992	-0.15000000000000002
3684.1180583769637	300	10.22686604395588	0.0	139857	803.2842980865196	0.3
3685.739706684041	750	12.605217736878757	0.0	382355	1621.6483070771246	0.3
3687.1060649779765	750	15.238859442943076	0.0	411561	1366.35829393568	0.75
3688.088913947393	750	18.25601047352673	0.0	318564	982.8489694163447	0.75
3690.1487545444315	1850	20.196169876487946	0.0	905515	2059.840597038783	0.75
3693.0108892891376	1850	21.334035131781967	0.0	1060487	2862.1347447059825	1.85
3695.864303167907	1850	22.480621253012394	0.0	852833	2853.4138787695697	1.85
3701.29281466158	1850	21.0521097593391	0.0	913888	5428.511493673298	1.85
3711.0183959146493	1850	15.32652850626988	0.0	939819	9725.581253069218	1.85
3719.175424032842	1850	11.169500388077118	0.0	917428	8157.028118192762	1.85
3720.6127894404895	750	13.732134980429429	0.0	386351	1437.36540764769	-0.3500000000000001
3724.299580645994	1850	14.045343774924975	0.0	1036454	3686.7912055044517	0.75
3726.850801097577	1850	15.49412332334161	0.0	821631	2551.220451583366	1.85
3729.903925218142	1850	16.44099920277635	0.0	923170	3053.1241205652586	1.85
3733.187003444176	1850	17.15792097674278	0.0	966699	3283.0782260335727	1.85
3736.399126718349	1850	17.945797702569113	0.0	885714	3212.123274173663	1.85
3738.999465955485	1850	19.34545846543318	0.0	987708	2600.3392371359364	1.85
3742.029057491236	1850	20.315866929682524	0.0	923755	3029.591535750654	1.85
3745.284669353878	1850	21.060255067040146	0.0	891604	3255.611862642378	1.85
3748.9134873453822	1850	21.431437075536365	0.0	955231	3628.817991503779	1.85
3751.9837148321726	1850	22.36120958874581	0.0	968026	3070.227486790554	1.85
3754.534656680379	1850	23.810267740539388	0.0	874175	2550.941848206426	1.85
3756.379508037025	1850	25.965416383893533	0.0	897976	1844.8513566458541	1.85
3758.652195518122	1850	27.69272890279643	0.0	905935	2272.687481097107	1.85
3761.488499570848	1850	28.856424850070418	0.0	1076599	2836.3040527260073	1.85
3766.918082743776	4300	27.42684167714237	0.0	1972048	5429.58317292805	1.8499999999999996
3772.8841859740887	4300	25.460738446829975	0.0	2134614	5966.103230312393	4.3
3777.8805767613317	4300	24.464347659586377	0.0	2164140	4996.3907872436	4.3
3783.0634698827876	4300	23.281454538130657	0.0	2113193	5182.893121455721	4.3
3789.002417135642	4300	21.342507285276035	0.0	2147852	5938.94725285462	4.3
3795.0494048372448	4300	19.295519583673858	0.0	2191074	6046.98770160218	4.3
3801.47579215896	4300	16.869132261958637	0.0	2286761	6426.3873217152195	4.3
3811.734244095886	4300	10.61068032503238	0.0	2307787	10258.451936926256	4.3
3815.871260722569	1850	10.473663698349805	0.0	943942	4137.0166266825745	-0.6000000000000001
3817.923937922001	1850	12.420986498917411	0.0	728962	2052.677199432394	1.85
3820.8266366367843	1850	13.518287784134293	0.0	938587	2902.6987147831196	1.85
3823.648754032589	1850	14.69617038832953	0.0	908665	2822.117395804763	1.85
3826.33597913499	1850	16.00894528592862	0.0	930577	2687.225102400913	1.85
3828.84499203023	1850	17.499932390688592	0.0	858450	2509.0128952400273	1.85
3832.5901432088226	1850	17.75478121209559	0.0	1025005	3745.1511785930024	1.85
3834.6277631094267	1200	19.71716131149135	0.0	599477	2037.6199006042423	0.5499999999999999
3838.478176682085	1850	19.866747738833116	0.0	973972	3850.4135726582326	1.2000000000000002
3841.942549500539	1850	20.40237492037943	0.0	958994	3464.3728184536903	1.85
3845.472748122499	1850	20.8721762984197	0.0	982064	3530.1986219597316	1.85
3848.1376510223545	1850	22.207273398563967	0.0	830730	2664.9028998557283	1.85
3850.175327617999	1850	24.169596802919862	0.0	846370	2037.6765956441056	1.85

