17621.46130778486	750	4.0	4.751626329382562	450283	4751.626329382562	-19.681993216345017
17623.10576270156	300	6.35554508329921	0.0	155580	1644.4549167007901	-0.15000000000000002
17624.540622734134	300	8.920685050724277	0.0	139857	1434.860032574934	0.3
17625.98757748613	300	11.473730298731356	0.0	155432	1446.95475199292	0.3
17629.068418158175	750	12.392889626685394	0.0	411561	3080.8406720459625	0.3
17631.3588608341	750	14.102446950756555	0.0	318564	2290.4426759288385	0.75
17634.796008561487	750	14.66529922337288	0.0	352642	3437.147727383676	0.75
17640.16893846586	750	13.292369319001358	0.0	437162	5372.929904371523	0.75
17645.479036611407	750	11.982271173452425	0.0	374758	5310.098145548933	0.75
17648.935194830876	750	12.526112953985157	0.0	362795	3456.1582194672683	0.75
17651.215790382113	750	14.245517402747526	0.0	353220	2280.5955512376304	0.75
17654.82887822858	750	14.632429556276612	0.0	405134	3613.087846470913	0.75
17659.036212368308	750	14.42509541654808	0.0	386351	4207.334139728534	0.75
17663.283863137953	750	14.177444646905984	0.0	434409	4247.650769642096	0.75
17666.257544560933	750	15.203763223926293	0.0	337059	2973.681422979692	0.75
17669.864184202124	750	15.597123582733158	0.0	366214	3606.6396411931355	0.75
17673.50086484503	750	15.960442939827441	0.0	360831	3636.6806429057183	0.75
17677.317864151173	750	16.14344363368548	0.0	372963	3816.9993061419627	0.75
17680.759013300147	750	16.70229448471257	0.0	405596	3441.149148972907	0.75
17684.00472664994	750	17.456581134918537	0.0	350713	3245.7133497940345	0.75
17687.146660977414	750	18.314646807442095	0.0	386472	3141.93432747644	0.75
17690.424938478434	750	19.036369306423513	0.0	399894	3278.2775010185815	0.75
17694.397234110438	750	19.06407367441794	0.0	401853	3972.2956320055705	0.75
17697.54044450695	750	19.92086327790451	0.0	343800	3143.210396513435	0.75
17700.80722016973	750	20.654087615124084	0.0	359903	3266.7756627804233	0.75
17707.752111892867	750	17.709195891986806	0.0	379700	6944.891723137282	0.75
17720.20167575816	750	9.259632026696245	0.0	425781	12449.56386529056	0.75
17722.36860139588	300	11.092706388975651	0.0	111155	2166.925637720593	-0.15000000000000002
17724.657838050425	300	12.803469734431328	0.0	153605	2289.2366545443238	0.3
17726.39446640302	300	15.066841381837026	0.0	149029	1736.6283525943018	0.3
17731.9129261107	750	13.548381674156838	0.0	358218	5518.459707680189	0.3
17735.328523419754	300	14.13278436510206	0.0	157488	3415.5973090547773	-0.15000000000000002
17741.3556230458	750	12.105684739052146	0.0	369834	6027.099626049914	0.3
17746.35848781757	750	11.102819967283223	0.0	412837	5002.864771768921	0.75
17754.280993132943	750	7.180314651910837	0.0	401088	7922.505315372386	0.75
17757.076973713814	300	8.384334071036665	0.0	159914	2795.980580874172	-0.15000000000000002
17758.395256090153	300	11.066051694699613	0.0	131610	1318.2823763370513	0.3
17759.38065287292	300	14.080654911933491	0.0	124011	985.3967827661226	0.3
17762.621495748965	750	14.839812035889896	0.0	378327	3240.8428760435954	0.3
17766.157428603594	750	15.303879181260253	0.0	390680	3535.9328546296424	0.75
17769.03187895817	750	16.429428826684067	0.0	345516	2874.4503545761877	0.75
17772.967301751545	750	16.494006033306853	0.0	384505	3935.4227933772117	0.75
17776.785076747063	750	16.676231037790497	0.0	372093	3817.774995516357	0.75
17780.145575198185	750	17.31573258667107	0.0	438281	3360.4984511194275	0.75
17784.162168978284	750	17.299138806569037	0.0	398987	4016.593780102033	0.75
17788.31462016663	750	17.146687618223492	0.0	393804	4152.451188345543	0.75
17796.3635584436	1850	13.09774934125179	0.0	830730	8048.938276971702	0.75
17799.813672199005	750	13.647635585852283	0.0	314107	3450.1137553995077	-0.3500000000000001

