8816.6762598642	750	4.0	4.127748728925795	450283	4127.748728925795	0.004705182	-16.999319534380916
8819.300199598312	300	5.376060265887466	0.0	155580	2623.939734112534	0.004705182	-0.15000000000000002
8820.416793084572	300	8.259466779627365	0.0	139857	1116.593486260102	0.004705182	0.3
8821.485153815598	300	11.19110604860217	0.0	155432	1068.3607310251944	0.004705182	0.3
8822.521612098619	300	14.154647765580098	0.0	163442	1036.4582830220731	0.028464079	0.3
8824.269995264418	750	16.40626459978061	0.0	318564	1748.3831657994845	0.61624235	0.3
8826.226449037895	750	18.449810826304965	0.0	352642	1956.4537734756439	0.29691362	0.75
8829.205149269706	750	19.471110594493314	0.0	437162	2978.7002318116492	0.41010705	0.75
8831.67264290078	750	21.003616963419542	0.0	374758	2467.4936310737708	0.21920586	0.75
8834.49928827355	750	22.176971590650368	0.0	362795	2826.6453727691755	0.22835839	0.75
8837.647367667027	750	23.028892197172617	0.0	353220	3148.07939347775	0.1405887	0.75
8842.833676003802	750	21.84258386039755	0.0	405134	5186.308336775067	0.045170814	0.75
8848.833099548143	750	19.843160316058615	0.0	386351	5999.423544338932	0.004705182	0.75
8852.413494164379	750	20.262765699820953	0.0	434409	3580.394616237663	0.027039494	0.75
8855.08788207454	750	21.588377789659095	0.0	337059	2674.387910161858	0.0049350713	0.75
8857.28565925721	750	23.39060060699111	0.0	366214	2197.777182667985	0.0068672895	0.75
8860.097574414556	750	24.578685449643423	0.0	360831	2811.9151573476834	0.05481299	0.75
8861.817022821422	750	26.859237042778116	0.0	372963	1719.448406865309	0.015674926	0.75
8863.661887950246	750	29.01437191395593	0.0	405596	1844.8651288221868	0.65878886	0.75
8865.94316978179	1200	30.733090082410328	0.0	586839	2281.2818315456016	0.32203573	0.75
8868.345065697904	1200	32.33119416629657	0.0	601738	2401.8959161137536	0.004705182	1.2
8870.555447699606	1200	34.12081216459459	0.0	616206	2210.3820017019875	0.004705182	1.2
8873.324503326465	1200	35.35175653773593	0.0	656471	2769.0556268586633	0.005969314	1.2
8875.254368304692	1200	37.42189155950802	0.0	536667	1929.8649782279133	0.010950476	1.2
8877.156366048785	1200	39.51989381541497	0.0	587236	1901.9977440930513	0.07999903	1.2
8878.939929252645	1200	41.73633061155512	0.0	590335	1783.5632038598453	0.6494718	1.2
8883.176256773426	2850	41.50000309077477	0.0	1547572	4236.327520780343	0.29599255	1.2000000000000002
8886.645591353725	2850	42.03066851047357	0.0	1141971	3469.334580301207	0.004705182	2.85
8892.273308747739	2850	40.40295111646005	0.0	1498470	5627.717394013514	0.004705182	2.85
8898.952673995098	2850	37.72358586910061	0.0	1561263	6679.365247359451	0.004705182	2.85
8902.820962181235	2850	37.85529768296341	0.0	1341201	3868.2881861371898	0.004705182	2.85
8908.122378192558	2850	36.55388167163887	0.0	1497683	5301.416011324547	0.004705182	2.85
8917.591579701988	2850	31.084680162209143	0.0	1358081	9469.201509429722	0.004705182	2.85
8927.22461514226	2850	25.451644721938276	0.0	1587293	9633.03544027087	0.004705182	2.85
8935.62697190632	2850	21.049287957876064	0.0	1492672	8402.35676406221	0.033839624	2.85
8941.338596528194	2850	19.337663336002276	0.0	1439896	5711.6246218737915	0.20713882	2.85
8945.371977057333	2850	19.3042828068636	0.0	1139291	4033.3805291386734	0.004705182	2.85
8951.315895846887	2850	17.36036401731114	0.0	1499009	5943.918789552461	0.004705182	2.85
8957.376927574145	2850	15.299332290052105	0.0	1427478	6061.031727259037	0.004705182	2.85
8965.510237070801	2850	11.166022793395896	0.0	1402287	8133.3094966562085	0.005393751	2.85
8967.841687909138	1200	12.834571955058292	0.0	566904	2331.4508383376037	0.041357312	-0.44999999999999996
8970.271578654827	1200	14.404681209368828	0.0	641452	2429.890745689465	0.004705182	1.2
8972.491255042843	1200	16.18500482135368	0.0	599477	2219.676388015146	0.037831463	1.2
8976.770803715712	1200	15.90545614848528	0.0	634861	4279.548672868401	0.6332148	1.2
8979.661718273393	1200	17.01454159080366	0.0	630203	2890.9145576816222	0.013214583	1.2
8982.2034680401	1200	18.47279182409792	0.0	638661	2541.749766705742	0.17939988	1.2
8987.090424809148	2850	17.585835055048445	0.0	1231456	4886.956769049473	0.048865702	1.2000000000000002
8991.951257203626	2850	16.725002660571416	0.0	1364537	4860.83239447703	0.004705182	2.85

