1489.823276345135	750	4.0	1.384287999087403	450283	1384.287999087403	1.3002844	-5.202438396075833
1491.909067077445	1200	5.9142092676901505	0.0	611087	2085.7907323098493	1.2103343	0.75
1494.11507821274	1200	7.7081981323951245	0.0	571051	2206.0111352950253	1.2522316	1.2
1496.2241221595748	1200	9.599154185560037	0.0	617681	2109.043946835087	1.2745818	1.2
1497.6446757712308	750	12.17860057390403	0.0	411561	1420.5536116560065	1.3222402	0.3
1498.7177066245847	750	15.105569720550056	0.0	318564	1073.030853353974	1.3615636	0.75
1499.2817718834199	300	18.54150446171486	0.0	153295	564.0652588351938	1.3838439	-0.15000000000000002
1500.6681632482034	750	21.155113096931423	0.0	437162	1386.3913647834422	1.3170929	0.3
1503.6632469676367	1850	22.16002937749806	0.0	852833	2995.0837194333635	1.4105219	0.75
1506.4392803086325	1850	23.38399603650222	0.0	913888	2776.033340995841	1.4865397	1.85
1508.2830870273865	1200	25.540189317748432	0.0	607410	1843.8067187537888	1.5004048	0.5499999999999999
1509.6741739594008	750	28.14910238573411	0.0	405134	1391.08693201432	1.497296	0.3
1511.9331585706618	1200	29.890117774472966	0.0	624282	2258.9846112611467	1.4440237	0.75
1515.2372370908745	1200	30.58603925426046	0.0	687371	3304.078520212506	1.5191203	1.2
1517.4309118791552	1200	32.39236446597954	0.0	526950	2193.674788280922	1.5180377	1.2
1520.410241142511	1850	33.41303520262366	0.0	923170	2979.32926335588	1.5322754	1.2000000000000002
1525.7606243965479	1850	32.06265194858688	0.0	966699	5350.383254036772	1.5483992	1.85
1528.5109285937824	750	33.312347751352235	0.0	372963	2750.304197234652	1.5315562	-0.3500000000000001
1534.1804743474822	750	31.64280199765244	0.0	405596	5669.545753699796	1.3848351	0.75
1536.132840403989	750	33.690435941145715	0.0	350713	1952.3660565067312	1.2936403	0.75
1538.015014864754	300	35.80826148038073	0.0	157671	1882.1744607649825	1.4147362	-0.15000000000000002
1545.4618881419508	1200	32.361388203183765	0.0	616206	7446.873277196963	1.2750982	0.29999999999999993
1555.4160412293777	1850	26.407235115756848	0.0	968026	9954.153087426917	1.3326436	1.2000000000000002
1563.668915387712	1850	22.154360957422373	0.0	874175	8252.874158334473	1.3310344	1.85
1567.889747861761	1200	21.933528483373745	0.0	587236	4220.832474048628	1.3137952	0.5499999999999999
1569.0165286131246	300	24.806747732010027	0.0	153938	1126.7807513637206	1.3357185	-0.6000000000000001
1571.6646232391658	750	26.15865310596859	0.0	425781	2648.0946260414344	1.2547978	0.3
1574.5912133544537	1200	27.232062990680838	0.0	487160	2926.590115287751	1.4081597	0.75
1576.6460843181924	750	29.177192026942006	0.0	400396	2054.8709637388342	1.4912362	0.3
1580.9805720740414	1200	28.842704271093034	0.0	641447	4334.487755848973	1.4717605	0.75
1585.011838692457	1200	28.811437652677323	0.0	570392	4031.266618415711	1.5115057	1.2
1589.511421170419	1200	28.311855174715408	0.0	620283	4499.582477961915	1.4685873	1.2
1592.5894830173902	750	29.233793327744383	0.0	369834	3078.061846971023	1.4594282	0.3
1601.7804520739903	1850	24.042824271144134	0.0	1035329	9190.969056600252	1.3817253	0.75
1608.7117462993808	1850	21.11153004575354	0.0	1026056	6931.294225390591	1.364707	1.85
1612.2480750001369	1200	21.575201344997648	0.0	598727	3536.3287007558947	1.3777483	0.5499999999999999
1615.1327864296497	1200	22.690489915484807	0.0	487812	2884.711429512842	1.478151	1.2
1616.8742435768802	750	24.949032768254508	0.0	361565	1741.4571472302985	1.4800392	0.3
1620.2022695207115	1200	25.621006824423	0.0	605884	3328.0259438315065	1.5418712	0.75
1622.6317503783591	750	27.191525966775462	0.0	390680	2429.4808576475375	1.5226731	0.3
1625.438002594643	1200	28.3852737504916	0.0	566904	2806.25221628386	1.5553119	0.75
1628.8548306877115	1200	28.96844565742308	0.0	641452	3416.8280930685232	1.5298806	1.2
1636.7636954792636	2850	25.059580865870913	0.0	1343002	7908.864791552167	1.5163347	1.2000000000000002
1640.426271786207	1200	25.397004558927353	0.0	634861	3662.576306943561	1.1850555	-0.44999999999999996
1643.4164155600129	750	26.40686078512148	0.0	398987	2990.1437738058753	1.4874808	0.3
1647.6422383576553	1200	26.181037987479126	0.0	638661	4225.822797642354	1.5200455	0.75
1656.359199265707	2850	21.46407707942739	0.0	1231456	8716.960908051731	1.4718217	1.2000000000000002
1660.2547353575776	1850	21.56854098755687	0.0	846370	3895.5360918705233	1.17635	0.8500000000000001

