1295.5788434237968	750	4.0	0.848125509873515	450283	848.1255098735149	0.5	-2.8969396924561144
1298.3360359830945	2850	5.242807440702372	0.0	1431809	2757.1925592976277	0.5	0.75
1302.5965555124112	4300	4.982287911385554	0.0	2177073	4260.519529316818	0.5	2.8499999999999996
1306.6794481878987	4300	4.8993952358980515	0.0	2160877	4082.8926754875024	0.5	4.3
1310.8194607987477	4300	4.759382625048962	0.0	2233056	4140.0126108490895	0.5	4.3
1314.3747084768004	4300	5.20413494699631	0.0	1941625	3555.247678052652	0.5	4.3
1318.3978149770553	4300	5.181028446741313	0.0	2157535	4023.1065002549967	0.5	4.3
1322.7736690538886	4300	4.8051743699081255	0.0	2290172	4375.854076833188	0.5	4.3
1326.9557574918754	4300	4.623085931921386	0.0	2055469	4182.088437986739	0.5	4.3
1329.5071064317385	2850	6.071736992058379	0.0	1429765	2551.3489398630077	0.5	1.4000000000000001
1331.9439581995264	2850	7.634885224270337	0.0	1354548	2436.851767788042	0.5	2.85
1336.2794639728324	4300	7.29937945096432	0.0	2102452	4335.505773306017	0.5	2.8499999999999996
1340.3468040957412	4300	7.232039328055688	0.0	2209463	4067.340122908632	0.5	4.3
1345.0051860952683	4300	6.573657328528632	0.0	2275376	4658.381999527057	0.5	4.3
1348.9092726028832	4300	6.669570820913694	0.0	2005399	3904.0865076149375	0.5	4.3
1352.9906750548655	4300	6.588168368931376	0.0	2152483	4081.402451982318	0.5	4.3
1357.1690124463685	4300	6.409830977428113	0.0	2289689	4178.337391503263	0.5	4.3
1361.0078988568384	4300	6.57094456695818	0.0	2059512	3838.8864104699333	0.5	4.3
1364.9549807815558	4300	6.623862642240853	0.0	2220726	3947.0819247173267	0.5	4.3
1368.8384253989002	4300	6.740418024896624	0.0	2156729	3883.4446173442293	0.5	4.3
1372.8685403171116	4300	6.7103031066850525	0.0	2039773	4030.114918211571	0.5	4.3
1377.1280504289905	4300	6.4507929948062674	0.0	2176469	4259.510111878785	0.5	4.3
1381.5552928509378	4300	6.023550572859144	0.0	2221506	4427.242421947123	0.5	4.3
1385.318691668142	4300	6.260151755654632	0.0	2044075	3763.3988172045124	0.5	4.3
1389.2734137315638	4300	6.305429692233003	0.0	2186790	3954.722063421629	0.5	4.3
1392.9995506807918	4300	6.579292743005095	0.0	2105231	3726.1369492279073	0.5	4.3
1397.6670041388195	4300	5.911839284977334	0.0	2395588	4667.453458027761	0.5	4.3
1401.2937224747836	4300	6.285120949012997	0.0	1972048	3626.718335964337	0.5	4.3
1405.2547851828738	4300	6.324058240922967	0.0	2134614	3961.062708090031	0.5	4.3
1409.5037554713188	4300	6.075087952477966	0.0	2164140	4248.970288445001	0.5	4.3
1413.5796139828606	4300	5.99922944093625	0.0	2113193	4075.8585115417154	0.5	4.3
1417.6282887247	4300	5.9505546990966725	0.0	2147852	4048.674741839578	0.5	4.3
1421.5564615672442	4300	6.022381856552416	0.0	2191074	3928.1728425442566	0.5	4.3
1425.7949073256748	4300	5.783936098121984	0.0	2286761	4238.445758430432	0.5	4.3
1430.298918100434	4300	5.279925323362745	0.0	2307787	4504.010774759239	0.5	4.3
1434.6274300540802	4300	4.9514133697166764	0.0	2143948	4328.511953646069	0.5	4.3
1438.0957345928232	4300	5.483108830973711	0.0	1919781	3468.3045387429656	0.5	4.3
1442.078970268062	4300	5.499873155734647	0.0	2147467	3983.2356752390638	0.5	4.3
1446.2688330058415	4300	5.310010417955091	0.0	2133870	4189.8627377795565	0.5	4.3
1448.8932539408765	2850	6.685589482920183	0.0	1402287	2624.4209350349074	0.5	1.4000000000000001
1452.9388770643966	4300	6.639966359400216	0.0	2108491	4045.623123519967	0.5	2.8499999999999996
1457.4972353580715	4300	6.0816080657252725	0.0	2184571	4558.3582936749435	0.5	4.3
1459.9319541016425	2850	7.6468893221542	0.0	1343002	2434.7187435710725	0.5	1.4000000000000001
1464.1181765059232	4300	7.460666917873572	0.0	2219102	4186.222404280628	0.5	2.8499999999999996
1468.0624437733672	4300	7.516399650429622	0.0	2124950	3944.26726744395	0.5	4.3
1472.185795961807	4300	7.393047461990022	0.0	2246506	4123.3521884396	0.5	4.3
1475.5924942042861	4300	7.98634921951051	0.0	1961140	3406.6982424795124	0.5	4.3
1479.6926030021968	4300	7.8862404215999975	0.0	2155012	4100.108797910512	0.5	4.3

