19436.714232272047	750	4.0	7.528019682657206	450283	7528.0196826572055	-31.62048463542598
19439.010586525117	300	5.7036457469296495	0.0	155580	2296.3542530703508	-0.15000000000000002
19441.01579219657	300	7.698440075476701	0.0	139857	2005.2056714529485	0.3
19443.413636950314	300	9.300595321732349	0.0	155432	2397.844753744352	0.3
19446.777251906467	300	9.936980365581523	0.0	163442	3363.614956150826	0.3
19449.028043927534	300	11.686188344512361	0.0	126289	2250.792021069161	0.3
19451.71366397828	300	13.000568293767628	0.0	153295	2685.6200507447343	0.3
19454.561204170852	300	14.153028101193177	0.0	173849	2847.5401925744527	0.3
19459.466198758833	750	13.248033513211759	0.0	374758	4904.9945879814195	0.3
19463.00098578259	750	13.713246489454024	0.0	362795	3534.787023757734	0.75
19466.91666629071	750	13.797565981335035	0.0	353220	3915.6805081189887	0.75
19470.930208137936	750	13.784024134105184	0.0	405134	4013.5418472298506	0.75
19475.16698797404	750	13.547244298002596	0.0	386351	4236.779836102589	0.75
19480.258130251317	750	12.456102020723073	0.0	434409	5091.142277279523	0.75
19484.573643141983	750	12.140589130059832	0.0	337059	4315.51289066324	0.75
19489.59269466025	750	11.121537611790977	0.0	366214	5019.051518268856	0.75
19495.097664868837	750	9.61656740320055	0.0	360831	5504.970208590426	0.75
19496.876058519098	300	11.83817375294239	0.0	150616	1778.39365025816	-0.15000000000000002
19499.361935584202	300	13.352296687838377	0.0	165384	2485.8770651040113	0.3
19501.657569135637	300	15.056663136404579	0.0	140881	2295.6335514337998	0.3
19503.474327961016	300	17.239904311024024	0.0	157671	1816.7588253805566	0.3
19507.821233695948	750	16.892998576093092	0.0	399894	4346.905734930934	0.3
19512.700902342756	750	16.01332992928351	0.0	401853	4879.668646809579	0.75
19516.534479296617	750	16.17975297542011	0.0	343800	3833.5769538633967	0.75
19520.941691508335	750	15.77254076370451	0.0	359903	4407.212211715604	0.75
19525.437441463502	750	15.276790808534937	0.0	379700	4495.749955169574	0.75
19530.83843070893	750	13.875801563107604	0.0	425781	5400.989245427331	0.75
19533.82723048547	750	14.887001786567177	0.0	277716	2988.7997765404275	0.75
19538.2095783896	750	14.504653882436989	0.0	400396	4382.347904130189	0.75
19542.713026386933	750	14.001205885104056	0.0	400508	4503.447997332933	0.75
19547.67586247412	750	13.038369797914237	0.0	358218	4962.836087189819	0.75
19552.186646154667	750	12.527586117367878	0.0	400322	4510.78368054636	0.75
19555.785705865095	750	12.928526406939271	0.0	369834	3599.059710428608	0.75
19560.064588099798	750	12.649644172238416	0.0	412837	4278.882234700856	0.75
19564.142857324772	750	12.571374947263838	0.0	401088	4078.269224974577	0.75
19567.690501215093	750	13.023731056943552	0.0	365161	3547.6438903202848	0.75
19571.87425487459	750	12.839977397447122	0.0	321064	4183.75365949643	0.75
19575.13917921775	750	13.575053054289052	0.0	361565	3264.9243431580685	0.75
19578.444667075175	750	14.269565196861361	0.0	378327	3305.4878574276913	0.75
19582.081542085205	750	14.63269018683167	0.0	390680	3636.8750100296897	0.75
19585.438924398022	750	15.27530787401105	0.0	345516	3357.3823128206195	0.75
19589.960500122703	750	14.753732149330514	0.0	384505	4521.575724680536	0.75
19593.885416498164	750	14.828815773868266	0.0	372093	3924.9163754622477	0.75
19597.283593904296	750	15.430638367736796	0.0	438281	3398.17740613147	0.75
19599.924136530775	750	16.790095741258185	0.0	398987	2640.54262647861	0.75
19602.808713681694	750	17.905518590339856	0.0	393804	2884.577150918328	0.75
19605.35858651955	750	19.355645752483113	0.0	331053	2549.872837856741	0.75
19608.044336991235	750	20.669895280796663	0.0	314107	2685.7504716864514	0.75

