13502.473005874528	750	4.0	6.579692689023528	450283	6579.692689023527	0.40661815	-27.542678562801168
13503.459793790678	300	7.013212083850239	0.0	155580	986.7879161497615	0.004705182	-0.15000000000000002
13505.407979842787	300	9.065026031742615	0.0	139857	1948.1860521076244	0.004705182	0.3
13509.414103608538	300	9.058902265989714	0.0	155432	4006.1237657529027	0.004705182	0.3
13513.507650161206	300	8.965355713323753	0.0	163442	4093.546552665962	0.004705182	0.3
13515.616221350141	300	10.856784524387702	0.0	126289	2108.57118893605	0.004705182	0.3
13517.792501225756	300	12.680504648772505	0.0	153295	2176.2798756151965	0.004705182	0.3
13521.206294166184	300	13.26671170834403	0.0	173849	3413.7929404284755	0.004705182	0.3
13524.060259991666	300	14.412745882862826	0.0	150710	2853.965825481205	0.004705182	0.3
13526.595846013493	300	15.877159861034803	0.0	139105	2535.5860218280227	0.004705182	0.3
13528.098378908206	300	18.374626966323696	0.0	141840	1502.5328947111045	0.004705182	0.3
13529.323094420526	300	21.149911454003995	0.0	156148	1224.7155123197024	0.030862879	0.3
13531.842177034978	750	22.63082883955273	0.0	386351	2519.0826144512653	0.63376766	0.3
13534.51812635922	750	23.954879515309983	0.0	434409	2675.9493242427484	0.011057577	0.75
13536.876492537216	750	25.596513337315155	0.0	337059	2358.3661779948284	0.05222714	0.75
13539.219445729332	750	27.25356014519756	0.0	366214	2342.953192117596	0.026231373	0.75
13541.398590532455	750	29.074415342074087	0.0	360831	2179.1448031234736	0.11795049	0.75
13544.704789016609	1200	29.768216857922223	0.0	581493	3306.198484151863	0.47196987	0.75
13549.85398755022	1200	28.619018324310698	0.0	639204	5149.198533611524	0.0073487484	1.2
13553.975733869693	1200	28.497272004837722	0.0	586839	4121.746319472977	0.11103882	1.2
13558.06911245396	1200	28.403893420570242	0.0	601738	4093.3785842674793	0.047179334	1.2
13560.898335415124	1200	29.57467045940501	0.0	616206	2829.222961165232	0.028825521	1.2
13563.703851530872	1200	30.769154343657537	0.0	656471	2805.516115747474	0.004705182	1.2
13566.27558717781	1200	32.197418696720895	0.0	536667	2571.735646936641	0.004705182	1.2
13568.607158063813	1200	33.86584781071871	0.0	587236	2331.570886002185	0.004705182	1.2
13570.840148252757	1200	35.63285762177393	0.0	590335	2232.9901889447774	0.0052153394	1.2
13574.123290731639	1200	36.349715142892734	0.0	696376	3283.142478881199	0.009449286	1.2
13576.354763322133	1200	38.11824255239851	0.0	487160	2231.472590494215	0.015772639	1.2
13581.692360507333	1200	36.780645367199	0.0	622896	5337.597185199511	0.02098821	1.2
13584.683890012435	1200	37.78911586209616	0.0	641447	2991.5295051028443	0.004705182	1.2
13588.164664386723	1200	38.30834148780879	0.0	570392	3480.7743742873727	0.008128438	1.2
13592.740178109085	1200	37.73282776544755	0.0	620283	4575.513722361231	0.004725011	1.2
13600.64200654127	1200	33.830999333263996	0.0	584349	7901.828432183558	0.004705182	1.2
13618.006728066162	1200	20.46627780837021	0.0	670129	17364.721524893783	0.044713017	1.2
13622.401128895784	300	20.071876978749255	0.0	179328	4394.400829620954	0.004705182	-0.6000000000000001
13626.305138316335	300	20.16786755819744	0.0	159914	3904.0094205518194	0.35055265	0.3
13629.164237887073	300	21.308767987459316	0.0	131610	2859.099570738124	0.67546225	0.3
13635.604789335399	750	18.868216539134583	0.0	361565	6440.55144832473	0.30579242	0.3
13637.68815778267	750	20.78484809186213	0.0	378327	2083.3684472724526	0.030282404	0.75
13639.822284317117	750	22.650721557415828	0.0	390680	2134.1265344463027	0.028081587	0.75
13642.578593723489	1200	23.894412151043916	0.0	566904	2756.3094063719154	0.44902986	0.75
13652.10411269022	1200	18.368893184313176	0.0	641452	9525.518966730739	0.013866441	1.2
13655.798494595369	750	18.674511279162765	0.0	372093	3694.3819051504097	0.034064516	0.3
13658.800821245031	750	19.67218462950094	0.0	438281	3002.326649661827	0.014368447	0.75
13661.841815969841	750	20.631189904691194	0.0	398987	3040.994724809744	0.48712483	0.75
13666.712293775152	1200	19.760712099379518	0.0	638661	4870.477805311673	0.043256447	0.75
13669.49319954574	1200	20.979806328791806	0.0	538612	2780.905770587715	0.0066343946	1.2
13672.115994926742	1200	22.357010947789036	0.0	550906	2622.7953810027684	0.16826975	1.2

