6923.544500536464	750	4.0	2.184991174137217	450283	2184.991174137217	-8.645462048790034
6924.224671904385	300	7.319828632077841	0.0	155580	680.1713679221592	-0.15000000000000002
6925.710666529043	750	9.83383400742072	0.0	350812	1485.9946246571205	0.3
6927.363795078815	750	12.180705457648827	0.0	382355	1653.1285497718932	0.75
6929.810680950239	750	13.733819586225628	0.0	411561	2446.8858714231974	0.75
6935.012763626016	750	12.531736910448645	0.0	318564	5202.082675776985	0.75
6945.190156846033	750	6.354343690431666	0.0	352642	10177.393220016978	0.75
6948.400396047322	300	7.144104489142444	0.0	173849	3210.239201289221	-0.15000000000000002
6950.1500431101485	300	9.394457426315888	0.0	150710	1749.6470628265556	0.3
6951.548561012617	300	11.995939523847133	0.0	139105	1398.5179024687561	0.3
6952.879661950775	300	14.66483858568983	0.0	141840	1331.1009381573017	0.3
6958.014625738579	750	13.529874797885878	0.0	405134	5134.963787803954	0.3
6962.879364513743	750	12.665136022722232	0.0	386351	4864.738775163646	0.75
6965.274056315662	750	14.27044422080267	0.0	434409	2394.6918019195627	0.75
6967.032898878485	750	16.51160165798015	0.0	337059	1758.8425628225184	0.75
6968.785546326266	750	18.75895421019961	0.0	366214	1752.6474477805375	0.75
6970.660454021986	750	20.884046514479248	0.0	360831	1874.907695720367	0.75
6972.871172562531	750	22.673327973933347	0.0	372963	2210.7185405459	0.75
6975.280972881571	750	24.26352765489336	0.0	405596	2409.8003190399904	0.75
6981.96550653958	1850	21.5789939968847	0.0	923755	6684.533658008653	0.75
6992.12558973957	1850	15.418910796894766	0.0	891604	10160.083199989936	1.85
6994.207436655075	750	17.337063881389565	0.0	399894	2081.8469155052007	-0.3500000000000001
6995.915206674038	750	19.629293862426394	0.0	401853	1707.7700189631687	0.75
6998.221651979224	1200	21.322848557240608	0.0	536667	2306.4453051857877	0.75
7002.748741379612	1850	20.795759156853386	0.0	897976	4527.08940038722	1.2000000000000002
7007.546110286408	1850	19.998390250056023	0.0	905935	4797.368906797366	1.85
7013.1900410536955	1850	18.354459482768583	0.0	1076599	5643.930767287438	1.85
7015.9543887549435	1850	19.590111781520697	0.0	758197	2764.3477012478884	1.85
7020.2511427956	1850	19.293357740864128	0.0	972798	4296.754040656568	1.85
7025.1259655691165	1850	18.418534967348037	0.0	975811	4874.822773516089	1.85
7028.91925800072	1850	18.62524253574429	0.0	873429	3793.2924316037465	1.85
7032.262912674894	1850	19.28158786157006	0.0	954453	3343.6546741742304	1.85
7035.037573146531	1850	20.506927389933413	0.0	885062	2774.66047163665	1.85
7039.400705931741	1850	20.143794604724015	0.0	1035329	4363.132785209396	1.85
7043.801595241935	1850	19.74290529453014	0.0	1026056	4400.889310193875	1.85
7046.835502804069	1850	20.70899773239653	0.0	943942	3033.907562133611	1.85
7049.224393960063	1850	22.320106576401987	0.0	728962	2388.8911559945395	1.85
7052.192511971761	1850	23.351988564704655	0.0	938587	2968.1180116973333	1.85
7055.404716867472	1850	24.139783668992887	0.0	908665	3212.204895711764	1.85
7059.269484739879	1850	24.275015796586086	0.0	930577	3864.7678724068014	1.85
7063.594108219447	1850	23.950392317018558	0.0	858450	4324.623479567527	1.85
7067.389070884942	1850	24.155429651523303	0.0	1025005	3794.9626654952563	1.85
7070.796141913351	1850	24.74835862311506	0.0	886255	3407.0710284082465	1.85
7073.921555743653	1850	25.622944792813506	0.0	973972	3125.413830301553	1.85
7077.234351912309	1850	26.310148624157765	0.0	958994	3312.7961686557373	1.85
7081.058303311764	1850	26.486197224702813	0.0	982064	3823.951399454951	1.85
7087.92835697781	1850	23.61614355865608	0.0	830730	6870.053666046733	1.85
7091.807681527299	1850	23.73681900916758	0.0	846370	3879.3245494885005	1.85

