25366.156538246174	750	4.0	3.3429362672757508	450283	3342.9362672757507	0.5	-13.624625949285727
25367.34465990329	300	6.811878342882704	0.0	155580	1188.1216571172963	0.5	-0.15000000000000002
25368.447820735855	300	9.708717510318698	0.0	139857	1103.160832564006	0.5	0.3
25371.508256477046	750	10.648281769128957	0.0	382355	3060.4357411897427	0.5	0.3
25374.449155853144	750	11.707382393029873	0.0	411561	2940.899376099083	0.5	0.75
25378.141556631326	1200	12.014981614848343	0.0	520315	3692.4007781815285	0.5	0.75
25380.93552496706	1200	13.221013279116516	0.0	561791	2793.9683357318286	0.5	1.2
25384.949670810576	1200	13.206867435597673	0.0	709534	4014.1458435188424	0.5	1.2
25387.46115849331	1200	14.69537975286314	0.0	584846	2511.4876827345333	0.5	1.2
25390.063278722442	1200	16.09325952373124	0.0	560821	2602.1202291318978	0.5	1.2
25392.77463607137	1200	17.381902174800526	0.0	607410	2711.3573489307187	0.5	1.2
25396.700956751716	1850	17.455581494456595	0.0	917428	3926.320680343934	0.5	1.2000000000000002
25402.285989482178	1850	15.870548763994263	0.0	946851	5585.032730462332	0.5	1.85
25412.417258547666	1850	9.739279698505916	0.0	1036454	10131.269065488346	0.5	1.85
25417.77817298249	1200	8.378365263685216	0.0	526950	5360.914434820699	0.5	0.5499999999999999
25421.807837353834	750	8.348700892340513	0.0	366214	4029.664371344703	0.5	0.3
25426.5236475308	750	7.632890715371697	0.0	360831	4715.810176968817	0.5	0.75
25428.60096315277	300	9.55557509340338	0.0	150616	2077.3156219683156	0.5	-0.15000000000000002
25430.834395243688	300	11.322143002485321	0.0	165384	2233.4320909180583	0.5	0.3
25433.137693215485	300	13.018845030688025	0.0	140881	2303.2979717972958	0.5	0.3
25435.7522018723	300	14.404336373872471	0.0	157671	2614.508656815555	0.5	0.3
25438.574475462818	300	15.582062783355752	0.0	157812	2822.2735905167183	0.5	0.3
25441.27554850594	300	16.88098974023121	0.0	163927	2701.073043124539	0.5	0.3
25442.36624189995	300	19.790296346222515	0.0	137654	1090.6933940086951	0.5	0.3
25443.282816243744	300	22.87372200242537	0.0	146754	916.5743437971458	0.5	0.3
25444.218629645165	300	25.937908601006725	0.0	153938	935.813401418644	0.5	0.3
25446.89244655986	750	27.26409168631223	0.0	425781	2673.816914694495	0.5	0.3
25449.950032433182	1200	28.20650581299131	0.0	487160	3057.585873320919	0.5	0.75
25454.129919112936	1200	28.026619133238906	0.0	622896	4179.886679752401	0.5	1.2
25457.845385210156	1200	28.311153036018023	0.0	641447	3715.466097220884	0.5	1.2
25460.80072086127	1200	29.355817384908256	0.0	570392	2955.3356511097677	0.5	1.2
25465.114126564502	1850	29.042411681673443	0.0	954453	4313.405703234814	0.5	1.2000000000000002
25469.308508395985	1850	28.848029850191523	0.0	885062	4194.381831481916	0.5	1.85
25473.98791956049	1850	28.16861868568316	0.0	1035329	4679.411164508366	0.5	1.85
25486.37558428621	2850	19.780953959967615	0.0	1492672	12387.664725715544	0.5	1.85
25500.645411068715	1850	9.511127177462859	0.0	943942	14269.826782504755	0.5	0.8500000000000001
25505.481218890673	750	8.675319355504332	0.0	321064	4835.807821958527	0.5	-0.3500000000000001
25507.2118434599	300	10.944694786278738	0.0	124011	1730.6245692255952	0.5	-0.15000000000000002
25508.58866940603	300	13.567868840153045	0.0	144254	1376.825946125694	0.5	0.3
25510.271079679813	300	15.88545856636648	0.0	149991	1682.4102737865649	0.5	0.3
25512.637883050415	300	17.518655195765547	0.0	147968	2366.803370600934	0.5	0.3
25515.080380973344	300	19.076157272837392	0.0	161857	2442.4979229281553	0.5	0.3
25516.501358291713	300	21.6551799544698	0.0	145210	1420.9773183675884	0.5	0.3
25519.95818246436	750	22.198355781820666	0.0	438281	3456.824172649137	0.5	0.3
25523.04918439166	750	23.10735385452101	0.0	398987	3091.001927299658	0.5	0.75
25527.606733678374	1200	22.549804567808682	0.0	638661	4557.549286712324	0.5	0.75
25533.95243835002	1850	20.204099896162823	0.0	830730	6345.704671645856	0.5	1.2000000000000002
25542.82408175441	1850	15.332456491775044	0.0	846370	8871.64340438778	0.5	1.85

