5733.4226006316885	750	4.0	4.549356298858494	450283	4549.356298858494	0.00018335704	-18.812232085091523
5734.9094097076795	300	6.513190924009408	0.0	155580	1486.8090759905917	0.18761158	-0.15000000000000002
5735.830352671171	300	9.59224796051802	0.0	139857	920.942963491389	0.7781559	0.3
5738.710481385232	750	10.712119246456957	0.0	382355	2880.1287140610625	1.1681192	0.3
5744.060667036692	1200	9.36193359499628	0.0	652874	5350.185651460677	1.2195026	0.75
5745.385310362315	300	12.037290269374287	0.0	126289	1324.6433256219932	1.2074375	-0.6000000000000001
5750.279387511814	1200	11.143213119875407	0.0	561791	4894.07714949888	1.1600385	0.29999999999999993
5756.358246398804	1200	9.064354232885439	0.0	709534	6078.858886989968	1.2109591	1.2
5757.772789967014	300	11.649810664674543	0.0	150710	1414.5435682108944	1.18668	-0.6000000000000001
5759.018303025598	300	14.404297606091466	0.0	139105	1245.5130585830777	1.1591351	0.3
5764.724038450267	1200	12.698562181422727	0.0	607410	5705.735424668738	1.1763844	0.29999999999999993
5772.016748732733	1200	9.405851898956069	0.0	594078	7292.710282466657	1.2151638	1.2
5777.422936756391	1200	7.999663875297553	0.0	624282	5406.188023658517	1.1150794	1.2
5781.443577321487	750	7.979023310201028	0.0	434409	4020.6405650965244	1.077965	0.3
5783.062979587783	300	10.35962104390556	0.0	140051	1619.4022662954676	1.0081905	-0.15000000000000002
5784.690452675987	300	12.732147955701251	0.0	138313	1627.4730882043098	1.055556	0.3
5786.424924264345	300	14.997676367343786	0.0	143509	1734.4715883574654	1.118248	0.3
5790.8194531322915	750	14.603147499396556	0.0	372963	4394.528867947228	1.1365621	0.3
5792.514659376109	300	16.907941255578784	0.0	165384	1695.2062438177695	1.171005	-0.15000000000000002
5793.745150409693	300	19.67745022199442	0.0	140881	1230.491033584366	1.1451187	0.3
5796.734064158795	750	20.688536472893283	0.0	386472	2988.9137491011356	1.1813656	0.3
5799.511347604455	750	21.91125302723336	0.0	399894	2777.2834456599217	1.2543391	0.75
5800.706844390052	300	24.71575624163778	0.0	163927	1195.4967855955804	1.274657	-0.15000000000000002
5804.933078357854	1200	24.48952227383507	0.0	536667	4226.233967802711	1.2445098	0.29999999999999993
5809.371300559696	1200	24.051300071993253	0.0	587236	4438.222201841817	1.339867	1.2
5813.724843466831	1200	23.697757164858185	0.0	590335	4353.542907135069	1.3330092	1.2
5816.799531003472	750	24.623069628215976	0.0	425781	3074.687536642207	1.3341347	0.3
5819.100904984483	750	26.321695647204432	0.0	277716	2301.3739810115458	1.3302467	0.75
5822.352583998416	750	27.070016633271944	0.0	400396	3251.679013932487	1.3236923	0.75
5826.183994413972	750	27.23860621771606	0.0	400508	3831.410415555886	1.3265109	0.75
5830.755400991062	1200	26.667199640626233	0.0	570392	4571.406577089826	1.3222456	0.75
5832.107329587678	300	29.315271044010505	0.0	157488	1351.9285966157306	1.3922614	-0.6000000000000001
5833.613621384413	300	31.808979247275136	0.0	143881	1506.2917967353678	1.2968622	0.3
5839.923751194148	750	29.498849437539373	0.0	412837	6310.12980973576	1.2951572	0.3
5843.018504678343	300	30.40409595334518	0.0	179328	3094.7534841941947	1.286702	-0.15000000000000002
5847.919812055232	750	29.502788576456055	0.0	365161	4901.307376889123	1.251208	0.3
5854.307754171862	1200	27.114846459826254	0.0	487812	6387.942116629802	1.340172	0.75
5860.584972033464	1200	24.837628598225482	0.0	575591	6277.217861600774	1.3249503	1.2
5866.108769045094	1200	23.31383158659513	0.0	605884	5523.797011630351	1.3268592	1.2
5870.630945284215	1200	22.7916553474744	0.0	587506	4522.176239120732	1.3450522	1.2
5873.8691012739655	750	23.553499357724284	0.0	345516	3238.1559897501124	1.3971307	0.3
5880.218458007212	1200	21.20414262447717	0.0	641452	6349.356733247116	1.3795103	0.75
5887.555591026846	1200	17.867009604843567	0.0	599477	7337.133019633607	1.3548335	1.2
5898.0768699374385	1200	11.345730694250632	0.0	634861	10521.278910592935	1.2643224	1.2
5904.581207407709	750	8.84139322397959	0.0	398987	6504.33747027104	1.1106665	0.3
5906.337804844238	300	11.084795787451005	0.0	160064	1756.5974365285858	0.8059063	-0.15000000000000002
5909.8623115553455	750	11.560289076343743	0.0	331053	3524.5067111072626	1.1673805	0.3
5914.344760958835	750	11.077839672854958	0.0	314107	4482.449403488785	1.196186	0.75

