19480.156296757264	750	4.0	4.39150033291431	450283	4391.50033291431	-18.133451431531533
19481.542276513817	300	6.61402024344835	0.0	155580	1385.979756551649	-0.15000000000000002
19485.914632158558	1200	6.2416645987088195	0.0	571051	4372.355644739531	0.29999999999999993
19489.908008787923	1200	6.248287969344542	0.0	617681	3993.3766293642775	1.2
19494.211472542822	1200	5.944824214444849	0.0	652874	4303.4637548996925	1.2
19497.859193644465	1200	6.297103112802624	0.0	520315	3647.7211016422257	1.2
19501.732287442097	1200	6.424009315170885	0.0	561791	3873.093797631739	1.2
19504.637880465227	750	7.5184162920379425	0.0	437162	2905.5930231329426	0.3
19506.8165080925	750	9.33978866476748	0.0	374758	2178.6276272704617	0.75
19508.776735670843	750	11.379561086423731	0.0	362795	1960.22757834375	0.75
19512.63690202932	1200	11.51939472794475	0.0	607410	3860.166358478982	0.75
19515.460666065675	750	12.695630691590948	0.0	405134	2823.7640363538003	0.3
19517.80794467425	750	14.348352083016	0.0	386351	2347.278608574949	0.75
19520.85042804736	750	15.305868709907337	0.0	434409	3042.483373108664	0.75
19522.967594855476	750	17.1887019017918	0.0	337059	2117.1668081155353	0.75
19525.652597989752	750	18.50369876751586	0.0	366214	2685.00313427594	0.75
19528.446043329168	750	19.71025342810098	0.0	360831	2793.4453394148804	0.75
19531.539750790726	750	20.616545966542095	0.0	372963	3093.7074615588876	0.75
19534.236106161316	750	21.920190595951947	0.0	405596	2696.355370590147	0.75
19537.0742014258	750	23.082095331468093	0.0	350713	2838.0952644838535	0.75
19541.11968818336	750	23.036608573907532	0.0	386472	4045.4867575605604	0.75
19543.735754860165	750	24.420541897100744	0.0	399894	2616.066676806785	0.75
19546.265694394377	750	25.89060236288954	0.0	401853	2529.9395342112066	0.75
19548.50422554446	750	27.652071212803847	0.0	343800	2238.531150085692	0.75
19551.110691939633	750	29.045604817631208	0.0	359903	2606.4663951726407	0.75
19553.98715079907	750	30.169145958196747	0.0	379700	2876.45885943446	0.75
19560.599866056258	1200	27.55643070100602	0.0	696376	6612.715257190728	0.75
19567.916600684264	1200	24.239696073002687	0.0	487160	7316.73462800333	1.2
19576.168302159553	750	19.98799459771399	0.0	400396	8251.701475288697	0.3
19579.106150215164	300	21.05014654210256	0.0	149029	2937.8480556114314	-0.15000000000000002
19585.52792172376	750	18.628375033509535	0.0	358218	6421.771508593024	0.3
19589.351441146402	750	18.804855610862912	0.0	400322	3823.519422646623	0.75
19592.20471149381	750	19.951585263458888	0.0	369834	2853.270347404025	0.75
19595.959167821497	750	20.19712893576915	0.0	412837	3754.456327689737	0.75
19599.53507217164	750	20.621224585625015	0.0	401088	3575.904350144135	0.75
19602.936683557484	750	21.21961319978058	0.0	365161	3401.6113858444373	0.75
19607.04246094302	1200	21.113835814245274	0.0	487812	4105.777385535304	0.75
19613.527659444295	1200	18.62863731297186	0.0	575591	6485.198501273416	1.2
19622.03870939024	1200	14.117587367030499	0.0	605884	8511.04994594136	1.2
19627.01741299657	1200	13.138883760695656	0.0	587506	4978.703606334843	1.2
19630.871052607687	1200	13.285244149581105	0.0	566904	3853.63961111455	1.2
19635.884380241172	1200	12.271916516095574	0.0	641452	5013.327633485531	1.2
19641.135642216264	1200	11.02065454100196	0.0	599477	5251.261975093613	1.2
19647.097582383663	1200	9.05871437360427	0.0	634861	5961.940167397692	1.2
19651.121930727684	1200	9.034366029585046	0.0	630203	4024.3483440192226	1.2
19655.029789798045	1200	9.126506959225564	0.0	638661	3907.8590703594823	1.2
19658.729565693866	1200	9.426731063402254	0.0	538612	3699.7758958233103	1.2
19663.351993422406	1200	8.804303334860862	0.0	550906	4622.427728541393	1.2

