23801.15772392264	750	4.0	6.602941104200595	450283	6602.941104200595	-27.642646748062557
23802.778972091215	300	6.378751831422763	0.0	155580	1621.2481685772375	-0.15000000000000002
23804.413962885155	300	8.743761037482852	0.0	139857	1634.990793939913	0.3
23809.006736138712	750	8.150987783927983	0.0	382355	4592.7732535548685	0.3
23814.882395595156	750	6.27532832748313	0.0	411561	5875.659456444852	0.75
23816.240452465852	300	8.917271456786997	0.0	126289	1358.0568706961335	-0.15000000000000002
23820.185996000488	750	8.971727922150297	0.0	352642	3945.5435346367	0.3
23823.297608792058	750	9.860115130576819	0.0	437162	3111.612791573478	0.75
23827.801975672923	1200	9.355748249713095	0.0	584846	4504.366880863726	0.75
23832.42158862585	1200	8.73613529678638	0.0	560821	4619.6129529267155	1.2
23835.352528666335	750	9.805195256298063	0.0	353220	2930.9400404883154	0.3
23840.497166045723	1200	8.660557876911362	0.0	594078	5144.637379386701	0.75
23844.054204958105	750	9.103518964529046	0.0	386351	3557.0389123823156	0.3
23850.2776931204	1200	6.880030802236612	0.0	687371	6223.488162292435	0.75
23851.577971556002	300	9.579752366633361	0.0	140051	1300.2784356032498	-0.6000000000000001
23856.18149610044	1200	8.976227822196273	0.0	587876	4603.524544437089	0.29999999999999993
23859.54265319359	750	9.615070729045623	0.0	360831	3361.157093150651	0.3
23863.9688480979	1200	9.188875824738483	0.0	581493	4426.19490430714	0.75
23869.027055310868	1200	8.130668611767565	0.0	639204	5058.207212970918	1.2
23871.61260778581	750	9.545116136825303	0.0	350713	2585.5524749422625	0.3
23877.310321274508	1200	7.8474026481263905	0.0	601738	5697.713488698912	0.75
23883.73579078961	750	5.421933133021867	0.0	399894	6425.469515104523	0.3
23885.54276514499	300	7.614958777642988	0.0	163927	1806.9743553788796	-0.15000000000000002
23889.63307891112	750	7.524645011513379	0.0	343800	4090.3137661296087	0.3
23895.167489816624	750	5.990234106005629	0.0	359903	5534.41090550775	0.75
23897.771333965735	300	7.386389956896994	0.0	153938	2603.844149108636	-0.15000000000000002
23902.436416160715	750	6.721307761915069	0.0	425781	4665.082194981925	0.3
23903.277366475122	300	9.880357447504036	0.0	111155	840.9503144110345	-0.15000000000000002
23908.268359201065	1200	8.889364721561533	0.0	622896	4990.992725942502	0.29999999999999993
23912.02369148916	750	9.134032433469258	0.0	400508	3755.3322880922747	0.3
23922.086820697736	1200	4.0	0.9290967751080316	570392	10063.12920857729	-3.2451161329645357
23925.482962810962	300	4.603857886771428	0.0	157488	3396.1421132285714	-0.6000000000000001
23928.42109241822	300	5.665728279513332	0.0	143881	2938.1296072580963	0.3
23931.34028067021	300	6.7465400275222445	0.0	163444	2919.188251991088	0.3
23934.50852654156	300	7.578294156175956	0.0	179328	3168.2458713462884	0.3
23938.945789232086	750	7.141031465647557	0.0	365161	4437.2626905284	0.3
23941.649643085602	750	8.437177612131515	0.0	321064	2703.85385351604	0.75
23944.67790018484	750	9.408920512892692	0.0	361565	3028.2570992388246	0.75
23949.022847946504	1200	9.063972751229658	0.0	605884	4344.947761663034	0.75
23953.963472649957	1200	8.12334804777314	0.0	587506	4940.624703456517	1.2
23956.306626222366	750	9.780194475366205	0.0	345516	2343.1535724069367	0.3
23960.66830743736	1200	9.418513260370693	0.0	641452	4361.681214995511	0.75
23964.432684239637	1200	9.654136458094086	0.0	599477	3764.376802276606	1.2
23970.726034814707	1200	7.360785883024292	0.0	634861	6293.350575069794	1.2
23974.42304464718	750	7.663776050551763	0.0	398987	3697.0098324725286	0.3
23978.253117057437	750	7.833703640295856	0.0	393804	3830.072410255907	0.75
23982.51574659253	750	7.571074105200812	0.0	331053	4262.629535095045	0.75
23985.825270500598	750	8.26155019713373	0.0	314107	3309.523908067083	0.75

