23230.158925744276	750	4.0	2.5585548523374078	450283	2558.5548523374077	-10.251785865050852
23231.09037333065	300	7.068552413622195	0.0	155580	931.447586377805	-0.15000000000000002
23233.673864959645	750	8.485060784629507	0.0	350812	2583.4916289926896	0.3
23236.224670059113	750	9.934255685160192	0.0	382355	2550.805099469316	0.75
23240.052103143877	1200	10.106822600397761	0.0	652874	3827.4330847624296	0.75
23243.058674614193	1200	11.100251130084624	0.0	520315	3006.5714703131384	1.2
23248.60123875739	1850	9.557686986886827	0.0	905515	5542.5641431977965	1.2000000000000002
23252.56564858216	1200	9.593277162117046	0.0	709534	3964.4098247697825	0.5499999999999999
23255.9114551326	1200	10.247470611676885	0.0	584846	3345.8065504401607	1.2
23259.999660912727	1200	10.159264831552006	0.0	560821	4088.205780124879	1.2
23266.000083752308	1200	8.15884199197146	0.0	607410	6000.422839580545	1.2
23269.06681199208	750	9.092113752198214	0.0	405134	3066.7282397732465	0.3
23274.02055226841	1200	8.138373475874126	0.0	624282	4953.740276324089	0.75
23280.91263130196	750	5.246294442325425	0.0	434409	6892.079033548701	0.3
23283.667706967666	300	6.491218776618312	0.0	140051	2755.0756657071133	-0.15000000000000002
23285.78646359521	300	8.372462149073348	0.0	138313	2118.7566275449626	0.3
23289.793263963973	750	8.365661780313863	0.0	360831	4006.800368759484	0.3
23293.12218697124	750	9.036738773045776	0.0	372963	3328.923007268088	0.75
23299.91995457042	1200	6.238971173865403	0.0	639204	6797.767599180373	0.75
23301.510805630496	300	8.648120113788881	0.0	140881	1590.8510600765235	-0.6000000000000001
23304.62696801227	750	9.531957732017917	0.0	386472	3116.1623817709633	0.3
23310.757175012288	1200	7.40175073200194	0.0	616206	6130.2070000159765	0.75
23314.69805842957	750	7.460867314720275	0.0	401853	3940.883417281664	0.3
23318.355636192788	750	7.8032895515036635	0.0	343800	3657.5777632166114	0.75
23322.549746692384	750	7.609179051906063	0.0	359903	4194.110499597601	0.75
23326.739307050586	750	7.41961869370698	0.0	379700	4189.560358199083	0.75
23330.121543942925	750	8.0373818013692	0.0	425781	3382.2368923377803	0.75
23332.659446721496	750	9.499479022796734	0.0	277716	2537.9027785724643	0.75
23340.042673587574	1200	6.116252156722473	0.0	622896	7383.226866074263	0.75
23341.21453174402	300	8.944394000276693	0.0	149029	1171.8581564457788	-0.6000000000000001
23345.036895753525	750	9.122029990769695	0.0	358218	3822.364009506998	0.3
23353.127009816635	1200	5.031915927659396	0.0	620283	8090.114063110299	0.75
23354.202921706004	300	7.956004038287041	0.0	143881	1075.9118893723553	-0.6000000000000001
23357.686061009033	750	8.47286473525779	0.0	412837	3483.1393030292516	0.3
23360.377449864274	750	9.781475880014725	0.0	401088	2691.388855243065	0.75
23364.721322358117	1200	9.437603386174123	0.0	598727	4343.872493840602	0.75
23368.329491997243	1200	9.829433747048924	0.0	487812	3608.1696391251994	1.2
23372.22118605369	1200	9.93773969059749	0.0	575591	3891.694056451434	1.2
23377.66734988743	1200	8.491575856861047	0.0	605884	5446.163833736443	1.2
23381.246549222593	750	8.912376521697947	0.0	390680	3579.199335163101	0.3
23383.869029499143	750	10.289896245147606	0.0	345516	2622.4802765503405	0.75
23389.435584863077	1200	8.723340881214378	0.0	641452	5566.5553639332265	0.75
23392.338044961733	750	9.820880782559374	0.0	372093	2902.4600986550054	0.3
23400.714195950306	1200	5.4447297939829875	0.0	634861	8376.150988576386	0.75
23402.66586136766	300	7.493064376631035	0.0	167025	1951.6654173519523	-0.6000000000000001
23406.299525915092	750	7.85939982919447	0.0	393804	3633.6645474365655	0.3
23409.159308531514	750	8.999617212773227	0.0	331053	2859.7826164212415	0.75
23412.681137892025	750	9.47778785226245	0.0	314107	3521.829360510777	0.75

