25448.816682472243	750	4.0	3.7572090788844412	450283	3757.209078884441	-15.405999039203095
25450.04741708617	300	6.76926538607515	0.0	155580	1230.7346139248493	-0.15000000000000002
25455.34582329848	1200	5.470859173764929	0.0	571051	5298.406212310222	0.29999999999999993
25463.417734936025	1200	4.0	2.601052463779659	617681	8071.911637544587	-9.984525594252533
25464.521388952162	300	6.896345983864214	0.0	163442	1103.6540161357862	-0.6000000000000001
25469.135822697328	1200	6.2819122386986495	0.0	520315	4614.433745165565	0.29999999999999993
25476.05524032176	1200	4.0	0.6375053857326594	561791	6919.4176244313085	-1.5412731586504351
25477.500237350032	300	6.555002971727321	0.0	173849	1444.9970282726795	-0.6000000000000001
25478.878235186632	300	9.17700513512611	0.0	150710	1377.99783660121	0.3
25483.64299888929	750	8.412241432467642	0.0	362795	4764.763702658466	0.3
25487.584674636113	300	8.470565685644774	0.0	141840	3941.67574682287	-0.15000000000000002
25491.105340263373	300	8.949900058385072	0.0	156148	3520.6656272597006	0.3
25495.412418445474	300	8.642821876282891	0.0	160746	4307.07818210218	0.3
25500.660337660098	300	7.394902661660694	0.0	179801	5247.919214622197	0.3
25504.17403112491	300	7.881209196849635	0.0	140051	3513.693464811059	0.3
25506.96523251318	300	9.090007808579932	0.0	138313	2791.2013882697024	0.3
25510.68122882343	300	9.374011498330189	0.0	143509	3715.996310249744	0.3
25515.74475630376	300	8.310484017997632	0.0	150616	5063.527480332556	0.3
25521.76180991824	300	6.293430403520482	0.0	165384	6017.053614477151	0.3
25526.59961092568	300	5.4556293960770335	0.0	140881	4837.801007443448	0.3
25531.118569301005	300	4.936671020753965	0.0	157671	4518.958375323068	0.3
25534.556222372597	300	5.499017949160155	0.0	157812	3437.6530715938106	0.3
25537.9507189221	300	6.104521399657984	0.0	163927	3394.4965495021706	0.3
25540.223589870602	300	7.831650451155671	0.0	137654	2272.870948502314	0.3
25542.04502151292	300	10.010218808836482	0.0	146754	1821.431642319189	0.3
25544.216225519674	300	11.839014802081234	0.0	153938	2171.2040067552475	0.3
25548.740798205607	300	11.314442116151902	0.0	181901	4524.572685929333	0.3
25550.680414282717	300	13.374826039041908	0.0	111155	1939.6160771099946	0.3
25554.26647300267	300	13.788767319088901	0.0	153605	3586.058719953006	0.3
25558.69126619431	300	13.363974127448547	0.0	149029	4424.793191640357	0.3
25563.677489824793	300	12.377750496962541	0.0	157421	4986.223630486005	0.3
25568.934576985124	300	11.12066333663404	0.0	157488	5257.087160328501	0.3
25574.513050173508	300	9.542190148253969	0.0	143881	5578.473188380071	0.3
25578.12651973984	300	9.928720581919318	0.0	163444	3613.469566334651	0.3
25584.12692466643	300	7.928315655328478	0.0	179328	6000.404926590841	0.3
25590.003160099037	300	6.052080222722588	0.0	159914	5876.23543260589	0.3
25594.25368998019	300	5.80155034157059	0.0	131610	4250.529881151998	0.3
25597.558467062445	300	6.496773259316258	0.0	124011	3304.777082254332	0.3
25600.53872637824	300	7.516513943519469	0.0	144254	2980.2593157967885	0.3
25602.04551331902	300	10.009727002739627	0.0	149991	1506.7869407798432	0.3
25605.151543135624	750	10.903697186134021	0.0	345516	3106.029816605605	0.3
25607.918778683383	750	12.136461638376534	0.0	384505	2767.235547757486	0.75
25610.461543321384	750	13.593697000375577	0.0	372093	2542.764638000958	0.75
25613.231609093753	750	14.823631228005508	0.0	438281	2770.06577237007	0.75
25617.35172723604	1200	14.703513085717573	0.0	630203	4120.118142287936	0.75
25621.995269211457	1200	14.059971110299776	0.0	638661	4643.541975417796	1.2
25625.454032656344	1200	14.601207665408896	0.0	538612	3458.7634448908802	1.2
25628.23973882746	1200	15.81550149429328	0.0	550906	2785.7061711156175	1.2

