7010.581263838724	750	4.0	2.4304790559882594	450283	2430.4790559882595	0.01537103	-9.701059940749515
7011.651151681156	300	6.930112157568032	0.0	155580	1069.8878424319682	0.6849529	-0.15000000000000002
7012.781290791907	300	9.79997304681631	0.0	139857	1130.1391107517218	0.0072964896	0.3
7013.90209702799	300	12.679166810733745	0.0	155432	1120.8062360825668	0.024893759	0.3
7014.978495580536	300	15.602768258187512	0.0	163442	1076.3985525462326	0.6142363	0.3
7015.886755951089	300	18.694507887634966	0.0	126289	908.2603705525495	0.25042704	0.3
7018.037801663844	750	20.543462174879682	0.0	352642	2151.045712755284	0.070407026	0.3
7020.6374201620965	750	21.94384367662736	0.0	437162	2599.6184982523223	0.5631961	0.75
7026.13126753826	1200	20.449996300463958	0.0	584846	5493.847376163401	0.64914405	0.75
7028.749640735886	750	21.831623102837977	0.0	362795	2618.3731976259824	0.6209657	0.3
7031.9224006054055	750	22.658863233317973	0.0	353220	3172.7598695200018	0.030555705	0.75
7037.560549831276	750	21.020714007447992	0.0	405134	5638.149225869979	0.011972987	0.75
7047.771197604512	750	14.810066234211552	0.0	386351	10210.647773236442	0.004722164	0.75
7051.683706076609	300	14.897557762114756	0.0	179801	3912.5084720967952	0.004705182	-0.15000000000000002
7055.0419068541805	300	15.539356984542778	0.0	140051	3358.2007775719803	0.004705182	0.3
7058.322356253115	300	16.258907585608824	0.0	138313	3280.449398933953	0.004705182	0.3
7061.029486155466	300	17.551777683257487	0.0	143509	2707.1299023513366	0.004705182	0.3
7062.216093153009	300	20.365170685714467	0.0	150616	1186.606997543024	0.004705182	0.3
7063.934080570287	300	22.64718326843664	0.0	165384	1717.9874172778289	0.417382	0.3
7068.366059818253	750	22.21520402047066	0.0	350713	4431.979247965978	0.6964798	0.3
7071.177578141517	750	23.403685697206136	0.0	386472	2811.518323264523	0.011021617	0.75
7076.628783671953	750	21.95248016677074	0.0	399894	5451.205530435397	0.004705182	0.75
7079.422990303606	750	23.158273535118163	0.0	401853	2794.2066316525784	0.0071614333	0.75
7081.107581435576	750	25.47368240314765	0.0	343800	1684.5911319705122	0.0054861987	0.75
7082.945117140351	750	27.63614669837278	0.0	359903	1837.5357047748694	0.24825421	0.75
7086.064091255	1200	28.517172583723855	0.0	590335	3118.974114648927	0.64832884	0.75
7090.012947228144	1200	28.56831661058006	0.0	696376	3948.855973143795	0.0049714088	1.2
7091.8164012235675	1200	30.764862615156666	0.0	487160	1803.4539954233906	0.008318147	1.2
7094.2894142045	1200	32.2918496342243	0.0	622896	2473.0129809323707	0.004705182	1.2
7096.912440510188	1200	33.66882332853601	0.0	641447	2623.0263056882927	0.004705182	1.2
7099.388762772281	1200	35.192501066443185	0.0	570392	2476.322262092822	0.012805826	1.2
7101.82732274044	1200	36.75394109828425	0.0	620283	2438.559968158925	0.019658316	1.2
7104.809066199011	1200	37.772197639712644	0.0	584349	2981.7434585716137	0.17063366	1.2
7108.219281948452	1200	38.36198189027203	0.0	670129	3410.215749440616	0.0855822	1.2
7111.092366405823	1200	39.48889743290124	0.0	690253	2873.0844573707905	0.098885275	1.2
7124.204059096312	2850	30.37720474241143	0.0	1439896	13111.692690489814	0.6327814	1.2000000000000002
7127.7105493727795	1200	30.870714465944772	0.0	487812	3506.4902764666544	0.6544903	-0.44999999999999996
7134.442015431584	1200	28.13924840714014	0.0	575591	6731.46605880463	0.004705182	1.2
7139.985381788227	1200	26.59588205049684	0.0	605884	5543.366356643303	0.008314201	1.2
7143.126691452704	1200	27.454572386019684	0.0	587506	3141.309664477154	0.004705182	1.2
7146.4820830031	1200	28.099180835624107	0.0	566904	3355.3915503955764	0.058337092	1.2
7151.231372273305	1200	27.349891565418535	0.0	641452	4749.289270205575	0.008942717	1.2
7155.144743138822	1200	27.43652069990124	0.0	599477	3913.3708655172923	0.06594361	1.2
7159.007573797771	1200	27.573690040952407	0.0	634861	3862.8306589488348	0.021323543	1.2
7164.757984235952	1200	25.823279602772796	0.0	630203	5750.410438179608	0.061224546	1.2
7169.470150111025	1200	25.11111372769907	0.0	638661	4712.165875073728	0.005840041	1.2
7173.722243424889	1200	24.8590204138357	0.0	538612	4252.093313863369	0.0635632	1.2
7177.774769921565	1200	24.806493917159234	0.0	550906	4052.5264966764653	0.114070445	1.2

