522.2200340667747	750	4.0	2.1451274043719923	450283	2145.1274043719923	-8.474047838799567
522.7866132571114	300	7.433420809663336	0.0	155580	566.5791903366634	-0.15000000000000002
523.4973192458608	300	10.722714820913879	0.0	139857	710.7059887494568	0.3
528.5425897274571	750	9.677444339317729	0.0	382355	5045.27048159615	0.3
531.0555624183803	300	11.164471648394423	0.0	163442	2512.972690923307	-0.15000000000000002
534.334766550501	750	11.88526751627374	0.0	318564	3279.2041321206834	0.3
535.6228192913363	300	14.597214775438353	0.0	153295	1288.0527408353864	-0.15000000000000002
537.13292115405	300	17.08711291272469	0.0	173849	1510.101862713661	0.3
540.0764567660577	750	18.143577300716984	0.0	374758	2943.535612007709	0.3
543.6472823855837	750	18.572751681191054	0.0	362795	3570.825619525931	0.75
546.6374658763123	750	19.582568190462617	0.0	353220	2990.1834907284365	0.75
550.0840755229115	750	20.13595854386339	0.0	405134	3446.609646599231	0.75
553.1735884248716	750	21.046445641903375	0.0	386351	3089.5129019600136	0.75
557.8248811339366	750	20.39515293283833	0.0	434409	4651.2927090650455	0.75
563.0039393912622	1200	19.21609467551277	0.0	526950	5179.058257325561	0.75
567.6930337463485	750	18.527000320426318	0.0	366214	4689.094355086452	0.3
571.0242509575543	750	19.195783109220578	0.0	360831	3331.2172112057424	0.75
574.1828563295136	750	20.037177737261352	0.0	372963	3158.605371959229	0.75
577.1750223473628	750	21.04501171941229	0.0	405596	2992.1660178490592	0.75
579.9992592550183	750	22.22077481175667	0.0	350713	2824.2369076556206	0.75
584.6574211838134	1200	21.56261288296152	0.0	601738	4658.161928795149	0.75
589.7284159252747	1200	20.491618141500233	0.0	616206	5070.994741461287	1.2
592.939653835445	750	21.280380231329904	0.0	401853	3211.2379101703295	0.3
597.2160770558802	1200	21.003957010894773	0.0	536667	4276.42322043513	0.75
601.8291218652051	1200	20.390912201569872	0.0	587236	4613.044809324904	1.2
607.9466747539661	1200	18.273359312808843	0.0	590335	6117.552888761026	1.2
612.2091115166993	750	18.010922550075687	0.0	425781	4262.436762733158	0.3
615.8634143710316	1200	18.35661969574342	0.0	487160	3654.3028543322694	0.75
618.4124613160919	750	19.80757275068303	0.0	400396	2549.0469450603878	0.3
621.4790818732193	750	20.74095219355568	0.0	400508	3066.620557127349	0.75
625.6002775225871	1200	20.619756544187958	0.0	570392	4121.195649367726	0.75
630.5622541967359	1200	19.65777987003912	0.0	620283	4961.976674148835	1.2
634.9599856797801	1200	19.260048386995006	0.0	584349	4397.731483044115	1.2
638.6460589164112	750	19.57397515036379	0.0	412837	3686.0732366312163	0.3
641.9359898374778	750	20.284044229297283	0.0	401088	3289.930921066504	0.75
648.1899299662103	1200	18.030104100564714	0.0	598727	6253.940128732569	0.75
654.2404366240714	1200	15.979597442703616	0.0	487812	6050.506657861098	1.2
658.4959164629405	750	15.724117603834548	0.0	361565	4255.47983886907	0.3
662.2228951367244	750	15.99713893005063	0.0	378327	3726.978673783917	0.75
663.8030409146851	300	18.416993152089955	0.0	149991	1580.1457779606742	-0.15000000000000002
667.4160203006239	750	18.80401376615109	0.0	345516	3612.9793859388656	0.3
671.8727709899018	750	18.347263076873173	0.0	384505	4456.7506892779165	0.75
677.149294555279	750	17.070739511496008	0.0	372093	5276.523565377163	0.75
679.5020594515262	300	18.717974615248806	0.0	172312	2352.764896247203	-0.15000000000000002
681.8125827669018	300	20.407451299873298	0.0	167025	2310.523315375509	0.3
691.5480639212244	750	14.67197014555059	0.0	393804	9735.481154322706	0.3
696.8350640913086	300	13.384969975466435	0.0	137507	5287.000170084157	-0.15000000000000002
701.3214283386897	300	12.898605728085483	0.0	118421	4486.364247380951	0.3

