7384.206895462339	750	4.0	4.782926972877741	450283	4782.926972877741	1.341707	-19.816585983374285
7389.310057395303	750	4.0	1.103161932964834	398865	5103.161932964834	0.15572153	-3.993596311748785
7390.956951183627	300	6.353106211675953	0.0	139857	1646.893788324047	0.11550378	-0.15000000000000002
7394.188649364078	750	7.121408031226043	0.0	382355	3231.6981804499105	0.3907253	0.3
7395.572546177412	300	9.737511217892067	0.0	163442	1383.8968133339765	0.95050323	-0.15000000000000002
7396.809159859068	300	12.500897536235412	0.0	126289	1236.6136816566545	1.1749617	0.3
7398.185751839021	300	15.12430555628252	0.0	153295	1376.5919799528922	1.1672505	0.3
7404.479819933466	1200	12.830237461836532	0.0	709534	6294.068094445988	1.1621556	0.29999999999999993
7410.906143109825	750	10.40391428547771	0.0	374758	6426.323176358824	1.2227647	0.3
7413.161684619283	300	12.14837277602036	0.0	139105	2255.5415094573486	1.0654056	-0.15000000000000002
7416.328770150607	750	12.981287244696494	0.0	353220	3167.0855313238662	1.1025379	0.3
7417.486981891657	300	15.823075503645988	0.0	156148	1158.211741050505	1.2025868	-0.15000000000000002
7420.426805076815	750	16.883252318488026	0.0	386351	2939.8231851579626	1.1915187	0.3
7423.515958475193	750	17.794098920110294	0.0	434409	3089.1533983777317	1.2484969	0.75
7424.532785821588	300	20.77727157371526	0.0	140051	1016.8273463950328	1.2689133	-0.15000000000000002
7425.628270614522	300	23.68178678078099	0.0	138313	1095.484792934272	1.2092714	0.3
7430.503419287604	1200	22.806638107700575	0.0	617242	4875.148673080413	1.2207638	0.29999999999999993
7433.535328271498	750	23.774729123806114	0.0	372963	3031.9089838944615	1.3223771	0.3
7439.470639559739	750	21.839417835565477	0.0	405596	5935.311288240638	1.2737288	0.75
7440.752060537599	300	24.55799685770525	0.0	140881	1281.4209778602267	1.2152064	-0.15000000000000002
7441.987499219301	300	27.32255817600309	0.0	157671	1235.4386817021611	1.2066962	0.3
7447.217101904224	1200	26.092955491080012	0.0	616206	5229.6026849230775	1.2422408	0.29999999999999993
7453.770456384184	1200	23.539601011119863	0.0	656471	6553.354479960147	1.319282	1.2
7456.031753688805	300	25.278303706499663	0.0	137654	2261.2973046201996	1.2918637	-0.6000000000000001
7458.71416868826	300	26.59588870704454	0.0	146754	2682.4149994551235	1.176887	0.3
7465.957244950836	750	23.352812444469333	0.0	379700	7243.0762625752095	1.1702183	0.3
7470.023077717959	750	23.28697967734601	0.0	425781	4065.8327671233205	1.1826748	0.75
7470.88602917781	300	26.424028217495223	0.0	111155	862.9514598507902	1.2575144	-0.15000000000000002
7474.37172551379	750	26.938331881515516	0.0	400396	3485.6963359797046	1.2335008	0.3
7480.211061906496	1200	25.098995488809116	0.0	641447	5839.336392706404	1.2908822	0.75
7488.364935527799	1200	20.945121867505353	0.0	570392	8153.873621303763	1.330327	1.2
7502.747875663025	1200	10.56218173227983	0.0	620283	14382.940135225523	1.2360525	1.2
7505.703601660471	300	11.606455734834988	0.0	143881	2955.725997444843	0.76457465	-0.6000000000000001
7515.847228227866	750	5.462829167439513	0.0	412837	10143.626567395475	0.8933469	0.3
7518.350148537838	300	6.959908857467052	0.0	179328	2502.9203099724623	0.0055020833	-0.15000000000000002
7519.4690739903735	300	9.840983404931483	0.0	159914	1118.9254525355684	0.055282842	0.3
7521.407498466654	750	11.90255892865187	0.0	321064	1938.4244762796127	0.95720315	0.3
7524.857691426226	1200	12.452365969080097	0.0	575591	3450.192959571774	1.2451544	0.75
7531.825310267832	2850	9.484747127473577	0.0	1427478	6967.618841606521	1.3093911	1.2000000000000002
7533.859654758465	750	11.450402636841554	0.0	390680	2034.3444906320217	1.263047	-1.35
7536.229281036833	750	13.080776358474118	0.0	345516	2369.626278367435	1.2962563	0.75
7539.013112213245	750	14.29694518206052	0.0	384505	2783.831176413598	1.3025961	0.75
7544.008528492134	1200	13.301528903171652	0.0	599477	4995.416278888868	1.310405	0.75
7546.2222604967255	750	15.0877968985806	0.0	438281	2213.732004591053	1.272698	0.3
7549.340401634585	1200	15.969655760721047	0.0	630203	3118.141137859553	1.3644911	0.75
7555.155057557279	1850	14.154999838027104	0.0	982064	5814.655922693943	1.3993508	1.2000000000000002
7557.288150967002	750	16.021906428304213	0.0	331053	2133.0934097228933	1.3064935	-0.3500000000000001
7560.635104393898	1200	16.67495300140853	0.0	550906	3346.9534268956827	1.3937216	0.75

