339.29314163196204	750	4.0	6.865112348267744	450283	6865.112348267744	-28.7699830975513
341.353717549526	300	5.939424082436076	0.0	155580	2060.575917563924	-0.15000000000000002
343.13727175381206	300	8.155869878150016	0.0	139857	1783.5542042860604	0.3
344.9952094484827	300	10.297932183479393	0.0	155432	1857.9376946706218	0.3
346.8524327448424	300	12.440708887119614	0.0	163442	1857.2232963597808	0.3
348.16253244996057	300	15.130609182001447	0.0	126289	1310.099705118168	0.3
349.5956520134589	300	17.697489618503123	0.0	153295	1433.11956349832	0.3
351.4187510696895	300	19.874390562272517	0.0	173849	1823.0990562306067	0.3
355.36632565378557	750	19.926815978176514	0.0	374758	3947.574584096004	0.3
359.57520540692127	750	19.71793622504078	0.0	362795	4208.879753135733	0.75
364.64841846413503	750	18.644723167827017	0.0	353220	5073.213057213761	0.75
366.8202868342507	300	20.472854797711367	0.0	156148	2171.8683701156524	-0.15000000000000002
369.060936307043	300	22.232205324919004	0.0	160746	2240.649472792363	0.3
372.3246004434721	300	22.9685411884899	0.0	179801	3263.664136429102	0.3
376.09984749978156	300	23.193294132180394	0.0	140051	3775.247056309506	0.3
381.0411685273792	300	22.251973104582763	0.0	138313	4941.32102759763	0.3
386.44799355637196	300	20.84514807559002	0.0	143509	5406.825028992742	0.3
391.93472379247555	300	19.358417839486442	0.0	150616	5486.730236103581	0.3
397.5338272104156	300	17.759314421546357	0.0	165384	5599.103417940086	0.3
401.4354882766801	300	17.857653355281933	0.0	140881	3901.6610662644293	0.3
406.3788036678467	300	16.914337964115354	0.0	157671	4943.315391166575	0.3
411.39764134043764	300	15.895500291524392	0.0	157812	5018.837672590963	0.3
414.7862002127952	300	16.5069414191668	0.0	163927	3388.558872357594	0.3
417.0403195316797	300	18.25282210028233	0.0	137654	2254.11931888447	0.3
419.8305735724545	300	19.46256805950752	0.0	146754	2790.25404077481	0.3
422.6615959088466	300	20.631545723115458	0.0	153938	2831.0223363920627	0.3
427.8332086420646	300	19.459932989897453	0.0	181901	5171.612733218003	0.3
430.7419777904568	300	20.55116384150524	0.0	111155	2908.7691483922144	0.3
434.61168592154115	300	20.681455710420916	0.0	153605	3869.7081310843223	0.3
438.5481587377873	300	20.744982894174754	0.0	149029	3936.47281624616	0.3
441.87259535822955	300	21.42054627373249	0.0	157421	3324.4366204422604	0.3
443.30228835873515	300	23.9908532732269	0.0	157488	1429.6930005055917	0.3
443.98192192661094	300	27.31121970535115	0.0	143881	679.6335678757525	0.3
444.5960408796747	300	30.697100752287344	0.0	163444	614.1189530638032	0.3
445.65225592716286	750	33.64088570479921	0.0	401088	1056.2150474881319	0.3
447.84927845622576	1850	35.44386317573626	0.0	943942	2197.0225290629505	0.75
450.18129805854727	2850	37.11184357341478	0.0	1139291	2332.01960232148	1.85
454.992522794741	4300	36.300618837221045	0.0	2147467	4811.224736193736	2.8499999999999996
459.7029745910915	4300	35.59016704087054	0.0	2133870	4710.451796350506	4.3
464.3013966357271	4300	34.991744996234964	0.0	2146120	4598.422044635573	4.3
468.7646222761704	4300	34.52851935579161	0.0	2108491	4463.225640443357	4.3
473.2200518261324	4300	34.07308980582963	0.0	2184571	4455.429549961978	4.3
478.26493768930555	4300	33.02820394265646	0.0	2121928	5044.885863173174	4.3
483.53875553871075	4300	31.754386093251313	0.0	2219102	5273.817849405144	4.3
488.4381055224016	4300	30.85503610956048	0.0	2124950	4899.349983690834	4.3
493.14135578531705	4300	30.151785846645016	0.0	2246506	4703.2502629154615	4.3
497.8377318665525	4300	29.45540976540953	0.0	1961140	4696.376081235486	4.3
503.22461077701445	4300	28.068530854947582	0.0	2155012	5386.878910461949	4.3

