15292.355925759815	750	4.0	2.148641230861048	450283	2148.641230861048	0.050210536	-8.489157292702506
15294.724778695765	750	5.631147064048715	0.0	398865	2368.8529359512845	1.0293992	0.75
15298.470234226217	1200	5.885691533596303	0.0	571051	3745.455530452412	1.1923931	0.75
15303.224055863293	1200	5.131869896521342	0.0	617681	4753.8216370749615	1.1896521	1.2
15304.013928378588	300	8.341997381225948	0.0	163442	789.8725152953917	1.1386554	-0.6000000000000001
15306.509767581258	1200	9.8461581785551	0.0	520315	2495.839202670848	1.2146221	0.29999999999999993
15307.336057874816	300	13.01986788499722	0.0	153295	826.2902935578803	1.2928044	-0.6000000000000001
15313.08521157107	1850	11.270714188744035	0.0	1060487	5749.1536962531845	1.2280183	0.30000000000000004
15315.731880642414	1200	12.624045117398838	0.0	584846	2646.6690713451976	1.3072158	0.5499999999999999
15317.206081722235	750	15.14984403757748	0.0	362795	1474.2010798213576	1.3153511	0.3
15318.775425404041	750	17.580500355772426	0.0	353220	1569.3436818050557	1.3407645	0.75
15322.825757925208	1850	17.53016783460534	0.0	917428	4050.3325211670854	1.343787	0.75
15325.414884257687	1200	18.941041502125636	0.0	624282	2589.126332479705	1.4052131	0.5499999999999999
15328.84415286014	1200	19.51177289967286	0.0	687371	3429.268602452775	1.3965448	1.2
15331.091305325293	1200	21.264620434520285	0.0	526950	2247.1524651525733	1.4071763	1.2
15333.733749122877	1200	22.622176636938363	0.0	587876	2642.443797581923	1.4228458	1.2
15334.419797457735	300	25.936128302080363	0.0	143509	686.0483348579974	1.4286968	-0.6000000000000001
15336.992127691467	1200	27.363798068347226	0.0	581493	2572.330233733139	1.3198929	0.29999999999999993
15343.92777664073	1850	24.428149119084075	0.0	987708	6935.648949263154	1.4777794	1.2000000000000002
15344.707333748878	300	27.648592010934347	0.0	140881	779.5571081497275	1.4308372	-1.25
15346.460799339759	750	29.895126420054723	0.0	386472	1753.465590879623	1.2943512	0.3
15349.66264975388	1850	30.693276005932567	0.0	955231	3201.850414122156	1.4271876	0.75
15356.576760915896	2850	27.77916484391644	0.0	1505760	6914.111162016124	1.5104079	1.85
15358.1175212004	750	30.23840455941186	0.0	343800	1540.7602845045853	1.3490679	-1.35
15360.275615740653	1200	32.08031001915815	0.0	587236	2158.094540253711	1.4476888	0.75
15362.390292881431	1200	33.9656328783809	0.0	590335	2114.6771407772417	1.5831131	1.2
15366.191694616775	1850	34.164231143038194	0.0	1076599	3801.4017353427075	1.5815529	1.2000000000000002
15372.185805488776	2850	32.17012027103613	0.0	1141971	5994.110872002059	1.4824611	1.85
15387.570081698885	4300	20.785844060926458	0.0	2134614	15384.27621010968	1.2953547	2.8499999999999996
15401.013778018412	1850	11.342147741398135	0.0	975811	13443.696319528324	1.3250847	-0.6000000000000001
15403.768896970994	750	12.587028788816982	0.0	358218	2755.1189525811515	1.1864282	-0.3500000000000001
15406.640400744529	1200	13.715525015282958	0.0	620283	2871.503773534025	1.2476119	0.75
15409.084409532128	1200	15.271516227685268	0.0	584349	2444.0087875976906	1.3636353	1.2
15410.937345085224	1200	17.418580674588366	0.0	670129	1852.9355530969005	1.4120536	1.2
15411.676790225461	300	20.67913553435184	0.0	179328	739.4451402365261	1.5028865	-0.6000000000000001
15413.37897417848	300	22.976951581332575	0.0	159914	1702.1839530192676	1.436226	0.3
15419.054490283812	1200	21.30143547600072	0.0	487812	5675.516105331854	1.355195	0.29999999999999993
15420.989625426804	1200	23.366300333006976	0.0	575591	1935.1351429937413	1.3648415	1.2
15421.926428741179	750	26.429497018632624	0.0	378327	936.8033143743536	1.5063294	0.3
15423.282683059733	1200	29.073242700079323	0.0	587506	1356.2543185533048	1.6067023	0.75
15428.77948618727	4300	27.57643957254342	0.0	2108491	5496.803127535898	1.4514643	1.1999999999999997
15440.778756813897	4300	19.57716894591644	0.0	2184571	11999.27062662698	0.5468702	4.3
15458.556059510667	2850	5.7998662491457	0.0	1343002	17777.30269677074	1.1097813	1.4000000000000001
15466.571691020254	750	4.0	2.215765260440616	438281	8015.631509586316	0.75651246	-10.877790619894649
15469.252562242518	750	5.31912877773473	0.0	398987	2680.8712222652707	0.079035275	0.75
15471.280753176581	750	7.290937843673306	0.0	393804	2028.1909340614236	0.94855	0.75
15473.46609184252	1200	9.105599177734396	0.0	538612	2185.33866593891	1.225128	0.75
15476.643487182348	1850	9.928203837906224	0.0	846370	3177.3953398281697	1.3192933	1.2000000000000002

