10511.150879281497	750	4.0	2.7039540741785544	450283	2703.9540741785545	-10.877002518967783
10512.011106158112	300	7.139773123385195	0.0	155580	860.2268766148045	-0.15000000000000002
10513.736648992399	750	9.414230289098276	0.0	350812	1725.54283428692	0.3
10515.440905004365	750	11.70997427713145	0.0	382355	1704.2560119668278	0.75
10517.496032732583	750	13.654846548914714	0.0	411561	2055.127728216736	0.75
10519.891074167446	750	15.259805114048472	0.0	318564	2395.0414348662407	0.75
10523.15663232858	750	15.99424695291545	0.0	352642	3265.5581611330217	0.75
10526.188015657659	750	16.962863623836856	0.0	437162	3031.383329078593	0.75
10531.374429096415	750	15.776450185080249	0.0	374758	5186.413438756609	0.75
10533.763882767127	750	17.386996514367212	0.0	362795	2389.453670713035	0.75
10536.061067836607	750	19.089811444889005	0.0	353220	2297.1850694782097	0.75
10541.332562265856	1850	17.818317015639106	0.0	917428	5271.494429249898	0.75
10545.878873299	1850	17.27200598249649	0.0	946851	4546.311033142613	1.85
10550.68721540441	1850	16.463663877085303	0.0	1036454	4808.34210541119	1.85
10556.843191262458	1850	14.30768801903757	0.0	821631	6155.975858047732	1.85
10563.579771040828	1850	11.571108240668025	0.0	923170	6736.579778369545	1.85
10566.310503883542	750	12.840375397952561	0.0	360831	2730.7328427154644	-0.3500000000000001
10567.968233823884	750	15.182645457611505	0.0	372963	1657.7299403410555	0.75
10580.719744993516	1850	6.431134287980216	0.0	987708	12751.511169631289	0.75
10582.131578437582	300	9.019300843914444	0.0	140881	1411.8334440657718	-1.25
10583.207501867739	300	11.943377413756625	0.0	157671	1075.9234301578192	0.3
10587.301945399304	750	11.848933882193087	0.0	399894	4094.4435315635387	0.3
10590.780682572251	750	12.370196709245509	0.0	401853	3478.7371729475785	0.75
10593.134873291174	750	14.016005990322222	0.0	343800	2354.1907189232857	0.75
10595.593824927288	750	15.557054354208855	0.0	359903	2458.9516361133683	0.75
10598.096827939982	750	17.05405134151481	0.0	379700	2503.0030126940455	0.75
10601.17544020716	750	17.975439074335878	0.0	425781	3078.6122671789303	0.75
10602.582454524028	750	20.568424757467803	0.0	277716	1407.0143168680775	0.75
10604.917031279347	750	22.23384800215059	0.0	400396	2334.5767553172104	0.75
10611.943577679354	1850	19.207301602142213	0.0	975811	7026.546400008377	0.75
10619.578480831742	1850	15.572398449753898	0.0	873429	7634.903152388313	1.85
10626.235631335685	1850	12.915247945810831	0.0	954453	6657.150503943067	1.85
10631.366287884459	1850	11.784591397037806	0.0	885062	5130.656548773027	1.85
10643.702899481324	1850	4.0	0.5520201998277553	1035329	12336.611596865561	-0.5236868592593478
10646.430870578362	300	5.2720289029629	0.0	179328	2727.9710970371007	-1.25
10648.717576165769	300	6.985323315554977	0.0	159914	2286.7055874079224	0.3
10650.462442672031	300	9.240456809294104	0.0	131610	1744.8665062608713	0.3
10652.412563976912	300	11.290335504414069	0.0	124011	1950.1213048800362	0.3
10654.297822604505	300	13.405076876820662	0.0	144254	1885.258627593407	0.3
10656.087919660065	300	15.614979821260926	0.0	149991	1790.0970555597362	0.3
10659.463222281198	750	16.239677200129808	0.0	345516	3375.302621131119	0.3
10662.529043356371	750	17.173856124954064	0.0	384505	3065.821075175739	0.75
10664.946177155136	750	18.756722326190765	0.0	372093	2417.1337987633033	0.75
10667.595924786425	750	20.1069746949015	0.0	438281	2649.7476312892645	0.75
10669.823200553394	750	21.879698927933205	0.0	398987	2227.2757669682956	0.75
10671.812367175342	750	23.890532305984127	0.0	393804	1989.1666219490774	0.75
10675.988166467056	1850	23.714733014270504	0.0	830730	4175.799291713626	0.75
10679.839708808626	1850	23.86319067270086	0.0	846370	3851.5423415696428	1.85

