19411.219756753595	750	4.0	8.793419615156727	450283	8793.419615156727	-37.06170434517393
19414.22011806085	300	4.999638692742964	0.0	155580	3000.361307257036	-0.15000000000000002
19416.8488546919	300	6.370902061693952	0.0	139857	2628.7366310490115	0.3
19419.328115656353	300	7.89164109724028	0.0	155432	2479.2609644536724	0.3
19425.40044744088	750	5.8193093127148146	0.0	411561	6072.331784525465	0.3
19427.27638579108	300	7.943370962513812	0.0	126289	1875.9383502010032	-0.15000000000000002
19432.324717157266	750	6.895039596326414	0.0	352642	5048.331366187398	0.3
19434.727896700115	300	8.491860053477634	0.0	173849	2403.17954284878	-0.15000000000000002
19440.039456163275	750	7.180300590314644	0.0	374758	5311.55946316299	0.3
19445.7134612708	750	5.506295482791957	0.0	362795	5674.005107522687	0.75
19448.148877420703	300	7.0708793328901445	0.0	141840	2435.4161499018123	-0.15000000000000002
19453.755489680152	750	5.464267073439731	0.0	405134	5606.612259450413	0.3
19455.96936743172	300	7.250389321872675	0.0	160746	2213.877751567056	-0.15000000000000002
19463.964566974493	750	4.0	0.7448102209034824	434409	7995.199542776158	-2.9026839498849744
19466.063499062635	300	5.901067911858758	0.0	140051	2098.9320881412427	-0.15000000000000002
19467.967889347332	300	7.996677627161385	0.0	138313	1904.3902846973729	0.3
19473.163897456856	750	6.800669517641035	0.0	360831	5196.00810952035	0.3
19475.50793554484	300	8.456631429656333	0.0	150616	2344.0380879847003	-0.15000000000000002
19481.87694423279	750	6.087622741706381	0.0	405596	6369.008687949953	0.3
19484.20556941639	300	7.758997558109495	0.0	140881	2328.6251835968865	-0.15000000000000002
19490.418827810037	750	5.545739164459407	0.0	386472	6213.258393650088	0.3
19492.997387837127	300	6.967179137371697	0.0	157812	2578.5600270877108	-0.15000000000000002
19495.764867550006	300	8.199699424492934	0.0	163927	2767.4797128787623	0.3
19501.119509175915	750	6.845057798582863	0.0	343800	5354.6416259100715	0.3
19503.34252029182	300	8.622046682677608	0.0	146754	2223.0111159052544	-0.15000000000000002
19508.13650339497	750	7.8280635795274645	0.0	379700	4793.9831031501435	0.3
19512.35792491077	750	7.606642063722919	0.0	425781	4221.421515804545	0.75
19515.012986371577	750	8.951580602918211	0.0	277716	2655.0614608047076	0.75
19519.548651384262	750	8.415915590230188	0.0	400396	4535.665012688023	0.75
19524.20655339805	750	7.758013576443185	0.0	400508	4657.902013787003	0.75
19528.546918693006	750	7.417648281489318	0.0	358218	4340.365294953867	0.75
19534.151423293824	750	5.813143680671806	0.0	400322	5604.504600817511	0.75
19536.92697432481	300	7.03759264968726	0.0	143881	2775.5510309845467	-0.15000000000000002
19543.088825330342	750	4.8757416441543375	0.0	412837	6161.8510055329225	0.3
19545.32715694786	300	6.637410026640336	0.0	179328	2238.3316175140008	-0.15000000000000002
19547.201760704298	300	8.7628062702022	0.0	159914	1874.603756438137	0.3
19551.367417628477	750	8.597149346021238	0.0	321064	4165.656924180961	0.3
19555.908895776993	750	8.05567119750439	0.0	361565	4541.478148516849	0.75
19560.04244453208	750	7.922122442420381	0.0	378327	4133.548755084009	0.75
19564.517905523866	750	7.4466614506323525	0.0	390680	4475.460991788029	0.75
19568.786670496153	750	7.177896478346527	0.0	345516	4268.764972285825	0.75
19573.722299493737	750	6.242267480759527	0.0	384505	4935.6289975869995	0.75
19575.5405686606	300	8.42399831390007	0.0	145210	1818.2691668594591	-0.15000000000000002
19580.962746861143	750	7.001820113352169	0.0	438281	5422.1782005479	0.3
19585.65585090004	750	6.308716074456664	0.0	398987	4693.104038895504	0.75
19587.709132540185	300	8.255434434311411	0.0	160064	2053.2816401452524	-0.15000000000000002
19591.912695532086	750	8.051871442410498	0.0	331053	4203.562991900913	0.3
19595.37259699636	750	8.591969978139744	0.0	314107	3459.901464270753	0.75

