17084.382816423444	750	4.0	5.127185897414645	450283	5127.185897414644	0.63115364	-21.29689935888297
17086.276097924696	300	6.106718498746048	0.0	155580	1893.2815012539522	0.004705182	-0.15000000000000002
17087.919059827	300	8.463756596441497	0.0	139857	1642.961902304551	0.004705182	0.3
17089.75801647416	300	10.624799949282068	0.0	155432	1838.9566471594298	0.004705182	0.3
17091.78427667089	300	12.598539752552488	0.0	163442	2026.2601967295793	0.004705182	0.3
17092.992927246254	300	15.389889177186298	0.0	126289	1208.6505753661886	0.0066472795	0.3
17094.939200249002	300	17.44361617443911	0.0	153295	1946.2730027471887	0.08072379	0.3
17097.131887673968	300	19.250928749475584	0.0	173849	2192.6874249635252	0.1170802	0.3
17099.047130667845	300	21.335685755600014	0.0	150710	1915.2429938755702	0.307929	0.3
17100.515469892925	300	23.86734653051648	0.0	139105	1468.339225083535	0.655122	0.3
17103.641625342247	750	24.74119108119622	0.0	353220	3126.1554493202593	0.14662172	0.3
17107.95170925799	750	24.43110716545394	0.0	405134	4310.083915742277	0.005361082	0.75
17112.154753378756	750	24.228063044686802	0.0	386351	4203.04412076714	0.004705182	0.75
17117.72212132762	750	22.660695095824867	0.0	434409	5567.3679488619355	0.004705182	0.75
17122.3981284303	750	21.98468799314393	0.0	337059	4676.007102680939	0.004744199	0.75
17125.72906632213	750	22.653750101315868	0.0	366214	3330.937891828061	0.004705182	0.75
17128.56166681769	750	23.82114960575405	0.0	360831	2832.6004955618187	0.004705182	0.75
17130.84798714201	750	25.534829281438213	0.0	372963	2286.320324315836	0.004705182	0.75
17134.021690899128	750	26.361125524319245	0.0	405596	3173.7037571189685	0.025827805	0.75
17136.564811970133	750	27.81800445331229	0.0	350713	2543.121071006952	0.009347513	0.75
17139.484482319862	750	28.898334103583686	0.0	386472	2919.670349728608	0.025054596	0.75
17142.71976284179	750	29.663053581659906	0.0	399894	3235.2805219237807	0.02249351	0.75
17146.14732980793	750	30.235486615516095	0.0	401853	3427.5669661438073	0.027798913	0.75
17149.025228709907	750	31.357587713539374	0.0	343800	2877.8989019767228	0.040096093	0.75
17153.29578934275	750	31.08702708069465	0.0	359903	4270.560632844727	0.05906254	0.75
17159.277747359654	750	29.105069063790538	0.0	379700	5981.958016904111	0.009572614	0.75
17167.486302737605	750	24.896513685842272	0.0	425781	8208.555377948265	0.004705182	0.75
17173.65295419006	750	22.729862233385138	0.0	277716	6166.651452457134	0.004705182	0.75
17180.83452384833	750	19.5482925751139	0.0	400396	7181.569658271238	0.004705182	0.75
17188.18247437038	750	16.200342053065913	0.0	400508	7347.950522047986	0.16369697	0.75
17190.641458518454	300	17.741357904990764	0.0	157421	2458.9841480751516	0.1563434	-0.15000000000000002
17193.347767223382	300	19.035049200063938	0.0	157488	2706.308704926826	0.01049239	0.3
17196.461921933165	300	19.92089449027931	0.0	143881	3114.154709784632	0.016119905	0.3
17201.36781200171	300	19.015004421738265	0.0	163444	4905.890068541045	0.034674704	0.3
17207.656860667856	300	16.72595575559287	0.0	179328	6289.048666145392	0.0049181706	0.3
17212.135261624	300	16.247554799446455	0.0	159914	4478.400956146415	0.004705182	0.3
17215.403562849548	300	16.979253573897985	0.0	131610	3268.3012255484687	0.004705182	0.3
17217.99720742836	300	18.385608995083107	0.0	124011	2593.644578814878	0.012653487	0.3
17220.442948407526	300	19.939868015917163	0.0	144254	2445.7409791659466	0.27847132	0.3
17225.606595215555	750	18.776221207890558	0.0	390680	5163.646808026604	0.43758205	0.3
17230.8512635876	750	17.53155283584653	0.0	345516	5244.668372044025	0.004705182	0.75
17239.084743224706	750	13.298073198737267	0.0	384505	8233.479637109263	0.0057430416	0.75
17241.694612696243	300	14.688203727201335	0.0	145210	2609.869471535933	0.01552058	-0.15000000000000002
17244.48882445841	300	15.89399196503342	0.0	172312	2794.2117621679154	0.1478506	0.3
17246.71658015199	300	17.666236271451815	0.0	167025	2227.755693581601	0.6488998	0.3
17250.680316270817	750	17.702500152625365	0.0	393804	3963.7361188264517	0.016173337	0.3
17253.74504627103	750	18.63777015241381	0.0	331053	3064.730000211557	0.038384926	0.75
17257.299149272043	750	19.083667151401592	0.0	314107	3554.103001012219	0.2806865	0.75

