17510.85970277976	750	4.0	5.775321338143219	450283	5775.321338143219	-24.08388175401584
17512.176862524626	300	6.682840255133825	0.0	155580	1317.159744866175	-0.15000000000000002
17513.293994054788	300	9.565708724972165	0.0	139857	1117.1315301616603	0.3
17518.25620079921	1200	8.60350198054996	0.0	617681	4962.206744422202	0.29999999999999993
17522.67699522498	750	8.182707554776806	0.0	411561	4420.794425773155	0.3
17525.954352011555	750	8.905350768203698	0.0	318564	3277.3567865731093	0.75
17528.808025123155	750	10.051677656601548	0.0	352642	2853.6731116021497	0.75
17536.04736648358	1200	6.8123362961776	0.0	709534	7239.341360423949	0.75
17537.152378597835	300	9.707324181921264	0.0	150710	1105.0121142563357	-0.6000000000000001
17542.016517908054	1200	8.843184871704013	0.0	560821	4864.139310217251	0.29999999999999993
17544.353463804844	750	10.506238974914872	0.0	353220	2336.94589678914	0.3
17550.22062063714	1200	8.639082142618186	0.0	594078	5867.156832296684	0.75
17557.509482479214	750	5.350220300545317	0.0	386351	7288.86184207287	0.3
17560.520166580078	300	6.339536199684242	0.0	179801	3010.6841008610745	-0.15000000000000002
17562.83595574836	300	8.023747031401262	0.0	140051	2315.789168282979	0.3
17566.593651710635	750	8.266051069129963	0.0	366214	3757.6959622713007	0.3
17571.303776007182	750	7.555926772581614	0.0	360831	4710.124296548348	0.75
17576.20520173698	750	6.654501042785526	0.0	372963	4901.4257297960885	0.75
17577.833687845196	300	9.026014934568021	0.0	165384	1628.4861082175028	-0.15000000000000002
17585.661508780187	1200	5.198193999576714	0.0	586839	7827.820934991309	0.29999999999999993
17587.33682628008	300	7.5228764996868565	0.0	157671	1675.317499889857	-0.6000000000000001
17591.994208740205	750	6.865494039562308	0.0	399894	4657.382460124549	0.3
17595.09275806722	300	7.766944712545208	0.0	163927	3098.5493270171005	-0.15000000000000002
17600.419325957722	750	6.440376822041393	0.0	343800	5326.567890503815	0.3
17602.632047786374	300	8.227654993390905	0.0	146754	2212.7218286504876	-0.15000000000000002
17608.86287355748	750	5.996829222287145	0.0	379700	6230.8257711037595	0.3
17611.62663709511	300	7.233065684655343	0.0	181901	2763.7635376318026	-0.15000000000000002
17615.80993099045	750	7.049771789314329	0.0	277716	4183.293895341014	0.3
17622.696941365324	750	4.162761414438707	0.0	400396	6887.010374875622	0.75
17624.86048760546	300	5.999215174302264	0.0	149029	2163.5462401364425	-0.15000000000000002
17627.026302804272	300	7.833399975487948	0.0	157421	2165.815198814317	0.3
17632.46156339097	750	6.398139388791308	0.0	400322	5435.26058669664	0.3
17634.848081087704	300	8.011621692057506	0.0	143881	2386.5176967338025	-0.15000000000000002
17640.024831895527	750	6.834870884236604	0.0	412837	5176.750807820902	0.3
17641.46234513478	300	9.397357644985084	0.0	179328	1437.513239251519	-0.15000000000000002
17647.11428917154	1200	7.745413608226597	0.0	598727	5651.9440367584875	0.29999999999999993
17652.02883720817	750	6.830865571595386	0.0	321064	4914.54803663121	0.3
17654.55011323145	300	8.30958954831644	0.0	124011	2521.2760232789456	-0.15000000000000002
17661.84390838601	750	5.015794393757292	0.0	378327	7293.795154559149	0.3
17663.440026157514	300	7.419676622254184	0.0	149991	1596.1177715031079	-0.15000000000000002
17666.547508733947	750	8.312194045819767	0.0	345516	3107.4825764344155	0.3
17670.579378044313	750	8.2803247354571	0.0	384505	4031.869310362669	0.75
17676.19497324435	750	6.664729535416291	0.0	372093	5615.595200040808	0.75
17677.55657007006	300	9.303132709706151	0.0	172312	1361.5968257101408	-0.15000000000000002
17683.84464084174	1200	7.015061938028124	0.0	630203	6288.070771678027	0.29999999999999993
17687.60952974887	750	7.25017303090135	0.0	393804	3764.888907126774	0.3
17691.007737472904	750	7.851965306867881	0.0	331053	3398.2077240334693	0.75
17695.13547174153	750	7.724231038239249	0.0	314107	4127.734268628632	0.75

