4527.980895258502	750	4.0	4.717391294739914	450283	4717.391294739914	-19.53478256738163
4529.435825395031	300	6.545069863471299	0.0	155580	1454.9301365287008	-0.15000000000000002
4530.68670731114	300	9.294187947363007	0.0	139857	1250.881916108293	0.3
4532.1832322498085	300	11.797663008694082	0.0	155432	1496.524938668925	0.3
4536.622824650806	750	11.358070607696476	0.0	411561	4439.592400997606	0.3
4540.698145433964	750	11.282749824538355	0.0	318564	4075.3207831581217	0.75
4542.707965332621	300	13.272929925882051	0.0	153295	2009.8198986563025	-0.15000000000000002
4544.8410024907735	300	15.139892767729453	0.0	173849	2133.0371581526	0.3
4546.346559797366	300	17.634335461136793	0.0	150710	1505.5573065926585	0.3
4547.642223997303	300	20.338671261201046	0.0	139105	1295.6641999357507	0.3
4548.933246002805	300	23.047649255697905	0.0	141840	1291.0220055031384	0.3
4552.760434772513	750	23.220460485990532	0.0	405134	3827.1887697073726	0.3
4556.225357077164	750	23.755538181339798	0.0	386351	3464.9223046507354	0.75
4560.720582567758	750	23.26031269074518	0.0	434409	4495.225490594617	0.75
4564.247270565768	750	23.733624692734754	0.0	337059	3526.6879980104263	0.75
4568.176787052563	750	23.804108205940913	0.0	366214	3929.516486793841	0.75
4571.951413231802	750	24.02948202670129	0.0	360831	3774.6261792396226	0.75
4575.772136365543	750	24.20875889296015	0.0	372963	3820.7231337411404	0.75
4583.0155489003755	750	20.9653463581284	0.0	405596	7243.412534831751	0.75
4585.933971215032	300	22.046924043471897	0.0	140881	2918.4223146565037	-0.15000000000000002
4588.240522308286	300	23.74037295021792	0.0	157671	2306.5510932539783	0.3
4590.9824530098085	300	24.998442248695568	0.0	157812	2741.9307015223517	0.3
4593.874332788722	300	26.106562469781352	0.0	163927	2891.8797789142145	0.3
4595.627159567847	300	28.353735690657405	0.0	137654	1752.8267791239466	0.3
4597.659751136136	300	30.321144122368203	0.0	146754	2032.591568289205	0.3
4601.539319280666	750	30.441575977838323	0.0	379700	3879.5681445298796	0.3
4605.124411937046	750	30.856483321458846	0.0	425781	3585.0926563794733	0.75
4607.603557032383	750	32.377338226121694	0.0	277716	2479.145095337155	0.75
4613.584176465634	1200	30.396718792870452	0.0	622896	5980.619433251239	0.75
4618.221082641929	750	29.75981261657645	0.0	400508	4636.906176294	0.3
4621.082797540166	750	30.898097718338285	0.0	358218	2861.714898238167	0.75
4624.749037642222	750	31.231857616282902	0.0	400322	3666.2401020553843	0.75
4629.687592593646	750	30.29330266485955	0.0	369834	4938.5549514233535	0.75
4632.989278640672	750	30.991616617833163	0.0	412837	3301.6860470263864	0.75
4636.329756185918	750	31.651139072586542	0.0	401088	3340.477545246619	0.75
4639.923221343506	750	32.057673914998766	0.0	365161	3593.4651575877797	0.75
4643.645731684788	750	32.33516357371705	0.0	321064	3722.5103412817207	0.75
4648.29100307143	1200	31.689892187074815	0.0	575591	4645.271386642229	0.75
4653.874276865063	1200	30.106618393442897	0.0	605884	5583.273793631921	1.2
4657.60464513972	750	30.37625011878601	0.0	390680	3730.3682746568834	0.3
4661.171787855573	750	30.80910740293275	0.0	345516	3567.142715853259	0.75
4667.032645671359	750	28.948249587146446	0.0	384505	5860.857815786306	0.75
4672.257842077783	750	27.723053180723525	0.0	372093	5225.1964064229205	0.75
4673.913752824609	300	30.067142433896443	0.0	172312	1655.9107468270795	-0.15000000000000002
4677.47669257387	750	30.50420268463528	0.0	398987	3562.939749261162	0.3
4680.668940109224	750	31.311955149281303	0.0	393804	3192.2475353539794	0.75
4683.70125342714	750	32.27964183136562	0.0	331053	3032.313317915683	0.75
4689.24166913054	1200	30.739226127965622	0.0	550906	5540.415703399999	0.75

