4265.217617068067	750	4.0	1.256359210868177	450283	1256.359210868177	0.5	-4.652344606733161
4268.429396111372	1850	4.788220956695038	0.0	957685	3211.779043304962	0.5	0.75
4270.799392691244	1850	6.41822437682292	0.0	877771	2369.996579872118	0.5	1.85
4275.1413207406695	1850	6.076296327398515	0.0	933276	4341.928049424406	0.5	1.85
4278.781751424269	1850	6.435865643798709	0.0	996749	3640.430683599805	0.5	1.85
4282.249836547181	1850	6.967780520886425	0.0	801058	3468.085122912284	0.5	1.85
4286.174439311256	1850	7.043177756811305	0.0	905515	3924.6027640751195	0.5	1.85
4289.617563306706	1850	7.600053761360525	0.0	1060487	3443.12399545078	0.5	1.85
4293.108286189305	1850	8.109330878761629	0.0	852833	3490.722882598897	0.5	1.85
4296.267161741002	1850	8.950455327063754	0.0	913888	3158.875551697874	0.5	1.85
4298.604340253583	1850	10.61327681448305	0.0	939819	2337.1785125807028	0.5	1.85
4300.7588108712835	1850	12.458806196782392	0.0	917428	2154.4706177006587	0.5	1.85
4302.924983291969	1850	14.292633776097182	0.0	946851	2166.1724206852105	0.5	1.85
4307.307937230861	2850	13.90967983720496	0.0	1578343	4382.953938892222	0.5	1.85
4310.743261124836	2850	14.4743559432295	0.0	1231445	3435.32389397546	0.5	2.85
4315.720902291928	2850	13.496714776137981	0.0	1471065	4977.6411670915195	0.5	2.85
4319.940629347999	2850	13.276987720066574	0.0	1491626	4219.727056071408	0.5	2.85
4323.597044903791	2850	13.620572164273774	0.0	1358801	3656.4155557927998	0.5	2.85
4327.692015985001	2850	13.525601083064329	0.0	1537156	4094.9710812094445	0.5	2.85
4332.825882643904	2850	12.391734424160386	0.0	1336050	5133.866658903942	0.5	2.85
4339.753612347969	2850	9.464004720095708	0.0	1415116	6927.729704064676	0.5	2.85
4347.870711076052	1850	5.346905992011417	0.0	955231	8117.098728084292	0.5	0.8500000000000001
4357.143589142519	750	4.0	3.9259720744551077	401853	9272.878066466525	0.5	-17.231679920156964
4360.67292064961	300	4.47066849290856	0.0	137654	3529.33150709144	0.5	-0.15000000000000002
4364.646303185346	300	4.497285957172353	0.0	146754	3973.382535736208	0.5	0.3
4367.774938420911	300	5.368650721607153	0.0	153938	3128.6352355651993	0.5	0.3
4371.072649534865	300	6.070939607653384	0.0	181901	3297.711113953769	0.5	0.3
4373.09644054592	300	8.04714859659805	0.0	111155	2023.7910110553346	0.5	0.3
4375.2603802728845	300	9.883208869633199	0.0	153605	2163.9397269648503	0.5	0.3
4376.379177114489	300	12.764412028029376	0.0	149029	1118.7968416038243	0.5	0.3
4377.4758608197035	300	15.667728322814082	0.0	157421	1096.6837052152935	0.5	0.3
4378.619153991657	300	18.52443515086067	0.0	157488	1143.293171953416	0.5	0.3
4380.702463033501	750	20.4411261090167	0.0	369834	2083.309041843967	0.5	0.3
4382.615239417273	750	22.528349725244205	0.0	412837	1912.7763837724974	0.5	0.75
4384.338993949908	750	24.80459519260856	0.0	401088	1723.7545326356435	0.5	0.75
4389.764379227489	1850	23.37920991502812	0.0	943942	5425.385277580437	0.5	0.75
4393.175022945669	1850	23.96856619684777	0.0	728962	3410.643718180349	0.5	1.85
4401.356551714078	1850	19.787037428439763	0.0	938587	8181.528768408011	0.5	1.85
4408.050175737489	1850	17.093413405028375	0.0	908665	6693.624023411386	0.5	1.85
4412.3054006039965	1200	16.83818853852035	0.0	587506	4255.224866508025	0.5	0.5499999999999999
4415.721638762687	1200	17.421950379830474	0.0	566904	3416.2381586898787	0.5	1.2
4422.64958443653	1200	14.494004705986587	0.0	641452	6927.945673843887	0.5	1.2
4426.688784162415	750	14.454804980101231	0.0	372093	4039.1997258853553	0.5	0.3
4432.4408328040045	750	12.70275633851213	0.0	438281	5752.048641589101	0.5	0.75
4438.612408165854	750	10.531180976663741	0.0	398987	6171.57536184839	0.5	0.75
4443.57776083659	750	9.565828305927367	0.0	393804	4965.3526707363735	0.5	0.75
4446.808908695982	750	10.334680446536067	0.0	331053	3231.1478593913	0.5	0.75
4449.4338505407095	750	11.709738601807919	0.0	314107	2624.941844728148	0.5	0.75

