18433.537683813985	750	4.0	4.3779972098671385	450283	4377.997209867139	-18.075388002428696
18434.7959615779	300	6.741722236087304	0.0	155580	1258.2777639126964	-0.15000000000000002
18435.840937411234	300	9.696746402752327	0.0	139857	1044.975833334976	0.3
18437.02598533186	300	12.511698482125855	0.0	155432	1185.0479206264713	0.3
18440.22578935719	750	13.311894456791178	0.0	411561	3199.804025334677	0.3
18442.721803939243	750	14.815879874741597	0.0	318564	2496.0145820495813	0.75
18445.489771159635	750	16.047912654349265	0.0	352642	2767.9672203923324	0.75
18448.790190162435	750	16.74749365154678	0.0	437162	3300.4190028024864	0.75
18451.244589561924	750	18.293094252057813	0.0	374758	2454.399399488965	0.75
18453.57191848478	750	19.965765329202853	0.0	362795	2327.3289228549615	0.75
18456.085618602643	750	21.452065211337633	0.0	353220	2513.700117865216	0.75
18459.213542704027	750	22.324141109953807	0.0	405134	3127.9241013838305	0.75
18462.36576297809	750	23.17192083588853	0.0	386351	3152.2202740652738	0.75
18466.773589689554	750	22.76409412442917	0.0	434409	4407.826711459358	0.75
18469.771465107384	750	23.766218706596383	0.0	337059	2997.875417832787	0.75
18473.09619186744	750	24.441491946539514	0.0	366214	3324.7267600568703	0.75
18476.775416034132	750	24.762267779849427	0.0	360831	3679.2241666900877	0.75
18482.195989530395	750	23.34169428358739	0.0	372963	5420.573496262038	0.75
18486.233252198024	750	23.30443161595809	0.0	405596	4037.2626676292984	0.75
18489.225717556004	750	24.31196625797928	0.0	350713	2992.4653579788137	0.75
18492.610197420454	750	24.927486393528685	0.0	386472	3384.479864450594	0.75
18496.073441026627	750	25.464242787357403	0.0	399894	3463.243606171282	0.75
18499.334519660915	750	26.203164153068187	0.0	401853	3261.0786342892125	0.75
18502.376627110298	750	27.161056703685087	0.0	343800	3042.107449383099	0.75
18505.472523345125	750	28.06516046885963	0.0	359903	3095.8962348254577	0.75
18508.517793823656	750	29.019889990327925	0.0	379700	3045.270478531705	0.75
18511.66893165357	750	29.868752160413162	0.0	425781	3151.1378299147673	0.75
18513.837405880375	750	31.70027793360899	0.0	277716	2168.474226804171	0.75
18517.19232524972	750	32.345358564262376	0.0	400396	3354.919369346616	0.75
18521.161144306545	750	32.37653950743967	0.0	400508	3968.819056822707	0.75
18524.435570873313	750	33.10211294067168	0.0	358218	3274.4265667679947	0.75
18527.194152793552	750	34.343531020432046	0.0	400322	2758.581920239632	0.75
18529.819818539832	750	35.7178652741545	0.0	369834	2625.6657462775456	0.75
18533.339341797764	750	36.19834201622129	0.0	412837	3519.5232579332105	0.75
18537.028205670074	750	36.50947814391197	0.0	401088	3688.863872309315	0.75
18540.57174344214	750	36.96594037184803	0.0	365161	3543.5377720639412	0.75
18543.69597316892	750	37.84171064506375	0.0	321064	3124.2297267842714	0.75
18547.707642779023	750	37.83004103496033	0.0	361565	4011.6696101034163	0.75
18551.48193998759	750	38.05574382639526	0.0	378327	3774.2972085650736	0.75
18555.27016997508	750	38.267513838903966	0.0	390680	3788.2299874912915	0.75
18558.881520596464	750	38.65616321752152	0.0	345516	3611.350621382444	0.75
18562.6484085234	750	38.889275290585225	0.0	384505	3766.8879269362933	0.75
18566.17737352802	750	39.360310285966065	0.0	372093	3528.9650046191587	0.75
18569.92367779635	750	39.61400601763727	0.0	438281	3746.3042683287913	0.75
18573.316712635242	750	40.22097117874316	0.0	398987	3393.034838894105	0.75
18576.802398630523	750	40.735285183462196	0.0	393804	3485.6859952809646	0.75
18580.25416002517	750	41.28352378881206	0.0	331053	3451.761394650134	0.75
18582.887921574773	750	42.64976223921348	0.0	314107	2633.7615495985833	0.75

