15328.280208582199	750	4.0	4.594934407378574	450283	4594.934407378574	-19.008217951727868
15329.263671293682	300	7.016537288516239	0.0	155580	983.462711483761	-0.15000000000000002
15330.38350550491	300	9.896703077287517	0.0	139857	1119.8342112287223	0.3
15331.587469075459	300	12.692739506739828	0.0	155432	1203.9635705476885	0.3
15333.124244756818	300	15.155963825380816	0.0	163442	1536.7756813590127	0.3
15337.381891505407	750	14.898317076791223	0.0	318564	4257.646748589591	0.3
15340.265463129126	750	16.014745453072717	0.0	352642	2883.571623718507	0.75
15342.470735916973	300	17.809472665225023	0.0	173849	2205.27278784769	-0.15000000000000002
15347.712402925485	750	16.5678056567146	0.0	374758	5241.667008510423	0.3
15349.54115182749	300	18.739056754709118	0.0	139105	1828.748902005481	-0.15000000000000002
15357.284054446107	750	14.99615413609162	0.0	353220	7742.9026186175	0.3
15360.543196102899	300	15.737012479299498	0.0	156148	3259.1416567921224	-0.15000000000000002
15362.683499824661	300	17.596708757536906	0.0	160746	2140.303721762594	0.3
15364.342048981303	300	19.938159600895812	0.0	179801	1658.5491566410924	0.3
15365.570649357418	300	22.709559224781938	0.0	140051	1228.6003761138763	0.3
15368.659582612783	750	23.620625969416544	0.0	366214	3088.9332553653903	0.3
15371.936248004184	750	24.343960578016105	0.0	360831	3276.6653914004405	0.75
15378.890986995233	1200	21.389221586965373	0.0	581493	6954.738991050731	0.75
15382.971144807425	750	21.309063774773467	0.0	405596	4080.1578121919065	0.3
15389.65438206582	750	18.625826516376183	0.0	350713	6683.237258397282	0.75
15401.24723378701	750	11.032974795187558	0.0	386472	11592.851721188625	0.75
15405.665919879135	300	10.614288703061764	0.0	157812	4418.686092125795	-0.15000000000000002
15411.043855774717	300	9.236352807479816	0.0	163927	5377.935895581949	0.3
15413.775355113163	300	10.504853469032907	0.0	137654	2731.499338446908	0.3
15415.395058163476	300	12.885150418718892	0.0	146754	1619.7030503140154	0.3
15416.666135500907	300	15.614073081287868	0.0	153938	1271.0773374310224	0.3
15418.1337043789	300	18.146504203294622	0.0	181901	1467.5688779932457	0.3
15420.500567998668	750	19.77964058352803	0.0	277716	2366.863619766594	0.3
15424.12642031733	750	20.15378826486475	0.0	400396	3625.852318663276	0.75
15429.169354964335	750	19.110853617862233	0.0	400508	5042.934647002517	0.75
15431.445067770535	750	20.83514081166243	0.0	358218	2275.7128061998046	0.75
15434.204869057416	750	22.075339524782834	0.0	400322	2759.8012868795945	0.75
15438.026019433873	1200	22.25418914832448	0.0	584349	3821.150376458353	0.75
15442.474557094456	1200	21.805651487740956	0.0	670129	4448.537660583523	1.2
15446.922143918124	1200	21.358064664075386	0.0	690253	4447.586823665573	1.2
15450.618159609465	1200	21.662048972734205	0.0	598727	3696.0156913411784	1.2
15454.438530747977	1850	21.841677834223088	0.0	728962	3820.37113851112	1.2000000000000002
15458.418297332077	1200	21.861911250123132	0.0	575591	3979.7665840999557	0.5499999999999999
15462.640272977296	1200	21.639935604903986	0.0	605884	4221.975645219145	1.2
15466.516293049694	1200	21.763915532507156	0.0	587506	3876.02007239683	1.2
15470.12915783573	1200	22.151050746468638	0.0	566904	3612.8647860385167	1.2
15474.247347038527	1200	22.032861543673135	0.0	641452	4118.1892027955055	1.2
15478.020738280065	1200	22.259470302134606	0.0	599477	3773.3912415385294	1.2
15482.187551707033	1200	22.09265687516755	0.0	634861	4166.813426967059	1.2
15485.916725282019	1200	22.363483300181525	0.0	630203	3729.173574986024	1.2
15489.91039816654	1200	22.369810415661515	0.0	638661	3993.672884520008	1.2
15495.422579958842	1850	20.857628623358924	0.0	830730	5512.181792302592	1.2000000000000002
15499.730116684532	1200	20.550091897669187	0.0	550906	4307.536725689737	0.5499999999999999

