6546.9309112354	750	4.0	1.4326655545084757	450283	1432.6655545084757	-5.410461884386445
6550.340873063046	1850	4.590038172354367	0.0	957685	3409.9618276456326	0.75
6555.189944460112	1850	4.0	0.2590332247119086	877771	4849.0713970662755	0.7361571337387931
6558.234273293656	1850	4.955671166456485	0.0	933276	3044.328833543515	1.85
6561.341806702552	1850	5.8481377575608615	0.0	996749	3107.5334088956233	1.85
6563.882856376748	1850	7.307088083364907	0.0	801058	2541.049674195954	1.85
6566.966957389576	1850	8.222987070536703	0.0	905515	3084.1010128282037	1.85
6570.622334324573	1850	8.567610135540003	0.0	1060487	3655.3769349966997	1.85
6575.146497280844	1850	8.043447179268389	0.0	852833	4524.1629562716125	1.85
6578.823333505448	1850	8.366610954664765	0.0	913888	3676.8362246036254	1.85
6582.374884345429	1850	8.815060114683712	0.0	939819	3551.5508399810515	1.85
6585.48647475667	1850	9.703469703442629	0.0	917428	3111.5904112410835	1.85
6588.5370893962245	1850	10.652855063888058	0.0	946851	3050.6146395545693	1.85
6592.031876253597	1850	11.1580682065149	0.0	1036454	3494.786857373159	1.85
6595.00209641642	1850	12.18784804369336	0.0	821631	2970.22016282154	1.85
6600.013793609931	1850	11.176150850181989	0.0	923170	5011.6971935113725	1.85
6603.1594937296	1850	12.030450730512852	0.0	966699	3145.700119669136	1.85
6605.903281215658	1850	13.286663244455552	0.0	885714	2743.7874860572992	1.85
6609.051966131443	1850	14.137978328670687	0.0	987708	3148.6849157848637	1.85
6612.248369213999	1850	14.941575246115782	0.0	923755	3196.4030825549044	1.85
6615.25530744274	1850	15.934637017374156	0.0	891604	3006.9382287416274	1.85
6620.236993953022	1850	14.9529505070916	0.0	955231	4981.686510282556	1.85
6624.034481955956	1850	15.155462504158292	0.0	968026	3797.488002933308	1.85
6627.388979810129	1850	15.800964649985223	0.0	874175	3354.4978541730666	1.85
6630.404283336213	1850	16.78566112390131	0.0	897976	3015.303526083914	1.85
6633.324410300301	1850	17.86553415981361	0.0	905935	2920.1269640877	1.85
6636.944664408952	1850	18.24528005116209	0.0	1076599	3620.2541086515193	1.85
6639.702618694452	1850	19.48732576566147	0.0	758197	2757.954285500623	1.85
6644.885351864867	1850	18.304592595246977	0.0	972798	5182.7331704144935	1.85
6648.056485944389	1850	19.133458515724254	0.0	975811	3171.1340795227243	1.85
6650.765984869007	1850	20.423959591106293	0.0	873429	2709.498924617962	1.85
6653.80868734444	1850	21.381257115672774	0.0	954453	3042.7024754335193	1.85
6656.855636374454	1850	22.334308085658627	0.0	885062	3046.9490300141492	1.85
6660.455624364328	1850	22.734320095784515	0.0	1035329	3599.9879898741137	1.85
6665.73456025372	1850	21.455384206393376	0.0	1026056	5278.935889391138	1.85
6669.301050890199	1850	21.888893569914725	0.0	943942	3566.490636478653	1.85
6672.154487407988	1850	23.0354570521258	0.0	728962	2853.4365177889276	1.85
6675.31001140846	1850	23.87993305165309	0.0	938587	3155.524000472709	1.85
6678.241952252491	1850	24.947992207623248	0.0	908665	2931.940844029841	1.85
6681.41029916914	1850	25.779645290973573	0.0	930577	3168.3469166496725	1.85
6684.4648989706875	1850	26.72504548942582	0.0	858450	3054.599801547752	1.85
6689.819168344469	1850	25.37077611564396	0.0	1025005	5354.269373781863	1.85
6692.716718297896	1850	26.473226162217397	0.0	886255	2897.549953426562	1.85
6695.745553999083	1850	27.444390461030242	0.0	973972	3028.8357011871544	1.85
6698.793082461297	1850	28.396861998817048	0.0	958994	3047.5284622131944	1.85
6702.209030048351	1850	28.9809144117615	0.0	982064	3415.947587055549	1.85
6705.01943568319	1850	30.170508776923405	0.0	830730	2810.405634838096	1.85
6709.516901504818	1850	29.673042955295934	0.0	846370	4497.465821627473	1.85

