24119.238160765603	750	4.0	3.3429362672757508	450283	3342.9362672757507	-13.624625949285727
24120.426282422723	300	6.811878342882704	0.0	155580	1188.1216571172963	-0.15000000000000002
24121.529443255287	300	9.708717510318698	0.0	139857	1103.160832564006	0.3
24122.843532633757	300	12.394628131848688	0.0	155432	1314.0893784700106	0.3
24124.192038812795	300	15.046121952810232	0.0	163442	1348.5061790384545	0.3
24126.415076599314	750	16.82308416628926	0.0	318564	2223.037786520971	0.3
24129.240431870414	750	17.99772889519133	0.0	352642	2825.3552710979325	0.75
24131.90744975948	750	19.330711006122247	0.0	437162	2667.017889069081	0.75
24134.918371153806	1200	20.319789611798246	0.0	584846	3010.921394324001	0.75
24138.13795140278	1200	21.100209362823552	0.0	560821	3219.5802489746943	1.2
24140.75072948894	1200	22.4874312766634	0.0	607410	2612.778086160154	1.2
24144.871982497854	1850	22.36617826774802	0.0	917428	4121.25300891538	1.2000000000000002
24148.853671514284	1850	22.384489251319554	0.0	946851	3981.689016428462	1.85
24154.639052294682	1850	20.599108470919024	0.0	1036454	5785.380780400532	1.85
24161.352965273614	1850	17.885195491986323	0.0	821631	6713.912978932703	1.85
24168.340523341598	1200	14.897637424005726	0.0	587876	6987.558067980598	0.5499999999999999
24171.838910658116	750	15.399250107483352	0.0	360831	3498.387316522373	0.3
24175.946771414478	750	15.291389351124463	0.0	372963	4107.8607563588885	0.75
24181.608936193265	750	13.62922457233775	0.0	405596	5662.164778786715	0.75
24183.386265654262	300	15.851895111341705	0.0	140881	1777.3294609960444	-0.15000000000000002
24185.95861702745	300	17.279543738155304	0.0	157671	2572.351373186397	0.3
24188.538484686545	300	18.699676079060673	0.0	157812	2579.867659094632	0.3
24191.467017642677	300	19.771143122931644	0.0	163927	2928.5329561290278	0.3
24193.770089677007	300	21.46807108860113	0.0	137654	2303.0720343305134	0.3
24195.315985181904	300	23.92217558370094	0.0	146754	1545.8955049001893	0.3
24197.56128903859	750	25.676871727019808	0.0	379700	2245.3038566811333	0.3
24200.245854706343	750	26.992306059262184	0.0	425781	2684.565667757623	0.75
24203.320592513057	1200	27.91756825254827	0.0	487160	3074.7378067139157	0.75
24207.526472391255	1200	27.71168837435246	0.0	622896	4205.87987819581	1.2
24211.164845300653	1200	28.073315464955144	0.0	641447	3638.3729093973143	1.2
24215.635243362543	1850	27.60291740306645	0.0	873429	4470.3980618886935	1.2000000000000002
24219.6146036027	1850	27.62355716290707	0.0	954453	3979.3602401593835	1.85
24224.057414122843	1850	27.180746642764323	0.0	885062	4442.810520142744	1.85
24229.198350684645	1850	26.039810080962308	0.0	1035329	5140.936561802016	1.85
24237.825802455805	1850	21.412358309800286	0.0	1026056	8627.451771162023	1.85
24251.81128847712	1850	11.426872288482112	0.0	943942	13985.486021318173	1.85
24256.95351870923	750	10.284642056373473	0.0	321064	5142.230232108639	-0.3500000000000001
24258.73311191698	300	12.505048848626021	0.0	124011	1779.5932077474527	-0.15000000000000002
24260.63044863211	300	14.607712133495061	0.0	144254	1897.3367151309621	0.3
24262.040897031497	300	17.197263734108727	0.0	149991	1410.4483993863319	0.3
24263.779850248622	300	19.458310516982944	0.0	147968	1738.9532171257847	0.3
24266.637725277506	300	20.600435488101926	0.0	161857	2857.875028881017	0.3
24270.508342074943	750	20.729818690665088	0.0	372093	3870.616797436835	0.3
24271.921070293716	300	23.317090471890378	0.0	172312	1412.7282187747107	-0.15000000000000002
24275.055079452708	750	24.183081312898807	0.0	398987	3134.0091589915664	0.3
24277.792884948085	750	25.445275817520564	0.0	393804	2737.8054953782453	0.75
24281.843866790212	1200	25.394293975392706	0.0	538612	4050.9818421278574	0.75
24285.786869695203	1200	25.451291070405603	0.0	550906	3943.002904987103	1.2

