5777.860244534487	750	4.0	2.7857807865153212	450283	2785.7807865153213	-11.228857382015882
5779.122188223479	300	6.738056311008653	0.0	155580	1261.9436889913468	-0.15000000000000002
5781.587250361812	1200	8.272994172674643	0.0	571051	2465.062138334009	0.29999999999999993
5784.80382233531	1200	9.056422199177511	0.0	617681	3216.5719734971312	1.2
5789.242688315185	1850	8.617556219302122	0.0	996749	4438.8659798753915	1.2000000000000002
5792.800468661293	1850	9.059775873193935	0.0	801058	3557.780346108185	1.85
5796.8867962115	1850	8.973448322987696	0.0	905515	4086.3275502062384	1.85
5802.671576765643	1850	7.188667768844273	0.0	1060487	5784.780554143424	1.85
5804.71640587454	750	9.143838659947388	0.0	374758	2044.8291088968845	-0.3500000000000001
5806.535621814738	750	11.32462271974927	0.0	362795	1819.2159401981178	0.75
5810.261349666049	1200	11.598894868438716	0.0	607410	3725.727851310554	0.75
5812.471491074128	750	13.388753460359183	0.0	405134	2210.141408079533	0.3
5814.331519012668	750	15.528725521818647	0.0	386351	1860.0279385405365	0.75
5817.458368547138	1200	16.401875987349456	0.0	687371	3126.8495344691933	0.75
5820.202407598302	1200	17.657836936185646	0.0	526950	2744.0390511638116	1.2
5823.0725672309	1200	18.78767730358792	0.0	587876	2870.1596325977266	1.2
5826.211558546776	1200	19.64868598771207	0.0	617242	3138.9913158758504	1.2
5828.107439909864	750	21.752804624624183	0.0	372963	1895.8813630878863	0.3
5831.2634262152515	1200	22.596818319236274	0.0	639204	3155.986305387908	0.75
5832.711904395879	750	25.148340138608564	0.0	350713	1448.4781806277092	0.3
5835.495422596002	1200	26.364821938485438	0.0	601738	2783.518200123127	0.75
5838.462967169446	1200	27.397277365041194	0.0	616206	2967.544573444244	1.2
5841.810869364573	1200	28.049375169914462	0.0	656471	3347.9021951267327	1.2
5843.353302724197	750	30.506941810289344	0.0	343800	1542.4333596251213	0.3
5846.585297422874	1200	31.274947111612793	0.0	587236	3231.99469867655	0.75
5850.853641454752	1200	31.00660307973511	0.0	590335	4268.344031877682	1.2
5855.777799000139	1850	30.082445534347887	0.0	1076599	4924.157545387224	1.2000000000000002
5861.527461428484	1850	28.332783106002395	0.0	758197	5749.662428345491	1.85
5869.033589296612	1850	24.826655237873943	0.0	972798	7506.127868128452	1.85
5873.477701589105	1200	24.382542945381374	0.0	641447	4444.1122924925685	0.5499999999999999
5876.515562403811	1200	25.344682130675412	0.0	570392	3037.8608147059613	1.2
5880.7135950595975	1850	25.146649474888527	0.0	954453	4198.032655786886	1.2000000000000002
5885.127279540261	1850	24.73296499422543	0.0	885062	4413.684480663098	1.85
5889.730094425076	1850	24.13015010941113	0.0	1035329	4602.814884814297	1.85
5894.4182178381325	1850	23.442026696354162	0.0	1026056	4688.123413056969	1.85
5898.710939876926	1850	23.14930465756039	0.0	943942	4292.722038793773	1.85
5902.367699610607	1850	23.49254492387937	0.0	728962	3656.759733681014	1.85
5909.65377418463	1850	20.20647034985677	0.0	938587	7286.074574022606	1.85
5915.771983731518	1850	18.08826080296715	0.0	908665	6118.20954688962	1.85
5923.04855820265	1850	14.811686331835062	0.0	930577	7276.574471132088	1.85
5933.014284892064	1850	8.845959642420503	0.0	858450	9965.72668941456	1.85
5943.597650629419	1850	4.0	1.7374060949335035	1025005	10583.365737354006	-5.620846208214065
5945.319788724007	300	6.277861905411499	0.0	145210	1722.138094588501	-1.25
5950.456128147541	1200	5.141522481878275	0.0	634861	5136.339423533223	0.29999999999999993
5954.1737280348625	750	5.4239225945561085	0.0	398987	3717.5998873221674	0.3
5957.700391772127	1200	5.897258857291541	0.0	638661	3526.663737264567	0.75
5961.287070573009	1200	6.310580056408812	0.0	538612	3586.6788008827293	1.2
5964.519082743931	1200	7.078567885488059	0.0	550906	3232.0121709207515	1.2

