17159.269245371095	750	4.0	4.782926972877741	450283	4782.926972877741	-19.816585983374285
17161.014529607237	300	6.254715763859471	0.0	155580	1745.2842361405292	-0.15000000000000002
17167.75213933381	1200	4.0	0.48289396271395524	571051	6737.609726573426	-1.7764440396700074
17168.95480716432	300	6.7973321694919795	0.0	155432	1202.6678305080209	-0.6000000000000001
17174.553366512628	1200	5.198772821183548	0.0	652874	5598.559348308432	0.29999999999999993
17177.376624630164	750	6.375514703645287	0.0	318564	2823.2581175382597	0.3
17185.216352518404	1200	4.0	1.4642131845943422	561791	7839.7278882396295	-5.546116693755671
17188.082719436636	300	5.133633081772068	0.0	173849	2866.3669182279314	-0.6000000000000001
17189.75015919608	300	7.466193322326587	0.0	150710	1667.4397594454815	0.3
17190.89505115061	300	10.321301367796856	0.0	139105	1144.8919545297315	0.3
17193.45788679243	750	11.758465725975727	0.0	353220	2562.8356418211292	0.3
17196.50281103022	750	12.713541488186111	0.0	405134	3044.9242377896144	0.75
17199.207582962645	750	14.008769555762392	0.0	386351	2704.7719324237178	0.75
17202.655254247857	750	14.561098270548827	0.0	434409	3447.671285213565	0.75
17205.25651436833	750	15.95983815007082	0.0	337059	2601.260120478007	0.75
17208.229265443893	750	16.987087074507503	0.0	366214	2972.7510755633166	0.75
17213.721297060758	750	15.49505545764439	0.0	360831	5492.031616863114	0.75
17215.197363344294	300	18.018989174108334	0.0	150616	1476.066283536058	-0.15000000000000002
17216.53960831669	300	20.676744201711237	0.0	165384	1342.2449723970967	0.3
17219.026108530034	750	22.190243988368906	0.0	350713	2486.5002133423327	0.3
17222.857602499764	750	22.358750018637497	0.0	386472	3831.4939697314085	0.75
17226.209627444805	750	23.006725073597146	0.0	399894	3352.0249450403485	0.75
17232.36945049378	750	20.84690202461982	0.0	401853	6159.823048977328	0.75
17235.05650390093	300	22.159848617470715	0.0	137654	2687.053407149105	-0.15000000000000002
17238.0354265041	300	23.180926014303413	0.0	146754	2978.9226031673043	0.3
17240.874989897315	300	24.34136262108733	0.0	153938	2839.563393216081	0.3
17245.006014369184	750	24.210338149215357	0.0	425781	4131.024471871974	0.3
17247.134239133968	750	26.082113384432976	0.0	277716	2128.2247647823815	0.75
17250.88819727258	750	26.328155245820557	0.0	400396	3753.9581386124146	0.75
17254.480154967474	750	26.73619755092356	0.0	400508	3591.957694896998	0.75
17259.21075697009	750	26.00559554830894	0.0	358218	4730.602002614621	0.75
17269.709706367805	1200	19.506646150593653	0.0	620283	10498.949397715285	0.75
17279.321363000076	750	13.894989518324634	0.0	369834	9611.65663226902	0.3
17282.66809147657	300	14.54826104183104	0.0	163444	3346.728476493595	-0.15000000000000002
17287.179922016796	300	14.03643050160538	0.0	179328	4511.830540225659	0.3
17293.776818484115	750	11.439534034283243	0.0	365161	6596.896467322139	0.3
17294.702795937737	300	14.513556580663556	0.0	131610	925.977453619687	-0.15000000000000002
17296.85976919854	750	16.35658331985788	0.0	361565	2156.9732608056747	0.3
17299.249122572273	750	17.967229946124274	0.0	378327	2389.3533737336056	0.75
17301.15320159685	750	20.063150921546534	0.0	390680	1904.0790245777375	0.75
17304.19956242483	1200	21.016790093569302	0.0	566904	3046.3608279772325	0.75
17309.196232809543	1850	20.020119708856022	0.0	1025005	4996.670384713283	1.2000000000000002
17315.580514553778	1850	17.635837964623587	0.0	886255	6384.281744232434	1.85
17321.769967153028	1850	15.446385365373727	0.0	973972	6189.452599249859	1.85
17326.699179765696	1850	14.517172752705944	0.0	958994	4929.212612667784	1.85
17332.961427419243	1850	12.254925099156983	0.0	982064	6262.247653548963	1.85
17337.808809555896	1850	11.4075429625012	0.0	830730	4847.382136655782	1.85
17342.409391116358	1850	10.806961402037068	0.0	846370	4600.581560464131	1.85

