740.8909900509036	750	4.0	4.746018619318359	450283	4746.018619318359	-19.65788006306894
742.1921451418954	300	6.698844909008274	0.0	155580	1301.1550909917264	-0.15000000000000002
743.3800329193186	300	9.510957131585016	0.0	139857	1187.8877774232599	0.3
748.4251153455472	1200	8.465874705356496	0.0	617681	5045.082426228519	0.29999999999999993
751.7446428071966	750	9.146347243707153	0.0	411561	3319.527461649345	0.3
755.9545024552369	1200	8.936487595666815	0.0	520315	4209.859648040338	0.75
758.6956846584684	750	10.19530539243543	0.0	352642	2741.1822032313844	0.3
766.1554121707738	1200	6.735577880129962	0.0	709534	7459.727512305468	0.75
767.7049502500113	300	9.18603980089248	0.0	150710	1549.5380792374815	-0.6000000000000001
772.0184736662914	1200	8.87251638461244	0.0	560821	4313.52341628004	0.29999999999999993
774.1203024452591	750	10.77068760564473	0.0	353220	2101.8287789677124	0.3
778.449090944831	1200	10.441899106072723	0.0	594078	4328.788499572005	0.75
782.9663333632736	1200	9.924656687630137	0.0	624282	4517.242418442586	1.2
788.4235058235163	1200	8.467484227387446	0.0	687371	5457.172460242691	1.2
790.9681350420984	750	9.922855008805264	0.0	337059	2544.629218582182	0.3
796.1172741220306	1200	8.773715928873113	0.0	587876	5149.139079932152	0.75
799.0616849370019	750	9.829305113901851	0.0	360831	2944.4108149712615	0.3
805.589552270342	1200	7.301437780561721	0.0	581493	6527.86733334013	0.75
810.5718910719091	750	6.31909897899468	0.0	405596	4982.338801567041	0.3
812.3400471468054	300	8.550942904098298	0.0	140881	1768.1560748963818	-0.15000000000000002
816.5435365843747	750	8.347453466529071	0.0	386472	4203.4894375692265	0.3
820.3992048442101	750	8.49178520669374	0.0	399894	3855.668259835331	0.75
824.7927838544981	750	8.098206196405732	0.0	401853	4393.579010288008	0.75
828.893491017559	750	7.997499033344883	0.0	343800	4100.707163060848	0.75
834.0195771387506	750	6.871412912153225	0.0	359903	5126.086121191658	0.75
836.0599970839796	300	8.830992966924175	0.0	153938	2040.419945229049	-0.15000000000000002
845.8055580625653	750	4.0	0.914568011661424	425781	9745.5609785856	-3.632642450144123
849.5805454453166	300	4.225012617248746	0.0	111155	3774.987382751254	-0.15000000000000002
855.3126570500365	300	4.0	1.507098987471183	153605	5732.111604719929	-6.180525646126087
860.8777834592166	300	4.0	1.5651264091801467	149029	5565.126409180147	-6.430043559474631
866.0052063565585	300	4.0	1.1274228973418876	157421	5127.422897341888	-4.547918458570117
870.5076969808595	300	4.0	0.5024906243009755	157488	4502.4906243009755	-1.8607096844941944
875.0071971040984	300	4.0	0.49950012323887766	143881	4499.500123238878	-1.8478505299271737
880.5071653102308	300	4.0	1.4999682061324646	163444	5499.968206132465	-6.149863286369598
883.7788267321868	300	4.728338578044094	0.0	179328	3271.661421955906	0.3
886.4938785399113	300	6.013286770319595	0.0	159914	2715.0518077244997	0.3
888.935997376207	300	7.57116793402395	0.0	131610	2442.118836295645	0.3
898.1956078221745	750	4.0	1.6884425119435456	361565	9259.610445967495	-6.960302801357246
901.6191178630662	300	4.576489959108231	0.0	144254	3423.51004089177	-0.15000000000000002
906.4350816623181	300	4.0	0.23947384014359796	149991	4815.963799251828	-0.7297375126174712
909.4771460845867	300	4.95793557773135	0.0	147968	3042.0644222686506	0.3
911.1692248893587	300	7.265856772959388	0.0	161857	1692.0788047719611	0.3
912.8119218642198	750	9.623159798098287	0.0	372093	1642.6969748610998	0.3
914.3410851410441	1200	12.093996521273963	0.0	634861	1529.163276824325	0.75
916.5721899076674	1850	13.862891754650732	0.0	958994	2231.1047666232294	1.2000000000000002
919.627136246241	2850	14.80794541607716	0.0	1483527	3054.9463385735735	1.85
922.3562740752079	2850	16.078807587110155	0.0	1231456	2729.1378289670056	2.85
927.0696832499077	4300	15.365398412410356	0.0	2155012	4713.409174699799	2.8499999999999996

