11308.459019564327	750	4.0	3.478694088168143	450283	3478.694088168143	-14.208384579123015
11309.664146732046	300	6.794872832282032	0.0	155580	1205.1271677179675	-0.15000000000000002
11310.471339869775	300	9.987679694553293	0.0	139857	807.1931377287391	0.3
11311.33207032538	300	13.126949238948402	0.0	155432	860.730455604892	0.3
11313.795395094125	750	14.663624470203118	0.0	411561	2463.324768745285	0.3
11316.948858268945	1200	15.510161295383838	0.0	520315	3153.46317481928	0.75
11321.703206653041	1200	14.755812911285913	0.0	561791	4754.348384097923	1.2
11326.329988743946	750	14.129030820381258	0.0	437162	4626.782090904655	0.3
11332.44909597245	750	12.009923591876476	0.0	374758	6119.107228504783	0.75
11334.651535799072	300	13.807483765254899	0.0	139105	2202.4398266215762	-0.15000000000000002
11336.666208793875	300	15.792810770451657	0.0	141840	2014.672994803242	0.3
11338.728439625134	300	17.730579939192047	0.0	156148	2062.2308312596097	0.3
11341.622157237705	300	18.836862326622416	0.0	160746	2893.7176125696337	0.3
11345.498850374177	300	18.960169190149465	0.0	179801	3876.6931364729535	0.3
11347.55588181808	300	20.903137746245513	0.0	140051	2057.03144390395	0.3
11350.036940124308	300	22.422079440016304	0.0	138313	2481.0583062292085	0.3
11351.61233914196	300	24.846680422364084	0.0	143509	1575.3990176522195	0.3
11353.933118505103	750	26.525901059222157	0.0	372963	2320.7793631419254	0.3
11356.570863875351	750	27.888155688973836	0.0	405596	2637.74537024832	0.75
11364.74265907146	1200	23.716360492864624	0.0	586839	8171.795196109212	0.75
11368.66877906544	750	23.79024049888536	0.0	386472	3926.119993979264	0.3
11375.36621868857	1200	21.092800875754097	0.0	616206	6697.439623131263	0.75
11379.484165076803	750	20.974854487521277	0.0	401853	4117.94638823282	0.3
11382.322319496836	750	22.136700067487993	0.0	343800	2838.1544200332823	0.75
11385.197127731113	750	23.261891833212452	0.0	359903	2874.808234275541	0.75
11390.020919126355	1200	22.43810043797082	0.0	590335	4823.79139524163	0.75
11394.12642729755	750	22.33259226677582	0.0	425781	4105.5081711950015	0.3
11398.672476065916	1200	21.78654349840846	0.0	487160	4546.048768367361	0.75
11404.217230394872	1200	20.241789169453515	0.0	622896	5544.754328954948	1.2
11407.853334498837	750	20.60568506548804	0.0	400508	3636.1041039654724	0.3
11413.33507490935	1200	19.12394465497484	0.0	570392	5481.740410513202	0.75
11416.782317241494	750	19.676702322831844	0.0	400322	3447.242332142998	0.3
11420.66557671648	750	19.793442847847096	0.0	369834	3883.2594749847485	0.75
11425.334067948159	750	19.12495161616657	0.0	412837	4668.491231680524	0.75
11429.52396218303	750	18.93505738129571	0.0	401088	4189.89423487086	0.75
11433.230660169185	750	19.22835939513952	0.0	365161	3706.6979861561927	0.75
11437.055115790969	750	19.403903773356788	0.0	321064	3824.4556217827294	0.75
11441.060325056857	750	19.39869450746972	0.0	361565	4005.2092658870693	0.75
11444.563114239378	750	19.895905324947933	0.0	378327	3502.789182521786	0.75
11448.881142235756	750	19.577877328569105	0.0	390680	4318.027996378829	0.75
11452.23262378571	750	20.22639577861598	0.0	345516	3351.481549953123	0.75
11455.647379575596	750	20.81163998873028	0.0	384505	3414.7557898857003	0.75
11459.341190929184	750	21.117828635141304	0.0	372093	3693.811353588975	0.75
11464.535036416997	750	19.92398314732877	0.0	438281	5193.845487812533	0.75
11467.572994407135	750	20.88602515718975	0.0	398987	3037.957990139022	0.75
11470.469065533987	750	21.9899540303374	0.0	393804	2896.0711268523464	0.75
11475.370473453637	1200	21.088546110688885	0.0	538612	4901.40791964852	0.75
11482.886036885357	1200	17.572982678968962	0.0	550906	7515.563431719921	1.2

