13340.06899346955	750	4.0	1.7041197936685797	450283	1704.1197936685796	0.5	-6.577715112774892
13342.833278729631	1200	5.235714739918907	0.0	611087	2764.2852600810925	0.5	0.75
13345.565467430855	1200	6.503526038692675	0.0	571051	2732.1887012262323	0.5	1.2
13348.50707721103	1200	7.561916258518712	0.0	617681	2941.6097801739625	0.5	1.2
13351.055685463089	1200	9.013308006459404	0.0	652874	2548.6082520593095	0.5	1.2
13354.269829833576	1850	9.79916363597246	0.0	801058	3214.1443704869434	0.5	1.2000000000000002
13358.474235466616	1850	9.594758002933322	0.0	905515	4204.405633039138	0.5	1.85
13362.631533938107	1850	9.437459531441077	0.0	1060487	4157.298471492247	0.5	1.85
13367.535609759572	1850	8.533383709976242	0.0	852833	4904.075821464835	0.5	1.85
13371.580261591229	1850	8.488731878319104	0.0	913888	4044.6518316571373	0.5	1.85
13375.994679240373	1850	8.074314229174401	0.0	939819	4414.417649144702	0.5	1.85
13377.998976182162	1850	10.070017287387056	0.0	917428	2004.296941787345	0.5	1.85
13380.846662104841	1850	11.22233136470709	0.0	946851	2847.6859226799656	0.5	1.85
13384.205261393734	1850	11.863732075815934	0.0	1036454	3358.599288891156	0.5	1.85
13387.10661601482	1850	12.962377454729799	0.0	821631	2901.354621086135	0.5	1.85
13391.911121837124	1850	12.157871632425366	0.0	923170	4804.5058223044325	0.5	1.85
13395.376493560872	1850	12.692499908676748	0.0	966699	3465.3717237486185	0.5	1.85
13398.45476751835	1850	13.614225951199918	0.0	885714	3078.2739574768284	0.5	1.85
13401.967705164032	1850	14.101288305516963	0.0	987708	3512.9376456829555	0.5	1.85
13405.929753835499	1850	14.13923963404934	0.0	923755	3962.0486714676235	0.5	1.85
13409.856377758031	1850	14.212615711516836	0.0	891604	3926.623922532504	0.5	1.85
13412.950805397397	1850	15.118188072151296	0.0	955231	3094.4276393655377	0.5	1.85
13415.805453694702	1850	16.263539774846727	0.0	968026	2854.6482973045718	0.5	1.85
13420.784524667028	2850	15.28446880252039	0.0	1323990	4979.070972326334	0.5	1.85
13426.994835087553	2850	13.074158381996135	0.0	1383735	6210.310420524255	0.5	2.85
13437.258240110734	2850	6.810753358815209	0.0	1480464	10263.405023180925	0.5	2.85
13442.971804121347	1200	5.097189348203235	0.0	696376	5713.564010611974	0.5	-0.44999999999999996
13445.385454993706	750	6.683538475845006	0.0	277716	2413.6508723582297	0.5	0.3
13449.44641168102	750	6.6225817885321545	0.0	400396	4060.9566873128506	0.5	0.75
13452.799491308035	750	7.269502161515284	0.0	400508	3353.0796270168717	0.5	0.75
13454.748871106043	750	9.320122363507894	0.0	358218	1949.3797980073916	0.5	0.75
13457.116816968797	750	10.952176500753936	0.0	400322	2367.9458627539566	0.5	0.75
13459.292613744718	750	12.776379724833903	0.0	369834	2175.7967759200324	0.5	0.75
13461.268005435984	750	14.800988033566465	0.0	412837	1975.3916912674372	0.5	0.75
13463.350538349838	750	16.718455119714786	0.0	401088	2082.53291385168	0.5	0.75
13466.662133842168	1200	17.406859627384332	0.0	598727	3311.5954923304525	0.5	0.75
13477.072767802712	1850	10.996225666841116	0.0	728962	10410.633960543215	0.5	1.2000000000000002
13481.329186338771	1200	10.73980713078071	0.0	575591	4256.418536060408	0.5	0.5499999999999999
13484.2500712199	750	11.818922249650957	0.0	378327	2920.8848811297526	0.5	0.3
13486.824548658775	750	13.244444810776223	0.0	390680	2574.4774388747364	0.5	0.75
13488.49420793715	750	15.574785532400702	0.0	345516	1669.65927837552	0.5	0.75
13489.891966079775	750	18.177027389776928	0.0	384505	1397.7581426237707	0.5	0.75
13491.112444047558	750	20.956549421995287	0.0	372093	1220.4779677816402	0.5	0.75
13493.200000909043	1200	22.868992560510787	0.0	634861	2087.5568614845038	0.5	0.75
13495.536317555434	1200	24.53267591411886	0.0	630203	2336.3166463919215	0.5	1.2
13497.762124568753	1200	26.306868900798555	0.0	638661	2225.807013320306	0.5	1.2
13502.66530620584	4300	25.403687263713344	0.0	1961140	4903.181637085209	0.5	1.1999999999999997
13509.141281564522	4300	22.927711905029987	0.0	2155012	6475.9753586833585	0.5	4.3

