24326.516860411462	750	4.0	4.277909780182569	450283	4277.909780182569	1.2059888	-17.64501205478505
24327.765846711576	300	6.75101369988408	0.0	155580	1248.98630011592	0.23458911	-0.15000000000000002
24331.61412728725	750	6.902733124208192	0.0	350812	3848.280575675888	0.98048437	0.3
24333.100408502098	300	9.416451909358905	0.0	155432	1486.2812148492887	0.8709492	-0.15000000000000002
24334.561675490404	300	11.95518492104996	0.0	163442	1461.2669883089427	1.1394818	0.3
24336.956683945173	750	13.560176466282327	0.0	318564	2395.0084547676347	1.1858834	0.3
24339.460576970116	750	15.056283441337246	0.0	352642	2503.8930249450805	1.2462399	0.75
24341.45117444736	750	17.06568596409032	0.0	437162	1990.5974772469265	1.2483753	0.75
24343.21555849883	750	19.30130191262315	0.0	374758	1764.3840514671722	1.3356613	0.75
24345.53184281044	1200	20.985017601012306	0.0	560821	2316.2843116108406	1.3433256	0.75
24349.559991083177	1850	20.956869328276046	0.0	939819	4028.1482727362613	1.4292017	1.2000000000000002
24352.847906987587	1200	21.66895342386951	0.0	594078	3287.915904406538	1.4366539	0.5499999999999999
24356.85066090122	1850	21.666199510234488	0.0	946851	4002.7539136350188	1.3994062	1.2000000000000002
24359.69943922187	1200	22.81742118958369	0.0	687371	2848.7783206507993	1.448573	0.5499999999999999
24361.367474311333	750	25.14938610012151	0.0	337059	1668.0350894621777	1.4540757	0.3
24367.44555070152	2850	23.07130970993637	0.0	1471065	6078.0763901851415	1.3926111	0.75
24369.669134326916	1200	24.847726084536095	0.0	617242	2223.5836254002743	1.3765413	-0.44999999999999996
24370.92805794883	750	27.58880246262451	0.0	372963	1258.923621911584	1.4875823	0.3
24375.060357227612	1850	27.456503183839587	0.0	987708	4132.299278784923	1.4454305	0.75
24378.664092689833	1850	27.8527677216223	0.0	923755	3603.7354622172884	1.5124264	1.85
24386.073159092324	4300	24.44370131912847	0.0	2039773	7409.066402493831	1.5196071	1.8499999999999996
24392.458628406883	4300	22.058232004572545	0.0	2176469	6385.469314555922	1.1624045	4.3
24399.782040729096	4300	18.73481968235509	0.0	2221506	7323.412322217458	1.1487534	4.3
24403.1044913973	1850	19.412369014154933	0.0	874175	3322.4506682001565	1.1580745	-0.6000000000000001
24403.70991723755	300	22.806943173902926	0.0	146754	605.4258402520076	1.472079	-1.25
24404.849478158896	750	25.667382252557474	0.0	379700	1139.5609213454545	1.3449678	0.3
24407.86231528267	1850	26.654545128781713	0.0	1076599	3012.837123775761	1.4911438	0.75
24408.87611802155	750	29.640742389897436	0.0	277716	1013.802738884273	1.4592557	-0.3500000000000001
24410.318695804835	750	32.19816460661598	0.0	400396	1442.5777832814545	1.520889	0.75
24412.52124418831	1200	33.99561622314228	0.0	641447	2202.5483834737024	1.5357633	0.75
24418.262790822275	2850	32.25406958917584	0.0	1341201	5741.5466339664345	1.6213982	1.2000000000000002
24425.20495242728	4300	29.31190798417344	0.0	2147852	6942.161605002402	1.2644056	2.8499999999999996
24427.97206711836	1850	30.544793293090347	0.0	885062	2767.114691083092	0.86134714	-0.6000000000000001
24432.04827052245	1850	30.46858988900251	0.0	1035329	4076.2034040878393	1.4325123	1.85
24435.573464565918	1850	30.943395845535235	0.0	1026056	3525.1940434672733	1.4197983	1.85
24441.977925472365	4300	28.538934939089234	0.0	2143948	6404.460906446001	1.3639771	1.8499999999999996
24445.96015930929	2850	28.556701102164826	0.0	1139291	3982.233836924409	0.55319816	1.4000000000000001
24452.024077218222	2850	26.492783193228643	0.0	1499009	6063.917908936182	1.0660824	2.85
24457.352551989126	2850	25.16430842232541	0.0	1427478	5328.4747709032345	1.1079538	2.85
24465.53759788996	4300	20.97926252149297	0.0	2146120	8185.045900832439	1.1228302	2.8499999999999996
24470.962735942216	2850	19.554124469237262	0.0	1339500	5425.138052255706	0.91104114	1.4000000000000001
24476.05099052328	2850	18.465869888173934	0.0	1527299	5088.254581063332	1.1539649	2.85
24480.18011307727	2850	18.33674733418586	0.0	1343002	4129.122553988076	1.1007396	2.85
24485.84199568306	2850	16.6748647283954	0.0	1587250	5661.882605790461	1.0913383	2.85
24492.122098957818	4300	14.39476145363716	0.0	2124950	6280.103274758238	1.0984384	2.8499999999999996
24495.645936178847	1850	14.87092423260716	0.0	982064	3523.837221030001	0.9510897	-0.6000000000000001
24499.658135199694	2850	14.858725211763229	0.0	1231456	4012.1990208439306	1.279472	1.85
24503.24177474355	2850	15.275085667907376	0.0	1364537	3583.639543855852	1.0708997	2.85

