11672.334637469818	750	4.0	1.5985734190571195	450283	1598.5734190571195	-6.123865701945613
11673.125244102059	300	7.209393367758037	0.0	155580	790.6066322419633	-0.15000000000000002
11673.78987738319	300	10.544760086628438	0.0	139857	664.6332811295985	0.3
11674.542525574374	300	13.792111895445117	0.0	155432	752.6481911833198	0.3
11676.54269833466	750	15.79193913515774	0.0	411561	2000.1727602873789	0.3
11680.431848049566	1850	15.9027894202523	0.0	801058	3889.149714905439	0.75
11682.473514583113	1200	17.861122886704877	0.0	561791	2041.6665335474217	0.5499999999999999
11684.754846419664	1200	19.579791050153588	0.0	709534	2281.3318365512905	1.2
11687.498433901736	1850	20.836203568082965	0.0	852833	2743.5874820706213	1.2000000000000002
11690.598146738575	1850	21.736490731241208	0.0	913888	3099.712836841757	1.85
11695.714889796922	2850	20.619747672895247	0.0	1354548	5116.743058345963	1.85
11699.169017421891	1850	21.165620047925113	0.0	917428	3454.1276249701323	0.8500000000000001
11704.1651028203	2850	20.169534649517047	0.0	1422919	4996.0853984080695	1.85
11708.203955063651	1850	20.130682406165846	0.0	1036454	4038.8522433512017	0.8500000000000001
11713.428914247288	2850	18.905723222528525	0.0	1231445	5224.95918363732	1.85
11717.109585978154	1850	19.22505149166224	0.0	923170	3680.6717308662883	0.8500000000000001
11719.619032135022	1850	20.715605334793494	0.0	966699	2509.4461568687425	1.85
11725.627294997435	2850	18.707342472380745	0.0	1358801	6008.262862412751	1.85
11730.115593671717	1850	18.2190437980993	0.0	987708	4488.298674281443	0.8500000000000001
11734.157344647909	1850	18.177292821907496	0.0	923755	4041.7509761918045	1.85
11737.638583795184	1850	18.69605367463198	0.0	891604	3481.2391472755157	1.85
11741.277014548974	1850	19.057622920841496	0.0	955231	3638.4307537904865	1.85
11744.93583497553	1850	19.398802494285952	0.0	968026	3658.820426555544	1.85
11748.588138295469	1850	19.74649917434794	0.0	874175	3652.3033199380097	1.85
11751.406141032445	1850	20.928496437372342	0.0	897976	2818.0027369756003	1.85
11756.949455388974	1850	19.385182080841812	0.0	905935	5543.31435653053	1.85
11760.324657796878	1850	20.009979672937437	0.0	1076599	3375.2024079043763	1.85
11765.336629824353	2850	18.99800764546214	0.0	1141971	5011.972027475299	1.85
11770.75364192057	1850	17.580995549245046	0.0	972798	5417.012096217092	0.8500000000000001
11775.783407624647	1850	16.551229845168237	0.0	975811	5029.76570407681	1.85
11778.589265618044	1200	17.74537185177018	0.0	570392	2805.857993398054	0.5499999999999999
11783.507204104553	1850	16.827433365261662	0.0	954453	4917.9384865085185	1.2000000000000002
11786.330464313545	1200	18.004173156270692	0.0	584349	2823.2602089909706	0.5499999999999999
11789.352289029212	1200	18.98234844060388	0.0	670129	3021.8247156668126	1.2
11792.235703424118	1200	20.098934045696428	0.0	690253	2883.4143949074487	1.2
11795.99661668417	1850	20.33802078564518	0.0	943942	3760.9132600512435	1.2000000000000002
11798.592544148965	1850	21.742093320850316	0.0	728962	2595.9274647948655	1.85
11802.052359387737	1850	22.282278082079053	0.0	938587	3459.815238771262	1.85
11805.282468734671	1850	23.052168735145674	0.0	908665	3230.1093469333787	1.85
11810.975134643879	2850	21.359502825937373	0.0	1402287	5692.665909208301	1.85
11816.240855702314	2850	20.09378176750204	0.0	1339500	5265.7210584353315	2.85
11820.639733149845	1850	19.694904319971005	0.0	1025005	4398.8774475310365	0.8500000000000001
11824.125101968013	1850	20.20953550180312	0.0	886255	3485.368818167885	1.85
11828.41907172769	1850	19.915565742123867	0.0	973972	4293.969759679254	1.85
11832.734891788214	1850	19.599745681600982	0.0	958994	4315.820060522884	1.85
11836.939644476719	1850	19.39499299309648	0.0	982064	4204.752688504506	1.85
11840.140340446864	1850	20.194297022951897	0.0	830730	3200.6959701445826	1.85
11844.285164859646	1850	20.049472610168877	0.0	846370	4144.824412783022	1.85

