21982.839612058408	750	4.0	4.799754461958953	450283	4799.754461958953	-19.888944186423497
21984.26160228619	300	6.578009772220171	0.0	155580	1421.9902277798294	-0.15000000000000002
21985.4636109751	300	9.376001083309369	0.0	139857	1202.0086889108015	0.3
21986.993802327925	300	11.845809730486824	0.0	155432	1530.1913528225455	0.3
21988.715543771843	300	14.124068286566814	0.0	163442	1721.7414439200097	0.3
21991.656246638835	750	15.1833654195765	0.0	318564	2940.702866990315	0.3
21998.179394609564	750	12.660217448846371	0.0	352642	6523.147970730128	0.75
22002.467347922997	300	12.37226413541448	0.0	173849	4287.953313431892	-0.15000000000000002
22005.640202747472	300	13.19940931093945	0.0	150710	3172.8548244750314	0.3
22008.201928577608	300	14.63768348080353	0.0	139105	2561.7258301359193	0.3
22010.330246376092	300	16.509365682318638	0.0	141840	2128.317798484891	0.3
22012.116053402682	300	18.72355865573158	0.0	156148	1785.8070265870601	0.3
22013.7557779971	300	21.083834061314093	0.0	160746	1639.7245944174852	0.3
22016.02960845337	300	22.810003605041487	0.0	179801	2273.8304562726084	0.3
22017.99276544375	300	24.84684661466088	0.0	140051	1963.1569903806042	0.3
22019.81163829498	300	27.027973763431643	0.0	138313	1818.8728512292366	0.3
22022.0400232474	300	28.79958881101455	0.0	143509	2228.3849524170946	0.3
22024.308258846148	300	30.531353212265323	0.0	150616	2268.235598749227	0.3
22028.288415695017	300	30.551196363398077	0.0	165384	3980.1568488672456	0.3
22030.970031402027	300	31.86958065638883	0.0	140881	2681.615707009249	0.3
22033.81164681374	300	33.02796524466998	0.0	157671	2841.6154117188494	0.3
22037.413406795138	300	33.42620526327469	0.0	157812	3601.75998139529	0.3
22040.112017493957	300	34.72759456445636	0.0	163927	2698.6106988183287	0.3
22042.238410997645	300	36.60120106076959	0.0	137654	2126.393503686768	0.3
22044.6187298956	300	38.22088216281368	0.0	146754	2380.3188979559104	0.3
22047.429295671274	300	39.41031638713956	0.0	153938	2810.5657756741216	0.3
22050.32186909588	300	40.517742962535216	0.0	181901	2892.573424604342	0.3
22051.82325506186	300	43.01635699655025	0.0	111155	1501.3859659849634	0.3
22053.593740971006	300	45.24587108740388	0.0	153605	1770.4859091463725	0.3
22055.359506202665	300	47.480105855747745	0.0	149029	1765.7652316561368	0.3
22057.153769306995	300	49.68584275141734	0.0	157421	1794.2631043304068	0.3
22058.653871363156	300	52.18574069525829	0.0	157488	1500.102056159049	0.3
22060.48636746979	300	54.3532445886237	0.0	143881	1832.4961066345872	0.3
22062.670558331047	300	56.16905372736959	0.0	163444	2184.1908612541133	0.3
22064.854929667657	300	57.984682390758415	0.0	179328	2184.3713366111697	0.3
22067.16764864062	300	59.671963417797336	0.0	159914	1812.7189729610816	0.3
22069.764845918933	300	59.63726036747095	0.0	131610	1534.7030503263804	0.3
22072.211898930196	300	59.77998097583392	0.0	124011	1357.2793916370308	0.3
22075.113369541094	300	59.689132499297806	0.0	144254	1590.8484765361227	0.3
22077.011626416937	300	59.685315052207116	0.0	149991	1503.8174470906908	0.3
22080.897876471674	300	59.799064997470175	0.0	147968	1386.2500547369443	0.3
22087.84840552735	750	56.84853594179347	0.0	384505	6950.529055676697	0.3
22089.826473382316	300	58.870468086826804	0.0	145210	1978.0678549666668	-0.15000000000000002
22093.36249609719	300	59.3344453719538	0.0	172312	3536.0227148730014	0.3
22097.0893058591	300	59.6076356100428	0.0	167025	2226.8097619109944	0.3
22099.889589868508	300	59.87855311229675	0.0	160064	2229.082497746048	0.3
22101.31587212349	300	59.581012697635636	0.0	137507	1297.540414661116	0.3
22104.64760042752	300	59.61451941828429	0.0	118421	966.4932793513411	0.3

