2943.943792105372	750	4.0	1.8471370276969283	450283	1847.1370276969283	-7.192689219096792
2944.688785474057	300	7.2550066313144255	0.0	155580	744.9933686855745	-0.15000000000000002
2946.5031005287833	750	9.440691576588728	0.0	350812	1814.3150547256969	0.3
2949.249169155089	1200	10.694622950282607	0.0	617681	2746.0686263061207	0.75
2952.0394307131432	1200	11.904361392228395	0.0	652874	2790.2615580542106	1.2
2955.773804264621	1850	12.169987840750823	0.0	801058	3734.3735514775726	1.2000000000000002
2958.890022664982	1850	13.053769440389932	0.0	905515	3116.2184003608913	1.85
2965.6370619273953	2850	10.306730177976346	0.0	1638769	6747.039262413586	1.85
2968.4550858942953	1200	11.488706211076215	0.0	584846	2818.0239669001317	-0.44999999999999996
2972.942059964831	1850	11.001732140540495	0.0	913888	4486.97407053572	1.2000000000000002
2976.719150855153	1850	11.224641250218143	0.0	939819	3777.0908903223512	1.85
2980.432468323536	1850	11.511323781835875	0.0	917428	3713.317468382268	1.85
2983.833724312773	1850	12.110067792598642	0.0	946851	3401.255989237234	1.85
2987.901738273165	1850	12.042053832206726	0.0	1036454	4068.013960391917	1.85
2990.6168450732666	1850	13.326947032105236	0.0	821631	2715.1068001014896	1.85
2996.190883259484	2850	11.75290884588758	0.0	1471065	5574.038186217656	1.85
2999.7120091101765	1850	12.23178299519527	0.0	966699	3521.125850692309	0.8500000000000001
3003.650884272772	1850	12.29290783259931	0.0	885714	3938.8751625959585	1.85
3007.9994472077997	1850	11.944344897572241	0.0	987708	4348.562935027067	1.85
3012.546282055009	1850	11.39751005036273	0.0	923755	4546.834847209512	1.85
3016.7167191841245	1850	11.227072921247355	0.0	891604	4170.437129115373	1.85
3021.0523063982628	1850	10.891485707108819	0.0	955231	4335.587214138537	1.85
3024.008117677492	1200	11.935674427879446	0.0	656471	2955.8112792293714	0.5499999999999999
3027.645507049332	1850	12.298285056039516	0.0	874175	3637.3893718399313	1.2000000000000002
3031.881600491015	1850	12.062191614356669	0.0	897976	4236.093441682848	1.85
3035.82581039946	1850	12.117981705911987	0.0	905935	3944.209908444682	1.85
3041.708236325898	1850	10.235555779473724	0.0	1076599	5882.425926438262	1.85
3044.8786778937038	1200	11.065114211667817	0.0	487160	3170.441567805908	0.5499999999999999
3055.369337975092	1850	4.57445413027958	0.0	972798	10490.660081388236	1.2000000000000002
3058.358590460851	300	5.585201644520971	0.0	149029	2989.2524857586095	-1.25
3062.8692033882908	300	5.074588717080998	0.0	157421	4510.612927439974	0.3
3064.3733759283095	300	7.570416177062235	0.0	157488	1504.1725400187627	0.3
3067.5271175060984	750	8.416674599273367	0.0	369834	3153.7415777888687	0.3
3070.7823235619944	750	9.161468543377635	0.0	412837	3255.206055895732	0.75
3078.9101631507656	1200	5.033628954606299	0.0	690253	8127.839588771337	0.75
3080.3541021429787	300	7.5896899623927085	0.0	159914	1443.9389922135906	-0.6000000000000001
3083.327798143609	750	8.615993961762666	0.0	321064	2973.696000630043	0.3
3085.8038801705598	750	10.139911934811664	0.0	361565	2476.0820269510027	0.75
3090.452508719457	1200	9.491283385914883	0.0	605884	4648.628548896781	0.75
3094.8723861204553	1200	9.071405984916503	0.0	587506	4419.87740099838	1.2
3098.597512401825	1200	9.346279703546926	0.0	566904	3725.1262813695753	1.2
3103.8565391154934	1200	8.087252989877875	0.0	641452	5259.026713669051	1.2
3107.0560073788206	750	8.887784726550509	0.0	372093	3199.4682633273683	0.3
3111.276008329886	750	8.667783775485407	0.0	438281	4220.000951065101	0.75
3116.5759105828433	750	7.3678815225283865	0.0	398987	5299.902252957022	0.75
3121.146365614252	750	6.797426491119884	0.0	393804	4570.455031408502	0.75
3122.513561527985	300	9.430230577386373	0.0	137507	1367.1959137335102	-0.15000000000000002
3127.93820165856	1200	8.005590446811494	0.0	550906	5424.640130574879	0.29999999999999993

