22117.205151937014	750	4.0	2.993897582587049	450283	2993.897582587049	-12.12375960512431
22118.753399786183	300	6.451752150834994	0.0	155580	1548.247849165005	-0.15000000000000002
22119.3955563941	300	9.809595542918126	0.0	139857	642.1566079168676	0.3
22120.094025627648	300	13.111126309372608	0.0	155432	698.4692335455178	0.3
22122.435982105442	1200	14.769169831577116	0.0	652874	2341.9564777954934	0.29999999999999993
22123.894953774132	1200	17.310198162886678	0.0	520315	1458.9716686904367	1.2
22126.787506908262	1850	18.417645028757825	0.0	905515	2892.553134128854	1.2000000000000002
22130.07769783474	1850	19.12745410228143	0.0	1060487	3290.190926476395	1.85
22132.384664747762	1850	20.82048718925518	0.0	852833	2306.966913026253	1.85
22135.553660729613	1850	21.651491207404504	0.0	913888	3168.995981850674	1.85
22138.57917931534	1850	22.625972621679118	0.0	939819	3025.5185857253905	1.85
22141.80390872982	1850	23.401243207196224	0.0	917428	3224.7294144828925	1.85
22145.116489687432	1850	24.08866224958553	0.0	946851	3312.580957610695	1.85
22148.976893987314	1850	24.228257949703078	0.0	1036454	3860.404299882451	1.85
22152.45820362936	1850	24.746948307655206	0.0	821631	3481.3096420478714	1.85
22155.944537037292	1850	25.260614899725308	0.0	923170	3486.333407929898	1.85
22160.08141844885	1850	25.123733488165353	0.0	966699	4136.881411559958	1.85
22163.599749975132	1850	25.605401961882176	0.0	885714	3518.3315262831734	1.85
22167.083078580374	1850	26.12207335664515	0.0	987708	3483.328605237029	1.85
22170.843564779938	1850	26.361587157081544	0.0	923755	3760.4861995636065	1.85
22174.139994133067	1850	27.06515780395087	0.0	891604	3296.429353130671	1.85
22177.905933631926	1850	27.299218305090843	0.0	955231	3765.9394988600275	1.85
22182.18062624096	1850	27.02452569606023	0.0	968026	4274.692609030612	1.85
22185.776703289088	1850	27.428448647928345	0.0	874175	3596.077048131886	1.85
22189.42330860765	1850	27.781843329367724	0.0	897976	3646.605318560618	1.85
22193.19744120318	1850	28.007710733835076	0.0	905935	3774.1325955326506	1.85
22197.78986548636	1850	27.415286450655625	0.0	1076599	4592.424283179452	1.85
22201.691147467525	1850	27.514004469491162	0.0	758197	3901.281981164463	1.85
22207.73607021652	1850	25.469081720491953	0.0	972798	6044.922748999208	1.85
22211.85386654845	1200	25.351285388566307	0.0	641447	4117.796331925648	0.5499999999999999
22214.65339944717	1200	26.551752489847534	0.0	570392	2799.5328987187713	1.2
22218.33854871661	1200	26.86660322040976	0.0	620283	3685.1492694377735	1.2
22222.816421945136	1200	26.388729991882116	0.0	584349	4477.873228527644	1.2
22229.105255496805	1200	24.09989644021292	0.0	670129	6288.833551669195	1.2
22230.958445837827	750	26.246706099191616	0.0	401088	1853.1903410213072	0.3
22232.409079518166	750	28.796072418850297	0.0	365161	1450.633680341319	0.75
22234.099580843427	1200	31.105571093588523	0.0	487812	1690.5013252617755	0.75
22236.472724854524	1200	32.7324270824881	0.0	575591	2373.1440111004217	1.2
22240.07669844875	1850	33.12845348826547	0.0	908665	3603.9735942226316	1.2000000000000002
22245.882763790632	2850	31.32238814637994	0.0	1402287	5806.065341885529	1.85
22249.855236400712	1850	31.349915536301065	0.0	858450	3972.472610078875	0.8500000000000001
22253.488088125578	1850	31.71706381143415	0.0	1025005	3632.8517248669127	1.85
22257.10689830129	1850	32.098253635723	0.0	886255	3618.810175711156	1.85
22261.35415237179	1850	31.850999565220082	0.0	973972	4247.254070502919	1.85
22266.21133875869	1850	30.99381317831939	0.0	958994	4857.18638690069	1.85
22270.176128071445	1850	31.029023865566465	0.0	982064	3964.7893127529223	1.85
22273.467264142517	1850	31.737887794495013	0.0	830730	3291.1360710714544	1.85
22276.957636802807	1850	32.24751513420441	0.0	846370	3490.3726602905977	1.85

