14381.075248548235	750	4.0	6.819045761582508	450283	6819.045761582508	-28.571896774804785
14383.022224215349	300	6.053024332886424	0.0	155580	1946.975667113577	-0.15000000000000002
14384.557341419655	300	8.517907128580475	0.0	139857	1535.1172043059482	0.3
14386.235303163501	300	10.83994538473521	0.0	155432	1677.9617438452651	0.3
14388.107634812779	300	12.967613735456158	0.0	163442	1872.3316492790518	0.3
14389.179941476335	300	15.895307071900806	0.0	126289	1072.3066635553523	0.3
14391.67293458827	750	17.40231395996645	0.0	352642	2492.9931119343564	0.3
14393.671248665443	750	19.403999882794817	0.0	437162	1998.3140771716319	0.75
14395.130493785793	750	21.944754762445132	0.0	374758	1459.2451203496876	0.75
14399.652112517664	1850	21.423136030574184	0.0	913888	4521.61873187095	0.75
14403.860890904663	1850	21.214357643574406	0.0	939819	4208.7783869997775	1.85
14407.357495810578	1850	21.71775273765969	0.0	917428	3496.6049059147167	1.85
14411.418061144497	1850	21.657187403740508	0.0	946851	4060.5653339191854	1.85
14415.878726363133	1850	21.196522185104474	0.0	1036454	4460.6652186360325	1.85
14419.34187888755	1850	21.733369660689878	0.0	821631	3463.1525244145964	1.85
14424.421504217193	1850	20.65374433104591	0.0	923170	5079.625329643969	1.85
14439.962836327992	1850	9.112412220246073	0.0	966699	15541.332110799836	1.85
14441.213798698618	300	11.861449849619868	0.0	150616	1250.9623706262037	-1.25
14443.640313344587	750	13.434935203652609	0.0	405596	2426.514645967259	0.3
14448.64717321965	750	12.428075328589362	0.0	350713	5006.859875063246	0.75
14453.604165463896	750	11.471083084342578	0.0	386472	4956.992244246785	0.75
14457.791366568255	750	11.283881979982137	0.0	399894	4187.20110436044	0.75
14460.724158272093	750	12.3510902761459	0.0	401853	2932.791703836238	0.75
14462.510861661991	750	14.56438688624876	0.0	343800	1786.7033898971408	0.75
14463.867826189626	750	17.207422358613744	0.0	359903	1356.9645276350147	0.75
14468.28057335661	1850	16.79467519162991	0.0	905935	4412.747166983833	0.75
14473.131768844474	1850	15.943479703765293	0.0	1076599	4851.195487864618	1.85
14476.03666604541	1850	17.038582502830128	0.0	758197	2904.897200935167	1.85
14480.068300728986	1850	17.006947819252265	0.0	972798	4031.6346835778604	1.85
14484.3537146029	1850	16.721533945338823	0.0	975811	4285.413873913442	1.85
14488.03751816873	1850	17.037730379506932	0.0	873429	3683.8035658318936	1.85
14492.673850425772	1850	16.401398122464602	0.0	954453	4636.33225704233	1.85
14506.90816735596	1850	6.167081192277303	0.0	885062	14234.316930187299	1.85
14508.824589557338	300	8.250658990898716	0.0	163444	1916.4222013785868	-1.25
14510.453300113688	300	10.621948434550319	0.0	179328	1628.7105563483967	0.3
14511.669623928123	300	13.405624620115791	0.0	159914	1216.3238144345264	0.3
14513.467167784962	750	15.608080763275805	0.0	321064	1797.5438568399868	0.3
14519.048522937177	750	14.026725611062032	0.0	361565	5581.35515221377	0.75
14523.62351761925	750	13.451730928988328	0.0	378327	4574.994682073705	0.75
14527.650016048123	750	13.425232500116055	0.0	390680	4026.498428872272	0.75
14530.154337186417	750	14.920911361821107	0.0	345516	2504.321138294948	0.75
14532.129546745318	750	16.945701802918155	0.0	384505	1975.209558902951	0.75
14533.540854612766	750	19.534393935470703	0.0	372093	1411.3078674474518	0.75
14538.281440840816	1850	18.793807707419916	0.0	973972	4740.586228050788	0.75
14542.613498706174	1850	18.46174984206036	0.0	958994	4332.05786535956	1.85
14546.329992967505	1850	18.745255580731246	0.0	982064	3716.494261329112	1.85
14549.91099427378	1850	19.164254274456894	0.0	830730	3581.0013062743537	1.85
14553.635935405846	1850	19.43931314239018	0.0	846370	3724.941132066715	1.85

