15741.537021466234	750	4.0	4.594934407378574	450283	4594.934407378574	-19.008217951727868
15742.520484177718	300	7.016537288516239	0.0	155580	983.462711483761	-0.15000000000000002
15743.640318388947	300	9.896703077287517	0.0	139857	1119.8342112287223	0.3
15744.844281959495	300	12.692739506739828	0.0	155432	1203.9635705476885	0.3
15750.043058720108	750	11.493962746126806	0.0	411561	5198.776760613022	0.3
15752.484547042679	750	13.052474423555989	0.0	318564	2441.4883225708177	0.75
15756.588911174224	750	12.948110292012455	0.0	352642	4104.364131543534	0.75
15762.607403562892	750	10.92961790334343	0.0	437162	6018.492388669024	0.75
15765.434326057028	300	12.102695409206806	0.0	150710	2826.922494136624	-0.15000000000000002
15768.833378360556	300	12.703643105679056	0.0	139105	3399.052303527749	0.3
15772.088293377758	300	13.44872808847764	0.0	141840	3254.9150172014165	0.3
15774.820692686328	300	14.716328779907457	0.0	156148	2732.3993085701836	0.3
15776.642063791309	300	16.894957674925312	0.0	160746	1821.3711049821488	0.3
15778.224537188831	300	19.312484277401452	0.0	179801	1582.4733975238537	0.3
15779.43931566039	300	22.097705805844253	0.0	140051	1214.778471557202	0.3
15780.628796645566	300	24.908224820668284	0.0	138313	1189.4809851759667	0.3
15783.806287336194	750	25.730734130038304	0.0	360831	3177.4906906299793	0.3
15787.675900036118	750	25.86112143011344	0.0	372963	3869.6126999248672	0.75
15792.63715186608	750	24.89986960015147	0.0	405596	4961.251829961971	0.75
15796.20380432589	750	25.333217140340516	0.0	350713	3566.652459810953	0.75
15803.793296164451	750	21.74372530178049	0.0	386472	7589.491838560026	0.75
15808.70688340482	300	20.830138061411173	0.0	157812	4913.5872403693165	-0.15000000000000002
15813.606870383748	300	19.9301510824829	0.0	163927	4899.986978928273	0.3
15817.448360888591	300	20.088660577640287	0.0	137654	3841.4905048426153	0.3
15822.003820251555	300	19.533201214674765	0.0	146754	4555.45936296552	0.3
15826.052467296064	300	19.484554170166767	0.0	153938	4048.6470445079967	0.3
15828.611478138391	300	20.92554332784051	0.0	181901	2559.010842326257	0.3
15829.583388842697	300	23.95363262353549	0.0	111155	971.9107043050205	0.3
15830.802378073775	300	26.73464339245767	0.0	153605	1218.9892310778207	0.3
15832.049450367596	300	29.487571098636522	0.0	149029	1247.0722938211486	0.3
15835.036121295992	750	30.500900170240612	0.0	358218	2986.6709283959103	0.3
15842.275778577061	1200	27.26124288917098	0.0	620283	7239.657281069634	0.75
15844.630605546046	750	28.906415920186713	0.0	369834	2354.8269689842627	0.3
15847.465331618308	750	30.07168984792426	0.0	412837	2834.7260722624533	0.75
15851.957918191389	1200	29.57910327484439	0.0	690253	4492.5865730798705	0.75
15855.986794623697	1200	29.55022684253493	0.0	598727	4028.876432309462	1.2
15859.144371219492	1200	30.392650246739972	0.0	487812	3157.576595794956	1.2
15862.914763376291	1200	30.62225808993936	0.0	575591	3770.392156800611	1.2
15866.061093598286	1200	31.475927867944744	0.0	605884	3146.3302219946145	1.2
15869.549787068285	1200	31.987234397945333	0.0	587506	3488.6934699994113	1.2
15875.504501415136	1850	30.032520051092988	0.0	858450	5954.714346852348	1.2000000000000002
15879.814980855854	1200	29.72204061037549	0.0	641452	4310.479440717497	0.5499999999999999
15883.630848456027	1200	29.906173010202625	0.0	599477	3815.867600172862	1.2
15887.712667164436	1200	29.824354301793132	0.0	634861	4081.818708409492	1.2
15891.651430019318	1200	29.88559144691162	0.0	630203	3938.762854881514	1.2
15895.888710245232	1200	29.648311220997865	0.0	638661	4237.280225913754	1.2
15899.056510469092	1200	30.480510997137266	0.0	538612	3167.8002238605995	1.2
15902.487342882314	1200	31.049678583915256	0.0	550906	3430.832413222012	1.2

