22851.600739485304	750	4.0	4.665178135276565	450283	4665.178135276565	-19.31026598168923
22853.099574053194	300	6.501165432110702	0.0	155580	1498.8345678892972	-0.15000000000000002
22854.541103035106	300	9.059636450196395	0.0	139857	1441.5289819143081	0.3
22867.57981672605	1200	4.0	3.9790772407477597	617681	13038.713690944154	-16.810032135215366
22870.78061601949	300	4.799200706562263	0.0	163442	3200.799293437737	-0.6000000000000001
22873.249218250687	300	6.330598475359829	0.0	126289	2468.6022312024343	0.3
22876.101839734398	300	7.477976991648473	0.0	153295	2852.6214837113557	0.3
22888.394446821985	750	4.0	4.814630095939258	437162	12292.60708758773	-20.402909412538808
22891.45990006947	300	4.9345467525147635	0.0	150710	3065.4532474852363	-0.15000000000000002
22894.616859780697	300	5.77758704128374	0.0	139105	3156.9597112310234	0.3
22898.758696242025	300	5.635750579959299	0.0	141840	4141.83646132444	0.3
22904.179114083883	300	4.215332738101339	0.0	156148	5420.4178418579595	0.3
22908.236839682413	300	4.157607139571809	0.0	160746	4057.7255985295305	0.3
22910.229098258038	300	6.165348563946022	0.0	179801	1992.2585756257865	0.3
22911.1389431139	300	9.255503708081818	0.0	140051	909.844855864203	0.3
22914.082619803496	1200	10.311827018487314	0.0	587876	2943.6766895945048	0.29999999999999993
22917.314242595032	1200	11.08020422695267	0.0	617242	3231.6227915346444	1.2
22921.07118027415	1850	11.323266547831542	0.0	885714	3756.937679121127	1.2000000000000002
22926.24506610908	1850	10.149380712903449	0.0	987708	5173.8858349280945	1.85
22929.27507486389	1200	11.119371958094966	0.0	586839	3030.008754808484	0.5499999999999999
22935.701371929088	1850	8.693074892897863	0.0	891604	6426.297065197103	1.2000000000000002
22939.135234838697	750	9.259211983287539	0.0	399894	3433.862909610324	-0.3500000000000001
22944.402224282065	1200	7.992222539921972	0.0	656471	5266.989443365567	0.75
22947.690480385525	750	8.703966436461545	0.0	343800	3288.256103460427	0.3
22950.690115758804	750	9.704331063182266	0.0	359903	2999.635373279279	0.75
22955.461521774447	1200	8.932925047535024	0.0	590335	4771.406015647242	0.75
22959.132412434054	750	9.262034387930807	0.0	425781	3670.8906596042157	0.3
22962.883778846288	1200	9.510667975698164	0.0	487160	3751.366412232644	0.75
22967.33510957974	1200	9.059337242243986	0.0	622896	4451.330733454177	1.2
22971.717108430614	1200	8.67733839137192	0.0	641447	4381.998850872065	1.2
22974.201904441292	750	10.1925423806905	0.0	358218	2484.796010681423	0.3
22977.56648015069	1200	10.827966671294067	0.0	620283	3364.575709396432	0.75
22980.510591713737	1200	11.883855108244198	0.0	584349	2944.1115630498693	1.2
22985.843712820195	1850	10.550734001785699	0.0	1035329	5333.121106458499	1.2000000000000002
22989.10889403807	1200	11.285552783911902	0.0	690253	3265.181217873796	0.5499999999999999
22992.875494742355	1850	11.518952079625304	0.0	943942	3766.6007042865986	1.2000000000000002
22997.642231063553	1850	10.752215758431204	0.0	728962	4766.736321194098	1.85
23001.005215759178	1200	11.389231062808191	0.0	575591	3362.9846956230135	0.5499999999999999
23005.292308577948	1850	11.102138244036956	0.0	908665	4287.092818771233	1.2000000000000002
23009.414124240935	1850	10.98032258104928	0.0	930577	4121.815662987676	1.85
23012.13936368385	1200	12.255083138134301	0.0	566904	2725.2394429149786	0.5499999999999999
23016.705908119908	1850	11.688538702075213	0.0	1025005	4566.544436059087	1.2000000000000002
23021.135115408626	1850	11.259331413360309	0.0	886255	4429.207288714904	1.85
23026.07931619469	1850	10.315130627294053	0.0	973972	4944.200786066256	1.85
23029.34328667109	1200	11.051160150894916	0.0	630203	3263.970476399137	0.5499999999999999
23035.554173903995	1850	8.840272917990848	0.0	982064	6210.887232904067	1.2000000000000002
23037.67154688315	750	10.72289993883378	0.0	331053	2117.3729791570686	-0.3500000000000001
23040.481885401157	1200	11.912561420828036	0.0	550906	2810.3385180057458	0.75

