22186.082508288964	750	4.0	4.146410706663652	450283	4146.4107066636525	-17.079566038653706
22187.20281079112	300	6.879697497844862	0.0	155580	1120.3025021551377	-0.15000000000000002
22188.231753952743	300	9.850754336222511	0.0	139857	1028.9431616223508	0.3
22189.35269936243	300	12.729808926533472	0.0	155432	1120.945409689039	0.3
22190.513734323	300	15.568773965961913	0.0	163442	1161.0349605715603	0.3
22192.771683497424	750	17.310824791540792	0.0	318564	2257.949174421121	0.3
22197.167651733744	1200	16.914856555220524	0.0	561791	4395.968236320266	0.75
22200.562255330224	750	17.520252958740482	0.0	437162	3394.6035964800426	0.3
22206.931472410128	1200	15.15103587883717	0.0	584846	6369.217079903313	0.75
22215.126102074657	750	10.956406214309776	0.0	362795	8194.629664527394	0.3
22218.195550572716	300	11.88695771624904	0.0	141840	3069.448498060738	-0.15000000000000002
22220.3843595831	300	13.698148705864716	0.0	156148	2188.809010384323	0.3
22222.789650986782	300	15.292857302180838	0.0	160746	2405.2914036838774	0.3
22225.69824248761	300	16.38426580135091	0.0	179801	2908.5915008299285	0.3
22227.316242418434	300	18.76626587052939	0.0	140051	1617.9999308215185	0.3
22228.56122720387	300	21.521281085091	0.0	138313	1244.984785438388	0.3
22231.865985804285	750	22.216522484675632	0.0	360831	3304.7586004153695	0.3
22235.19219821972	750	22.890310069239966	0.0	372963	3326.2124154356625	0.75
22238.706986220852	750	23.375522068108587	0.0	405596	3514.7880011313805	0.75
22248.19877859858	1200	17.883729690380154	0.0	586839	9491.792377728434	0.75
22253.94288640514	750	16.139621883821288	0.0	386472	5744.1078065588645	0.3
22255.837211544294	300	18.245296744668682	0.0	157812	1894.325139152609	-0.15000000000000002
22257.869551803586	300	20.21295648537806	0.0	163927	2032.3402592906227	0.3
22262.446032691187	750	19.63647559777355	0.0	343800	4576.480887604509	0.3
22265.090467237736	300	20.992041051224135	0.0	146754	2644.434546549416	-0.15000000000000002
22267.933621387903	300	22.148886901059065	0.0	153938	2843.154150165072	0.3
22270.239075507405	300	23.843432781556068	0.0	181901	2305.4541195029947	0.3
22274.462882342177	750	23.61962594678538	0.0	277716	4223.806834770688	0.3
22279.574895997062	300	22.507612291900855	0.0	153605	5112.013654884526	-0.15000000000000002
22283.869808612642	300	22.212699676322742	0.0	149029	4294.912615578113	0.3
22287.56522509588	300	22.517283193085092	0.0	157421	3695.416483237653	0.3
22289.971445599323	300	24.11106268963996	0.0	157488	2406.2205034451304	0.3
22291.539141733596	300	26.543366555370877	0.0	143881	1567.6961342690865	0.3
22293.69279237973	300	28.38971590923646	0.0	163444	2153.6506461344193	0.3
22296.179859912107	300	29.902648376861674	0.0	179328	2487.067532374786	0.3
22300.22639824565	750	29.856110043314057	0.0	365161	4046.538333547617	0.3
22306.15294725707	1200	27.929561031897304	0.0	487812	5926.54901141675	0.75
22309.916791500636	750	28.165716788329004	0.0	361565	3763.8442435683014	0.3
22314.553464456443	750	27.529043832520465	0.0	378327	4636.672955808538	0.75
22319.685192721772	750	26.397315567190226	0.0	390680	5131.728265330234	0.75
22324.153865522607	750	25.928642766354823	0.0	345516	4468.672800835406	0.75
22329.9459636149	750	24.13654467406163	0.0	384505	5792.098092293196	0.75
22333.787347696663	750	24.295160592299357	0.0	372093	3841.3840817622695	0.75
22338.226398035877	750	23.856110253083635	0.0	438281	4439.0503392157225	0.75
22340.87695949388	750	25.20554879508135	0.0	398987	2650.561458002289	0.75
22344.037265821986	750	26.045242466975242	0.0	393804	3160.306328106106	0.75
22348.610780628976	1200	25.471727659984076	0.0	538612	4573.514806991166	0.75
22353.041549770383	1200	25.040958518573426	0.0	550906	4430.76914141065	1.2

