4434.147755705294	750	4.0	1.384287999087403	450283	1384.287999087403	-5.202438396075833
4434.668683919669	300	7.479071785625267	0.0	155580	520.9282143747322	-0.15000000000000002
4436.8089971816735	1200	9.338758523620784	0.0	571051	2140.313262004483	0.29999999999999993
4440.0713451486545	1850	10.076410556639962	0.0	933276	3262.3479669808244	1.2000000000000002
4443.362301913451	1850	10.785453791842924	0.0	996749	3290.9567647970384	1.85
4447.521308952879	2850	10.626446752415069	0.0	1224260	4159.0070394278555	1.85
4451.61686522142	2850	10.530890483873714	0.0	1388403	4095.556268541354	2.85
4457.142983774155	2850	9.004771931139047	0.0	1638769	5526.118552734668	2.85
4461.346705589328	1850	8.80105011596626	0.0	852833	4203.721815172786	0.8500000000000001
4462.539439028612	750	11.608316676682342	0.0	362795	1192.7334392839164	-0.3500000000000001
4464.56318833771	1200	13.584567367585063	0.0	607410	2023.7493090972805	0.75
4469.830017958783	1850	12.317737746511357	0.0	917428	5266.829621073705	1.2000000000000002
4472.811160080535	750	13.33659562475948	0.0	386351	2981.142121751877	-0.3500000000000001
4478.399182918112	750	11.748572787181836	0.0	434409	5588.022837577644	0.75
4479.0793584799785	300	15.068397225316241	0.0	140051	680.1755618655957	-0.15000000000000002
4483.002745486743	750	15.145010218551903	0.0	366214	3923.387006764338	0.3
4485.223101890002	300	16.92465381529269	0.0	143509	2220.3564032592167	-0.15000000000000002
4487.012381174685	300	19.135374530609248	0.0	150616	1789.27928468344	0.3
4490.861166834834	750	19.28658887046091	0.0	405596	3848.7856601483363	0.3
4492.227371863501	300	21.920383841794568	0.0	140881	1366.2050286663452	-0.15000000000000002
4496.464172364784	750	21.683583340511518	0.0	386472	4236.800501283046	0.3
4498.042154889731	300	24.10560081556414	0.0	157812	1577.9825249473759	-0.15000000000000002
4502.741965386812	750	23.405790318483632	0.0	401853	4699.8104970805125	0.3
4504.3168622949115	300	25.83089341038357	0.0	137654	1574.8969081000619	-0.15000000000000002
4507.3112872909915	750	26.836468414303752	0.0	359903	2994.4249960798193	0.3
4509.864797874889	750	28.28295783040655	0.0	379700	2553.510583897204	0.75
4514.704637732089	1200	27.44311797320505	0.0	696376	4839.839857201497	0.75
4517.866486329659	1200	28.281269375635382	0.0	487160	3161.848597569669	1.2
4521.075229068498	1200	29.072526636796017	0.0	622896	3208.7427388393676	1.2
4525.426412762467	1200	28.721342942826517	0.0	641447	4351.1836939694995	1.2
4532.060302307975	1850	26.08745339731959	0.0	873429	6633.88954550693	1.2000000000000002
4539.829660362456	1850	22.318095342838312	0.0	954453	7769.358054481279	1.85
4547.083564952907	1850	19.064190752387614	0.0	885062	7253.904590450696	1.85
4551.8625128858685	1200	18.285242819426067	0.0	670129	4778.947932961547	0.5499999999999999
4555.794021456236	1200	18.353734249058736	0.0	690253	3931.508570367333	1.2
4559.288337237466	1200	18.859418467828828	0.0	598727	3494.315781229907	1.2
4561.697621812179	1200	20.450133893116256	0.0	487812	2409.284574712571	1.2
4567.030868452086	1850	19.116887253208766	0.0	938587	5333.246639907491	1.2000000000000002
4571.448486200153	1850	18.699269505141828	0.0	908665	4417.6177480669385	1.85
4577.743002528665	1850	16.404753176630503	0.0	930577	6294.516328511324	1.85
4581.956872630016	1850	16.190883075279594	0.0	858450	4213.870101350911	1.85
4588.805162910898	1850	13.342592794398632	0.0	1025005	6848.290280880962	1.85
4595.7833149234875	1850	10.36444078180876	0.0	886255	6978.152012589872	1.85
4601.32774324898	1850	8.820012456315562	0.0	973972	5544.428325493197	1.85
4605.484127196377	1850	8.66362850891868	0.0	958994	4156.383947396882	1.85
4609.885823464048	1850	8.261932241247989	0.0	982064	4401.696267670691	1.85
4613.152447022875	1850	8.995308682421037	0.0	830730	3266.6235588269515	1.85
4616.640919320026	1850	9.506836385269905	0.0	846370	3488.472297151132	1.85

