7140.121216075572	750	4.0	1.9680897620528024	450283	1968.0897620528024	-7.71278597682705
7140.928627594387	300	7.192588481185374	0.0	155580	807.4115188146266	-0.15000000000000002
7145.018735393614	1850	7.102480681957757	0.0	877771	4090.107799227617	0.30000000000000004
7148.242606375608	1850	7.878609699963654	0.0	933276	3223.8709819941037	1.85
7151.472022181641	1850	8.649193893931828	0.0	996749	3229.4158060318264	1.85
7161.891192495241	2850	4.0	1.7699764196681882	1224260	10419.170313600016	-5.7608986045732085
7163.879900083892	300	6.011292411348373	0.0	153295	1988.7075886516268	-2.25
7167.926474992764	750	5.964717502476526	0.0	437162	4046.5749088718467	0.3
7168.62944086392	300	9.261751631321236	0.0	150710	702.9658711552908	-0.15000000000000002
7170.110951072652	750	11.780241422588697	0.0	362795	1481.5102087325388	0.3
7172.566544497858	1200	13.324647997382856	0.0	607410	2455.593425205841	0.75
7174.966725522548	1200	14.924466972693093	0.0	594078	2400.1810246897626	1.2
7178.4196446530705	1850	15.471547842170231	0.0	946851	3452.9191305228624	1.2000000000000002
7180.978896523749	1200	16.912295971491663	0.0	687371	2559.2518706785695	0.5499999999999999
7183.135148799848	1200	18.756043695392982	0.0	526950	2156.2522760986813	1.2
7185.960715687474	1200	19.930476807767825	0.0	587876	2825.5668876251575	1.2
7190.908752863694	1200	18.98243963154676	0.0	617242	4948.037176221062	1.2
7193.438605052336	750	20.452587442904388	0.0	372963	2529.8521886423737	0.3
7195.7765004951	750	22.11469200014088	0.0	405596	2337.8954427635067	0.75
7198.038686828458	750	23.852505666782474	0.0	350713	2262.1863333584083	0.75
7200.0661350789715	750	25.825057416268677	0.0	386472	2027.4482505137928	0.75
7203.919246222528	1200	25.971946272711286	0.0	616206	3853.111143557396	0.75
7205.830372310064	750	28.06082018517487	0.0	401853	1911.1260875364187	0.3
7207.327795826089	750	30.56339666915115	0.0	343800	1497.423516023717	0.75
7209.767253129113	1200	32.12393936612771	0.0	587236	2439.4573030234374	0.75
7214.854170434742	1850	31.03702206049857	0.0	905935	5086.91730562914	1.2000000000000002
7220.921562923653	1850	28.969629571586374	0.0	1076599	6067.392488912197	1.85
7223.454027704077	1200	30.437164791162193	0.0	487160	2532.464780424182	0.5499999999999999
7228.370166289852	1850	29.521026205387013	0.0	972798	4916.1385857751775	1.2000000000000002
7232.284314864237	1850	29.606877631001925	0.0	975811	3914.1485743850917	1.85
7237.245795178818	1850	28.64539731642046	0.0	873429	4961.480314581462	1.85
7245.020084062161	1850	24.871108433078355	0.0	954453	7774.288883342104	1.85
7249.9201544556745	1850	23.97103803956437	0.0	885062	4900.070393513985	1.85
7254.5068769011	1850	23.384315594139203	0.0	1035329	4586.722445425166	1.85
7262.058745524239	1850	19.832446971000216	0.0	1026056	7551.868623138987	1.85
7266.168298708295	1850	19.722893786945395	0.0	943942	4109.553184054821	1.85
7269.287048898262	1850	20.604143596977952	0.0	728962	3118.750189967444	1.85
7274.574347041239	1850	19.31684545400097	0.0	938587	5287.298142976982	1.85
7279.386631227355	1850	18.504561267885645	0.0	908665	4812.284186115325	1.85
7283.593151937465	1850	18.29804055777482	0.0	930577	4206.520710110829	1.85
7286.62055810541	1850	19.270634389829883	0.0	858450	3027.4061679449337	1.85
7291.857621065975	1850	18.0335714292646	0.0	1025005	5237.062960565281	1.85
7295.882811973347	1850	18.008380521892636	0.0	886255	4025.1909073719635	1.85
7299.877001917678	1850	18.01419057756227	0.0	973972	3994.1899443303632	1.85
7303.954275059605	1850	17.936917435635078	0.0	958994	4077.2731419271972	1.85
7308.493630626383	1850	17.39756186885798	0.0	982064	4539.355566777096	1.85
7311.811036214845	1850	18.08015628039466	0.0	830730	3317.4055884633203	1.85
7314.601462206434	1850	19.289730288805178	0.0	846370	2790.425991589485	1.85

