9809.614948637542	750	4.0	1.3915974527875299	450283	1391.5974527875298	-5.233869046986379
9811.71946608971	1200	5.895482547833153	0.0	611087	2104.517452166847	0.75
9813.91311067227	1200	7.701837965271076	0.0	571051	2193.644582562078	1.2
9816.13192906162	1200	9.483019575921768	0.0	617681	2218.8183893493087	1.2
9818.253207125616	1200	11.361741511925484	0.0	652874	2121.278063996283	1.2
9820.166944064165	1200	13.448004573377206	0.0	520315	1913.7369385482787	1.2
9822.131202352259	1200	15.48374628528324	0.0	561791	1964.2582880939642	1.2
9824.098519783256	1200	17.516428854286424	0.0	709534	1967.317430996818	1.2
9825.839830429597	1200	19.77511820794529	0.0	584846	1741.3106463411334	1.2
9827.632543802372	1200	21.98240483516937	0.0	560821	1792.713372775926	1.2
9829.496788862558	1200	24.118159774985077	0.0	607410	1864.2450601842909	1.2
9832.952849680021	1850	24.662098957521454	0.0	917428	3456.06081746362	1.2000000000000002
9835.322169203962	1200	26.29277943358046	0.0	624282	2369.319523940994	0.5499999999999999
9837.883418841118	1200	27.73152979642558	0.0	687371	2561.2496371548805	1.2
9839.881439688797	1200	29.733508948746277	0.0	526950	1998.0208476793066	1.2
9842.621901850604	1200	30.99304678694001	0.0	587876	2740.462161806268	1.2
9845.921047607413	1200	31.693901030130878	0.0	617242	3299.145756809131	1.2
9847.835195331649	1200	33.77975330589521	0.0	581493	1914.1477242356707	1.2
9850.261248131397	1200	35.35370050614567	0.0	639204	2426.0527997495415	1.2
9854.337213439401	1850	35.277735198142864	0.0	923755	4075.965308002803	1.2000000000000002
9857.970925930102	1850	35.64402270744332	0.0	891604	3633.712490699545	1.85
9861.585634471434	1850	36.029314166110915	0.0	955231	3614.708541332412	1.85
9864.922451126591	1850	36.692497510954084	0.0	968026	3336.8166551568333	1.85
9868.676133517036	1850	36.93881512050865	0.0	874175	3753.6823904454395	1.85
9872.604528464484	1850	37.010420173060325	0.0	897976	3928.394947448324	1.85
9876.498129182284	1850	37.1168194552609	0.0	905935	3893.6007177994197	1.85
9880.677153994602	1850	36.937794642943764	0.0	1076599	4179.0248123171405	1.85
9883.704723946854	1850	37.91022469069102	0.0	758197	3027.5699522527475	1.85
9887.564927921674	1850	38.05002071587221	0.0	972798	3860.2039748188117	1.85
9890.755079254704	1850	38.85986938284232	0.0	975811	3190.1513330298867	1.85
9895.585203229066	2850	38.02974540848002	0.0	1341201	4830.1239743623	1.85
9900.55676338202	2850	37.05818525552722	0.0	1497683	4971.560152952801	2.85
9905.441716535937	2850	36.17323210160995	0.0	1358081	4884.95315391727	2.85
9911.735487510397	2850	33.87946112714972	0.0	1587293	6293.770974460223	2.85
9917.090404095217	2850	32.52454454233049	0.0	1492672	5354.916584819231	2.85
9920.131881417881	1850	33.4830672196665	0.0	943942	3041.477322663986	0.8500000000000001
9922.32973571128	1850	35.28521292626758	0.0	728962	2197.8542933989224	1.85
9928.25783098067	2850	33.357117656877556	0.0	1499009	5928.095269390022	1.85
9934.53874634669	2850	31.076202290858305	0.0	1427478	6280.915366019249	2.85
9938.215403803384	1850	31.39954483416337	0.0	930577	3676.657456694937	0.8500000000000001
9940.929322977783	1850	32.68562565976414	0.0	858450	2713.9191743992283	1.85
9944.206649775879	1850	33.408298861668534	0.0	1025005	3277.3267980956102	1.85
9947.97389246743	1850	33.64105617011733	0.0	886255	3767.242691551199	1.85
9958.379052287624	2850	27.23589634992233	0.0	1587250	10405.159820194996	1.85
9961.071683075292	1200	28.54326556225586	0.0	630203	2692.6307876664723	-0.44999999999999996
9963.845677925241	1200	29.769270712307595	0.0	638661	2773.994849948265	1.2
9966.230674888999	1200	31.384273748549603	0.0	538612	2384.996963757993	1.2
9968.334816062586	1200	33.2801325749611	0.0	550906	2104.1411735885004	1.2

