11380.582789465388	750	4.0	5.4395307625425735	450283	5439.530762542574	1.0887282	-22.639982278933065
11382.976416333315	300	5.606373132073677	0.0	155580	2393.6268679263235	0.09414677	-0.15000000000000002
11385.148042365623	300	7.4347470997634195	0.0	139857	2171.626032310258	0.28014392	0.3
11388.10254234579	300	8.480247119597157	0.0	155432	2954.4999801662616	0.44217417	0.3
11390.47235568692	300	10.110433778467936	0.0	163442	2369.8133411292224	0.5536465	0.3
11391.488477261064	300	13.094312204322456	0.0	126289	1016.1215741454799	1.0920898	0.3
11392.56374421101	300	16.019045254378536	0.0	153295	1075.2669499439207	1.162485	0.3
11397.38529379665	1200	15.197495668738645	0.0	709534	4821.54958563989	1.1799566	0.29999999999999993
11401.628997698477	1200	14.953791766910523	0.0	584846	4243.703901828123	1.2702638	1.2
11406.146454907885	1200	14.436334557502098	0.0	560821	4517.457209408425	1.2697943	1.2
11410.261255222393	750	14.32153424299399	0.0	353220	4114.800314508108	1.2609382	0.3
11415.329146327873	1200	13.253643137512766	0.0	594078	5067.8911054812215	1.2033719	0.75
11423.388107267223	1200	9.194682198163754	0.0	624282	8058.960939349011	1.2324799	1.2
11426.5016155694	300	10.081173895986744	0.0	179801	3113.5083021770115	1.0582267	-0.6000000000000001
11427.700080210288	300	12.882709255097327	0.0	140051	1198.4646408894166	0.86097455	0.3
11431.098676038468	750	13.484113426917899	0.0	366214	3398.595828179428	1.1419163	0.3
11432.529186565307	300	16.053602900078626	0.0	143509	1430.510526839273	1.1987965	-0.15000000000000002
11434.05135389236	300	18.53143557302685	0.0	150616	1522.167327051773	1.1607919	0.3
11435.716343633854	300	20.866445831532157	0.0	165384	1664.989741494694	1.1592953	0.3
11436.998488168783	300	23.584301296603453	0.0	140881	1282.1445349287073	1.168852	0.3
11438.189757668808	300	26.39303179657815	0.0	157671	1191.2695000253018	1.1954939	0.3
11440.969132866509	750	27.613656598876364	0.0	399894	2779.3751977017855	1.2349987	0.3
11443.791315622104	750	28.79147384328187	0.0	401853	2822.1827555944947	1.3069129	0.75
11446.34672650004	750	30.23606296534631	0.0	343800	2555.4108779355606	1.3367099	0.75
11449.041819097793	750	31.540970367594298	0.0	359903	2695.0925977520133	1.3512313	0.75
11451.969621546115	750	32.61316791927187	0.0	379700	2927.8024483224262	1.354803	0.75
11453.247944207578	300	35.33484525780895	0.0	181901	1278.3226614629245	1.3512003	-0.15000000000000002
11456.870536159351	1200	35.71225330603652	0.0	487160	3622.5919517724205	1.3601317	0.29999999999999993
11461.1070332445	750	35.47575622088871	0.0	400396	4236.497085147812	1.5068305	0.3
11466.229151107764	1200	34.3536383576241	0.0	641447	5122.1178632646115	1.3497523	0.75
11472.195014188384	1850	32.3877752770033	0.0	873429	5965.8630806208	1.4690396	1.2000000000000002
11485.761198810316	1850	22.82159065507072	0.0	954453	13566.184621932576	1.4744699	1.85
11488.988926111459	750	23.593863353929716	0.0	369834	3227.7273011410066	1.2611433	-0.3500000000000001
11490.08099577972	300	26.501793685668847	0.0	163444	1092.0696682608673	1.3124535	-0.15000000000000002
11491.412983776065	300	29.16980568932431	0.0	179328	1331.9879963445371	1.3606778	0.3
11492.624932906743	300	31.957856558645414	0.0	159914	1211.9491306788962	1.3734653	0.3
11493.540015041377	300	35.042774424011924	0.0	131610	915.0821346334885	1.4854211	0.3
11497.54126121641	1200	35.04152824898036	0.0	575591	4001.246175031552	1.5123583	0.29999999999999993
11498.939331590991	300	37.643457874398806	0.0	144254	1398.0703745815601	1.577533	-0.6000000000000001
11504.149012206475	1200	36.433777258915725	0.0	587506	5209.680615483078	1.4607445	0.29999999999999993
11509.29922497441	1200	35.283564490981966	0.0	566904	5150.212767933762	1.5414793	1.2
11522.100583435551	1850	26.48220602984032	0.0	1025005	12801.358461141648	1.4972106	1.2000000000000002
11525.612398949186	750	26.97039051620511	0.0	372093	3511.8155136352066	1.3243228	-0.3500000000000001
11534.430574862918	1850	22.1522146024734	0.0	973972	8818.175913731713	1.3945264	0.75
11537.214836903164	750	23.367952562227742	0.0	398987	2784.2620402456555	1.3204857	-0.3500000000000001
11544.270324922654	1850	20.31246454273733	0.0	982064	7055.488019490413	1.4302748	0.75
11553.61652071958	2850	14.966268745812457	0.0	1231456	9346.195796924876	1.3124694	1.85
11558.826301118732	1200	13.756488346662103	0.0	550906	5209.780399150352	1.205973	-0.44999999999999996

