13317.896365713668	750	4.0	12.266701258043659	450283	12266.701258043659	0.00622702	-51.99681540958773
13322.528286243929	300	4.0	0.6319205302601922	155580	4631.920530260192	0.004705182	-2.867258280118827
13325.576117910261	300	4.952168333667658	0.0	139857	3047.8316663323417	0.004705182	0.3
13328.8455943475	300	5.682691896429397	0.0	155432	3269.4764372382615	0.004705182	0.3
13332.202869768307	300	6.325416475623024	0.0	163442	3357.275420806372	0.004705182	0.3
13334.330635233357	300	8.19765101057458	0.0	126289	2127.765465048444	0.004705182	0.3
13336.535961701516	300	9.99232454241477	0.0	153295	2205.326468159809	0.004705182	0.3
13338.73232276719	300	11.795963476741463	0.0	173849	2196.3610656733085	0.004705182	0.3
13340.540329097148	300	13.987957146781996	0.0	150710	1808.006329959466	0.004705182	0.3
13342.212067300208	300	16.316218943722877	0.0	139105	1671.7382030591195	0.004705182	0.3
13343.658670226545	300	18.86961601738669	0.0	141840	1446.6029263361888	0.021349357	0.3
13345.27665903808	300	21.251627205851133	0.0	156148	1617.9888115355566	0.2732368	0.3
13347.018625985325	300	23.509660258605173	0.0	160746	1741.9669472459561	0.61662614	0.3
13351.394562994989	750	23.133723248941905	0.0	434409	4375.937009663268	0.17098917	0.3
13355.545932445884	750	22.98235379804761	0.0	337059	4151.369450894297	0.004705182	0.75
13359.930444935471	750	22.597841308459724	0.0	366214	4384.5124895878835	0.004705182	0.75
13365.08850241995	750	21.439783823980722	0.0	360831	5158.057484479002	0.004705182	0.75
13369.065002204807	750	21.463284039122954	0.0	372963	3976.499784857764	0.0061225486	0.75
13373.635733564735	750	20.892552679195216	0.0	405596	4570.7313599277395	0.004705182	0.75
13377.788515947801	750	20.739770296128963	0.0	350713	4152.782383066251	0.004846722	0.75
13383.820313676406	750	18.70797256752299	0.0	386472	6031.797728605972	0.004879743	0.75
13386.869375797924	750	19.65891044600463	0.0	399894	3049.062121518361	0.37135318	0.75
13389.722244471795	750	20.80604177213187	0.0	401853	2852.8686738727592	0.004705182	0.75
13392.445013987563	750	22.083272256366012	0.0	343800	2722.769515765857	0.004705182	0.75
13394.789776292138	750	23.73850995178929	0.0	359903	2344.7623045767255	0.00502803	0.75
13397.537928367818	750	24.990357876108916	0.0	379700	2748.152075680374	0.018795181	0.75
13400.822211079441	750	25.706075164486013	0.0	425781	3284.2827116229005	0.012655823	0.75
13402.393701422583	750	28.13458482134313	0.0	277716	1571.4903431428882	0.029286489	0.75
13405.204504399888	750	29.32378184403806	0.0	400396	2810.802977305069	0.5271023	0.75
13407.813537083388	750	30.714749160538346	0.0	400508	2609.03268349971	0.49422163	0.75
13410.447527722512	750	32.080758521414054	0.0	358218	2633.990639124292	0.6063446	0.75
13415.062667222148	1200	31.46561902177799	0.0	620283	4615.13949963607	0.68353885	0.75
13418.400356158048	1200	32.127930085877175	0.0	584349	3337.6889359008137	0.013512064	1.2
13422.756779920319	1200	31.771506323606417	0.0	670129	4356.423762270761	0.004705182	1.2
13427.032827403738	1200	31.495458840185613	0.0	690253	4276.0474834208035	0.0048394944	1.2
13431.231706774994	1200	31.29657946893248	0.0	598727	4198.87937125313	0.004705182	1.2
13434.447821431853	1200	32.080464812072854	0.0	487812	3216.1146568596323	0.004705182	1.2
13439.016310398742	1200	31.511975845185102	0.0	575591	4568.48896688775	0.004705182	1.2
13444.000944467476	1200	30.527341776449468	0.0	605884	4984.6340687356305	0.004705182	1.2
13450.800818606143	1200	27.727467637782166	0.0	587506	6799.874138667302	0.004705182	1.2
13456.206105058409	1200	26.322181185516445	0.0	566904	5405.286452265722	0.012070588	1.2
13459.906799069464	1200	26.62148717446216	0.0	641452	3700.6940110542864	0.007034807	1.2
13463.30239583767	1200	27.225890406256873	0.0	599477	3395.5967682052874	0.007981633	1.2
13468.967165319951	1200	25.561120923975093	0.0	634861	5664.769482281778	0.046017356	1.2
13479.47539545903	1200	19.052890784895812	0.0	630203	10508.230139079282	0.0049588047	1.2
13486.33268984502	750	16.19559639890564	0.0	393804	6857.294385990173	0.1245939	0.3
13488.846359090645	750	17.681927153281617	0.0	331053	2513.6692456240207	0.0051491535	0.75
13495.893313185503	1200	14.634973058422407	0.0	550906	7046.954094859209	0.31306174	0.75

