19782.089288890907	750	4.0	4.722418988271614	450283	4722.418988271614	-19.55640164956794
19783.56489470918	300	6.524394181725228	0.0	155580	1475.6058182747722	-0.15000000000000002
19784.765355453637	300	9.323933437271	0.0	139857	1200.460744454228	0.3
19785.913521326318	300	12.175767564590338	0.0	155432	1148.1658726806618	0.3
19788.835912438604	750	13.25337645230531	0.0	411561	2922.391112285027	0.3
19791.449094234766	750	14.64019465614395	0.0	318564	2613.1817961613597	0.75
19794.165815721168	750	15.92347316973761	0.0	352642	2716.7214864063412	0.75
19797.492541705127	750	16.596747185778746	0.0	437162	3326.725983958862	0.75
19800.60865456803	750	17.48063432287646	0.0	374758	3116.1128629022865	0.75
19804.253627061593	750	17.83566182931458	0.0	362795	3644.972493561881	0.75
19808.28677739263	750	17.802511498278193	0.0	353220	4033.150331036388	0.75
19812.881863143775	750	17.207425747130337	0.0	405134	4595.085751147856	0.75
19819.459263712175	750	14.630025178730076	0.0	386351	6577.4005684002595	0.75
19822.538281684752	300	15.551007206151866	0.0	179801	3079.017972578211	-0.15000000000000002
19825.05823981764	300	17.03104907326179	0.0	140051	2519.958132890073	0.3
19827.423601585586	300	18.665687305319583	0.0	138313	2365.361767942212	0.3
19829.117997597634	300	20.971291293268568	0.0	143509	1694.3960120510128	0.3
19830.619950893277	300	23.469337997627495	0.0	150616	1501.9532956410712	0.3
19832.254981022692	300	25.83430786821106	0.0	165384	1635.030129416433	0.3
19833.467921045292	300	28.621367845613065	0.0	140881	1212.9400225979946	0.3
19836.377758774477	750	29.711530116428293	0.0	386472	2909.8377291847733	0.3
19843.53443306373	1200	26.55485582717627	0.0	616206	7156.674289252023	0.75
19849.538618649793	750	24.55067024111544	0.0	401853	6004.185586060831	0.3
19851.42232545716	300	26.666963433747505	0.0	137654	1883.7068073679375	-0.15000000000000002
19853.22862757953	300	28.8606613113781	0.0	146754	1806.3021223694032	0.3
19857.938452630988	750	28.150836259917646	0.0	379700	4709.825051460451	0.3
19860.190973931538	300	29.898314959369248	0.0	181901	2252.5213005484	-0.15000000000000002
19863.236242246094	750	30.85304664480991	0.0	277716	3045.268314559337	0.3
19867.675586584017	750	30.413702306887885	0.0	400396	4439.344337922027	0.75
19872.29178345531	750	29.797505435591606	0.0	400508	4616.196871296275	0.75
19878.00029737704	750	28.08899151386427	0.0	358218	5708.51392172734	0.75
19880.5006421778	300	29.588646713100424	0.0	157488	2500.3448007638453	-0.15000000000000002
19886.207549151106	750	27.881739739794394	0.0	369834	5706.906973306033	0.3
19888.37971740873	300	29.709571482171196	0.0	163444	2172.1682576231983	-0.15000000000000002
19893.895254381376	750	28.19403450952632	0.0	401088	5515.536972644878	0.3
19896.195006944927	300	29.894281945975653	0.0	159914	2299.752563550664	-0.15000000000000002
19900.410729276067	750	29.67855961483703	0.0	321064	4215.722331138621	0.3
19905.88160378379	750	28.20768510711675	0.0	361565	5470.874507720282	0.75
19908.562623020996	300	29.526665869913145	0.0	144254	2681.0192372036045	-0.15000000000000002
19916.20809083063	750	25.881198060277907	0.0	390680	7645.467809635238	0.3
19919.88012268249	300	26.2091662084207	0.0	147968	3672.0318518572067	-0.15000000000000002
19924.787898765466	300	25.30139012544487	0.0	161857	4907.7760829758345	0.3
19927.038039470866	300	27.05124942004617	0.0	145210	2250.1407053987	0.3
19930.448825819818	300	27.64046307109524	0.0	172312	3410.7863489509296	0.3
19934.33061422274	300	27.758674668167963	0.0	167025	3881.78840292728	0.3
19938.305882228393	300	27.783406662516008	0.0	160064	3975.2680056519544	0.3
19941.968515233333	300	28.120773657575285	0.0	137507	3662.633004940723	0.3
19945.251636167246	300	28.837652723664267	0.0	118421	3283.1209339110214	0.3

