1091.5720120388098	750	4.0	4.594934407378574	450283	4594.934407378574	0.0063011926	-19.008217951727868
1092.5554747502933	300	7.016537288516239	0.0	155580	983.462711483761	0.004705182	-0.15000000000000002
1093.675308961522	300	9.896703077287517	0.0	139857	1119.8342112287223	0.004705182	0.3
1094.8792725320698	300	12.692739506739828	0.0	155432	1203.9635705476885	0.005309871	0.3
1096.416048213429	300	15.155963825380816	0.0	163442	1536.7756813590127	0.19342643	0.3
1098.623742685015	300	16.948269353794576	0.0	126289	2207.694471586241	0.5926375	0.3
1100.4941985102896	300	19.077813528520092	0.0	153295	1870.4558252744825	0.11393412	0.3
1101.731540702096	300	21.840471336713733	0.0	173849	1237.3421918063561	0.466214	0.3
1105.6331806359813	750	21.938831402828335	0.0	374758	3901.6399338853994	0.08313574	0.3
1110.7218097421603	750	20.85020229664927	0.0	362795	5088.6291061790635	0.0069574304	0.75
1116.307765533087	750	19.26424650572281	0.0	353220	5585.955790926462	0.008154493	0.75
1124.9176369667798	750	14.654375072029769	0.0	405134	8609.871433693042	0.2529349	0.75
1126.7197129212016	300	16.852299117608155	0.0	160746	1802.0759544216126	0.004705182	-0.15000000000000002
1128.3007595367565	300	19.271252502053223	0.0	179801	1581.0466155549339	0.008359827	0.3
1129.5148149268346	300	22.057197111975	0.0	140051	1214.0553900782222	0.26453197	0.3
1132.6602537033398	750	22.911758335469855	0.0	366214	3145.438776505146	0.33102444	0.3
1136.0540113627408	750	23.518000676068826	0.0	360831	3393.757659401027	0.004705182	0.75
1140.8080854576683	750	22.763926581141114	0.0	372963	4754.074094927713	0.004705182	0.75
1144.8961524611716	750	22.675859577637812	0.0	405596	4088.0670035033013	0.0051944195	0.75
1149.846146393576	750	21.725865645233405	0.0	350713	4949.993932404412	0.004705182	0.75
1160.885874646245	750	14.686137392564321	0.0	386472	11039.728252669083	0.004705182	0.75
1165.4479893696398	300	14.1240226691694	0.0	157812	4562.1147233949205	0.004705182	-0.15000000000000002
1170.215778575762	300	13.356233463047277	0.0	163927	4767.7892061221255	0.004705182	0.3
1174.6350084638461	300	12.937003574963084	0.0	137654	4419.229888084192	0.004705182	0.3
1177.5149689006787	300	14.057043138130458	0.0	146754	2879.960436832625	0.004705182	0.3
1178.9825276832582	300	16.589484355550844	0.0	153938	1467.558782579613	0.004705182	0.3
1180.4415032223656	300	19.13050881644356	0.0	181901	1458.9755391072863	0.004880856	0.3
1181.3773753217195	300	22.194636717089555	0.0	111155	935.8720993540032	0.26957554	0.3
1182.6903093131264	300	24.88170272568276	0.0	153605	1312.9339914067948	0.51186	0.3
1186.004770373271	750	25.567241665538305	0.0	400508	3314.461060144454	0.022417028	0.3
1190.8908544818485	750	24.681157556960844	0.0	358218	4886.084108577464	0.006911713	0.75
1193.9533456103986	750	25.618666428410638	0.0	400322	3062.4911285502044	0.004705182	0.75
1196.4098295703457	750	27.162182468463648	0.0	369834	2456.4839599469874	0.0074826027	0.75
1199.279283919279	750	28.292728119530235	0.0	412837	2869.4543489334137	0.12926602	0.75
1201.8391977708397	750	29.732814267969513	0.0	401088	2559.9138515607237	0.5012607	0.75
1205.8233507875502	1200	29.7486612512591	0.0	598727	3984.1530167104092	0.5127767	0.75
1209.0217537026615	1200	30.5502583361478	0.0	487812	3198.402915111302	0.0052913693	1.2
1212.797437359407	1200	30.774574679402214	0.0	575591	3775.6836567455866	0.004705182	1.2
1215.9685190030655	1200	31.603493035743764	0.0	605884	3171.0816436584496	0.004705182	1.2
1219.4444145088592	1200	32.127597529950116	0.0	587506	3475.895505793643	0.013009985	1.2
1223.4839157811878	1200	32.088096257621466	0.0	566904	4039.501272328652	0.060013533	1.2
1227.851490597284	1200	31.720521441525175	0.0	641452	4367.57481609629	0.016957846	1.2
1231.7547614261273	1200	31.817250612681995	0.0	599477	3903.270828843179	0.05058462	1.2
1235.668119454204	1200	31.90389258460523	0.0	634861	3913.3580280767687	0.120892584	1.2
1239.835951931669	1200	31.73606010714044	0.0	630203	4167.832477464792	0.6305635	1.2
1243.8874253076706	1200	31.684586731138776	0.0	638661	4051.4733760016593	0.6968233	1.2
1251.4034776499127	2850	28.168534388896628	0.0	1231456	7516.052342242151	0.21963802	1.2000000000000002
1260.260632550404	2850	23.31137948840547	0.0	1364537	8857.154900491158	0.004705182	2.85

