715.9797776895052	750	4.0	4.746018619318359	450283	4746.018619318359	-19.65788006306894
717.280932780497	300	6.698844909008274	0.0	155580	1301.1550909917264	-0.15000000000000002
718.4688205579203	300	9.510957131585016	0.0	139857	1187.8877774232599	0.3
719.8546993699133	300	12.125078319591939	0.0	155432	1385.8788119930766	0.3
723.2167981462328	750	12.762979543272374	0.0	411561	3362.098776319564	0.3
725.8125038213531	750	14.167273868152174	0.0	318564	2595.705675120202	0.75
728.5503918361076	750	15.429385853397612	0.0	352642	2737.8880147545597	0.75
732.0897277358847	750	15.8900499536205	0.0	437162	3539.335899777113	0.75
735.4861295587641	750	16.493648130741157	0.0	374758	3396.4018228793434	0.75
739.3605823727906	750	16.619195316714556	0.0	362795	3874.4528140266007	0.75
742.9890751740741	750	16.990702515431153	0.0	353220	3628.492801283403	0.75
746.3982832969348	750	17.581494392570452	0.0	405134	3409.2081228607026	0.75
748.6535623051268	750	19.326215384378415	0.0	386351	2255.279008192035	0.75
751.6670943219497	750	20.312683367555554	0.0	434409	3013.5320168228623	0.75
754.1875558837602	750	21.792221805744973	0.0	337059	2520.4615618105813	0.75
756.8685200074397	750	23.111257682065542	0.0	366214	2680.964123679429	0.75
759.6538138974132	750	24.32596379209202	0.0	360831	2785.2938899735227	0.75
762.7469658556786	750	25.23281183382668	0.0	372963	3093.1519582653395	0.75
765.7106300092705	750	26.269147680234717	0.0	405596	2963.6641535919644	0.75
773.4694462641266	1850	22.510331425378542	0.0	923755	7758.816254856174	0.75
783.4098607385743	1850	16.569916950930978	0.0	891604	9940.414474447567	1.85
793.723908195127	1850	10.255869494378194	0.0	955231	10314.047456552782	1.85
797.8639136540621	750	10.115864035443122	0.0	401853	4140.005458935071	-0.3500000000000001
801.9157559313057	750	10.064021758199454	0.0	343800	4051.8422772436693	0.75
803.5994132424787	300	12.38036444702638	0.0	146754	1683.6573111730722	-0.15000000000000002
806.0323812119426	300	13.947396477562496	0.0	153938	2432.9679694638853	0.3
808.5771185750588	300	15.402659114446418	0.0	181901	2544.737363116077	0.3
812.2352757446703	750	15.744501944834882	0.0	277716	3658.1571696115366	0.3
822.4740215984106	750	9.505756091094597	0.0	400396	10238.745853740285	0.75
827.8437312790956	300	8.136046410409664	0.0	149029	5369.709680684932	-0.15000000000000002
833.7168852370644	300	6.26289245244078	0.0	157421	5873.153957968883	0.3
839.1918962312924	300	4.787881458212858	0.0	157488	5475.010994227922	0.3
843.6759938552138	300	4.303783834291436	0.0	143881	4484.0976239214215	0.3
848.1801371910934	300	4.0	0.20035950158813556	163444	4504.143335879572	-0.5615458568289828
854.5097897035255	300	4.0	2.329652512432019	179328	6329.652512432019	-9.71750580345768
857.9803898187263	300	4.529399884799222	0.0	159914	3470.600115200778	0.3
860.1295771815304	300	6.380212521995048	0.0	131610	2149.1873628041735	0.3
862.365277544121	300	8.144512159404423	0.0	124011	2235.7003625906254	0.3
865.1405161740901	300	9.369273529435379	0.0	144254	2775.238629969044	0.3
868.4001963987299	300	10.1095933047955	0.0	149991	3259.6802246398797	0.3
873.0306838139109	300	9.479105889614562	0.0	147968	4630.487415180937	0.3
876.9834836749563	300	9.526306028569037	0.0	161857	3952.7998610455247	0.3
881.6585139850872	300	8.851275718438268	0.0	145210	4675.030310130769	0.3
885.0704637694131	300	9.439325934112412	0.0	172312	3411.9497843258555	0.3
886.6517426208575	300	11.858047082668024	0.0	167025	1581.2788514443866	0.3
887.548845413575	300	14.9609442899504	0.0	160064	897.1027927176248	0.3
888.5864883515367	750	17.923301351988744	0.0	331053	1037.6429379616575	0.3
890.5197638260036	1850	19.990025877521838	0.0	846370	1933.275474466903	0.75

