18344.564415478646	750	4.0	4.39150033291431	450283	4391.50033291431	-18.133451431531533
18345.9503952352	300	6.61402024344835	0.0	155580	1385.979756551649	-0.15000000000000002
18347.246315127963	300	9.31810035068476	0.0	139857	1295.91989276359	0.3
18348.601606033822	300	11.96280944482504	0.0	155432	1355.2909058597209	0.3
18349.711150676834	300	14.853264801810942	0.0	163442	1109.5446430140978	0.3
18351.78158203085	750	16.782833447796534	0.0	318564	2070.431354014411	0.3
18354.18155329882	750	18.382862179828408	0.0	352642	2399.971267968126	0.75
18356.858449009596	750	19.705966469051745	0.0	437162	2676.895710776661	0.75
18359.712255624385	750	20.852159854265814	0.0	374758	2853.8066147859313	0.75
18362.171051413454	750	22.39336406519427	0.0	362795	2458.7957890715434	0.75
18368.54944440257	1850	20.014971076077522	0.0	939819	6378.392989116747	0.75
18373.703072726286	1850	18.861342752363278	0.0	917428	5153.628323714246	1.85
18379.935847789762	1850	16.62856768889104	0.0	946851	6232.77506347224	1.85
18386.59784091082	1850	13.966574567828335	0.0	1036454	6661.993121062705	1.85
18392.426512201528	1850	12.137903277122385	0.0	821631	5828.67129070595	1.85
18399.22566205378	1850	9.338753424868958	0.0	923170	6799.149852253427	1.85
18402.623714660407	750	9.940700818244583	0.0	360831	3398.0526066243765	-0.3500000000000001
18406.103640923597	750	10.460774555054028	0.0	372963	3479.9262631905544	0.75
18408.576850785004	750	11.98756469364445	0.0	405596	2473.2098614095776	0.75
18410.826091101353	750	13.738324377297966	0.0	350713	2249.240316346485	0.75
18413.279095883292	750	15.285319595357612	0.0	386472	2453.004781940354	0.75
18416.447806968583	750	16.11660851006302	0.0	399894	3168.7110852945916	0.75
18419.32701670607	750	17.237398772579407	0.0	401853	2879.209737483616	0.75
18422.672382784873	750	17.892032693774947	0.0	343800	3345.366078804456	0.75
18427.14447313399	750	17.419942344656132	0.0	359903	4472.090349118818	0.75
18433.664887766026	750	14.899527712621545	0.0	379700	6520.414632034585	0.75
18442.28470298983	750	10.279712488819472	0.0	425781	8619.815223802072	0.75
18444.43307026131	300	12.131345217335664	0.0	111155	2148.3672714838076	-0.15000000000000002
18447.377874267113	300	13.18654121153339	0.0	153605	2944.8040058022734	0.3
18449.886730108756	300	14.677685369889778	0.0	149029	2508.855841643612	0.3
18451.394137836956	300	17.170277641689385	0.0	157421	1507.4077282003923	0.3
18455.001763545628	750	17.56265193301661	0.0	400322	3607.6257086727705	0.3
18457.753290974226	750	18.81112450442088	0.0	369834	2751.5274285957303	0.75
18461.90306084242	750	18.661354636229778	0.0	412837	4149.769868191101	0.75
18465.398996778156	750	19.16541870049212	0.0	401088	3495.935935737661	0.75
18468.754065144694	750	19.810350333952375	0.0	365161	3355.068366539744	0.75
18471.387102847366	750	21.177312631281033	0.0	321064	2633.0377026713377	0.75
18475.868649221873	750	20.695766256774068	0.0	361565	4481.546374506968	0.75
18479.777422874526	750	20.78699260412278	0.0	378327	3908.7736526512867	0.75
18485.452371116004	750	19.112044362644927	0.0	390680	5674.948241477855	0.75
18489.23173893508	750	19.332676543570923	0.0	345516	3779.367819074001	0.75
18492.160143032994	750	20.404272445655646	0.0	384505	2928.4040979152787	0.75
18494.6966525989	750	21.867762879746618	0.0	372093	2536.5095659090293	0.75
18498.013181854363	750	22.551233624285516	0.0	438281	3316.5292554610987	0.75
18501.308349818573	750	23.256065660075116	0.0	398987	3295.167964210399	0.75
18504.518927765872	750	24.045487712777014	0.0	393804	3210.5779472981053	0.75
18508.716992575602	750	23.84742290305017	0.0	331053	4198.064809726841	0.75
18511.160865970916	750	25.403549507732304	0.0	314107	2443.873395317868	0.75

