7239.659051290026	750	4.0	2.2982937896467757	450283	2298.2937896467756	-9.132663295481136
7240.548086543627	300	7.11096474639953	0.0	155580	889.0352536004698	-0.15000000000000002
7242.195624610509	750	9.463426679517237	0.0	350812	1647.5380668822925	0.3
7243.619348147745	750	12.039703142280441	0.0	382355	1423.7235372367961	0.75
7246.101244592895	1200	13.557806697130847	0.0	652874	2481.896445149593	0.75
7247.884618279885	1200	15.774433010140136	0.0	520315	1783.3736869907113	1.2
7250.637133533696	1850	17.021917756328957	0.0	905515	2752.515253811179	1.2000000000000002
7253.962736899678	1850	17.6963143903482	0.0	1060487	3325.60336598076	1.85
7256.996652701771	1850	18.662398588254334	0.0	852833	3033.9158020938644	1.85
7260.781222050106	1850	18.87782923991984	0.0	913888	3784.569348334495	1.85
7266.858922373088	2850	16.800128916938228	0.0	1354548	6077.700322981613	1.85
7269.662705768525	1850	17.996345521501375	0.0	917428	2803.783395436856	0.8500000000000001
7272.537003653929	1850	19.122047636097676	0.0	946851	2874.297885403699	1.85
7275.796091007964	1850	19.862960282062875	0.0	1036454	3259.0873540347993	1.85
7279.961577014575	2850	19.697474275452283	0.0	1231445	4165.486006610594	1.85
7283.031420684407	1850	20.62763060562029	0.0	923170	3069.8436698319924	0.8500000000000001
7288.501723108016	2850	19.157328182009806	0.0	1491626	5470.302423610482	1.85
7293.819124800553	2850	17.839926489473154	0.0	1358801	5317.401692536654	2.85
7297.036093927031	1850	18.622957362995322	0.0	987708	3216.969126477829	0.8500000000000001
7300.3949245321455	1850	19.26412675788119	0.0	923755	3358.830605114136	1.85
7303.301959887778	1850	20.35709140224772	0.0	891604	2907.03535563347	1.85
7306.436046294321	1850	21.2230049957044	0.0	955231	3134.086406543321	1.85
7311.527372118078	2850	20.13167917194727	0.0	1505760	5091.32582375713	1.85
7316.892183355131	2850	18.766867934894098	0.0	1323990	5364.811237053172	2.85
7320.068739972626	1850	19.59031131739955	0.0	897976	3176.556617494547	0.8500000000000001
7322.892558850689	1850	20.76649243933688	0.0	905935	2823.8188780626733	1.85
7326.961746525409	1850	20.697304764616852	0.0	1076599	4069.1876747200267	1.85
7332.176419976819	2850	19.482631313206827	0.0	1141971	5214.6734514100235	1.85
7336.442560530332	1850	19.216490759693624	0.0	972798	4266.140553513205	0.8500000000000001
7341.691557972629	1850	17.967493317396034	0.0	975811	5248.997442297589	1.85
7346.519536659101	1850	17.139514630924364	0.0	873429	4827.978686471672	1.85
7350.861201242094	1200	16.79785004793114	0.0	620283	4341.664582993228	0.5499999999999999
7357.7305836091555	1200	13.928467680870067	0.0	584349	6869.38236706107	1.2
7361.931795530925	750	13.727255759099906	0.0	412837	4201.211921770162	0.3
7367.2195258748525	750	12.439525415173504	0.0	401088	5287.7303439264015	0.75
7370.0881416682405	300	13.570909621785061	0.0	159914	2868.615793388443	-0.15000000000000002
7372.185105043421	300	15.473946246605262	0.0	131610	2096.9633751797987	0.3
7373.5187128031375	300	18.140338486888428	0.0	124011	1333.6077597168357	0.3
7375.044591844686	300	20.61445944534065	0.0	144254	1525.8790415477772	0.3
7376.643353000058	300	23.015698289968245	0.0	149991	1598.7611553724041	0.3
7380.660135400301	750	22.998915889724486	0.0	345516	4016.7824002437587	0.3
7387.185325240537	750	20.473726049488665	0.0	384505	6525.189840235819	0.75
7393.449282378116	750	18.209768911910643	0.0	372093	6263.9571375780215	0.75
7395.106924809766	300	20.552126480260345	0.0	172312	1657.6424316503014	-0.15000000000000002
7396.877355222028	300	22.781696067998674	0.0	167025	1770.430412261672	0.3
7400.442442203007	750	23.216609087019958	0.0	393804	3565.0869809787155	0.3
7402.5544110022165	750	25.10464028780975	0.0	331053	2111.96879921021	0.75
7405.986582023768	1200	25.672469266257657	0.0	550906	3432.171021552094	0.75

