14024.564783640624	750	4.0	4.146410706663652	450283	4146.4107066636525	0.027163142	-17.079566038653706
14025.685086142781	300	6.879697497844862	0.0	155580	1120.3025021551377	0.15284538	-0.15000000000000002
14026.714029304401	300	9.850754336222511	0.0	139857	1028.9431616223508	0.55283135	0.3
14027.834974714091	300	12.729808926533472	0.0	155432	1120.945409689039	0.037451044	0.3
14028.996009674664	300	15.568773965961913	0.0	163442	1161.0349605715603	0.3335492	0.3
14029.89677490755	300	18.66800873307405	0.0	126289	900.7652328878654	0.47791293	0.3
14031.013454251968	300	21.551329388656537	0.0	153295	1116.6793444175119	0.15162149	0.3
14032.522889954993	300	24.041893685629983	0.0	173849	1509.4357030265514	0.13605478	0.3
14033.81307467368	300	26.751708966942996	0.0	150710	1290.1847186869893	0.15012151	0.3
14034.905355774414	300	29.659427866210184	0.0	139105	1092.2811007328132	0.37653714	0.3
14036.008545538623	300	32.55623810200031	0.0	141840	1103.1897642098784	0.5370034	0.3
14037.321841654217	300	35.24294198640643	0.0	156148	1313.2961155938747	0.69680995	0.3
14040.437973214328	750	36.12681042629485	0.0	386351	3116.1315601115707	0.49143776	0.3
14045.361276300087	750	35.2035073405354	0.0	434409	4923.303085759447	0.0052337567	0.75
14052.268902127527	750	32.29588151309663	0.0	337059	6907.625827438777	0.018467318	0.75
14059.215306461318	750	29.349477179306277	0.0	366214	6946.404333790351	0.44396412	0.75
14061.3205784888	300	31.244205151824218	0.0	143509	2105.2720274820563	0.69004935	-0.15000000000000002
14063.996232289428	300	32.56855135119447	0.0	150616	2675.6538006297483	0.19740866	0.3
14065.958770664321	300	34.60601297630125	0.0	165384	1962.538374893221	0.1293671	0.3
14069.039878992706	750	35.52490464791658	0.0	350713	3081.108328384676	0.63245416	0.3
14072.629012399811	750	35.93577124081195	0.0	386472	3589.133407104617	0.004705182	0.75
14076.21244320462	750	36.35234043600175	0.0	399894	3583.4308048102093	0.004705182	0.75
14080.752428569855	750	35.81235507076798	0.0	401853	4539.98536523377	0.004705182	0.75
14086.984033749995	750	33.58074989062749	0.0	343800	6231.605180140495	0.004705182	0.75
14092.35669132106	750	32.20809231956408	0.0	359903	5372.6575710634015	0.004705182	0.75
14096.96651914708	750	31.59826449354531	0.0	379700	4609.827826018772	0.004705182	0.75
14103.027693080054	750	29.53709056056934	0.0	425781	6061.1739329759685	0.004705182	0.75
14107.703960608513	750	28.860823032112368	0.0	277716	4676.267528456975	0.004705182	0.75
14113.804356956598	750	26.760426684027546	0.0	400396	6100.39634808482	0.004705182	0.75
14125.386692386122	750	19.178091254503148	0.0	400508	11582.3354295244	0.004705182	0.75
14128.105178657459	300	20.4596049831668	0.0	157421	2718.4862713363473	0.07139668	-0.15000000000000002
14129.74839338973	300	22.816390250895804	0.0	157488	1643.214732270995	0.19728732	0.3
14131.607879667414	300	24.956903973211137	0.0	143881	1859.4862776846676	0.5838212	0.3
14133.952183592904	300	26.61260004772164	0.0	163444	2344.303925489498	0.6625439	0.3
14138.400701606482	750	26.16408203414292	0.0	401088	4448.518013578724	0.6092249	0.3
14143.168175295543	750	25.396608345081898	0.0	365161	4767.47368906102	0.004705182	0.75
14146.297752083983	750	26.2670315566424	0.0	321064	3129.576788439499	0.004705182	0.75
14150.411526779051	750	26.15325686157307	0.0	361565	4113.774695069329	0.005383863	0.75
14155.807587720412	750	24.757195920211583	0.0	378327	5396.060941361489	0.008373189	0.75
14160.464281496446	750	24.100502144178176	0.0	390680	4656.6937760334085	0.0072513493	0.75
14165.04498861223	750	23.51979502839636	0.0	345516	4580.707115781816	0.011450985	0.75
14170.199646947647	750	22.36513669297831	0.0	384505	5154.658335418047	0.0112108225	0.75
14174.48263991426	750	22.08214372636346	0.0	372093	4282.992966614852	0.0106575135	0.75
14177.965992612068	750	22.598791028557287	0.0	438281	3483.352697806172	0.022153744	0.75
14180.670675170719	750	23.89410846990496	0.0	398987	2704.6825586523255	0.61949027	0.75
14186.139666978679	1200	22.425116661944994	0.0	638661	5468.991807959967	0.33675426	0.75
14190.45076419292	1200	22.114019447703782	0.0	538612	4311.097214241211	0.010990274	1.2
14195.031816413488	1200	21.53296722713658	0.0	550906	4581.052220567201	0.006514639	1.2

