7581.490600139989	750	4.0	2.2982937896467757	450283	2298.2937896467756	-9.132663295481136
7582.379635393589	300	7.11096474639953	0.0	155580	889.0352536004698	-0.15000000000000002
7584.027173460471	750	9.463426679517237	0.0	350812	1647.5380668822925	0.3
7586.302945330427	1200	11.187654809561822	0.0	617681	2275.771869955415	0.75
7589.814240462998	1850	11.676359676991284	0.0	996749	3511.2951325705376	1.2000000000000002
7592.253357898998	1850	13.237242240991042	0.0	801058	2439.1174360002396	1.85
7596.651413430406	2850	12.839186709583302	0.0	1388403	4398.055531407741	1.85
7600.748017346194	1850	12.742582793795346	0.0	1060487	4096.603915787955	0.8500000000000001
7604.849967216301	1850	12.640632923688331	0.0	852833	4101.949870107015	1.85
7608.575482088103	1850	12.915118051886434	0.0	913888	3725.5148718018977	1.85
7611.445912801147	1850	14.044687338842946	0.0	939819	2870.430713043488	1.85
7615.985702980372	2850	13.50489715961796	0.0	1519951	4539.790179224987	1.85
7620.820735650489	2850	12.669864489500041	0.0	1422919	4835.032670117918	2.85
7624.248112051266	1850	13.24248808872383	0.0	1036454	3427.376400776211	0.8500000000000001
7628.141044687482	2850	13.34955545250766	0.0	1231445	3892.9326362161696	1.85
7634.53707860312	2850	10.95352153686989	0.0	1471065	6396.03391563777	2.85
7636.595067635803	1200	12.895532504185622	0.0	617242	2057.9890326842665	-0.44999999999999996
7639.500446134875	1850	13.99015400511348	0.0	885714	2905.3784990721438	1.2000000000000002
7644.790364671811	2850	12.700235468177832	0.0	1537156	5289.918536935647	1.85
7647.798258588464	1850	13.692341551525521	0.0	923755	3007.8939166523105	0.8500000000000001
7652.585317507479	2850	12.905282632510284	0.0	1415116	4787.058919015238	1.85
7656.334962644546	1850	13.155637495442996	0.0	955231	3749.6451370672876	0.8500000000000001
7661.918239665074	2850	11.572360474914705	0.0	1505760	5583.27702052829	1.85
7664.6541619084865	1850	12.836438231501724	0.0	874175	2735.9222434129815	0.8500000000000001
7667.935491402341	1850	13.555108737647627	0.0	897976	3281.329493854097	1.85
7674.689762979206	2850	10.80083716078339	0.0	1480464	6754.2715768642365	1.85
7677.691339774312	1200	11.799260365677691	0.0	696376	3001.5767951056996	-0.44999999999999996
7681.630679101146	1850	11.859921038843218	0.0	758197	3939.3393268344726	1.2000000000000002
7686.940422028682	1850	10.550178111306591	0.0	972798	5309.742927536628	1.85
7691.1302410549615	1200	10.360359085027145	0.0	641447	4189.819026279447	0.5499999999999999
7696.962111433084	1200	8.528488706904657	0.0	570392	5831.870378122488	1.2
7701.92230996809	750	7.568290171897828	0.0	400322	4960.198535006829	0.3
7705.260482630135	750	8.230117509853633	0.0	369834	3338.1726620441937	0.75
7711.893780745261	750	5.596819394727253	0.0	412837	6633.29811512638	0.75
7714.419049278504	300	7.071550861485439	0.0	179328	2525.268533241814	-0.15000000000000002
7718.180738100984	750	7.309862039004996	0.0	365161	3761.6888224804425	0.3
7721.853121193301	750	7.637478946688506	0.0	321064	3672.3830923164905	0.75
7727.990259168569	750	5.500340971420587	0.0	361565	6137.137975267919	0.75
7730.660562843196	300	6.830037296793798	0.0	144254	2670.3036746267894	-0.15000000000000002
7733.909563688908	300	7.581036451082082	0.0	149991	3249.0008457117165	0.3
7737.175104435732	750	8.315495704258288	0.0	345516	3265.540746823794	0.3
7740.942670228459	750	8.54792991153119	0.0	384505	3767.565792727098	0.75
7743.555668101426	750	9.934932038563922	0.0	372093	2612.9978729672666	0.75
7747.49263177843	1200	9.997968361559614	0.0	634861	3936.963677004308	0.75
7751.425320540404	1200	10.06527959958629	0.0	630203	3932.6887619733234	1.2
7755.087999417173	1200	10.402600722817072	0.0	638661	3662.67887676922	1.2
7758.00378179798	1200	11.486818342010062	0.0	538612	2915.7823808070084	1.2
7761.678375649041	1850	11.812224490948745	0.0	846370	3674.593851061317	1.2000000000000002

