9721.762843398536	750	4.0	4.316718207694552	450283	4316.718207694552	0.013922715	-17.81188829308657
9722.55825142694	300	7.204591971595131	0.0	155580	795.4080284048688	0.004705182	-0.15000000000000002
9723.570992313185	300	10.191851085350168	0.0	139857	1012.740886244963	0.0053338856	0.3
9724.505672403498	300	13.257170995038038	0.0	155432	934.6800903121318	0.01831096	0.3
9727.258041297815	750	14.504802100720099	0.0	411561	2752.368894317938	0.63199866	0.3
9729.83697668719	750	15.925866711346083	0.0	318564	2578.9353893740163	0.08881075	0.75
9733.389989994035	750	16.372853404499093	0.0	352642	3553.013306846992	0.013134519	0.75
9737.208447784735	750	16.554395613799795	0.0	437162	3818.4577906992986	0.03474011	0.75
9742.401297009841	750	15.361546388694045	0.0	374758	5192.849225105751	0.013718234	0.75
9744.727457450259	300	17.0353859482756	0.0	139105	2326.160440418446	0.60428977	-0.15000000000000002
9747.249057822517	300	18.513785576018567	0.0	141840	2521.600372257034	0.024089646	0.3
9749.380903442863	300	20.381939955671694	0.0	156148	2131.8456203468745	0.05310691	0.3
9753.944743264945	750	19.818100133589727	0.0	386351	4563.839822081965	0.37575188	0.3
9758.153369699929	750	19.60947369860541	0.0	434409	4208.6264349843195	0.012856778	0.75
9761.352176882048	750	20.410666516485385	0.0	337059	3198.807182120025	0.0083351815	0.75
9764.679271082785	750	21.083572315750022	0.0	366214	3327.094200735363	0.004959688	0.75
9768.279184624073	750	21.48365877446202	0.0	360831	3599.913541287998	0.004705182	0.75
9772.828880815761	750	20.933962582773916	0.0	372963	4549.696191688106	0.004705182	0.75
9779.050614302681	750	18.71222909585265	0.0	405596	6221.733486921265	0.0054213298	0.75
9783.397937618494	750	18.36490578004124	0.0	350713	4347.32331581141	0.36768058	0.75
9789.457419728735	750	16.305423669799602	0.0	386472	6059.482110241641	0.046069082	0.75
9791.658220210662	300	18.10462318787234	0.0	157812	2200.8004819272637	0.46892115	-0.15000000000000002
9794.721190413607	300	19.04165298492745	0.0	163927	3062.97020294489	0.023449078	0.3
9797.736442824966	300	20.026400573569926	0.0	137654	3015.252411357525	0.014407462	0.3
9799.477793323782	300	22.28505007475327	0.0	146754	1741.350498816657	0.028759614	0.3
9801.34257362675	300	24.420269771784042	0.0	153938	1864.780302969225	0.66875875	0.3
9806.182767092052	750	23.58007630648298	0.0	425781	4840.19346530106	0.26797727	0.3
9810.06772846908	750	23.695114929456665	0.0	277716	3884.9613770263163	0.004705182	0.75
9814.491208599136	750	23.27163479939881	0.0	400396	4423.480130057854	0.004705182	0.75
9817.819743458365	750	23.943099940169486	0.0	400508	3328.5348592293212	0.004705182	0.75
9820.51968769078	750	25.24315570775539	0.0	358218	2699.944232414099	0.004705182	0.75
9824.72501388197	750	25.03782951656514	0.0	400322	4205.326191190248	0.00650724	0.75
9827.221858815754	750	26.540984582781135	0.0	369834	2496.844933784001	0.004705182	0.75
9830.19908726854	750	27.56375612999486	0.0	412837	2977.228452786277	0.029619094	0.75
9833.682001495423	750	28.08084190311224	0.0	401088	3482.914226882621	0.076673195	0.75
9835.910954335539	750	29.85188906299651	0.0	365161	2228.9528401157295	0.09933322	0.75
9839.167209612082	1200	30.595633786451625	0.0	487812	3256.255276544885	0.35552266	0.75
9842.567337005048	1200	31.195506393485065	0.0	575591	3400.1273929665576	0.004705182	1.2
9846.365195113529	1200	31.39764828500548	0.0	605884	3797.8581084795846	0.004705182	1.2
9850.205217840175	1200	31.55762555835838	0.0	587506	3840.0227266471	0.004705182	1.2
9853.627076496125	1200	32.1357669024093	0.0	566904	3421.8586559490777	0.007970958	1.2
9857.013543376723	1200	32.749300021809844	0.0	641452	3386.466880599462	0.03921284	1.2
9860.048062001499	1200	33.71478139703383	0.0	599477	3034.5186247760116	0.5612853	1.2
9863.448930655757	1200	34.313912742774484	0.0	634861	3400.8686542593505	0.29584613	1.2
9870.454018077378	2850	31.308825321153	0.0	1464921	7005.087421621479	0.07973437	1.2000000000000002
9878.129477253722	2850	27.633366144810548	0.0	1483527	7675.459176342454	0.004705182	2.85
9887.512650086233	2850	22.250193312298777	0.0	1231456	9383.172832511775	0.004705182	2.85
9897.802050358458	2850	15.960793040074511	0.0	1364537	10289.400272224264	0.004705182	2.85

