659.8958170205889	750	4.0	4.746018619318359	450283	4746.018619318359	-19.65788006306894
661.1969721115806	300	6.698844909008274	0.0	155580	1301.1550909917264	-0.15000000000000002
662.3848598890039	300	9.510957131585016	0.0	139857	1187.8877774232599	0.3
663.770738700997	300	12.125078319591939	0.0	155432	1385.8788119930766	0.3
667.1328374773165	750	12.762979543272374	0.0	411561	3362.098776319564	0.3
669.7285431524367	750	14.167273868152174	0.0	318564	2595.705675120202	0.75
672.4664311671912	750	15.429385853397612	0.0	352642	2737.8880147545597	0.75
676.0057670669684	750	15.8900499536205	0.0	437162	3539.335899777113	0.75
679.4021688898476	750	16.493648130741157	0.0	374758	3396.4018228793434	0.75
683.2766217038743	750	16.619195316714556	0.0	362795	3874.4528140266007	0.75
686.9051145051577	750	16.990702515431153	0.0	353220	3628.492801283403	0.75
690.3143226280184	750	17.581494392570452	0.0	405134	3409.2081228607026	0.75
692.5696016362105	750	19.326215384378415	0.0	386351	2255.279008192035	0.75
695.5831336530333	750	20.312683367555554	0.0	434409	3013.5320168228623	0.75
698.1035952148438	750	21.792221805744973	0.0	337059	2520.4615618105813	0.75
700.7845593385233	750	23.111257682065542	0.0	366214	2680.964123679429	0.75
703.5698532284969	750	24.32596379209202	0.0	360831	2785.2938899735227	0.75
706.6630051867622	750	25.23281183382668	0.0	372963	3093.1519582653395	0.75
709.6266693403542	750	26.269147680234717	0.0	405596	2963.6641535919644	0.75
712.6827994375138	750	27.213017583075008	0.0	350713	3056.1300971597066	0.75
716.0428453363719	750	27.85297168421694	0.0	386472	3360.0458988580676	0.75
719.4105760546549	750	28.485240965933908	0.0	399894	3367.7307182830323	0.75
724.0348606250985	750	27.860956395490255	0.0	401853	4624.284570443652	0.75
728.3775751653747	750	27.518241855214196	0.0	343800	4342.71454027606	0.75
732.6923124059434	750	27.203504614645425	0.0	359903	4314.73724056877	0.75
736.6091633944749	750	27.286653626114	0.0	379700	3916.8509885314274	0.75
738.3748508195517	300	29.520966201037172	0.0	181901	1765.6874250768276	-0.15000000000000002
739.5618146266828	300	32.334002393906154	0.0	111155	1186.9638071310192	0.3
741.1784897938121	300	34.71732722677679	0.0	153605	1616.6751671293616	0.3
745.8079599163603	750	34.08785710422862	0.0	400508	4629.470122548167	0.3
750.5133016346776	750	33.38251538591126	0.0	358218	4705.341718317356	0.75
752.719869901617	300	35.17594711897185	0.0	157488	2206.5682669394187	-0.15000000000000002
754.6311148466706	300	37.264702173918394	0.0	143881	1911.2449450534582	0.3
756.8497125386699	300	39.04610448191894	0.0	163444	2218.5976919994478	0.3
760.2599800752641	300	39.63583694532477	0.0	179328	3410.2675365941705	0.3
765.494157463778	300	38.4016595568109	0.0	159914	5234.177388513876	0.3
770.0166836967362	300	37.879133323852685	0.0	131610	4522.526232958208	0.3
774.6598425275876	300	37.23597449300133	0.0	124011	4643.15883085136	0.3
780.0490836644763	300	35.84673335611259	0.0	144254	5389.241136888739	0.3
785.02566365351	300	34.87015336707881	0.0	149991	4976.579989033777	0.3
789.3996457413773	300	34.49617127921155	0.0	147968	4373.9820878672535	0.3
794.2437002704498	300	33.65211675013899	0.0	161857	4844.054529072563	0.3
799.3843268392526	300	32.51149018133627	0.0	145210	5140.626568802717	0.3
802.8926573330116	300	33.0031596875773	0.0	172312	3508.3304937589683	0.3
805.6452673860811	300	34.25054963450793	0.0	167025	2752.610053069375	0.3
808.5865196248316	300	35.30929739575735	0.0	160064	2941.2522387505833	0.3
811.4302251370992	300	36.465591883489665	0.0	137507	2843.7055122676848	0.3
814.6380659617653	300	37.25775105882372	0.0	118421	3207.8408246659424	0.3

