1577.9273176925165	750	4.0	2.8598146493896546	450283	2859.8146493896547	-11.547202992375514
1578.8035492230113	300	7.123768469505115	0.0	155580	876.2315304948851	-0.15000000000000002
1580.3785740485453	750	9.548743643971175	0.0	350812	1575.0248255339393	0.3
1582.096378855967	750	11.830938836549318	0.0	382355	1717.8048074218566	0.75
1584.3559086973235	750	13.571408995192796	0.0	411561	2259.529841356521	0.75
1585.9031395425245	750	16.02417814999181	0.0	318564	1547.2308452009875	0.75
1587.544314438946	750	18.383003253570102	0.0	352642	1641.1748964217036	0.75
1589.1203969711737	750	20.806920721342273	0.0	437162	1576.0825322278297	0.75
1591.9215596721567	1850	22.00575802035918	0.0	852833	2801.162700983091	0.75
1595.2488937918295	1850	22.678423900686578	0.0	913888	3327.3341196726024	1.85
1599.8884820784076	1850	22.038835614108372	0.0	939819	4639.588286578209	1.85
1604.1119476436243	1850	21.815370048891925	0.0	917428	4223.465565216448	1.85
1609.620435875725	1850	20.30688181679111	0.0	946851	5508.488232100817	1.85
1615.2895457451746	1850	18.637771947341463	0.0	1036454	5669.109869449645	1.85
1619.8891309555597	1850	18.038186736956355	0.0	821631	4599.585210385106	1.85
1623.9347124187852	1850	17.992605273730682	0.0	923170	4045.581463225675	1.85
1627.7923050174377	1850	18.135012675078237	0.0	966699	3857.5925986524435	1.85
1631.910214252825	1850	18.017103439691155	0.0	885714	4117.909235387082	1.85
1637.2126547424448	1850	16.714662950071183	0.0	987708	5302.440489619974	1.85
1641.5798602239631	1850	16.34745746855295	0.0	923755	4367.205481518233	1.85
1645.3806662163647	1850	16.546651476151357	0.0	891604	3800.8059924015915	1.85
1649.5548688630956	1850	16.372448829420673	0.0	955231	4174.202646730684	1.85
1653.339370913765	1850	16.587946778751263	0.0	968026	3784.50205066941	1.85
1656.8534369696192	1850	17.07388072289698	0.0	874175	3514.0660558542804	1.85
1659.9166757918094	1850	18.0106419007068	0.0	897976	3063.238822190182	1.85
1663.7951029989206	1850	18.132214693595603	0.0	905935	3878.4272071111964	1.85
1668.107063568938	1850	17.820254123578145	0.0	1076599	4311.960570017458	1.85
1671.1968868541476	1850	18.730430838368648	0.0	758197	3089.823285209499	1.85
1675.0342582642163	1850	18.893059428299843	0.0	972798	3837.3714100688035	1.85
1678.5036366889808	1850	19.423681003535563	0.0	975811	3469.3784247642798	1.85
1682.111928281268	1850	19.815389411248127	0.0	873429	3608.2915922874367	1.85
1686.4813097498102	1850	19.446007942705968	0.0	954453	4369.381468542159	1.85
1690.7218561096454	1850	19.205461582870797	0.0	885062	4240.54635983517	1.85
1693.9608153925697	1850	19.966502299946637	0.0	1035329	3238.959282924158	1.85
1697.945146351571	1850	19.98217134094516	0.0	1026056	3984.3309590014746	1.85
1702.5460576428911	1850	19.381260049625205	0.0	943942	4600.911291319957	1.85
1705.0591481746753	1850	20.868169517840833	0.0	728962	2513.0905317843735	1.85
1708.5301504882607	1850	21.39716720425555	0.0	938587	3471.002313585286	1.85
1712.20201622376	1850	21.72530146875623	0.0	908665	3671.8657354993184	1.85
1716.612545238184	1850	21.31477245433228	0.0	930577	4410.529014423948	1.85
1721.4440484525555	1850	20.483269239960972	0.0	858450	4831.503214371305	1.85
1726.7241948500525	1850	19.203122842463973	0.0	1025005	5280.146397496999	1.85
1731.75787057108	1850	18.169447121436395	0.0	886255	5033.675721027578	1.85
1738.5700617011194	1850	15.3572559913971	0.0	973972	6812.191130039295	1.85
1750.5786449231973	1850	7.348672769319059	0.0	958994	12008.583222078041	1.85
1751.3743533740326	300	10.552964318483962	0.0	160064	795.7084508350955	-1.25
1752.8053465421622	750	13.121971150354433	0.0	331053	1430.9931681295297	0.3
1754.392787414169	750	15.53453027834734	0.0	314107	1587.440872007094	0.75

