23208.24998710041	750	4.0	6.212365695121308	450283	6212.365695121308	1.1965346	-25.963172489021623
23209.757076354424	300	6.492910745984942	0.0	155580	1507.089254015058	0.05411643	-0.15000000000000002
23211.326623855024	300	8.923363245387266	0.0	139857	1569.547500597674	0.66688055	0.3
23214.709605077627	300	9.54038202278418	0.0	155432	3382.981222603087	0.93416107	0.3
23217.115578119672	300	11.134408980739513	0.0	163442	2405.973042044665	0.82489306	0.3
23223.64276742552	1200	8.607219674890912	0.0	520315	6527.189305848603	1.1308268	0.29999999999999993
23225.653867546585	300	10.59611955382687	0.0	153295	2011.1001210640404	1.0281551	-0.6000000000000001
23232.766181843104	1200	7.483805257305797	0.0	709534	7112.314296521074	0.9941292	0.29999999999999993
23235.193260276632	750	9.056726823780528	0.0	374758	2427.07843352527	0.9771205	0.3
23239.565584571363	1200	8.684402529049258	0.0	560821	4372.324294731271	1.1898341	0.75
23241.416534865853	300	10.833452234559184	0.0	141840	1850.950294490074	1.1962467	-0.6000000000000001
23244.496949378732	300	11.75303772167952	0.0	156148	3080.4145128796627	1.0357357	0.3
23250.38456676414	750	9.865420336271924	0.0	386351	5887.617385407598	1.009651	0.3
23253.857777417667	300	10.392209682742457	0.0	179801	3473.210653529467	0.7995053	-0.15000000000000002
23257.229438514918	300	11.020548585489813	0.0	140051	3371.661097252645	0.79054445	0.3
23260.820704105012	300	11.42928299539476	0.0	138313	3591.2655900950535	0.7035357	0.3
23264.448103856554	300	11.80188324385573	0.0	143509	3627.399751539028	0.70252055	0.3
23268.647917577437	300	11.60206952297048	0.0	150616	4199.81372088525	0.7469346	0.3
23271.945281525204	300	12.30470557520309	0.0	165384	3297.3639477673887	0.5407213	0.3
23273.441849174862	300	14.808137925548639	0.0	140881	1496.567649654451	0.77476096	0.3
23274.83796219269	300	17.41202490771912	0.0	157671	1396.113017829522	1.1018647	0.3
23280.049876672492	1200	16.200110427919398	0.0	616206	5211.914479799722	1.1504093	0.29999999999999993
23285.7446698359	1200	14.505317264507324	0.0	656471	5694.793163412071	1.2222074	1.2
23290.207925964634	1200	14.042061135773762	0.0	536667	4463.256128733563	1.2169683	1.2
23295.77081727253	1200	12.479169827878833	0.0	587236	5562.891307894928	1.2312827	1.2
23308.25501685247	1200	4.0	0.005029752061385807	590335	12484.19957994022	1.1954045	1.178372066136041
23313.83410594933	300	4.0	1.5790890968602052	181901	5579.089096860205	0.0052181697	-7.390083116498882
23317.55466917064	300	4.279436778687903	0.0	111155	3720.563221312097	0.001898659	0.3
23322.111821883012	300	4.0	0.2777159336819477	153605	4557.152712369851	0.0010972439	-0.8941785148323749
23326.06685360396	300	4.044968279052518	0.0	149029	3955.0317209474824	0.00023580919	0.3
23329.148315314815	300	4.9635065681986	0.0	157421	3081.461710853918	0.0005084017	0.3
23331.60059515168	300	6.511226731333303	0.0	157488	2452.279836865296	0.0012930239	0.3
23333.806806478617	300	8.305015404397366	0.0	143881	2206.2113269359356	0.013613378	0.3
23336.251468857834	300	9.860353025179945	0.0	163444	2444.662379217422	0.16454062	0.3
23339.12961570346	300	10.98220617955388	0.0	179328	2878.1468456260645	0.5281095	0.3
23345.91927426604	750	8.192547616972794	0.0	365161	6789.658562581088	0.76227486	0.3
23347.805555374667	300	10.30626650834702	0.0	131610	1886.2811086257727	0.5792168	-0.15000000000000002
23349.531092064513	300	12.580729818497925	0.0	124011	1725.536689849095	0.86789286	0.3
23351.475576618777	300	14.6362452642371	0.0	144254	1944.484554260824	1.1371335	0.3
23362.110762377204	1200	8.00105950580976	0.0	587506	10635.18575842734	1.1718913	0.29999999999999993
23365.463360750928	750	8.648461132084428	0.0	345516	3352.598373725332	0.7217455	0.3
23368.872950074314	750	9.238871808697855	0.0	384505	3409.5893233865745	0.9532095	0.75
23370.525496432765	300	11.586325450247765	0.0	145210	1652.5463584500899	1.1310142	-0.15000000000000002
23372.35880548019	300	13.753016402822698	0.0	172312	1833.309047425066	1.1582575	0.3
23378.428582357075	1200	11.683239525936317	0.0	630203	6069.7768768863825	1.2106428	0.29999999999999993
23386.851817187035	1200	7.260004695977435	0.0	638661	8423.234829958881	1.1640785	1.2
23387.92322440409	300	10.188597478921277	0.0	137507	1071.4072170561587	0.8917896	-0.6000000000000001
23392.57612015668	1200	9.5357017263303	0.0	550906	4652.895752590977	1.1822602	0.29999999999999993

