22535.39093895118	750	4.0	5.693969597015465	450283	5693.969597015464	-23.734069267166497
22537.194275546353	300	6.1966634048252285	0.0	155580	1803.336595174772	-0.15000000000000002
22538.683247681485	300	8.707691269693635	0.0	139857	1488.9721351315945	0.3
22540.266756841072	300	11.12418211010765	0.0	155432	1583.509159585983	0.3
22541.976677444978	300	13.414261506198569	0.0	163442	1709.920603909083	0.3
22543.3236358763	300	16.067303074878538	0.0	126289	1346.9584313200323	0.3
22546.831819886396	750	16.559119064779626	0.0	352642	3508.1840100989116	0.3
22548.718095059994	300	18.67284389118213	0.0	173849	1886.2751735974985	-0.15000000000000002
22552.660019856616	750	18.730919094561163	0.0	374758	3941.924796620965	0.3
22556.06876646546	750	19.322172485713516	0.0	362795	3408.746608847646	0.75
22559.789761473694	750	19.601177477484764	0.0	353220	3720.9950082287523	0.75
22564.0909094515	750	19.300029499678374	0.0	405134	4301.147977806391	0.75
22568.25559537552	750	19.135343575653774	0.0	386351	4164.685924024601	0.75
22573.633780181197	750	17.75715876998001	0.0	434409	5378.184805673765	0.75
22578.229260261433	750	17.161678689742548	0.0	337059	4595.4800802374575	0.75
22582.566194824987	750	16.82474412618705	0.0	366214	4336.9345635555	0.75
22584.062325401217	300	19.328613549956753	0.0	143509	1496.1305762302945	-0.15000000000000002
22588.85024190102	750	18.54069705015645	0.0	372963	4787.916499800302	0.3
22591.13108123545	300	20.25985771572379	0.0	165384	2280.8393344326605	-0.15000000000000002
22596.938042453494	750	18.452896497681163	0.0	350713	5806.961218042625	0.3
22598.985856174637	300	20.405082776538	0.0	157671	2047.8137211431647	-0.15000000000000002
22600.985461711232	300	22.405477239943547	0.0	157812	1999.6055365944508	0.3
22605.433132951115	750	21.95780600005993	0.0	401853	4447.671239883617	0.3
22610.270505239012	750	21.120433712162015	0.0	343800	4837.372287897912	0.75
22617.383552053023	750	18.007386898152124	0.0	359903	7113.046814009891	0.75
22621.332351592933	300	18.058587358243603	0.0	153938	3948.799539908519	-0.15000000000000002
22625.018590868094	300	18.37234808308077	0.0	181901	3686.239275162833	0.3
22626.634448816996	300	20.756490134178197	0.0	111155	1615.8579489025778	0.3
22628.39025279246	300	23.000686158715	0.0	153605	1755.803975463196	0.3
22629.92948956712	300	25.46144938405333	0.0	149029	1539.2367746616646	0.3
22633.85212609298	750	25.538812858192742	0.0	358218	3922.6365258605897	0.3
22637.704594156727	750	25.686344794445343	0.0	400322	3852.468063747399	0.75
22642.205588094843	750	25.18535085633018	0.0	369834	4500.9939381151635	0.75
22647.55267438301	750	23.838264568166544	0.0	412837	5347.086288163637	0.75
22656.83027952404	750	18.560659427128595	0.0	401088	9277.60514103795	0.75
22661.839291512937	300	17.55164743823553	0.0	159914	5009.011988893064	-0.15000000000000002
22666.075395812946	300	17.315543138222893	0.0	131610	4236.1043000126365	0.3
22669.84653085976	300	17.54440809141384	0.0	124011	3771.1350468090523	0.3
22672.8649693104	300	18.525969640767798	0.0	144254	3018.438450646043	0.3
22675.053170511466	300	20.337768439706924	0.0	149991	2188.2012010608723	0.3
22677.153793691312	300	22.237145259862256	0.0	147968	2100.6231798446697	0.3
22679.846723690564	300	23.54421526060987	0.0	161857	2692.929999252384	0.3
22682.01085308069	300	25.38008587048376	0.0	145210	2164.129390126112	0.3
22684.330947385184	300	27.059991565990167	0.0	172312	2320.0943044935925	0.3
22687.3517245369	750	28.039214414276803	0.0	398987	3020.777151713367	0.3
22689.75194982468	750	29.638989126495733	0.0	393804	2400.225287781066	0.75
22694.05939540858	1200	29.331543542593398	0.0	538612	4307.445583902334	0.75
22698.333538859275	1200	29.05740009190041	0.0	550906	4274.143450692986	1.2

