14674.19669385971	750	4.0	6.240793125191714	450283	6240.793125191714	-26.08541043832437
14680.483948726991	750	4.0	2.287254867278996	398865	6287.254867278996	-9.085195929299683
14687.416619310183	750	4.0	2.9326705831930266	350812	6932.670583193027	-11.860483507730015
14689.978158719528	300	5.438460590654693	0.0	155432	2561.539409345307	-0.15000000000000002
14692.75118378805	300	6.66543552213229	0.0	163442	2773.0250685224037	0.3
14695.300228350778	300	8.116390959404917	0.0	126289	2549.044562727372	0.3
14698.60927643706	300	8.807342873121009	0.0	153295	3309.048086283909	0.3
14701.989674108603	300	9.42694520157803	0.0	173849	3380.397671542978	0.3
14704.73518206404	300	10.681437246141822	0.0	150710	2745.5079554362073	0.3
14707.392864414353	300	12.023754895828898	0.0	139105	2657.6823503129262	0.3
14710.590909069979	300	12.825710240201357	0.0	141840	3198.0446556275397	0.3
14714.139031767512	300	13.277587542668288	0.0	156148	3548.12269753307	0.3
14717.249096116882	300	14.167523193298976	0.0	160746	3110.0643493693115	0.3
14720.129691248514	300	15.286928061666337	0.0	179801	2880.595131632637	0.3
14722.151582804574	300	17.26503650560716	0.0	140051	2021.8915560591781	0.3
14724.236354289285	300	19.180265020895487	0.0	138313	2084.771484711672	0.3
14726.61171883865	300	20.804900471530587	0.0	143509	2375.3645493649014	0.3
14729.29425994212	300	22.12235936806218	0.0	150616	2682.5411034684043	0.3
14731.676454706296	300	23.740164603886267	0.0	165384	2382.194764175913	0.3
14733.62279721554	300	25.793822094643378	0.0	140881	1946.3425092428865	0.3
14736.052751257184	300	27.363868052998413	0.0	157671	2429.954041644967	0.3
14738.011200064906	300	29.40541924527655	0.0	157812	1958.4488077218598	0.3
14740.133089368906	300	31.283529941277123	0.0	163927	2121.8893039994286	0.3
14742.279685878768	300	33.13693343141451	0.0	137654	2146.5965098626175	0.3
14745.00284810916	300	34.41377120102417	0.0	146754	2723.1622303903446	0.3
14747.706865029135	300	35.70975428104868	0.0	153938	2704.016919975483	0.3
14750.042825227747	300	37.373794082437634	0.0	181901	2335.96019861105	0.3
14751.195763753069	300	40.220855557115776	0.0	111155	1152.9385253218568	0.3
14752.817470576749	300	42.59914873343513	0.0	153605	1621.7068236806547	0.3
14754.10484420428	300	45.31177510590424	0.0	149029	1287.3736275308809	0.3
14755.320213049303	300	48.09640626088035	0.0	157421	1215.3688450238938	0.3
14759.1145904402	750	48.302028869981925	0.0	400322	3794.3773908984263	0.3
14763.405511499948	750	48.0111078102346	0.0	369834	4290.92105974732	0.75
14769.369873133312	750	46.04674617687282	0.0	412837	5964.361633361776	0.75
14777.434843758614	750	41.98177555156832	0.0	401088	8064.970625304511	0.75
14780.03997248055	300	43.37664682963281	0.0	159914	2605.128721935504	-0.15000000000000002
14782.557870880004	300	44.858748430179624	0.0	131610	2517.8983994531864	0.3
14785.485565867899	300	45.931053442284096	0.0	124011	2927.6949878955297	0.3
14789.367034056453	300	46.04958525373082	0.0	144254	3881.468188553278	0.3
14794.569467885274	300	44.84715142490903	0.0	149991	5202.433828821784	0.3
14799.422174405803	300	43.994444904379975	0.0	147968	4852.706520529058	0.3
14803.817862673803	300	43.59875663638202	0.0	161857	4395.688267997951	0.3
14808.179634783854	300	43.23698452633056	0.0	145210	4361.77211005146	0.3
14814.19481028286	300	41.22180902732437	0.0	172312	6015.175499006185	0.3
14819.531361329187	300	39.88525798099689	0.0	167025	5336.551046327488	0.3
14823.536741183874	300	39.879878126308284	0.0	160064	4005.379854688606	0.3
14826.898676752315	300	40.51794255787007	0.0	137507	3361.9355684382185	0.3
14829.787169050798	300	41.62945025938621	0.0	118421	2888.492298483856	0.3

