16742.47636908105	750	4.0	6.3928079957343495	450283	6392.80799573435	0.534552	-26.7390743816577
16743.54545669079	300	6.93091239026107	0.0	155580	1069.0876097389298	0.004705182	-0.15000000000000002
16745.031231407273	300	9.445137673777062	0.0	139857	1485.7747164840077	0.004705182	0.3
16747.074790763058	300	11.40157831799436	0.0	155432	2043.559355782702	0.004705182	0.3
16749.11030161657	300	13.366067464480084	0.0	163442	2035.5108535142779	0.004705182	0.3
16750.081609642482	300	16.39475943856815	0.0	126289	971.3080259119344	0.011787478	0.3
16752.60549066594	750	17.870878415109228	0.0	352642	2523.881023458921	0.27881646	0.3
16755.84246818352	750	18.633900897529248	0.0	437162	3236.97751757998	0.008287183	0.75
16759.05998898107	750	19.416380099981666	0.0	374758	3217.520797547581	0.0096971905	0.75
16762.54228464942	750	19.934084431633032	0.0	362795	3482.295668348635	0.007074282	0.75
16765.114565511954	750	21.36180356909513	0.0	353220	2572.280862537902	0.004705182	0.75
16768.07798988257	750	22.398379198478192	0.0	405134	2963.4243706169377	0.008996218	0.75
16770.833737380515	750	23.642631700533972	0.0	386351	2755.747497944219	0.015119976	0.75
16775.062128726102	750	23.414240354947946	0.0	434409	4228.391345586028	0.037046246	0.75
16777.72819928262	750	24.74816979843201	0.0	337059	2666.0705565159383	0.0061955363	0.75
16779.970437910335	750	26.50593117071783	0.0	366214	2242.238627714178	0.01196259	0.75
16781.80549417345	750	28.670874907597238	0.0	360831	1835.0562631205937	0.09830697	0.75
16784.14007539597	750	30.336293685079276	0.0	372963	2334.581222517962	0.67833966	0.75
16791.88713411249	1200	26.589234968557474	0.0	639204	7747.058716521804	0.69555926	0.75
16794.95178578618	750	27.52458329487074	0.0	350713	3064.651673686733	0.09970415	0.3
16797.5807109652	750	28.895658115849155	0.0	386472	2628.925179021586	0.009130236	0.75
16800.21283512105	750	30.263533960004033	0.0	399894	2632.124155845121	0.095917076	0.75
16802.83225544928	750	31.644113631772015	0.0	401853	2619.420328232016	0.46296626	0.75
16805.12567629186	750	33.35069278919193	0.0	343800	2293.4208425800775	0.69068545	0.75
16808.460806707455	750	34.01556237359525	0.0	359903	3335.1304155966764	0.6369391	0.75
16811.261384044657	750	35.21498503639324	0.0	379700	2800.577337202018	0.15151836	0.75
16814.03248184429	750	36.443887236759096	0.0	425781	2771.0977996341426	0.2355942	0.75
16817.77569079979	1200	36.70067828126029	0.0	487160	3743.208955498802	0.6728087	0.75
16821.174650129848	1200	37.301718951204	0.0	622896	3398.959330056294	0.008816822	1.2
16825.35589203657	1200	37.12047704448364	0.0	641447	4181.241906720357	0.004705182	1.2
16827.90652833843	1200	38.56984074262306	0.0	570392	2550.636301860581	0.004737934	1.2
16831.93332912617	1200	38.54303995488184	0.0	620283	4026.800787741216	0.004705182	1.2
16838.690236015085	1200	35.78613306596557	0.0	584349	6756.906888916268	0.004705182	1.2
16845.193598835034	1200	33.28277024601705	0.0	670129	6503.362819948516	0.034418456	1.2
16849.215964351642	1200	33.260404729406304	0.0	690253	4022.3655166107446	0.035455577	1.2
16853.58301714693	1200	32.893351934117426	0.0	598727	4367.05279528888	0.004705182	1.2
16857.36409882682	1200	33.11227025423055	0.0	487812	3781.0816798868814	0.004705182	1.2
16862.099958177194	1200	32.37641090385586	0.0	575591	4735.859350374691	0.004705182	1.2
16876.655326519907	1200	21.8210425611448	0.0	605884	14555.368342711059	0.004705182	1.2
16882.78207185283	750	19.694297228222307	0.0	390680	6126.745332922491	0.030410249	0.3
16885.990799592673	750	20.485569488379625	0.0	345516	3208.727739842685	0.004705182	0.75
16889.38752293008	750	21.08884615097658	0.0	384505	3396.723337403043	0.08702697	0.75
16892.462016280242	750	22.014352800813406	0.0	372093	3074.4933501631754	0.65366775	0.75
16897.16399468894	1200	21.312374392116354	0.0	634861	4701.978408697049	0.47770318	0.75
16901.0624357564	1200	21.413933324653637	0.0	630203	3898.441067462719	0.023102712	1.2
16904.077905375663	1200	22.398463705388824	0.0	638661	3015.4696192648107	0.004705182	1.2
16906.757128480192	1200	23.71924060085939	0.0	538612	2679.223104529437	0.6300767	1.2
16914.997503227984	2850	19.478865853070452	0.0	1364537	8240.374747788937	0.36037317	1.2000000000000002

