15299.163577315492	750	4.0	5.84241140162946	450283	5842.41140162946	-24.372369027006677
15300.896858061224	300	6.266719254268797	0.0	155580	1733.2807457312028	-0.15000000000000002
15302.098146130305	300	9.065431185188647	0.0	139857	1201.2880690801505	0.3
15303.399360105092	300	11.76421721040178	0.0	155432	1301.2139747868682	0.3
15304.73942828198	300	14.424149033514515	0.0	163442	1340.0681768872635	0.3
15305.746320578512	300	17.417256736982385	0.0	126289	1006.8922965321307	0.3
15308.233538764618	750	18.930038550874954	0.0	352642	2487.218186107433	0.3
15311.236553658347	750	19.927023657145067	0.0	437162	3003.014893729885	0.75
15313.653548497128	750	21.51002881836556	0.0	374758	2416.994838779507	0.75
15315.892215324773	750	23.271361990720166	0.0	362795	2238.6668276453943	0.75
15317.986494996416	750	25.17708231907748	0.0	353220	2094.27967164268	0.75
15320.618762101296	750	26.544815214197357	0.0	405134	2632.267104880129	0.75
15323.146947600962	750	28.016629714531952	0.0	386351	2528.185499665405	0.75
15325.694851899534	750	29.46872541596083	0.0	434409	2547.9042985711217	0.75
15328.539874196269	1200	30.62370311922711	0.0	526950	2845.022296733723	0.75
15333.426651748392	1200	29.736925567103697	0.0	587876	4886.777552123416	1.2
15338.81991089435	750	28.343666421146338	0.0	360831	5393.259145957357	0.3
15343.756831277624	750	27.406746037871955	0.0	372963	4936.920383274385	0.75
15350.851364704835	750	24.312212610660584	0.0	405596	7094.533427211373	0.75
15353.8818508729	300	25.28172644259501	0.0	140881	3030.4861680655745	-0.15000000000000002
15355.866457748067	300	27.29711956742785	0.0	157671	1984.6068751671576	0.3
15357.586081184687	300	29.577496130808132	0.0	157812	1719.6234366197175	0.3
15359.161233585794	300	32.00234372970134	0.0	163927	1575.1524011067947	0.3
15360.37983086	300	34.7837464554945	0.0	137654	1218.5972742068284	0.3
15364.224017183062	750	34.93956013243235	0.0	359903	3844.186323062148	0.3
15368.037757836173	750	35.125819479321784	0.0	379700	3813.740653110568	0.75
15372.10686326203	750	35.05671405346415	0.0	425781	4069.1054258576282	0.75
15374.019574570748	750	37.14400274474614	0.0	277716	1912.7113087180087	0.75
15376.49552741878	750	38.668049896713846	0.0	400396	2475.9528480322897	0.75
15380.4141342358	1200	38.74944307969363	0.0	641447	3918.6068170202175	0.75
15384.458413809982	1200	38.70516350551139	0.0	570392	4044.279574182233	1.2
15387.838538774373	1200	39.325038541120236	0.0	620283	3380.1249643911547	1.2
15392.596554120752	1850	38.56702319474265	0.0	885062	4758.015346377589	1.2000000000000002
15400.752208845099	1850	34.4113684703946	0.0	1035329	8155.654724348052	1.85
15405.851078958347	1200	33.312498357147014	0.0	690253	5098.870113247584	0.5499999999999999
15410.597146779424	1200	32.566430536071465	0.0	598727	4746.067821075546	1.2
15414.958037942537	1200	32.20553937295846	0.0	487812	4360.891163113002	1.2
15417.609742840075	750	33.55383447541882	0.0	361565	2651.7048975396456	0.3
15420.041119315703	750	35.12245799979237	0.0	378327	2431.376475626452	0.75
15423.99721652446	1200	35.16636079103494	0.0	587506	3956.0972087574305	0.75
15428.265866842468	1200	34.897710473025846	0.0	566904	4268.6503180090995	1.2
15432.085166443996	1200	35.07841087149983	0.0	641452	3819.299601526012	1.2
15436.89172221156	1200	34.27185510393641	0.0	599477	4806.555767563415	1.2
15443.566990048928	1200	31.596587266568957	0.0	634861	6675.267837367454	1.2
15448.153996098483	750	31.00958121701469	0.0	398987	4587.006049554263	0.3
15450.543389730883	750	32.62018758461306	0.0	393804	2389.3936324016317	0.75
15452.470925545816	750	34.692651769679024	0.0	331053	1927.5358149340348	0.75
15454.458851726711	750	36.70472558878496	0.0	314107	1987.9261808940669	0.75

