170.3625767656258	750	4.0	1.4342768133466879	450283	1434.276813346688	-5.4173902973907575
171.72273802372206	750	6.6398387419037395	0.0	398865	1360.16125809626	0.75
173.1530367116001	750	9.209540054025693	0.0	350812	1430.298687878048	0.75
174.46810612999155	750	11.89447063563421	0.0	382355	1315.0694183914811	0.75
175.74951041821583	750	14.613066347409948	0.0	411561	1281.4042882242632	0.75
178.9648741254707	1850	15.397702640155089	0.0	801058	3215.363707254859	0.75
183.25351147941296	1850	15.10906528621283	0.0	905515	4288.637353942259	1.85
188.59344578672543	1850	13.76913097890036	0.0	1060487	5339.934307312469	1.85
195.93504167452699	1850	10.427535091098799	0.0	852833	7341.595887801563	1.85
197.4090192187158	750	12.953557546909979	0.0	362795	1473.977544188819	-0.3500000000000001
198.8088036775524	750	15.553773088073415	0.0	353220	1399.7844588365638	0.75
200.52831324631833	750	17.83426351930746	0.0	405134	1719.5095687659525	0.75
204.39668033417692	1850	17.965896431448886	0.0	946851	3868.367087858572	0.75
210.15838596006733	1850	16.204190805558497	0.0	1036454	5761.70562589039	1.85
215.0924377253314	1850	15.270139040294435	0.0	821631	4934.051765264062	1.85
219.5496506014659	1850	14.812926164159922	0.0	923170	4457.212876134511	1.85
224.02663189471164	1850	14.33594487091421	0.0	966699	4476.981293245713	1.85
228.54264466743092	1850	13.81993209819492	0.0	885714	4516.012772719288	1.85
241.5118788958253	1850	4.850697869800549	0.0	987708	12969.23422839437	1.85
243.17235778721349	300	7.190218978412358	0.0	140881	1660.4788913881914	-1.25
244.98804610682706	300	9.374530658798792	0.0	157671	1815.6883196135673	0.3
247.25097112170266	300	11.111605643923191	0.0	157812	2262.9250148755996	0.3
248.7021329198622	300	13.660443845763655	0.0	163927	1451.161798159535	0.3
251.48993843506116	750	14.87263833056469	0.0	343800	2787.8055151989647	0.3
254.84946272806678	750	15.513114037559088	0.0	359903	3359.524293005602	0.75
257.4967550442415	750	16.865821721384332	0.0	379700	2647.2923161747567	0.75
260.2530017737317	750	18.109574991894142	0.0	425781	2756.246729490185	0.75
261.3958932014952	750	20.966683564130648	0.0	277716	1142.8914277634976	0.75
262.7254341840208	750	23.63714258160506	0.0	400396	1329.540982525586	0.75
265.6829071793299	1850	24.679669586295972	0.0	975811	2957.472995309091	0.75
269.03327334571503	1850	25.329303419910822	0.0	873429	3350.366166385147	1.85
272.2882396875362	1850	26.074337078089616	0.0	954453	3254.966341821207	1.85
274.7819174834415	1850	27.580659282184357	0.0	885062	2493.6777959052606	1.85
278.5483767141091	1850	27.81420005151676	0.0	1035329	3766.459230667593	1.85
284.2839923873258	1850	26.07858437830006	0.0	1026056	5735.615673216702	1.85
288.92254525554836	1850	25.440031510077468	0.0	943942	4638.552868222591	1.85
291.6361770725008	1850	26.726399693125014	0.0	728962	2713.6318169524525	1.85
297.32987113943545	1850	25.03270562619037	0.0	938587	5693.694066934644	1.85
302.27416409042297	1850	24.088412675202836	0.0	908665	4944.292950987535	1.85
306.637760585435	1850	23.72481618019083	0.0	930577	4363.596495012002	1.85
309.75260025410694	1850	24.609976511518877	0.0	858450	3114.8396686719543	1.85
314.24983594328944	1850	24.112740822336328	0.0	1025005	4497.235689182551	1.85
317.9046002653827	1850	24.457976500243024	0.0	886255	3654.764322093302	1.85
322.06709009248607	1850	24.295486673139692	0.0	973972	4162.489827103334	1.85
326.59340249375964	1850	23.76917427186613	0.0	958994	4526.31240127356	1.85
334.9606645407005	1850	19.401912224925276	0.0	982064	8367.262046940856	1.85
340.4895489024579	1850	17.873027863167913	0.0	830730	5528.884361757363	1.85
343.78406712074604	1850	18.578509644879713	0.0	846370	3294.5182182881995	1.85

