3316.376513105334	750	4.0	2.3226168467032533	450283	2322.6168467032535	-9.237252440823989
3317.392360394582	300	6.984152710752376	0.0	155580	1015.8472892476235	-0.15000000000000002
3318.5304322266816	300	9.84608087865267	0.0	139857	1138.0718320997075	0.3
3322.5640342197225	1200	9.812478885611734	0.0	617681	4033.601993040934	0.29999999999999993
3328.019517545	1200	8.356995560334807	0.0	652874	5455.483325276926	1.2
3331.349129107554	750	9.027383997780744	0.0	318564	3329.611562554064	0.3
3342.2848617889026	1200	4.0	1.908348683567805	561791	10935.732681348549	-7.455899339341562
3343.944037888784	300	6.34082390011849	0.0	173849	1659.1760998815096	-0.6000000000000001
3345.3126193900907	300	8.972242398811453	0.0	150710	1368.581501307036	0.3
3348.1776077957775	750	10.107253993125271	0.0	362795	2864.988405686183	0.3
3354.1264542978515	1200	8.158407491051303	0.0	607410	5948.846502073968	0.75
3359.0228599574275	750	7.262001831474731	0.0	405134	4896.405659576571	0.3
3362.471260300601	750	7.813601488301729	0.0	386351	3448.4003431730025	0.75
3365.4170046160625	750	8.867857172840075	0.0	434409	2945.744315461654	0.75
3368.0922041665526	750	10.192657622349957	0.0	337059	2675.1995504901174	0.75
3372.7262290078484	1200	9.558632781053813	0.0	587876	4634.0248412961455	0.75
3376.6708641973632	1200	9.613997591539391	0.0	617242	3944.635189514422	1.2
3381.1436724808354	1200	9.141189308067155	0.0	581493	4472.808283472238	1.2
3386.8805424722063	1200	7.404319316696187	0.0	639204	5736.869991370968	1.2
3390.2890860721345	750	7.995775716768452	0.0	350713	3408.5435999277347	0.3
3395.400894785428	750	6.883967003474905	0.0	386472	5111.808713293547	0.75
3397.5388419350634	300	8.746019853839547	0.0	157812	2137.947149635358	-0.15000000000000002
3401.6209622925044	750	8.663899496398463	0.0	401853	4082.1203574410843	0.3
3404.7746565437837	750	9.510205245118884	0.0	343800	3153.694251279577	0.75
3411.4960195349063	1200	6.788842253996435	0.0	587236	6721.36299112245	0.75
3413.0567524050775	300	9.228109383824911	0.0	153938	1560.732870171525	-0.6000000000000001
3417.2576842352146	1200	9.027177553688059	0.0	696376	4200.931830136852	0.29999999999999993
3420.1906313606523	1200	10.09423042825026	0.0	487160	2932.947125437801	1.2
3424.02033922567	1200	10.26452256323301	0.0	622896	3829.7078650172502	1.2
3429.7036695991083	1200	8.581192189794635	0.0	641447	5683.330373438374	1.2
3433.0529779087706	750	9.231883880132392	0.0	358218	3349.308309662242	0.3
3438.1041485189894	1200	8.180713269913664	0.0	620283	5051.170610218726	0.75
3441.3390199699566	750	8.94584181894667	0.0	369834	3234.871450966995	0.3
3444.4561882399676	750	9.828673548935697	0.0	412837	3117.1682700109714	0.75
3449.0448131284365	1200	9.24004866046691	0.0	690253	4588.6248884687875	0.75
3453.046181374907	1200	9.238680413996281	0.0	598727	4001.3682464706294	1.2
3456.016880593855	1200	10.267981195048181	0.0	487812	2970.6992189480984	1.2
3459.953802282014	1200	10.331059506889368	0.0	575591	3936.921688158815	1.2
3463.8943203061963	1200	10.390541482706759	0.0	605884	3940.5180241826083	1.2
3466.630366092438	1200	11.65449569646486	0.0	587506	2736.045786241899	1.2
3471.78252142706	1850	10.502340361843043	0.0	858450	5152.155334621816	1.2000000000000002
3474.993564347214	1200	11.291297441688773	0.0	641452	3211.0429201542674	0.5499999999999999
3480.8735335973042	1850	9.411328191598834	0.0	886255	5879.969250089941	1.2000000000000002
3487.750668786374	1200	6.534193002528727	0.0	634861	6877.135189070107	0.5499999999999999
3489.9233630880926	300	8.361498700810017	0.0	167025	2172.6943017187095	-0.6000000000000001
3493.407957567783	750	8.876904221119807	0.0	393804	3484.594479690211	0.3
3495.3878053622243	750	10.897056426678672	0.0	331053	1979.8477944411356	0.75
3498.2222522753705	1200	12.062609513532221	0.0	550906	2834.4469131464502	0.75

