2635.65304039292	750	4.0	2.54228302815134	450283	2542.28302815134	-10.181817021050762
2636.4924612194936	300	7.160579173426026	0.0	155580	839.4208265739742	-0.15000000000000002
2637.892021598132	750	9.761018794787974	0.0	350812	1399.56037863805	0.3
2639.277968031862	750	12.37507236105758	0.0	382355	1385.946433730394	0.75
2642.5001661531687	1200	13.152874239751254	0.0	652874	3222.198121306326	0.75
2644.6999327045014	1200	14.953107688418486	0.0	520315	2199.766551332769	1.2
2646.9392780652815	1200	16.713762327638282	0.0	561791	2239.345360780208	1.2
2650.9470365583466	1200	16.7060038345733	0.0	709534	4007.758493064983	1.2
2664.307744965787	1850	7.345295427132624	0.0	852833	13360.708407440674	1.2000000000000002
2667.3050078209685	300	8.348032571951295	0.0	139105	2997.2628551813277	-1.25
2669.7529036353762	300	9.900136757543542	0.0	141840	2447.8958144077537	0.3
2671.4177573295565	300	12.235283063363015	0.0	156148	1664.8536941805276	0.3
2672.8036405545395	300	14.849399838380164	0.0	160746	1385.8832249828524	0.3
2674.3563925078884	300	17.296647885031163	0.0	179801	1552.7519533490017	0.3
2675.637498786375	300	20.015541606544684	0.0	140051	1281.1062784864773	0.3
2679.741877099637	750	19.91116329328253	0.0	366214	4104.378313262154	0.3
2682.9989034549235	750	20.65413693799582	0.0	360831	3257.026355286711	0.75
2685.5717571996283	750	22.081283193291053	0.0	372963	2572.853744704769	0.75
2688.810073844828	750	22.842966548091557	0.0	405596	3238.316645199493	0.75
2693.1030698912436	1200	22.549970501675634	0.0	586839	4292.996046415923	0.75
2698.2910311258443	1200	21.362009267074733	0.0	601738	5187.961234600901	1.2
2703.172780455825	1200	20.48025993709414	0.0	616206	4881.749329980594	1.2
2708.7596996202756	1200	18.893340772643352	0.0	656471	5586.919164450789	1.2
2712.136877900476	1200	19.516162492443176	0.0	536667	3377.1782802001776	1.2
2716.788783993621	1200	18.864256399298267	0.0	587236	4651.90609314491	1.2
2721.8439246652915	1200	17.809115727628033	0.0	590335	5055.140671670232	1.2
2725.639862881066	750	18.01317751185295	0.0	425781	3795.938215775082	0.3
2729.9056937766736	1200	17.747346616245565	0.0	487160	4265.8308956073815	0.75
2732.990458132234	750	18.662582260685376	0.0	400396	3084.764355560191	0.3
2735.5475248493144	750	20.105515543605136	0.0	400508	2557.066717080242	0.75
2738.6400195653973	1200	21.013020827521824	0.0	570392	3092.494716083309	0.75
2742.505324037073	1200	21.14771635584628	0.0	620283	3865.3044716755444	1.2
2747.5990550528704	1200	20.053985340049145	0.0	584349	5093.731015797137	1.2
2750.069099396172	1200	21.583940996747454	0.0	670129	2470.0443433016912	1.2
2752.5495015544134	1200	23.103538838506	0.0	690253	2480.4021582414516	1.2
2755.7655043917907	1850	23.88753600112855	0.0	943942	3216.0028373774508	1.2000000000000002
2759.48451086371	2850	24.168529529208996	0.0	1139291	3719.0064719195516	1.85
2763.1714622145987	1850	24.481578178320436	0.0	938587	3686.9513508885602	0.8500000000000001
2771.073490344824	2850	20.579550048094863	0.0	1427478	7902.028130225574	1.85
2777.0344568415803	1850	18.61858355133886	0.0	930577	5960.966496756002	0.8500000000000001
2785.390013648463	1850	14.263026744455827	0.0	858450	8355.556806883033	1.85
2788.4579274775238	750	15.195112915395033	0.0	384505	3067.913829060794	-0.3500000000000001
2791.273468660296	750	16.379571732622537	0.0	372093	2815.541182772497	0.75
2795.0605287053786	750	16.5925116875402	0.0	438281	3787.060045082338	0.75
2797.8634168985036	750	17.789623494415252	0.0	398987	2802.8881931249475	0.75
2799.7609346697423	750	19.89210572317648	0.0	393804	1897.517771238771	0.75
2802.310466834732	1200	21.342573558187055	0.0	538612	2549.53216498943	0.75
2804.994355529367	1200	22.658684863552068	0.0	550906	2683.8886946349835	1.2

