18561.59974263009	750	4.0	4.043612194844198	450283	4043.6121948441983	0.25970572	-16.63753243783005
18563.256201037202	300	6.343541592888147	0.0	155580	1656.458407111853	0.28624526	-0.15000000000000002
18564.524892164944	300	9.07485046514876	0.0	139857	1268.6911277393874	0.6993594	0.3
18565.702856885753	300	11.896885744338519	0.0	155432	1177.9647208102417	1.1179997	0.3
18570.166844867064	1200	11.432897763025942	0.0	652874	4463.987981312577	1.1862103	0.29999999999999993
18579.115584988962	1850	6.48415764113047	0.0	801058	8948.740121895471	1.2451569	1.2000000000000002
18581.236463917834	300	8.36327871226042	0.0	153295	2120.878928870049	1.1039584	-1.25
18583.55003852676	300	10.049704103334197	0.0	173849	2313.5746089262257	0.7763853	0.3
18585.347054452537	300	12.252688177555823	0.0	150710	1797.015925778373	1.0452324	0.3
18588.03802574849	750	13.561716881604864	0.0	362795	2690.971295950958	1.1392726	0.3
18590.284919284175	750	15.314823345918688	0.0	353220	2246.8935356861766	1.2362144	0.75
18591.534798078344	300	18.06494455175086	0.0	156148	1249.8787941678304	1.257079	-0.15000000000000002
18592.839261444704	300	20.760481185392717	0.0	160746	1304.463366358139	1.189022	0.3
18599.447995354414	1200	18.151747275682617	0.0	687371	6608.7339097100985	1.196563	0.29999999999999993
18600.682566644133	300	20.91717598596353	0.0	140051	1234.571289719085	1.2559576	-0.6000000000000001
18604.544207370076	1200	21.055535260020175	0.0	587876	3861.640725943355	1.1997881	0.29999999999999993
18611.742109177456	1200	17.85763345264209	0.0	617242	7197.901807378087	1.3305957	1.2
18613.969195418937	300	19.63054721116188	0.0	150616	2227.0862414802123	1.2322887	-0.6000000000000001
18619.307633680233	750	18.292108949866606	0.0	405596	5338.438261295276	1.1618773	0.3
18622.96650763154	750	18.63323499855889	0.0	350713	3658.8739513077116	1.203608	0.75
18627.79278770661	1200	17.80695492348978	0.0	601738	4826.280075069111	1.2123611	0.75
18629.795091003212	300	19.80465162688761	0.0	157812	2002.3032966021701	1.2649758	-0.6000000000000001
18636.292141002505	750	17.307601627595734	0.0	401853	6497.049999291874	1.1537766	0.3
18637.674806055893	300	19.924936574209983	0.0	137654	1382.6650533857521	1.1831396	-0.15000000000000002
18648.172810955217	1200	13.42693167488738	0.0	587236	10498.004899322605	1.1627996	0.29999999999999993
18650.975530114792	300	14.624212515311624	0.0	153938	2802.719159575754	1.1239539	-0.6000000000000001
18654.670874004823	750	14.928868625282412	0.0	425781	3695.343890029212	1.0621569	0.3
18655.58732705836	300	18.012415571745706	0.0	111155	916.4530535367057	1.2244923	-0.15000000000000002
18661.88243346885	1200	15.717309161252809	0.0	622896	6295.106410492899	1.1745173	0.29999999999999993
18663.390741259143	300	18.209001370960543	0.0	149029	1508.307790292264	1.2252865	-0.6000000000000001
18669.20315778866	750	16.396584841444096	0.0	358218	5812.41652951645	1.1853366	0.3
18674.07409801858	1200	15.525644611526465	0.0	620283	4870.940229917631	1.1888305	0.75
18676.353764673862	1200	17.24597795624447	0.0	584349	2279.666655281994	1.244543	1.2
18680.81783490049	1850	16.781907729620006	0.0	1035329	4464.070226624465	1.3889424	1.2000000000000002
18686.566603532425	2850	15.033139097681438	0.0	1492672	5748.768631938567	1.3787863	1.85
18688.638976803883	1200	16.960765826222058	0.0	598727	2072.3732714593816	1.2974784	-0.44999999999999996
18689.675218554676	750	19.924524075429087	0.0	321064	1036.241750792973	1.4795393	0.3
18691.622892434527	1200	21.976850195578454	0.0	575591	1947.6738798506335	1.504702	0.75
18698.980014933193	1850	18.619727696908424	0.0	908665	7357.122498670028	1.5228436	1.2000000000000002
18706.33858129908	1200	15.26116133102446	0.0	587506	7358.566365883961	1.3846279	0.5499999999999999
18707.3946957741	300	18.205046856001434	0.0	147968	1056.114475023027	1.2927107	-0.6000000000000001
18709.043134495223	750	20.556608134878882	0.0	384505	1648.4387211225512	1.311986	0.3
18711.48215146599	1200	22.117591164114497	0.0	599477	2439.016970764386	1.4934684	0.75
18715.279606294433	1850	22.320136335674192	0.0	973972	3797.454828440304	1.4711788	1.2000000000000002
18720.695420266773	2850	20.90432236333148	0.0	1464921	5415.813972342711	1.2965695	1.85
18733.870079879645	4300	11.729662750460196	0.0	2246506	13174.659612871284	1.1001492	2.8499999999999996
18740.475385813614	2850	9.12435681649224	0.0	1231456	6605.305933967956	1.2363886	1.4000000000000001
18743.78951885236	1200	9.810223777744726	0.0	550906	3314.1330387475145	1.2477263	-0.44999999999999996

