5337.698320208002	750	4.0	3.0006457348380566	450283	3000.645734838057	1.1318669	-12.152776659803642
5338.941058312331	300	6.757261895671289	0.0	155580	1242.7381043287116	0.59963715	-0.15000000000000002
5339.8327507434	300	9.865569464602235	0.0	139857	891.6924310690526	1.0816481	0.3
5344.19313541387	1200	9.505184794132042	0.0	617681	4360.384670470195	1.1907994	0.29999999999999993
5345.854751682341	300	11.843568525659837	0.0	163442	1661.6162684722033	1.2150024	-0.6000000000000001
5347.14405885585	300	14.554261352150359	0.0	126289	1289.3071735094786	1.1912678	0.3
5353.384697464755	1200	12.313622743245835	0.0	561791	6240.6386089045245	1.1842211	0.29999999999999993
5356.130167121148	750	13.568153086852968	0.0	437162	2745.4696563928665	1.2007767	0.3
5360.121998606162	1200	13.576321601838334	0.0	584846	3991.831485014635	1.2550292	0.75
5364.518167125656	1200	13.180153082344532	0.0	560821	4396.168519493801	1.2754755	1.2
5365.955630791821	300	15.742689416180642	0.0	141840	1437.4636661638888	1.2475684	-0.6000000000000001
5370.591397463084	1200	15.106922744917098	0.0	594078	4635.766671263546	1.1772203	0.29999999999999993
5372.441908453083	750	17.256411754918844	0.0	386351	1850.510989998255	1.2655959	0.3
5375.4172143649175	1200	18.281105843083456	0.0	687371	2975.3059118353885	1.2975817	0.75
5377.8424131610045	1200	19.855907046996457	0.0	526950	2425.1987960869997	1.4124033	1.2
5379.364485858166	750	22.33383434983559	0.0	366214	1522.0726971608676	1.4009776	0.3
5382.293846328551	1200	23.404473879450208	0.0	617242	2929.360470385383	1.3780218	0.75
5385.90793329112	1850	23.790386916881776	0.0	885714	3614.086962568433	1.4471419	1.2000000000000002
5388.191459008759	750	25.50686119924207	0.0	405596	2283.5257176397076	1.4738551	-0.3500000000000001
5391.61322308503	1200	26.08509712297106	0.0	586839	3421.76407627101	1.3764337	0.75
5397.40479483443	1850	24.29352537357162	0.0	891604	5791.571749399443	1.436062	1.2000000000000002
5400.414378543055	750	25.283941664946394	0.0	399894	3009.5837086252236	1.4295208	-0.3500000000000001
5407.30994614698	1200	22.38837406102118	0.0	656471	6895.56760392521	1.311839	0.75
5411.693543991278	1200	22.004776216723148	0.0	536667	4383.597844298036	1.3026392	1.2
5413.8339540957395	750	23.86436611226156	0.0	359903	2140.410104461591	1.331471	0.3
5416.590984541832	1200	25.107335666170197	0.0	590335	2757.030446091363	1.3450309	0.75
5424.726290477728	2850	20.97202973027293	0.0	1547572	8135.305935897268	1.4487445	1.2000000000000002
5427.140245931163	1200	22.55807427683824	0.0	487160	2413.9554534346908	1.3422017	-0.44999999999999996
5429.661834214844	750	24.036485993157978	0.0	400396	2521.5882836802616	1.4493032	0.3
5433.138063226405	1200	24.5602569815965	0.0	641447	3476.229011561478	1.3776475	0.75
5436.068160398166	1200	25.630159809836233	0.0	570392	2930.0971717602647	1.4659412	1.2
5440.518381084368	1850	25.17993912363374	0.0	954453	4450.220686202493	1.5023931	1.2000000000000002
5446.50496895342	1850	23.19335125458287	0.0	885062	5986.587869050873	1.4518442	1.85
5454.777429867598	1850	18.920890340404643	0.0	1035329	8272.460914178224	1.4335457	1.85
5459.262921569702	750	18.435398638300263	0.0	401088	4485.491702104381	1.3477557	-0.3500000000000001
5459.974792101897	300	21.72352810610431	0.0	159914	711.8705321959536	1.2788763	-0.15000000000000002
5462.377875872073	1200	23.32044433592882	0.0	487812	2403.08377017549	1.4241768	0.29999999999999993
5467.466427493171	1850	22.231892714830586	0.0	938587	5088.551621098236	1.5115615	1.2000000000000002
5471.603323459001	1850	22.0949967489997	0.0	908665	4136.895965830885	1.3781219	1.85
5476.312284644238	1850	21.386035563762256	0.0	930577	4708.961185237445	1.3541081	1.85
5496.854980081375	4300	4.843340126625419	0.0	2108491	20542.695437136837	1.355568	1.8499999999999996
5497.654917087513	300	8.043403120487705	0.0	161857	799.9370061377142	0.6895984	-3.7
5500.557666495896	1200	9.1406537121048	0.0	599477	2902.749408382904	1.2064606	0.29999999999999993
5504.79188780032	1850	8.906432407680317	0.0	973972	4234.221304424484	1.2799976	1.2000000000000002
5512.308259144096	1850	5.3900610639049304	0.0	958994	7516.371343775387	1.2629837	1.85
5520.172756759554	1200	4.0	2.474436551553087	638661	7864.497615458017	1.180398	-10.090077171678274
5520.824944027809	300	7.347812731745816	0.0	137507	652.1872682541838	0.07429904	-0.6000000000000001
5521.484012473389	300	10.68874428616455	0.0	118421	659.0684455812668	1.1723031	0.3

