21094.958088300715	750	4.0	3.995068697861578	450283	3995.068697861578	0.5	-16.428795400804784
21096.450360388048	300	6.507727912669612	0.0	155580	1492.2720873303876	0.5	-0.15000000000000002
21097.72245644211	300	9.235631858607427	0.0	139857	1272.0960540621852	0.5	0.3
21101.102281771604	750	9.855806529111888	0.0	382355	3379.8253294955384	0.5	0.3
21104.390242928974	750	10.567845371743221	0.0	411561	3287.9611573686657	0.5	0.75
21107.022972244962	750	11.935116055752845	0.0	318564	2632.7293159903766	0.5	0.75
21110.489842137427	750	12.468246163289583	0.0	352642	3466.8698924632636	0.5	0.75
21117.42647694755	750	9.531611353165655	0.0	437162	6936.634810123927	0.5	0.75
21123.913149885597	750	7.0449384151154595	0.0	374758	6486.6729380501965	0.5	0.75
21125.530019375827	300	9.428068924887583	0.0	139105	1616.8694902278764	0.5	-0.15000000000000002
21127.968141748373	300	10.989946552342545	0.0	141840	2438.1223725450386	0.5	0.3
21129.872647775996	300	13.085440524719646	0.0	156148	1904.5060276228978	0.5	0.3
21132.00964752247	300	14.94844077824352	0.0	160746	2136.999746476127	0.5	0.3
21134.05658287962	300	16.901505421093017	0.0	179801	2046.9353571504992	0.5	0.3
21135.76012889105	300	19.197959409668634	0.0	140051	1703.5460114243822	0.5	0.3
21139.551555459657	750	19.406532841060745	0.0	366214	3791.4265686078907	0.5	0.3
21142.81176541419	750	20.146322886527987	0.0	360831	3260.2099545327583	0.5	0.75
21146.97629113994	750	19.981797160775447	0.0	372963	4164.525725752538	0.5	0.75
21151.491274889217	750	19.466813411500134	0.0	405596	4514.983749275313	0.5	0.75
21156.82035807604	750	18.137730224677078	0.0	350713	5329.083186823056	0.5	0.75
21164.780524839738	750	14.17756346098043	0.0	386472	7960.166763696648	0.5	0.75
21170.37063528182	750	12.587453018895863	0.0	399894	5590.110442084567	0.5	0.75
21178.933154868377	750	8.02493343233846	0.0	401853	8562.519586557404	0.5	0.75
21183.32272230505	300	7.635365995665281	0.0	137654	4389.567436673178	0.5	-0.15000000000000002
21187.13165108342	300	7.826437217297895	0.0	146754	3808.9287783673867	0.5	0.3
21191.197470113177	300	7.760618187539606	0.0	153938	4065.8190297582887	0.5	0.3
21195.653003567615	300	7.305084733104165	0.0	181901	4455.533454435441	0.5	0.3
21197.9608718417	300	8.99721645902051	0.0	111155	2307.8682740836543	0.5	0.3
21200.929437985447	300	10.028650315273099	0.0	153605	2968.5661437474114	0.5	0.3
21204.788036191687	300	10.170052109031692	0.0	149029	3858.5982062414064	0.5	0.3
21208.173534800484	300	10.784553500232473	0.0	157421	3385.4986087992206	0.5	0.3
21212.459917481614	300	10.49817081910319	0.0	157488	4286.382681129282	0.5	0.3
21216.104799329372	300	10.853288971340843	0.0	143881	3644.8818477623454	0.5	0.3
21219.38147476818	300	11.576613532534042	0.0	163444	3276.6754388068025	0.5	0.3
21222.827409399048	300	12.130678901668174	0.0	179328	3445.9346308658673	0.5	0.3
21225.551295898335	300	13.40679240238066	0.0	159914	2723.886499287515	0.5	0.3
21227.558080666386	300	15.40000763432674	0.0	131610	2006.7847680539194	0.5	0.3
21229.326121588172	300	17.631966712541754	0.0	124011	1768.0409217849822	0.5	0.3
21232.038124191575	300	18.91996410913793	0.0	144254	2712.0026034038215	0.5	0.3
21235.718773398585	300	19.239314902125493	0.0	149991	3680.6492070124377	0.5	0.3
21239.922087112634	300	19.03600118807469	0.0	147968	4203.313714050805	0.5	0.3
21242.627447116003	300	20.3306411847075	0.0	161857	2705.3600033671905	0.5	0.3
21244.744226521503	300	22.21386177920709	0.0	145210	2116.779405500408	0.5	0.3
21247.134465461644	300	23.823622839066132	0.0	172312	2390.2389401409587	0.5	0.3
21248.983268054144	300	25.97482024656923	0.0	167025	1848.8025924969008	0.5	0.3
21252.664783599965	750	26.29330470074598	0.0	393804	3681.5155458232466	0.5	0.3
21255.61103384425	750	27.347054456462608	0.0	331053	2946.250244283376	0.5	0.75
21262.58947863938	1850	24.368609661331323	0.0	846370	6978.444795131282	0.5	0.75

