2288.194813306638	750	4.0	2.100206826790785	450283	2100.2068267907853	-8.280889355200376
2289.257499054826	300	6.937314251812226	0.0	155580	1062.6857481877737	-0.15000000000000002
2290.178000044594	300	10.016813262044606	0.0	139857	920.5009897676201	0.3
2292.3807088569492	750	11.814104449689	0.0	382355	2202.708812355607	0.3
2294.391135317235	750	13.803677989403312	0.0	411561	2010.426460285688	0.75
2296.6825211201244	1200	15.51229218651346	0.0	520315	2291.3858028898517	0.75
2299.0715418598465	1200	17.123271446791446	0.0	561791	2389.0207397220147	1.2
2302.1772797630806	1200	18.017533543557146	0.0	709534	3105.737903234298	1.2
2306.687489003091	1850	17.507324303547033	0.0	852833	4510.209240010114	1.2000000000000002
2310.5977683726455	1850	17.597044933992123	0.0	913888	3910.279369554911	1.85
2313.914195937073	1850	18.280617369564467	0.0	939819	3316.4275644276527	1.85
2317.0183345457813	1850	19.176478760856494	0.0	917428	3104.1386087079745	1.85
2320.5909514117766	1850	19.60386189486096	0.0	946851	3572.6168659955347	1.85
2325.1617782563853	1850	19.03303505025247	0.0	1036454	4570.826844608489	1.85
2328.6630276150136	1850	19.531785691624094	0.0	821631	3501.249358628374	1.85
2332.6902572148247	1850	19.504556091812912	0.0	923170	4027.229599811178	1.85
2337.012546873562	1850	19.18226643307558	0.0	966699	4322.289658737334	1.85
2339.9993581422978	1850	20.195455164339855	0.0	885714	2986.811268735724	1.85
2344.8611270772244	1850	19.33368622941348	0.0	987708	4861.768934926374	1.85
2349.9789956125333	1850	18.21581769410441	0.0	923755	5117.868535309072	1.85
2353.0052799572413	1850	19.18953334939612	0.0	891604	3026.2843447082846	1.85
2356.3091105669932	1850	19.885702739644376	0.0	955231	3303.830609751745	1.85
2360.3966641578036	1850	19.798149148834003	0.0	968026	4087.5535908103748	1.85
2364.215215854051	1850	19.979597452586596	0.0	874175	3818.551696247405	1.85
2368.2870835642107	1850	19.907729742426767	0.0	897976	4071.8677101598278	1.85
2377.2658207614277	1850	14.928992545209677	0.0	905935	8978.73719721709	1.85
2387.2813287339836	1200	8.91348457265415	0.0	696376	10015.507972555528	0.5499999999999999
2389.4917335386544	750	10.703079767982938	0.0	277716	2210.4048046712132	0.3
2390.5936737406378	300	13.601139565999812	0.0	153605	1101.9402019831246	-0.15000000000000002
2391.7494146341087	300	16.445398672529002	0.0	149029	1155.7408934708124	0.3
2393.6045470791596	750	18.590266227478285	0.0	358218	1855.1324450507163	0.3
2395.5166471298526	750	20.678166176785037	0.0	400322	1912.1000506932473	0.75
2399.9379820256067	1200	20.25683128103126	0.0	584349	4421.334895753777	0.75
2403.0470996280387	1200	21.14771367859914	0.0	670129	3109.117602432122	1.2
2406.017265629039	1200	22.177547677599247	0.0	690253	2970.1660009998914	1.2
2410.0739299974302	1850	22.120883309207795	0.0	943942	4056.6643683914513	1.2000000000000002
2412.2344526672155	1850	23.960360639422753	0.0	728962	2160.5226697850408	1.85
2415.14593592155	1850	25.048877385087703	0.0	938587	2911.4832543350512	1.85
2419.872768904611	2850	24.322044402026805	0.0	1427478	4726.832983060901	1.85
2424.5061187826927	2850	23.68869452394514	0.0	1402287	4633.3498780816635	2.85
2429.996550584035	2850	22.19826272260274	0.0	1339500	5490.431801342403	2.85
2437.2243783523927	2850	18.970434954244624	0.0	1527299	7227.827768358114	2.85
2440.572949907234	1850	19.621863399403473	0.0	886255	3348.571554841154	0.8500000000000001
2444.671181941335	1850	19.52363136530255	0.0	973972	4098.23203410092	1.85
2448.653182127625	1850	19.541631179013077	0.0	958994	3982.000186289471	1.85
2452.8968527958573	1850	19.297960510780445	0.0	982064	4243.670668232632	1.85
2455.6782993820175	1850	20.51651392462027	0.0	830730	2781.4465861601734	1.85
2459.420863509244	1850	20.77394979739351	0.0	846370	3742.5641272267603	1.85

