15821.210200857591	750	4.0	4.997202366246414	450283	4997.202366246414	-20.73797017485958
15823.363562607878	300	5.846638249714482	0.0	155580	2153.3617502855177	-0.15000000000000002
15832.349219162461	750	4.0	3.1390183048696434	350812	8985.656554584126	-13.197778710939465
15836.37265818277	300	4.0	0.023439020309554054	155432	4023.439020309554	-0.2507877873310824
15840.150740179348	300	4.22191800342084	0.0	163442	3778.0819965791593	0.3
15841.413877939178	300	6.958780243591171	0.0	126289	1263.1377598296694	0.3
15844.764867776283	750	7.607790406486221	0.0	352642	3350.989837104949	0.3
15848.630120855663	750	7.742537327106213	0.0	437162	3865.2530793800083	0.75
15851.723391179412	750	8.649267003356709	0.0	374758	3093.2703237495048	0.75
15854.395974406629	750	9.9766837761408	0.0	362795	2672.5832272159105	0.75
15857.080153815665	750	11.29250436710453	0.0	353220	2684.1794090362673	0.75
15859.720723582599	750	12.651934600169534	0.0	405134	2640.5697669349984	0.75
15861.718319739872	750	14.654338442897092	0.0	386351	1997.59615727244	0.75
15863.780251426282	750	16.592406756487943	0.0	434409	2061.931686409147	0.75
15866.384900632022	1200	17.98775755074709	0.0	526950	2604.6492057408555	0.75
15869.377342839245	1200	18.99531534352419	0.0	587876	2992.4422072229004	1.2
15873.554582092336	1200	18.81807609043273	0.0	617242	4177.239253091462	1.2
15876.234167422435	750	20.13849076033118	0.0	372963	2679.5853301015472	0.3
15879.421048909495	750	20.9516092732721	0.0	405596	3186.881487059078	0.75
15882.042812888001	750	22.32984529476383	0.0	350713	2621.763978508268	0.75
15884.822172362343	750	23.550485820422523	0.0	386472	2779.3594743413078	0.75
15887.624205579366	750	24.748452603398842	0.0	399894	2802.03321702368	0.75
15891.340993854927	750	25.031664327838023	0.0	401853	3716.788275560823	0.75
15896.895092480123	750	23.477565702641506	0.0	343800	5554.098625196513	0.75
15899.01409778376	300	25.358560399006205	0.0	146754	2119.005303635302	-0.15000000000000002
15905.58220922602	750	22.79044895674573	0.0	379700	6568.111442260472	0.3
15909.254731403611	300	23.11792677915464	0.0	181901	3672.5221775910913	-0.15000000000000002
15916.002136213525	750	20.37052196924254	0.0	277716	6747.404809912104	0.3
15919.496256287137	300	20.87640189563018	0.0	153605	3494.1200736123574	-0.15000000000000002
15926.76489817637	750	17.607760006397847	0.0	400508	7268.6418892323345	0.3
15930.700750174356	300	17.671908008412466	0.0	157421	3935.851997985382	-0.15000000000000002
15934.643854074342	300	17.728804108425123	0.0	157488	3943.1038999873417	0.3
15941.608389744046	750	14.764268438722636	0.0	369834	6964.535669702487	0.3
15943.973604987386	300	16.399053195380763	0.0	163444	2365.215243341874	-0.15000000000000002
15949.28571237591	750	15.086945806857843	0.0	401088	5312.10738852292	0.3
15953.15047442501	750	15.222183757755953	0.0	365161	3864.7620491018897	0.75
15957.694194161666	750	14.67846402109944	0.0	321064	4543.719736656513	0.75
15963.806866993582	750	12.565791189184264	0.0	361565	6112.672831915178	0.75
15967.338979883725	750	13.033678299042096	0.0	378327	3532.112890142167	0.75
15969.998685482678	750	14.37397270008719	0.0	390680	2659.7055989549067	0.75
15972.438531711447	750	15.934126471320205	0.0	345516	2439.846228766984	0.75
15975.040023114025	750	17.332635068741197	0.0	384505	2601.4914025790085	0.75
15979.462119302803	1200	16.910538879963976	0.0	599477	4422.096188777219	0.75
15986.098784320782	1200	14.273873861985493	0.0	634861	6636.665017978486	1.2
15992.158228399385	1200	12.214429783383952	0.0	630203	6059.444078601541	1.2
16001.244721395828	1200	7.127936786941593	0.0	638661	9086.492996442359	1.2
16006.023903340247	1200	6.34875484252204	0.0	538612	4779.181944419553	1.2
16011.318039885147	1200	5.054618297621193	0.0	550906	5294.136544900847	1.2

