22704.175950260902	750	4.0	5.84241140162946	450283	5842.41140162946	-24.372369027006677
22705.909231006633	300	6.266719254268797	0.0	155580	1733.2807457312028	-0.15000000000000002
22707.110519075715	300	9.065431185188647	0.0	139857	1201.2880690801505	0.3
22708.4117330505	300	11.76421721040178	0.0	155432	1301.2139747868682	0.3
22709.751801227387	300	14.424149033514515	0.0	163442	1340.0681768872635	0.3
22712.117252112585	750	16.058698148316054	0.0	318564	2365.450885198462	0.3
22714.501625631823	750	17.674324629076867	0.0	352642	2384.3735192391878	0.75
22717.47162725415	750	18.704323006754894	0.0	437162	2970.00162232197	0.75
22721.080353612713	1200	19.09559664818811	0.0	584846	3608.7263585667843	0.75
22724.423063009268	1200	19.75288725163289	0.0	560821	3342.709396555217	1.2
22728.35103458871	1200	19.824915672190713	0.0	607410	3927.9715794421777	1.2
22731.729824773785	1200	20.446125487117893	0.0	594078	3378.79018507282	1.2
22735.576023456346	1200	20.599926804556077	0.0	624282	3846.1986825618155	1.2
22744.47072671608	1200	15.705223544820095	0.0	687371	8894.703259735983	1.2
22751.608578609834	1200	12.567371651065532	0.0	526950	7137.851893754563	1.2
22754.375730435346	300	13.800219825554471	0.0	138313	2767.15182551106	-0.6000000000000001
22757.73974435988	300	14.436205901022394	0.0	143509	3364.0139245320797	0.3
22759.935729404042	300	16.240220856857505	0.0	150616	2195.9850441648887	0.3
22761.824505332443	300	18.351444928458243	0.0	165384	1888.7759283992584	0.3
22763.266185049695	300	20.909765211207695	0.0	140881	1441.6797172505505	0.3
22764.70576022882	300	23.470190032082854	0.0	157671	1439.5751791248404	0.3
22768.822800029673	750	23.353150231230494	0.0	399894	4117.039800852361	0.3
22772.88043039563	750	23.295519865270848	0.0	401853	4057.630365959648	0.75
22777.664240098828	1200	22.511710162076717	0.0	536667	4783.80970319413	0.75
22780.076425936808	750	24.09952432409678	0.0	359903	2412.1858379799364	0.3
22783.720271709302	1200	24.455678551603853	0.0	590335	3643.845772492925	0.75
22788.09235760586	1200	24.0835926550438	0.0	696376	4372.085896560051	1.2
22792.586040885373	1850	23.589909375529988	0.0	758197	4493.683279513815	1.2000000000000002
22795.838169021496	1200	24.337781239408045	0.0	622896	3252.12813612194	0.5499999999999999
22803.350839194754	1850	20.825111066148274	0.0	975811	7512.670173259771	1.2000000000000002
22807.324863907153	1200	20.851086353749753	0.0	570392	3974.0247123985196	0.5499999999999999
22812.331326175456	1200	19.844624085448473	0.0	620283	5006.46226830128	1.2
22817.02342471538	1200	19.152525545526984	0.0	584349	4692.098539921489	1.2
22820.45695067011	750	19.718999590794628	0.0	412837	3433.525954732354	0.3
22823.329197317857	750	20.846752943044393	0.0	401088	2872.2466477502344	0.75
22827.03630757396	1200	21.139642686943887	0.0	598727	3707.110256100508	0.75
22830.763773146533	1200	21.412177114370134	0.0	487812	3727.4655725737525	1.2
22834.720267094996	1200	21.4556831659063	0.0	575591	3956.4939484638344	1.2
22838.555471648575	1200	21.62047861233002	0.0	605884	3835.2045535762754	1.2
22843.732203464802	1200	20.443746796102896	0.0	587506	5176.731816227124	1.2
22850.463884715617	1200	17.712065545287007	0.0	566904	6731.681250815887	1.2
22853.716897991962	750	18.459052268942823	0.0	384505	3253.013276344188	0.3
22855.990104355642	750	20.185845905263655	0.0	372093	2273.2063636791686	0.75
22858.618824908008	750	21.557125352896055	0.0	438281	2628.7205523675984	0.75
22862.332149029484	1200	21.843801231421846	0.0	630203	3713.3241214742093	0.75
22865.831708485952	1200	22.3442417749497	0.0	638661	3499.559456472147	1.2
22870.86662514674	1850	21.30932511416528	0.0	830730	5034.916660784422	1.2000000000000002
22877.763518355227	1850	18.412431905677217	0.0	846370	6896.893208488063	1.85

