10568.89226785966	750	4.0	2.009934342455404	450283	2009.9343424554038	0.5	-7.892717672558236
10573.943184780224	1200	4.0	1.0509169205671534	611087	5050.916920567153	0.5	-3.768942758438759
10576.663356551955	300	5.2798282282710725	0.0	139857	2720.1717717289275	0.5	-0.6000000000000001
10577.640140326332	300	8.303044453892367	0.0	155432	976.7837743787054	0.5	0.3
10578.865046996896	300	11.07813778332966	0.0	163442	1224.9066705627065	0.5	0.3
10579.970113765947	300	13.973071014276549	0.0	126289	1105.0667690531113	0.5	0.3
10581.090662157132	300	16.852522623093563	0.0	153295	1120.5483911829872	0.5	0.3
10582.054336494304	300	19.888848285920808	0.0	173849	963.6743371727513	0.5	0.3
10583.882006244485	750	22.06117853574162	0.0	374758	1827.6697501791843	0.5	0.3
10586.409503242628	1200	23.533681537597968	0.0	560821	2527.4969981436548	0.5	0.75
10588.782733681079	1200	25.16045109914709	0.0	607410	2373.2304384508793	0.5	1.2
10591.285752583477	1200	26.657432196747926	0.0	594078	2503.018902399162	0.5	1.2
10595.407351007325	1850	26.535833772900606	0.0	946851	4121.598423847322	0.5	1.2000000000000002
10599.723440904421	1850	26.219743875805214	0.0	1036454	4316.0898970953895	0.5	1.85
10604.87145692632	2850	25.071727853907806	0.0	1231445	5148.016021897408	0.5	1.85
10610.771804981754	2850	23.171379798473513	0.0	1471065	5900.348055434294	0.5	2.85
10616.81890584288	2850	21.124278937346965	0.0	1491626	6047.1008611265515	0.5	2.85
10622.242422016772	2850	19.700762763454616	0.0	1358801	5423.516173892347	0.5	2.85
10628.50447571798	2850	17.438709062245465	0.0	1537156	6262.053701209152	0.5	2.85
10635.54886767424	2850	14.394317105984845	0.0	1336050	7044.391956260619	0.5	2.85
10647.399116119397	2850	6.544068660827002	0.0	1415116	11850.248445157842	0.5	2.85
10650.395931635316	1200	7.547253144907536	0.0	616206	2996.815515919466	0.5	-0.44999999999999996
10653.710300521298	1200	8.232884258926832	0.0	656471	3314.368885980704	0.5	1.2
10656.941457604404	1200	9.001727175819045	0.0	536667	3231.1570831077865	0.5	1.2
10659.806594037209	1200	10.136590743014418	0.0	587236	2865.1364328046284	0.5	1.2
10663.105083864966	1200	10.838100915256668	0.0	590335	3298.48982775775	0.5	1.2
10667.043093546328	1200	10.900091233893859	0.0	696376	3938.00968136281	0.5	1.2
10669.792442982749	1200	12.150741797475085	0.0	487160	2749.349436418774	0.5	1.2
10673.866308292194	1200	12.076876488030026	0.0	622896	4073.865309445059	0.5	1.2
10677.971915850634	1200	11.97126892958922	0.0	641447	4105.607558440806	0.5	1.2
10680.846082291164	1200	13.09710248905884	0.0	570392	2874.16644053038	0.5	1.2
10684.829057953819	1850	13.114126826403131	0.0	954453	3982.9756626557078	0.5	1.2000000000000002
10688.575807406407	1850	13.36737737381677	0.0	885062	3746.7494525863603	0.5	1.85
10693.966269902261	1850	11.97691487796265	0.0	1035329	5390.462495854121	0.5	1.85
10700.41969262977	1850	9.523492150454512	0.0	1026056	6453.422727508138	0.5	1.85
10705.613267056482	1850	8.329917723742064	0.0	943942	5193.574426712448	0.5	1.85
10709.535690976296	1850	8.407493803928535	0.0	728962	3922.423919813529	0.5	1.85
10717.798055120811	1850	4.145129659412824	0.0	938587	8262.364144515712	0.5	1.85
10723.334286600406	750	4.0	1.391101820181978	378327	5536.231479594801	0.5	-6.331737826782506
10724.755821023344	300	6.578465577062827	0.0	149991	1421.534422937173	0.5	-0.15000000000000002
10725.796548313521	300	9.537738286884954	0.0	147968	1040.7272901778729	0.5	0.3
10726.801821599813	300	12.532465000593456	0.0	161857	1005.2732862914974	0.5	0.3
10727.595736691032	300	15.73854990937454	0.0	145210	793.9150912189174	0.5	0.3
10728.546905664854	300	18.787380935551532	0.0	172312	951.1689738230054	0.5	0.3
10732.099166196727	1200	19.23512040367651	0.0	630203	3552.2605318750225	0.5	0.29999999999999993
10739.501113240367	1850	15.833173360038025	0.0	982064	7401.947043638487	0.5	1.2000000000000002
10744.689781341525	1850	14.644505258880343	0.0	830730	5188.668101157682	0.5	1.85
10753.325350591156	1850	10.008936009249219	0.0	846370	8635.569249631124	0.5	1.85

