2306.627888158417	750	4.0	3.5333118074124745	450283	3533.3118074124745	-14.44324077187364
2308.1227969961324	300	6.5050911622846534	0.0	155580	1494.9088377153469	-0.15000000000000002
2309.6986246979436	300	8.929263460473335	0.0	139857	1575.827701811319	0.3
2311.7234295249777	300	10.904458633439283	0.0	155432	2024.804827034051	0.3
2313.227032595085	300	13.400855563331891	0.0	163442	1503.6030701073907	0.3
2314.4319088693405	300	16.19597928907646	0.0	126289	1204.8762742554352	0.3
2315.882302931545	300	18.74558522687229	0.0	153295	1450.394062204169	0.3
2317.3181333836965	300	21.309754774720513	0.0	173849	1435.830452151775	0.3
2318.5576396182605	300	24.070248540156538	0.0	150710	1239.5062345639758	0.3
2320.0911109283256	300	26.53677723009151	0.0	139105	1533.4713100650313	0.3
2322.2841241381134	300	28.343764020303315	0.0	141840	2193.013209788196	0.3
2325.0554374601584	300	29.572450698258308	0.0	156148	2771.3133220450077	0.3
2327.4720246805337	300	31.155863477883354	0.0	160746	2416.5872203749545	0.3
2329.4098430957056	300	33.218045062711184	0.0	179801	1937.8184151721646	0.3
2330.6853077969286	300	35.94258036148803	0.0	140051	1275.4647012231558	0.3
2331.915388091966	300	38.71250006645032	0.0	138313	1230.0802950377085	0.3
2333.3087386195757	300	41.319149538840534	0.0	143509	1393.3505276097894	0.3
2335.0824796210636	300	43.54540853735298	0.0	150616	1773.7410014875582	0.3
2337.3024775571957	300	45.32541060122056	0.0	165384	2219.9979361324117	0.3
2339.8975001096437	300	46.7303880487729	0.0	140881	2595.022552447655	0.3
2343.424463889085	300	47.20342426933129	0.0	157671	3526.963779441612	0.3
2345.560370233257	300	49.06751792515957	0.0	157812	2135.906344171721	0.3
2347.0412996171176	300	51.58658854129863	0.0	163927	1480.9293838609406	0.3
2348.562977126422	300	54.06491103199451	0.0	137654	1521.677509304119	0.3
2350.0971875629803	300	56.53070059543603	0.0	146754	1534.2104365584833	0.3
2351.3633036131832	300	59.264584545233014	0.0	153938	1266.116050203017	0.3
2353.984439224442	300	59.81338031824318	0.0	181901	1451.2042269898332	0.3
2356.0364443273647	300	59.82234346846633	0.0	111155	991.03684977685	0.3
2357.5439047044456	300	59.984097477998944	0.0	153605	1338.2459904673908	0.3
2358.8990236450395	300	59.816145115208755	0.0	149029	1167.9523627901904	0.3
2361.609728209091	300	59.84937616023504	0.0	157421	1466.76895497371	0.3
2365.063311128775	300	59.56455251923176	0.0	157488	1784.8236410032837	0.3
2367.1348639807125	300	59.778155775503244	0.0	143881	1286.3967437285169	0.3
2369.2663712501317	300	59.5049801328981	0.0	163444	1273.1756426051406	0.3
2372.096566200627	300	59.79904852350762	0.0	179328	1705.9316093904758	0.3
2373.807167696029	300	59.85087943680896	0.0	159914	1448.1690866986642	0.3
2375.888866310271	300	59.996246362689746	0.0	131610	1354.6330741192157	0.3
2378.5193684832693	300	59.83952796515217	0.0	124011	1156.7183975375726	0.3
2379.872148093823	300	59.60503005240554	0.0	144254	1234.4979127466293	0.3
2382.680651175225	300	59.70491937490789	0.0	149991	1400.1106774976515	0.3
2384.716614901052	300	59.87113369487163	0.0	147968	1333.7856800362563	0.3
2387.2990018760147	300	59.80602919214055	0.0	161857	2065.1045027310806	0.3
2389.8920693258074	300	59.928136751030166	0.0	145210	1377.89244111039	0.3
2393.9313884084254	300	59.63106468546255	0.0	172312	1797.072065567623	0.3
2397.496404013145	300	59.63968042977777	0.0	167025	2991.384255684776	0.3
2400.3287970855154	300	59.520299520409864	0.0	160064	2119.3809093679074	0.3
2403.282042996254	300	59.795182708541894	0.0	137507	1225.1168118679743	0.3
2406.7395732837376	300	59.83048205223544	0.0	118421	1464.7006563064479	0.3

