12396.120850467065	750	4.0	1.5823407749373364	450283	1582.3407749373364	0.020491887	-6.054065332230546
12397.709402470164	750	6.411447996900855	0.0	398865	1588.5520030991447	0.56353647	0.75
12399.367019811445	750	8.75383065561924	0.0	350812	1657.617341281615	0.4998242	0.75
12400.781652307667	750	11.339198159398642	0.0	382355	1414.632496220598	0.49748755	0.75
12403.19560635307	1200	12.925244113994253	0.0	652874	2413.954045404388	0.01524974	0.75
12405.42196409383	1200	14.698886373234968	0.0	520315	2226.3577407592866	0.004705182	1.2
12407.553596028945	1200	16.56725443812052	0.0	561791	2131.6319351144425	0.004705182	1.2
12410.672864841823	1200	17.447985625243376	0.0	709534	3119.268812877147	0.004705182	1.2
12412.991838179856	1200	19.12901228720935	0.0	584846	2318.973338034027	0.004705182	1.2
12415.110125991887	1200	21.010724475179092	0.0	560821	2118.2878120302576	0.004705182	1.2
12417.48762855246	1200	22.633221914605134	0.0	607410	2377.5025605739625	0.004705182	1.2
12420.297956569912	1200	23.82289389715434	0.0	594078	2810.328017450793	0.004705182	1.2
12422.552145919737	1200	25.5687045473307	0.0	624282	2254.1893498236386	0.004705182	1.2
12425.668706294626	1200	26.452144172440754	0.0	687371	3116.56037488995	0.004705182	1.2
12428.04817014287	1200	28.07268032419615	0.0	526950	2379.463848244604	0.004705182	1.2
12430.81895187425	1200	29.30189859281743	0.0	587876	2770.78173137872	0.004705182	1.2
12433.320287258117	1200	30.800563208949793	0.0	617242	2501.335383867638	0.004705182	1.2
12436.131948688222	1200	31.98890177884331	0.0	581493	2811.6614301064837	0.004705182	1.2
12438.430890366792	1200	33.6899601002742	0.0	639204	2298.9416785691114	0.004705182	1.2
12441.397690693428	1200	34.72315977363904	0.0	586839	2966.800326635154	0.010496816	1.2
12443.960405520731	1200	36.160444946335126	0.0	601738	2562.7148273039115	0.0054044374	1.2
12446.326418504554	1200	37.79443196251349	0.0	616206	2366.012983821627	0.008561398	1.2
12449.863360423626	1200	38.25749004344022	0.0	656471	3536.9419190732706	0.034334477	1.2
12454.106549857903	1200	38.01430060916266	0.0	536667	4243.189434277564	0.007759492	1.2
12457.232184469112	1200	38.88866599795274	0.0	587236	3125.6346112099213	0.004705182	1.2
12460.010380519017	1200	40.1104699480474	0.0	590335	2778.1960499053375	0.004705182	1.2
12463.241829026532	1200	40.87902144053306	0.0	696376	3231.4485075143457	0.008651565	1.2
12466.614459341466	1200	41.50639112559896	0.0	487160	3372.630314934094	0.05757978	1.2
12472.100559534749	1200	40.020290932316165	0.0	622896	5486.100193282791	0.005033953	1.2
12476.780953195537	1200	39.339897271529004	0.0	641447	4680.393660787157	0.004705182	1.2
12482.93774499803	1200	37.1831054690364	0.0	570392	6156.7918024926075	0.004705182	1.2
12487.487905657665	1200	36.632944809400406	0.0	620283	4550.160659635995	0.019789893	1.2
12492.198194622215	1200	35.92265584484872	0.0	584349	4710.288964551681	0.004705182	1.2
12498.248133899026	1200	33.87271656803728	0.0	670129	6049.93927681143	0.005502591	1.2
12510.527139510925	1200	25.593710956138793	0.0	690253	12279.005611898494	0.013004883	1.2
12514.224602645838	750	25.896247821224673	0.0	365161	3697.4631349141205	0.005660253	0.3
12518.246181732695	750	25.874668734368022	0.0	321064	4021.5790868566523	0.019853402	0.75
12522.445657667438	750	25.67519279962553	0.0	361565	4199.475934742489	0.019719545	0.75
12525.13684437892	750	26.98400608814338	0.0	378327	2691.1867114821516	0.035527848	0.75
12527.598845667968	750	28.522004799095367	0.0	390680	2462.0012890480148	0.68885636	0.75
12530.6665962999	1200	29.454254167163853	0.0	566904	3067.750631931513	0.23082885	0.75
12535.726891917006	1200	28.39395855005838	0.0	641452	5060.2956171054775	0.045567922	1.2
12540.28391161544	1200	27.836938851625455	0.0	599477	4557.019698432923	0.0047086384	1.2
12544.35475394061	1200	27.766096526453506	0.0	634861	4070.8423251719514	0.004705182	1.2
12547.780423521715	1200	28.34042694534841	0.0	630203	3425.6695811050954	0.0131686395	1.2
12551.674518019787	1200	28.44633244727755	0.0	638661	3894.0944980708605	0.5244506	1.2
12559.410789777035	2850	24.710060690028552	0.0	1231456	7736.2717572489955	0.39957482	1.2000000000000002
12568.080069350628	2850	20.040781116435806	0.0	1364537	8669.279573592747	0.004705182	2.85

