23948.38181464028	750	4.0	2.943433872988283	450283	2943.4338729882834	-11.906765653849618
23949.195628020647	300	7.18618661963313	0.0	155580	813.8133803668703	-0.15000000000000002
23950.741674628134	750	9.640140012146148	0.0	350812	1546.0466074869817	0.3
23952.75431690349	750	11.627497736791357	0.0	382355	2012.6422753547913	0.75
23955.007689396072	750	13.374125244209884	0.0	411561	2253.372492581473	0.75
23957.70386532449	1200	14.677949315790952	0.0	520315	2696.175928418931	0.75
23960.59963686008	1200	15.782177780200177	0.0	561791	2895.7715355907753	1.2
23963.93204278654	1200	16.44977185374018	0.0	709534	3332.4059264599946	1.2
23966.43325157033	1200	17.9485630699447	0.0	584846	2501.208783795483	1.2
23968.794210215878	1200	19.58760442439994	0.0	560821	2360.9586455447557	1.2
23972.78511094293	1850	19.596703697346975	0.0	939819	3990.9007270529705	1.2000000000000002
23976.996054534146	1850	19.38576010613174	0.0	917428	4210.943591215235	1.85
23981.1122455608	1850	19.269569079477215	0.0	946851	4116.191026654523	1.85
23986.47521954562	1850	17.90659509465415	0.0	1036454	5362.973984823069	1.85
23991.396112924118	1850	16.98570171615981	0.0	821631	4920.893378494339	1.85
23995.49970612661	1200	16.88210851366665	0.0	587876	4103.593202493156	0.5499999999999999
23998.761107689235	1200	17.620706951044376	0.0	617242	3261.4015626222767	1.2
24001.33421413935	1200	19.047600500928965	0.0	581493	2573.1064501154106	1.2
24004.12722187391	1200	20.25459276636905	0.0	639204	2793.007734559917	1.2
24007.934022013695	1850	20.447792626583887	0.0	923755	3806.8001397851617	1.2000000000000002
24011.97644869436	1850	20.405365945920153	0.0	891604	4042.4266806637347	1.85
24016.104961597033	1850	20.27685304324836	0.0	955231	4128.512902671792	1.85
24020.190695056786	1850	20.191119583495794	0.0	968026	4085.733459752565	1.85
24024.13389075014	1850	20.24792389014178	0.0	874175	3943.1956933540127	1.85
24028.19510472976	1850	20.18670991052304	0.0	897976	4061.2139796187457	1.85
24032.604509977667	1850	19.777304662614114	0.0	905935	4409.405247908921	1.85
24038.011690615418	1850	18.370124024864143	0.0	1076599	5407.1806377499715	1.85
24042.01412807833	1850	18.36768656195516	0.0	758197	4002.4374629089857	1.85
24045.811872016548	1200	18.569942623734466	0.0	622896	3797.7439382206926	0.5499999999999999
24051.521021691216	1200	16.86079294906491	0.0	641447	5709.14967466956	1.2
24055.209392893055	1200	17.1724217472303	0.0	570392	3688.3712018346077	1.2
24059.925186822024	1200	16.456627818261776	0.0	620283	4715.793928968524	1.2
24066.04243462343	1200	14.339380016858572	0.0	584349	6117.247801403204	1.2
24070.37827708661	750	14.003537553679955	0.0	412837	4335.8424631786165	0.3
24072.289918974217	300	16.091895666072322	0.0	179328	1911.641887607632	-0.15000000000000002
24075.69415102653	750	16.687663613758208	0.0	365161	3404.232052314116	0.3
24078.12226854522	750	18.25954609507405	0.0	321064	2428.117518684158	0.75
24082.940647823474	750	17.441166816817386	0.0	361565	4818.379278256664	0.75
24088.505531748535	750	15.876282891760656	0.0	378327	5564.88392505673	0.75
24091.537029714545	300	16.844784925745678	0.0	149991	3031.4979660149806	-0.15000000000000002
24094.939721954375	300	17.442092685916002	0.0	147968	3402.692239829674	0.3
24098.1640448591	300	18.217769781190366	0.0	161857	3224.322904725635	0.3
24101.511273293607	300	18.8705413466853	0.0	145210	3347.228434505068	0.3
24104.70340197747	300	19.6784126628225	0.0	172312	3192.1286838628	0.3
24107.05123960732	300	21.330575032971705	0.0	167025	2347.8376298507937	0.3
24110.09830377261	300	22.28351086768128	0.0	160064	3047.0641652904264	0.3
24113.23161852038	300	23.15019611990848	0.0	137507	3133.3147477727985	0.3
24115.895224498327	300	24.486590141964097	0.0	118421	2663.605977944382	0.3

