17581.610633198175	750	4.0	4.39150033291431	450283	4391.50033291431	0.005294671	-18.133451431531533
17582.99661295473	300	6.61402024344835	0.0	155580	1385.979756551649	0.06592479	-0.15000000000000002
17584.29253284749	300	9.31810035068476	0.0	139857	1295.91989276359	0.094457164	0.3
17585.64782375335	300	11.96280944482504	0.0	155432	1355.2909058597209	0.007410029	0.3
17586.757368396364	300	14.853264801810942	0.0	163442	1109.5446430140978	0.06973055	0.3
17587.706927850846	300	17.903705347327072	0.0	126289	949.5594544838722	0.36183918	0.3
17588.69277185703	300	20.917861341140917	0.0	153295	985.8440061861529	0.06498306	0.3
17589.88540427968	300	23.725228918489183	0.0	173849	1192.6324226517363	0.12129447	0.3
17590.95588117878	300	26.65475201939448	0.0	150710	1070.476899094701	0.24316058	0.3
17591.92159631696	300	29.689036881212402	0.0	139105	965.7151381820764	0.48774284	0.3
17594.065188849796	750	31.54544434837532	0.0	353220	2143.592532837083	0.65169734	0.3
17597.108895285844	750	32.50173791232572	0.0	405134	3043.7064360495956	0.008847311	0.75
17599.762779624707	750	33.84785357346357	0.0	386351	2653.8843388621594	0.0068467767	0.75
17602.692153857108	750	34.91847934106372	0.0	434409	2929.3742323998454	0.004705182	0.75
17605.12062911186	750	36.49000408631128	0.0	337059	2428.4752547524436	0.0053656674	0.75
17607.487294840328	750	38.123338357843764	0.0	366214	2366.665728467519	0.005568349	0.75
17609.457241127326	750	40.15339207084341	0.0	360831	1969.9462870003576	0.012185462	0.75
17611.550346862205	750	42.06028633596463	0.0	372963	2093.10573487877	0.20973147	0.75
17614.21680279024	750	43.39383040793075	0.0	405596	2666.455928033888	0.5213474	0.75
17616.66107703132	750	44.94955616684747	0.0	350713	2444.274241083281	0.52683985	0.75
17619.086489936188	750	46.524143261980726	0.0	386472	2425.412904866748	0.6585964	0.75
17623.260085955928	1200	46.35054724223777	0.0	616206	4173.596019742956	0.49725392	0.75
17627.657748794747	1200	45.95288440341967	0.0	656471	4397.662838818094	0.010211832	1.2
17631.972241234762	1200	45.63839196340578	0.0	536667	4314.492440013883	0.00549194	1.2
17636.050925087293	1200	45.55970811087615	0.0	587236	4078.683852529632	0.00826216	1.2
17641.5803074004	1200	44.030325797770956	0.0	590335	5529.382313105193	0.004976396	1.2
17646.34774280421	1200	43.26289039395753	0.0	696376	4767.435403813433	0.012515718	1.2
17649.456487818734	1200	44.15414537943536	0.0	487160	3108.745014522158	0.004705182	1.2
17653.96330043408	1200	43.64733276408752	0.0	622896	4506.812615347847	0.004705182	1.2
17658.918362450702	1200	42.69227074746122	0.0	641447	4955.062016626297	0.004705182	1.2
17665.798400049604	1200	39.812233148561674	0.0	570392	6880.037598899547	0.004705182	1.2
17677.97353951779	1200	31.63709368037762	0.0	620283	12175.139468184056	0.014674176	1.2
17687.891865865295	1200	25.718767332872414	0.0	584349	9918.326347505208	0.50232565	1.2
17691.703331886958	750	25.907301311206332	0.0	412837	3811.4660216660814	0.20553274	0.3
17694.668246688696	750	26.942386509467422	0.0	401088	2964.9148017389102	0.015881378	0.75
17700.35570868356	1200	25.25492451460331	0.0	598727	5687.461994864111	0.18244731	0.75
17704.77015268307	1200	24.84048051509214	0.0	487812	4414.4439995111725	0.11159792	1.2
17709.880045422575	1200	23.73058777558637	0.0	575591	5109.89273950577	0.19840416	1.2
17716.74846075622	1200	20.862172441943596	0.0	605884	6868.4153336427735	0.13834693	1.2
17722.38098798803	750	19.229645210136372	0.0	390680	5632.527231807224	0.69681984	0.3
17726.232618243284	750	19.378014954878708	0.0	345516	3851.630255257665	0.006237276	0.75
17729.164638271668	750	20.44599492649492	0.0	384505	2932.0200283837908	0.014120342	0.75
17731.69950910045	750	21.911124097711905	0.0	372093	2534.8708287830123	0.424575	0.75
17735.013793025828	750	22.596840172329514	0.0	438281	3314.283925382391	0.6796061	0.75
17740.130131452534	1200	21.48050174562452	0.0	630203	5116.338426704997	0.5071156	0.75
17746.945656964504	1200	18.664976233656592	0.0	638661	6815.52551196793	0.009754472	1.2
17750.25646358552	1200	19.354169612643325	0.0	538612	3310.8066210132693	0.07486156	1.2
17753.931518696147	1200	19.679114502012947	0.0	550906	3675.055110630378	0.0051984405	1.2

