18651.186261403665	750	4.0	7.947206251782381	450283	7947.2062517823815	-33.42298688266424
18653.944653927832	300	5.241607475832228	0.0	155580	2758.392524167771	-0.15000000000000002
18657.111702569815	300	6.07455883384848	0.0	139857	3167.048641983749	0.3
18661.6375815623	300	5.548679841364558	0.0	155432	4525.878992483921	0.3
18664.352021581613	300	6.834239822051922	0.0	163442	2714.4400193126367	0.3
18666.893249990077	300	8.293011413587552	0.0	126289	2541.2284084643697	0.3
18673.81365574999	750	5.372605653674265	0.0	352642	6920.405759913287	0.3
18677.379860699493	300	5.806400704168439	0.0	173849	3566.2049495058263	-0.15000000000000002
18681.550449075145	300	5.635812328516641	0.0	150710	4170.588375651798	0.3
18685.870431731015	300	5.315829672644539	0.0	139105	4319.982655872102	0.3
18689.62513531089	300	5.5611260927728505	0.0	141840	3754.7035798716875	0.3
18694.966781172934	300	4.219480230724494	0.0	156148	5341.645862048357	0.3
18699.099134803073	300	4.08712660058794	0.0	160746	4132.353630136554	0.3
18703.0734849195	300	4.112776484159113	0.0	179801	3974.3501164288264	0.3
18704.71216641805	300	6.474094985609705	0.0	140051	1638.6814985494082	0.3
18706.193853264136	300	8.992408139523	0.0	138313	1481.6868460867045	0.3
18712.75258106616	750	6.433680337497422	0.0	360831	6558.727802025579	0.3
18715.92531204971	300	7.260949353948354	0.0	150616	3172.730983549067	-0.15000000000000002
18722.961442072523	750	4.224819331137438	0.0	405596	7036.130022810917	0.3
18724.57228686235	300	6.613974541312982	0.0	140881	1610.8447898244553	-0.15000000000000002
18726.163071093244	300	9.023190310417611	0.0	157671	1590.7842308953716	0.3
18731.765132753135	1200	7.421128650527592	0.0	616206	5602.061659890019	0.29999999999999993
18735.81819765739	750	7.368063746269423	0.0	401853	4053.0649042581695	0.3
18740.305277795538	750	6.880983608122733	0.0	343800	4487.08013814669	0.75
18742.188922606136	300	8.997338797522694	0.0	146754	1883.6448106000385	-0.15000000000000002
18746.322154547623	750	8.864106856035248	0.0	379700	4133.231941487446	0.3
18754.48715884441	750	4.699102559246655	0.0	425781	8165.004296788592	0.75
18755.65322161148	300	7.5330397921803645	0.0	111155	1166.062767066291	-0.15000000000000002
18760.420501511857	750	6.765759891799948	0.0	400396	4767.279900380417	0.3
18761.805903387758	300	9.380358015897967	0.0	149029	1385.4018759019789	-0.15000000000000002
18766.72936844443	1200	8.456892959226906	0.0	570392	4923.465056671062	0.29999999999999993
18772.429807806944	750	6.756453596716751	0.0	400322	5700.439362510154	0.3
18775.316139394625	300	7.870122009032066	0.0	143881	2886.331587684685	-0.15000000000000002
18780.16281288126	750	7.023448522400569	0.0	412837	4846.673486631496	0.3
18784.957373967944	750	6.2288874357155795	0.0	401088	4794.56108668499	0.75
18786.38865604069	300	8.797605362965871	0.0	159914	1431.2820727497092	-0.15000000000000002
18789.64075785114	750	9.545503552516848	0.0	321064	3252.1018104490227	0.3
18793.73396293062	1200	9.452298473034123	0.0	575591	4093.2050794827255	0.75
18800.396654664688	1200	6.7896067389670405	0.0	605884	6662.6917340670825	1.2
18802.871771806444	300	8.314489597209734	0.0	149991	2475.117141757306	-0.6000000000000001
18809.337613681815	750	5.84864772183756	0.0	345516	6465.841875372174	0.3
18813.832088721392	300	5.35417268226212	0.0	161857	4494.475039575441	-0.15000000000000002
18816.624811372993	300	6.561450030662341	0.0	145210	2792.722651599778	0.3
18819.896071234667	300	7.290190168986977	0.0	172312	3271.259861675364	0.3
18827.513501734145	750	4.0	0.3272403304909967	398987	7617.430499477974	-1.1071334211112858
18831.14836004338	300	4.365141690766835	0.0	160064	3634.858309233165	-0.15000000000000002
18835.13591318322	300	4.377588550922108	0.0	137507	3987.553139844727	0.3
18838.823099461657	300	4.690402272486	0.0	118421	3687.1862784361083	0.3

