2872.6646569368363	750	4.0	2.855960794164828	450283	2855.9607941648283	-11.530631414908761
2873.4736689210395	300	7.1909880157968455	0.0	155580	809.011984203154	-0.15000000000000002
2873.9855093620818	300	10.679147574754575	0.0	139857	511.8404410422698	0.3
2874.548998412119	300	14.115658524716773	0.0	155432	563.4890500378017	0.3
2875.163198901287	300	17.501458035548595	0.0	163442	614.2004891681769	0.3
2876.646454665222	750	20.018202271614204	0.0	318564	1483.2557639343931	0.3
2878.6373397732264	750	22.02731716360964	0.0	352642	1990.8851080045622	0.75
2880.887936478001	750	23.77672045883494	0.0	437162	2250.596704774698	0.75
2883.305019516078	750	25.359637420757537	0.0	374758	2417.083038077406	0.75
2884.037684699094	300	28.626972237741878	0.0	139105	732.6651830156576	-0.15000000000000002
2884.881842491097	300	31.78281444573904	0.0	141840	844.1577920028392	0.3
2886.0952700395783	300	34.56938689725739	0.0	156148	1213.427548481645	0.3
2887.3426409684853	300	37.3220159683505	0.0	160746	1247.370928906891	0.3
2888.4445299121694	300	40.220127024666034	0.0	179801	1101.8889436844615	0.3
2889.1987681485416	300	43.465888788294116	0.0	140051	754.2382363719215	0.3
2889.85598580817	300	46.80867112866545	0.0	138313	657.2176596286623	0.3
2891.3315271032197	750	49.33312983361557	0.0	360831	1475.541295049879	0.3
2892.69614335254	750	51.96851358429539	0.0	372963	1364.6162493201844	0.75
2894.2283549749	750	54.436301961935314	0.0	405596	1532.2116223600774	0.75
2896.8716762517456	1200	55.79298068508962	0.0	586839	2643.3212768456933	0.75
2898.82235569575	1200	57.84230124108513	0.0	601738	1950.679444004489	1.2
2901.041302537358	1200	59.62335439947678	0.0	616206	2218.946841608348	1.2
2904.200532490728	1200	59.815042667835904	0.0	656471	2808.3117316408716	1.2
2907.4004796623162	1200	59.760528159506116	0.0	536667	2554.514508329791	1.2
2911.0528923460156	1200	59.922038192185866	0.0	587236	3338.489967320249	1.2
2914.8778612932897	1200	59.701515005238356	0.0	590335	3220.5231869475074	1.2
2918.9078854824857	1200	59.67149081604247	0.0	696376	3530.024189195881	1.2
2922.7940814629874	1200	59.785294835541166	0.0	487160	3386.1959805013134	1.2
2926.0206954325495	750	59.817320811021915	0.0	400396	2967.9740245192506	0.3
2929.0576639073365	750	59.50315655564982	0.0	400508	2814.1642553720953	0.75
2931.84103293934	750	59.94787413505548	0.0	358218	2555.282420594337	0.75
2934.75912894026	750	59.612869511850036	0.0	400322	2335.0046232054456	0.75
2938.1513417411625	750	59.573308771606385	0.0	369834	2539.5607402436513	0.75
2942.3565985405894	750	59.36805197217946	0.0	412837	4205.2567994269275	0.75
2946.0472327466123	750	59.52668924676054	0.0	401088	2841.3627254189137	0.75
2949.649627596988	750	59.81512760482473	0.0	365161	3211.5616419358125	0.75
2953.934466405592	750	59.53028879622074	0.0	321064	3284.8388086039913	0.75
2957.4798245462157	750	59.76544573443104	0.0	361565	3264.843061789699	0.75
2961.793087218564	750	59.45218306208246	0.0	378327	4313.262672348577	0.75
2965.7127611417163	750	59.53250913893015	0.0	390680	3919.673923152308	0.75
2969.2154521165176	750	59.56788946464709	0.0	345516	2964.6196742830653	0.75
2972.3957056380345	750	59.6117983256472	0.0	384505	2456.091138999885	0.75
2976.066467321408	750	59.848498675219425	0.0	372093	2263.2996504277744	0.75
2986.1244113627804	1200	53.79055463384698	0.0	634861	10057.944041372444	0.75
2988.6401915004467	750	55.2747744961806	0.0	398987	2515.780137666388	0.3
2990.8077799683683	750	57.10718602825877	0.0	393804	2167.5884679218193	0.75
2993.688639445991	1200	58.22632655063589	0.0	538612	2880.8594776228842	0.75
2996.250891759314	1200	59.664074237312946	0.0	550906	2562.252313322939	1.2

