17321.77465858511	750	4.0	5.057839080863765	450283	5057.839080863765	-20.99870804771419
17323.205396100162	300	6.569262484946178	0.0	155580	1430.7375150538228	-0.15000000000000002
17324.603984336005	300	9.170674249107659	0.0	139857	1398.5882358385181	0.3
17330.2355865386	1200	7.539072046511034	0.0	617681	5631.602202596624	0.29999999999999993
17333.954292687573	750	7.820365897541137	0.0	411561	3718.706148969897	0.3
17336.686045954524	750	9.088612630589134	0.0	318564	2731.7532669520037	0.75
17341.525619339336	1200	8.24903924577847	0.0	561791	4839.573384810664	0.75
17345.429199823728	750	8.345458761387043	0.0	437162	3903.5804843914275	0.3
17349.7853085106	750	7.9893500745127515	0.0	374758	4356.108686874291	0.75
17354.06526250236	750	7.7093960827540355	0.0	362795	4279.953991758715	0.75
17357.146590881013	750	8.628067704103143	0.0	353220	3081.328378650893	0.75
17360.86377331911	750	8.910885266005238	0.0	405134	3717.1824380979056	0.75
17364.75780852138	750	9.01685006373707	0.0	386351	3894.035202268168	0.75
17372.38667587924	1200	5.387982705874203	0.0	687371	7628.867357862868	0.75
17374.201614226637	300	7.57304435847805	0.0	140051	1814.9383473961525	-0.6000000000000001
17379.16667976445	750	6.607978820664359	0.0	366214	4965.065537813692	0.3
17381.36159283168	300	8.4130657534356	0.0	143509	2194.9130672287597	-0.15000000000000002
17386.15307765569	750	7.621580929421608	0.0	372963	4791.484824013992	0.3
17390.087682943275	750	7.686975641838126	0.0	405596	3934.6052875834816	0.75
17392.918843487023	750	8.855815098085424	0.0	350713	2831.160543752702	0.75
17396.243949857642	750	9.530708727469548	0.0	386472	3325.1063706158766	0.75
17402.80069318309	1200	6.973965402019665	0.0	616206	6556.743325449883	0.75
17404.107454756577	300	9.66720382853446	0.0	163927	1306.761573485206	-0.6000000000000001
17410.174289058934	1200	7.600369526176689	0.0	536667	6066.83430235777	0.29999999999999993
17412.967908881757	750	8.806749703353796	0.0	359903	2793.6198228228927	0.3
17416.287664413787	750	9.486994171324428	0.0	379700	3319.7555320293686	0.75
17421.13995204937	1200	8.634706535745291	0.0	696376	4852.287635579137	0.75
17423.523022156016	750	10.251636429097436	0.0	277716	2383.0701066478555	0.3
17432.793544591532	1200	4.981113993579457	0.0	622896	9270.52243551798	0.75
17435.478531732217	300	6.296126852895321	0.0	149029	2684.9871406841353	-0.6000000000000001
17438.103656842824	300	7.67100174228699	0.0	157421	2625.1251106083314	0.3
17442.532539423108	750	7.242119162003371	0.0	400322	4428.882580283618	0.3
17447.20988725042	750	6.56477133469058	0.0	369834	4677.347827312792	0.75
17449.74330683466	300	8.031351750450463	0.0	163444	2533.4195842401164	-0.15000000000000002
17454.3106190333	750	7.464039551811178	0.0	401088	4567.312198639285	0.3
17460.11326692627	750	5.661391658840144	0.0	365161	5802.647892971034	0.75
17461.318045189397	300	8.456613395713495	0.0	131610	1204.77826312665	-0.15000000000000002
17464.867782999816	750	8.906875585292061	0.0	361565	3549.737810421432	0.3
17469.88965079021	750	7.8850077948967945	0.0	378327	5021.867790395268	0.75
17476.21816749723	750	5.556491087874103	0.0	390680	6328.516707022692	0.75
17478.509140060294	300	7.26551852481274	0.0	147968	2290.972563061363	-0.15000000000000002
17484.71273114414	750	5.061927440967263	0.0	384505	6203.5910838454765	0.3
17486.978832496898	300	6.795826088213469	0.0	145210	2266.1013527537943	-0.15000000000000002
17489.560889020464	300	8.213769564643384	0.0	172312	2582.0565235700847	0.3
17496.247781739177	750	5.52687684593008	0.0	398987	6686.892718713304	0.3
17498.920115947953	300	6.854542637155893	0.0	160064	2672.3342087741876	-0.15000000000000002
17500.911889725223	300	8.862768859886813	0.0	137507	1991.773777269079	0.3
17505.084381441615	750	8.690277143494487	0.0	314107	4172.491716392326	0.3

