8470.504707589978	750	4.0	2.342534869962582	450283	2342.534869962582	-9.322899940839102
8475.86753376031	1850	4.0	1.3628261703318876	957685	5362.826170331888	-5.110152532427115
8477.923765785124	1200	5.943767975187277	0.0	571051	2056.232024812724	0.5499999999999999
8480.963141983093	1850	6.904391777217146	0.0	933276	3039.3761979701303	1.2000000000000002
8484.05323289872	1850	7.8143008615905725	0.0	996749	3090.090915626573	1.85
8486.633815905483	1850	9.233717854826201	0.0	801058	2580.58300676437	1.85
8489.800122128392	1850	10.067411631917366	0.0	905515	3166.306222908835	1.85
8495.625599337498	1850	8.241934422811404	0.0	1060487	5825.477209105962	1.85
8499.04232876921	1850	8.825204991097841	0.0	852833	3416.729431713563	1.85
8502.081817555112	1850	9.785716205196177	0.0	913888	3039.488785901666	1.85
8505.070057011833	1850	10.797476748476308	0.0	939819	2988.2394567198685	1.85
8507.97364367485	1850	11.893890085459223	0.0	917428	2903.5866630170854	1.85
8510.918513853034	1850	12.949019907276362	0.0	946851	2944.8701781828604	1.85
8514.189051153115	1850	13.678482607195663	0.0	1036454	3270.5373000807	1.85
8517.098676622933	1850	14.768857137376026	0.0	821631	2909.6254698196367	1.85
8521.621011527423	1850	14.24652223288686	0.0	923170	4522.334904489166	1.85
8525.92365859715	1850	13.943875163158665	0.0	966699	4302.647069728195	1.85
8529.182240600876	1850	14.685293159432586	0.0	885714	3258.5820037260796	1.85
8533.010388115561	1850	14.857145644749053	0.0	987708	3828.1475146835332	1.85
8536.384961946014	1850	15.482571814294458	0.0	923755	3374.573830454595	1.85
8540.378854952334	1850	15.488678807974834	0.0	891604	3993.893006319625	1.85
8546.365835404109	1850	13.50169835619961	0.0	955231	5986.9804517752245	1.85
8551.520050419747	1850	12.347483340560625	0.0	968026	5154.215015638983	1.85
8554.1498776824	1200	13.717656077910155	0.0	536667	2629.8272626504718	0.5499999999999999
8557.671698856917	1200	14.195834903393116	0.0	587236	3521.821174517037	1.2
8561.276482841013	1200	14.591050919296062	0.0	590335	3604.783984097056	1.2
8565.597104658233	1200	14.270429102076601	0.0	696376	4320.62181721946	1.2
8569.380258716867	1200	14.487275043442702	0.0	487160	3783.1540586339	1.2
8573.245131994294	1200	14.6224017660157	0.0	622896	3864.8732774270015	1.2
8578.093091967221	1200	13.774441793089146	0.0	641447	4847.959972926556	1.2
8582.319061264803	1200	13.548472495507106	0.0	570392	4225.96929758204	1.2
8585.703326661427	750	14.164207098884681	0.0	400322	3384.2653966224248	0.3
8588.940151421708	750	14.927382338604902	0.0	369834	3236.8247602797783	0.75
8592.214204888454	750	15.653328871858994	0.0	412837	3274.0534667459096	0.75
8596.492913700993	750	15.374620059320058	0.0	401088	4278.708812538935	0.75
8600.191757423601	750	15.6757763367107	0.0	365161	3698.8437226093592	0.75
8607.574535704522	750	12.29299805579057	0.0	321064	7382.778280920132	0.75
8610.314877659315	300	13.55265610099598	0.0	124011	2740.341954794588	-0.15000000000000002
8612.02085500768	300	15.846678752631979	0.0	144254	1705.9773483640026	0.3
8614.880023890222	300	16.98750987009011	0.0	149991	2859.1688825418687	0.3
8617.479801406593	300	18.387732353719766	0.0	147968	2599.7775163703427	0.3
8621.183933528066	300	18.683600232246558	0.0	161857	3704.1321214732075	0.3
8623.019532315036	300	20.84800144527623	0.0	145210	1835.5987869703263	0.3
8624.49084342037	300	23.376690339942297	0.0	172312	1471.3111053339348	0.3
8625.817285132389	300	26.050248627922237	0.0	167025	1326.4417120200615	0.3
8626.962198642645	300	28.905335117666	0.0	160064	1144.9135102562375	0.3
8627.75713259927	300	32.11040116104099	0.0	137507	794.9339566250129	0.3
8629.56652434935	750	34.30100941096274	0.0	314107	1809.391750078248	0.3

