12237.226419315006	750	4.0	1.5985734190571195	450283	1598.5734190571195	0.5	-6.123865701945613
12238.017025947249	300	7.209393367758037	0.0	155580	790.6066322419633	0.5	-0.15000000000000002
12238.68165922838	300	10.544760086628438	0.0	139857	664.6332811295985	0.5	0.3
12239.434307419562	300	13.792111895445117	0.0	155432	752.6481911833198	0.5	0.3
12242.518382070506	1200	14.708037244502691	0.0	652874	3084.074650942426	0.5	0.29999999999999993
12246.286355034305	1850	14.940064280703302	0.0	801058	3767.97296379939	0.5	1.2000000000000002
12249.105091737505	1850	16.121327577502704	0.0	905515	2818.736703200599	0.5	1.85
12252.542285554033	1850	16.684133760974696	0.0	1060487	3437.1938165280076	0.5	1.85
12255.510648608033	1850	17.71577070697514	0.0	852833	2968.3630539995575	0.5	1.85
12258.91351017503	1850	18.312909139976647	0.0	913888	3402.8615669984924	0.5	1.85
12262.562002111059	1850	18.6644172039494	0.0	939819	3648.4919360272447	0.5	1.85
12267.779082235504	2850	17.44733707950489	0.0	1519951	5217.080124444511	0.5	1.85
12273.396745960717	2850	15.829673354291327	0.0	1422919	5617.663725213564	0.5	2.85
12279.911527192511	2850	13.31489212249808	0.0	1578343	6514.781231793245	0.5	2.85
12283.955238691824	2850	13.27118062318593	0.0	1231445	4043.7114993121495	0.5	2.85
12289.804053560696	2850	11.422365754313502	0.0	1471065	5848.814868872429	0.5	2.85
12296.655783989057	2850	8.570635325953205	0.0	1491626	6851.730428360296	0.5	2.85
12300.243594720516	1850	8.982824594493556	0.0	885714	3587.8107314596496	0.5	0.8500000000000001
12304.262218204703	1850	8.964201110306927	0.0	987708	4018.6234841866285	0.5	1.85
12308.254956096001	1850	8.971463219008264	0.0	923755	3992.7378912986624	0.5	1.85
12311.174651116346	1850	10.051768198664808	0.0	891604	2919.6950203434576	0.5	1.85
12314.638842855766	1850	10.587576459243396	0.0	955231	3464.1917394214115	0.5	1.85
12318.136032317818	1850	11.090386997192802	0.0	968026	3497.189462050594	0.5	1.85
12323.104326335359	1850	10.122092979651503	0.0	874175	4968.294017541299	0.5	1.85
12325.913476005207	1850	11.31294330980368	0.0	897976	2809.149669847822	0.5	1.85
12330.277757254711	1850	10.948662060301762	0.0	905935	4364.281249501919	0.5	1.85
12336.200509052042	1850	9.025910262969733	0.0	1076599	5922.751797332027	0.5	1.85
12340.184177139929	1850	9.042242175083807	0.0	758197	3983.668087885926	0.5	1.85
12343.248164443889	1200	9.97825487112528	0.0	622896	3063.987303958527	0.5	0.5499999999999999
12346.48739607096	1200	10.739023244054236	0.0	641447	3239.231627071044	0.5	1.2
12349.627454442814	1200	11.598964872199295	0.0	570392	3140.058371854943	0.5	1.2
12352.41554298304	1200	12.810876331972613	0.0	620283	2788.0885402266817	0.5	1.2
12356.149874954219	1850	13.076544360795433	0.0	885062	3734.331971177181	0.5	1.2000000000000002
12360.394592865501	1850	12.83182644951353	0.0	1035329	4244.717911281904	0.5	1.85
12363.927963796377	1850	13.298455518636253	0.0	1026056	3533.3709308772786	0.5	1.85
12367.45114252539	1850	13.775276789624183	0.0	943942	3523.1787290120706	0.5	1.85
12370.090944712545	1850	15.135474602469063	0.0	728962	2639.8021871551186	0.5	1.85
12373.832347569363	1850	15.394071745651962	0.0	938587	3741.4028568171016	0.5	1.85
12377.708802076351	1850	15.517617238664915	0.0	908665	3876.4545069870474	0.5	1.85
12381.250313608949	1850	15.97610570606797	0.0	930577	3541.511532596943	0.5	1.85
12384.830583671472	1850	16.395835643545077	0.0	858450	3580.270062522893	0.5	1.85
12389.025237295835	1850	16.201182019182703	0.0	1025005	4194.653624362375	0.5	1.85
12392.935719189009	1850	16.29070012600877	0.0	886255	3910.4818931739337	0.5	1.85
12397.3374936857	1850	15.888925629317512	0.0	973972	4401.774496691257	0.5	1.85
12403.836214643168	2850	13.390204671850668	0.0	1464921	6498.720957466844	0.5	1.85
12409.98273707831	2850	11.243682236708981	0.0	1483527	6146.522435141687	0.5	2.85
12415.392018424349	2850	9.83440089066942	0.0	1231456	5409.281346039561	0.5	2.85
12424.101152591122	2850	5.125266723895107	0.0	1364537	8709.134166774313	0.5	2.85

