17191.341087849323	750	4.0	5.057839080863765	450283	5057.839080863765	0.5	-20.99870804771419
17192.771825364376	300	6.569262484946178	0.0	155580	1430.7375150538228	0.5	-0.15000000000000002
17194.17041360022	300	9.170674249107659	0.0	139857	1398.5882358385181	0.5	0.3
17195.61539161288	300	11.72569623644636	0.0	155432	1444.9780126612982	0.5	0.3
17199.42782130056	750	11.913266548767632	0.0	411561	3812.429687678727	0.5	0.3
17202.383523956196	750	12.95756389313118	0.0	318564	2955.702655636452	0.5	0.75
17205.392143601373	750	13.948944247952115	0.0	352642	3008.619645179065	0.5	0.75
17209.34785604964	750	13.993231799684596	0.0	437162	3955.71244826752	0.5	0.75
17214.26103126623	1200	13.080056583098314	0.0	584846	4913.175216586283	0.5	0.75
17221.04157471256	1200	10.299513136765936	0.0	560821	6780.543446332378	0.5	1.2
17224.568158400154	750	10.772929449168679	0.0	353220	3526.5836875972586	0.5	0.3
17227.99402234836	750	11.347065500964446	0.0	405134	3425.8639482042327	0.5	0.75
17231.75432278043	750	11.586765068893271	0.0	386351	3760.3004320711734	0.5	0.75
17235.77084276138	750	11.570245087943139	0.0	434409	4016.519980950133	0.5	0.75
17239.468100290578	750	11.872987558743489	0.0	337059	3697.257529199649	0.5	0.75
17244.40724860271	750	10.933839246610093	0.0	366214	4939.148312133396	0.5	0.75
17249.432312352714	750	9.908775496606284	0.0	360831	5025.063750003808	0.5	0.75
17254.445972154048	750	8.895115695271649	0.0	372963	5013.659801334635	0.5	0.75
17258.936269167585	750	8.40481868173439	0.0	405596	4490.297013537258	0.5	0.75
17261.66168180469	750	9.679406044627934	0.0	350713	2725.4126371064576	0.5	0.75
17264.88174694163	750	10.459340907683618	0.0	386472	3220.0651369443144	0.5	0.75
17269.448191532647	750	9.892896316671889	0.0	399894	4566.444591011728	0.5	0.75
17273.094237473953	750	10.246850375364232	0.0	401853	3646.045941307658	0.5	0.75
17276.11088391204	750	11.230203937279898	0.0	343800	3016.6464380843354	0.5	0.75
17280.627579230815	750	10.713508618501425	0.0	359903	4516.695318778471	0.5	0.75
17283.453721649912	750	11.88736619940352	0.0	379700	2826.1424190979074	0.5	0.75
17287.12399200308	750	12.217095846235376	0.0	425781	3670.270353168144	0.5	0.75
17289.115040607798	750	14.22604724151616	0.0	277716	1991.048604719216	0.5	0.75
17291.905129364608	750	15.43595848470638	0.0	400396	2790.08875680978	0.5	0.75
17296.01494285896	750	15.326144990354372	0.0	400508	4109.813494352006	0.5	0.75
17302.385512754747	750	12.95557509456747	0.0	358218	6370.569895786903	0.5	0.75
17308.91267682397	750	10.428411025344237	0.0	400322	6527.164069223232	0.5	0.75
17310.5786218976	300	12.762465951714715	0.0	143881	1665.9450736295214	0.5	-0.15000000000000002
17312.19845331957	300	15.142634529748513	0.0	163444	1619.8314219662016	0.5	0.3
17314.468408143268	300	16.87267970605106	0.0	179328	2269.9548236974533	0.5	0.3
17316.560052192068	300	18.781035657249507	0.0	159914	2091.6440488015505	0.5	0.3
17318.483276890915	300	20.857810958404635	0.0	131610	1923.2246988448699	0.5	0.3
17323.034327379373	750	20.30676046994763	0.0	361565	4551.050488457008	0.5	0.3
17328.597994747248	750	18.743093102073395	0.0	378327	5563.667367874233	0.5	0.75
17332.752070212773	750	18.589017636548466	0.0	390680	4154.0754655249275	0.5	0.75
17336.11122071421	750	19.229867135110926	0.0	345516	3359.1505014375402	0.5	0.75
17342.28134685487	750	17.059740994453605	0.0	384505	6170.126140657322	0.5	0.75
17348.03452722582	750	15.306560623506096	0.0	372093	5753.18037094751	0.5	0.75
17355.07509892477	750	12.265988924553593	0.0	438281	7040.5716989525035	0.5	0.75
17361.048398053903	750	10.29268979542261	0.0	398987	5973.29912913098	0.5	0.75
17367.861173571644	750	7.479914277682291	0.0	393804	6812.7755177403205	0.5	0.75
17372.481073253097	750	6.860014596228925	0.0	331053	4619.899681453366	0.5	0.75
17376.53113973971	750	6.809948109612295	0.0	314107	4050.066486616631	0.5	0.75

