6537.5396042924485	750	4.0	4.043612194844198	450283	4043.6121948441983	-16.63753243783005
6539.19606269956	300	6.343541592888147	0.0	155580	1656.458407111853	-0.15000000000000002
6540.4647538273	300	9.07485046514876	0.0	139857	1268.6911277393874	0.3
6541.64271854811	300	11.896885744338519	0.0	155432	1177.9647208102417	0.3
6542.752840557797	300	14.786763734651103	0.0	163442	1110.122009687414	0.3
6544.770336918935	750	16.769267373512527	0.0	318564	2017.496361138576	0.3
6548.293892783643	750	17.24571150880523	0.0	352642	3523.5558647072994	0.75
6552.891631067124	750	16.647973225323533	0.0	437162	4597.738283481694	0.75
6557.850166398351	750	15.689437894096738	0.0	374758	4958.535331226796	0.75
6562.101882505068	750	15.437721787380127	0.0	362795	4251.716106716611	0.75
6564.458392180306	750	17.081212112141802	0.0	353220	2356.509675238326	0.75
6567.1772497247875	750	18.362354567660244	0.0	405134	2718.8575444815597	0.75
6570.09660155536	750	19.44300273708777	0.0	386351	2919.3518305724756	0.75
6574.717991433611	750	18.82161285883748	0.0	434409	4621.389878250293	0.75
6578.753193935742	1200	18.786410356705886	0.0	526950	4035.2025021315926	0.75
6583.4522394277465	1200	18.08736486470219	0.0	587876	4699.045492003693	1.2
6588.635640585841	750	16.903963706607257	0.0	360831	5183.401158094933	0.3
6594.110502394498	750	15.429101897950382	0.0	372963	5474.861808656875	0.75
6595.694767429587	300	17.844836862861392	0.0	165384	1584.2650350889896	-0.15000000000000002
6599.341401955058	750	18.198202337391244	0.0	350713	3646.6345254701473	0.3
6602.437341071143	750	19.102263221306703	0.0	386472	3095.9391160845394	0.75
6606.9852294777575	750	18.554374814691844	0.0	399894	4547.8884066148585	0.75
6612.842132626807	750	16.69747166564175	0.0	401853	5856.903149050091	0.75
6617.036846382212	750	16.502757910236504	0.0	343800	4194.713755405246	0.75
6625.570454696052	750	11.969149596396452	0.0	359903	8533.608313840054	0.75
6627.547818355561	300	13.991785936888672	0.0	153938	1977.3636595077796	-0.15000000000000002
6629.227231364873	300	16.31237292757671	0.0	181901	1679.4130093119602	0.3
6631.355711555729	750	18.18389273671998	0.0	277716	2128.48019085673	0.3
6632.734523672619	300	20.805080619829347	0.0	153605	1378.8121168906316	-0.15000000000000002
6637.185984584476	750	20.353619707972086	0.0	400508	4451.460911857258	0.3
6640.868510654663	750	20.671093637785432	0.0	358218	3682.526070186653	0.75
6647.767574207141	750	17.77203008530769	0.0	400322	6899.0635524777435	0.75
6649.767167032154	750	19.772437260293138	0.0	369834	1999.5928250145519	0.75
6651.336345206875	750	22.203259085571673	0.0	412837	1569.1781747214666	0.75
6653.036495425586	750	24.503108866861787	0.0	401088	1700.150218709886	0.75
6655.585302269462	1200	25.954302022985857	0.0	598727	2548.8068438759333	0.75
6658.954628793241	1850	26.584975499207154	0.0	728962	3369.3265237787014	1.2000000000000002
6662.340424401798	1850	27.199179890649226	0.0	938587	3385.795608557929	1.85
6667.015458015643	2850	26.524146276804768	0.0	1427478	4675.033613844458	1.85
6679.112930529385	2850	18.4266737630625	0.0	1402287	12097.472513742267	2.85
6685.0728318673355	1850	16.466772425111873	0.0	858450	5959.901337950624	0.8500000000000001
6687.653950182316	1200	17.885654110131668	0.0	641452	2581.1183149802046	0.5499999999999999
6690.172211067958	1200	19.367393224489067	0.0	599477	2518.260885642603	1.2
6692.481912884566	1200	21.057691407881997	0.0	634861	2309.701816607071	1.2
6695.970174604642	1850	21.569429687805545	0.0	958994	3488.2617200764503	1.2000000000000002
6700.09148316069	1850	21.448121131758693	0.0	982064	4121.308556046852	1.85
6708.705237931873	2850	16.834366360575135	0.0	1231456	8613.754771183558	1.85
6713.611831072828	1850	15.927773219620125	0.0	846370	4906.59314095501	0.8500000000000001

