12368.353666044188	750	4.0	3.974865311257283	450283	3974.865311257283	-16.341920838406317
12369.530785067613	300	6.822880976576757	0.0	155580	1177.1190234232433	-0.15000000000000002
12370.412974890563	300	9.94069115362493	0.0	139857	882.1898229518268	0.3
12372.672971339965	750	11.680694704223905	0.0	382355	2259.9964494010264	0.3
12374.605974471655	750	13.74769157253356	0.0	411561	1933.0031316903444	0.75
12376.060587236525	750	16.29307880766205	0.0	318564	1454.6127648715108	0.75
12378.582027659375	1200	17.771638384812857	0.0	561791	2521.440422849194	0.75
12382.719278620245	1200	17.634387423943895	0.0	709534	4137.25096086896	1.2
12386.813337336662	1850	17.54032870752743	0.0	852833	4094.0587164164663	1.2000000000000002
12389.579022778062	1200	18.77464326612671	0.0	560821	2765.6854414007153	0.5499999999999999
12394.225415900712	1850	18.1282501434782	0.0	939819	4646.393122648508	1.2000000000000002
12397.142674502667	1200	19.21099154152304	0.0	594078	2917.2586019551636	0.5499999999999999
12400.736438561531	1200	19.617227482658755	0.0	624282	3593.764058864283	1.2
12404.163628156246	1200	20.190037887943355	0.0	687371	3427.1895947153994	1.2
12408.41357128551	1850	19.94009475867893	0.0	821631	4249.943129264425	1.2000000000000002
12412.279182573731	1850	20.074483470457146	0.0	923170	3865.611288221781	1.85
12416.735867795835	1850	19.617798248354383	0.0	966699	4456.685222102767	1.85
12421.656074293369	1850	18.697591750819765	0.0	885714	4920.206497534618	1.85
12424.84725444771	1200	19.50641159647948	0.0	639204	3191.1801543402826	0.5499999999999999
12428.940964571844	1850	19.412701472344324	0.0	923755	4093.710124135156	1.2000000000000002
12432.512525100583	1850	19.841140943606113	0.0	891604	3571.560528738212	1.85
12435.636081567807	1850	20.717584476382466	0.0	955231	3123.556467223647	1.85
12439.325835098703	1850	21.027830945485483	0.0	968026	3689.7535308969873	1.85
12442.840571508174	1850	21.51309453601682	0.0	874175	3514.7364094686623	1.85
12446.225816951319	1850	22.127849092870445	0.0	897976	3385.2454431463752	1.85
12450.689508681167	1850	21.664157363022234	0.0	905935	4463.69172984821	1.85
12456.216057804253	1850	20.137608239936878	0.0	1076599	5526.549123085356	1.85
12461.241081948243	2850	19.112584095946723	0.0	1141971	5025.0241439901565	1.85
12465.134986487745	1850	19.218679556445284	0.0	972798	3893.904539501439	0.8500000000000001
12475.212891485691	1850	13.140774558497997	0.0	975811	10077.904997947287	1.85
12478.578592038184	1200	13.77507400600408	0.0	570392	3365.7005524939163	0.5499999999999999
12481.169152990105	750	15.184513054083178	0.0	400322	2590.560951920902	0.3
12484.57596492885	1200	15.777701115337514	0.0	584349	3406.8119387456636	0.75
12486.913874366495	750	17.439791677692114	0.0	412837	2337.9094376454004	0.3
12489.303243617958	750	19.050422426229925	0.0	401088	2389.369251462186	0.75
12493.194905197899	1200	19.158760846287354	0.0	598727	3891.6615799425686	0.75
12498.91313994292	1850	17.440526101268013	0.0	728962	5718.23474501934	1.2000000000000002
12507.091108979175	1200	13.262557065013143	0.0	575591	8177.96903625487	0.5499999999999999
12510.259573835227	750	14.094092208961875	0.0	378327	3168.464856051269	0.3
12513.3560697589	750	14.997596285288713	0.0	390680	3096.495923673161	0.75
12515.905676380387	750	16.447989663801927	0.0	345516	2549.6066214867847	0.75
12519.615940659893	750	16.737725384296088	0.0	384505	3710.2642795058373	0.75
12525.06392475241	750	15.289741291776531	0.0	372093	5447.9840925195585	0.75
12526.776314053452	300	17.577351990736055	0.0	172312	1712.3893010404745	-0.15000000000000002
12531.2452165195	750	17.108449524685938	0.0	398987	4468.902466050119	0.3
12534.08027228485	750	18.2733937593376	0.0	393804	2835.0557653483374	0.75
12536.344911989154	750	20.008754055031464	0.0	331053	2264.6397043061374	0.75
12538.359791207105	750	21.993874837081158	0.0	314107	2014.8792179503027	0.75

