19980.128360682207	750	4.0	6.275717151967713	450283	6275.717151967713	-26.235583753461167
19982.303043400563	300	5.825317281643536	0.0	155580	2174.6827183564637	-0.15000000000000002
19984.388967904964	300	7.7393927772440305	0.0	139857	2085.924504399506	0.3
19990.72018203469	750	5.408178647517092	0.0	382355	6331.214129726938	0.3
19992.756107063207	300	7.37225361899905	0.0	163442	2035.9250285180422	-0.15000000000000002
19998.677896032394	750	5.450464649814309	0.0	318564	5921.78896918474	0.3
20000.768238536963	300	7.360122145244565	0.0	153295	2090.342504569744	-0.15000000000000002
20007.471929671636	750	4.6564310105726054	0.0	437162	6703.69113467196	0.3
20009.452017298023	300	6.676343384183632	0.0	150710	1980.0876263889738	-0.15000000000000002
20011.138618368674	300	8.989742313532334	0.0	139105	1686.6010706512984	0.3
20014.543585560248	750	9.584775121958145	0.0	353220	3404.9671915741874	0.3
20021.15845269087	1200	6.969907991336672	0.0	594078	6614.867130621474	0.75
20024.294891217367	300	7.833469464840839	0.0	160746	3136.4385264958337	-0.6000000000000001
20034.110560827547	750	4.0	1.982200145339233	434409	9815.669610180072	-8.223460624958701
20036.761088907024	300	5.349471920522581	0.0	140051	2650.528079477419	-0.15000000000000002
20039.33354701584	300	6.777013811701089	0.0	138313	2572.4581088214927	0.3
20042.637275026984	300	7.4732858005604434	0.0	143509	3303.728011140645	0.3
20051.32589170973	750	4.0	1.2153308821853697	372963	8688.616682745813	-4.925922793397089
20054.483166517188	300	4.842725192544085	0.0	165384	3157.274807455915	-0.15000000000000002
20056.396889936488	300	6.929001773241584	0.0	140881	1913.7234193025008	0.3
20059.18759550814	300	8.138296201589688	0.0	157671	2790.7055716518967	0.3
20067.455501788518	750	4.0	0.12961007879013595	399894	8267.906280379824	-0.25732333879758457
20071.460656139214	300	4.0	0.005154350696089296	163927	4005.1543506960893	-0.17216370799318398
20074.103377166473	300	5.357278972740052	0.0	137654	2642.721027259948	0.3
20077.583581781808	300	5.877074357405329	0.0	146754	3480.204615334724	0.3
20080.667044563175	300	6.7936115760411555	0.0	153938	3083.462781364173	0.3
20083.042523088734	300	8.418133050480998	0.0	181901	2375.4785255601582	0.3
20086.03781743264	750	9.422838706577512	0.0	277716	2995.2943439034866	0.3
20092.773553289455	1200	6.687102849760223	0.0	622896	6735.735856817288	0.75
20094.91045470234	300	8.550201436873605	0.0	149029	2136.901412886618	-0.6000000000000001
20102.251377121414	750	5.209279017797142	0.0	358218	7340.9224190764635	0.3
20105.075437937783	300	6.3852182014253565	0.0	157488	2824.060816371785	-0.15000000000000002
20107.31717271002	300	8.143483429188755	0.0	143881	2241.7347722366026	0.3
20114.419243634482	750	5.041412504727979	0.0	412837	7102.070924460776	0.3
20118.04300559238	300	5.417650546828786	0.0	179328	3623.7619578991926	-0.15000000000000002
20120.868970901873	300	6.591685237336209	0.0	159914	2825.965309492577	0.3
20123.21298682972	300	8.247669309489794	0.0	131610	2344.015927846415	0.3
20128.63193322404	750	6.828722915172107	0.0	361565	5418.946394317688	0.3
20130.50342026658	300	8.957235872629019	0.0	144254	1871.4870425430875	-0.15000000000000002
20135.077349402764	750	8.383306736447684	0.0	390680	4573.929136181334	0.3
20139.14280467143	750	8.317851467778791	0.0	345516	4065.4552686688926	0.75
20143.93313606434	750	7.527520074871116	0.0	384505	4790.331392907675	0.75
20148.603453506425	750	6.857202632786044	0.0	372093	4670.317442085073	0.75
20150.89130727635	300	8.569348862862332	0.0	172312	2287.8537699237118	-0.15000000000000002
20156.863175094368	750	6.597481044845432	0.0	398987	5971.8678180169	0.3
20159.267340686674	300	8.193315452537757	0.0	160064	2404.1655923076773	-0.15000000000000002
20163.83888675486	750	7.621769384351995	0.0	331053	4571.54606818576	0.3
20169.428714270965	750	6.031941868247168	0.0	314107	5589.827516104828	0.75

