9231.851818994559	750	4.0	1.26305294249572	450283	1263.05294249572	1.4456836	-4.681127652731596
9233.39210314082	1200	6.45971585373713	0.0	611087	1540.2841462628705	1.2155154	0.75
9233.832543249517	300	10.019275745042577	0.0	139857	440.44010869455246	1.288741	-0.6000000000000001
9235.322642661304	750	12.52917633325501	0.0	382355	1490.0994117875675	1.2979784	0.3
9237.264639917403	750	14.58717907715393	0.0	411561	1941.9972561010804	1.3553492	0.75
9240.312267685063	1850	15.539551309493424	0.0	801058	3047.627767660505	1.3582042	0.75
9242.331292931862	1200	17.52052606269389	0.0	561791	2019.0252467995338	1.4179745	0.5499999999999999
9243.755988006938	750	20.09583098761816	0.0	437162	1424.6950750757308	1.3982923	0.3
9244.359926249168	300	23.491892745388085	0.0	150710	603.9382422300733	1.3976814	-0.15000000000000002
9247.756644434066	1850	24.09517456049092	0.0	913888	3396.7181848971622	1.3423438	0.30000000000000004
9250.895648410087	1850	24.956170584469554	0.0	939819	3139.003976021368	1.4937414	1.85
9254.295100698897	1850	25.556718295660083	0.0	917428	3399.452288809468	1.4998584	1.85
9258.023479209694	1850	25.82833978486335	0.0	946851	3728.378510796735	1.5114595	1.85
9258.772000569474	300	29.079818425083698	0.0	179801	748.5213597796553	1.5010022	-1.25
9260.773281175801	1200	31.07853781875665	0.0	526950	2001.2806063270477	1.364832	0.29999999999999993
9263.469067259586	1200	32.382751734972	0.0	587876	2695.78608378465	1.5462973	1.2
9267.454059666086	1850	32.39775932847134	0.0	966699	3984.9924065006608	1.5204009	1.2000000000000002
9270.92750566127	1850	32.92431333328792	0.0	885714	3473.445995183415	1.5424885	1.85
9273.10788596679	1200	34.74393302776675	0.0	639204	2180.380305521169	1.5423917	0.5499999999999999
9277.922715180834	2850	33.92910381372497	0.0	1336050	4814.82921404178	1.5922916	1.2000000000000002
9281.287498359332	1850	34.56432063522542	0.0	891604	3364.7831784995506	1.3094125	0.8500000000000001
9284.532683630068	1850	35.319135364489036	0.0	955231	3245.185270736387	1.5418806	1.85
9288.138864848872	1850	35.712954145684314	0.0	968026	3606.1812188047143	1.5289924	1.85
9292.154248398037	1850	35.697570596519284	0.0	874175	4015.3835491650334	1.524116	1.85
9297.494714338141	2850	34.3571046564156	0.0	1383735	5340.465940103686	1.5374913	1.85
9302.205613614762	2850	33.646205379793294	0.0	1480464	4710.899276622302	1.2788647	2.85
9307.4134844575	2850	32.43833453705601	0.0	1547572	5207.870842737293	1.2617987	2.85
9311.755659840206	1850	32.09615915434996	0.0	758197	4342.175382706045	1.209465	0.8500000000000001
9315.59663440252	1850	32.25518459203455	0.0	972798	3840.9745623154095	1.5223097	1.85
9317.902486026707	1200	33.94933296784695	0.0	641447	2305.8516241876005	1.4857646	0.5499999999999999
9324.535824521461	2850	31.31599447309366	0.0	1341201	6633.338494753293	1.6237469	1.2000000000000002
9326.581129160784	750	33.27068983377154	0.0	400322	2045.3046393221239	1.2148168	-1.35
9330.996452280335	1850	32.855366714220565	0.0	885062	4415.32311955097	1.5856898	0.75
9333.53798851261	1200	34.31383048194605	0.0	670129	2541.536232274525	1.4418111	0.5499999999999999
9340.286039448965	2850	31.565779545589393	0.0	1492672	6748.050936356654	1.5963705	1.2000000000000002
9347.155756809574	2850	28.696062184981603	0.0	1439896	6869.717360607794	1.158315	2.85
9351.779669572397	2850	28.072149422156606	0.0	1139291	4623.912762824995	1.1645546	2.85
9359.12839499491	4300	24.723423999643177	0.0	2147467	7348.725422513428	1.1271807	2.8499999999999996
9368.483330167552	4300	19.368488827001702	0.0	2133870	9354.935172641475	0.8536213	4.3
9374.508474231441	2850	17.343344763113926	0.0	1402287	6025.14406388778	1.0720141	1.4000000000000001
9377.95933839479	1850	17.89248059976382	0.0	858450	3450.864163350104	1.1663475	0.8500000000000001
9381.856740171275	1850	17.99507882327907	0.0	1025005	3897.401776484752	1.3267945	1.85
9385.930128430966	2850	17.921690563588616	0.0	1343002	4073.388259690455	1.2955172	1.85
9390.561550363069	2850	17.29026863148486	0.0	1587250	4631.4219321037535	1.073556	2.85
9394.892902328302	2850	16.95891666625241	0.0	1464921	4331.351965232451	1.0482846	2.85
9399.114696273204	2850	16.73712272134882	0.0	1483527	4221.793944903591	1.0560532	2.85
9407.37097154522	4300	12.480847449331275	0.0	1961140	8256.275272017545	1.02589	2.8499999999999996
9415.056223472035	4300	8.795595522518765	0.0	2155012	7685.251926812512	1.0524387	4.3

