22782.547717929698	750	4.0	2.572266498290951	450283	2572.266498290951	-10.310745942651089
22783.55678808739	300	6.990929842309494	0.0	155580	1009.0701576905071	-0.15000000000000002
22784.309654380806	300	10.238063548894877	0.0	139857	752.8662934146156	0.3
22794.19038067105	1200	4.35733725865196	0.0	617681	9880.726290242917	0.29999999999999993
22797.116215405335	300	5.431502524367698	0.0	163442	2925.834734284262	-0.6000000000000001
22799.3107915646	300	7.236926365103916	0.0	126289	2194.5761592637814	0.3
22802.421667202456	300	8.126050727247614	0.0	153295	3110.875637856301	0.3
22806.17962300275	300	8.368094926954495	0.0	173849	3757.95580029312	0.3
22808.894585139198	300	9.653132790508536	0.0	150710	2714.9621364459576	0.3
22811.706596063206	300	10.841121866497472	0.0	139105	2812.010924011064	0.3
22815.07392924742	300	11.473788682285678	0.0	141840	3367.333184211795	0.3
22818.07406736474	300	12.473650564965869	0.0	156148	3000.1381173198097	0.3
22820.413306578914	300	14.134411350791302	0.0	160746	2339.2392141745668	0.3
22822.685473203983	300	15.86224472572427	0.0	179801	2272.1666250670323	0.3
22824.523436592106	300	18.02428133760199	0.0	140051	1837.9633881222812	0.3
22826.30881876379	300	20.238899165915537	0.0	138313	1785.3821716864534	0.3
22828.04831615912	300	22.49940177059023	0.0	143509	1739.4973953253084	0.3
22829.67171534051	300	24.876002589197284	0.0	150616	1623.3991813929451	0.3
22831.29844043616	300	27.249277493549176	0.0	165384	1626.7250956481066	0.3
22833.706589480003	750	28.841128449703685	0.0	350713	2408.1490438454907	0.3
22835.66671412259	750	30.88100380711405	0.0	386472	1960.1246425896384	0.75
22838.670305112068	1200	31.877412817638195	0.0	616206	3003.590989475853	0.75
22846.775599857363	1850	27.772118072342785	0.0	968026	8105.29474529541	1.2000000000000002
22855.410448163926	1200	23.13726976578153	0.0	536667	8634.848306561255	0.5499999999999999
22863.252265604435	750	19.295452325270315	0.0	359903	7841.817440511216	0.3
22866.165642516422	300	20.38207541328486	0.0	153938	2913.3769119854533	-0.15000000000000002
22869.42568368032	300	21.12203424938435	0.0	181901	3260.0411639005106	0.3
22871.098039512955	300	23.449678416751027	0.0	111155	1672.3558326333207	0.3
22873.2038208259	300	25.343897103803595	0.0	153605	2105.7813129474316	0.3
22875.196732562435	300	27.350985367269523	0.0	149029	1992.9117365340712	0.3
22877.281984119185	300	29.265733810520288	0.0	157421	2085.251556749239	0.3
22881.623946320804	750	28.923771608900367	0.0	400322	4341.962201619922	0.3
22884.652931467255	750	29.894786462452362	0.0	369834	3028.9851464480043	0.75
22888.60311452567	750	29.944603404033227	0.0	412837	3950.183058419135	0.75
22894.918028080494	750	27.62968984921266	0.0	401088	6314.913554820566	0.75
22897.9929708779	750	28.554747051809667	0.0	365161	3074.942797402992	0.75
22901.597278552876	750	28.95043937683212	0.0	321064	3604.307674977552	0.75
22905.70044141163	750	28.847276518078516	0.0	361565	4103.162858753601	0.75
22908.516024904162	750	30.031693025547277	0.0	378327	2815.583492531241	0.75
22910.96039025722	750	31.587327672486968	0.0	390680	2444.3653530603074	0.75
22914.971271213275	1200	31.576446716434425	0.0	566904	4010.8809560525447	0.75
22919.61539076809	1200	30.932327161618886	0.0	641452	4644.119554815538	1.2
22923.371544706442	1200	31.17617322326575	0.0	599477	3756.1539383531385	1.2
22927.13675596523	1200	31.410961964475536	0.0	634861	3765.211258790214	1.2
22930.699863024234	1200	31.847854905475238	0.0	630203	3563.1070590003	1.2
22935.968333865418	1200	30.57938406429212	0.0	638661	5268.470841183114	1.2
22945.18799163528	1200	25.359726294430278	0.0	538612	9219.657769861844	1.2
22950.961984418096	750	23.585733511613125	0.0	314107	5773.992782817154	0.3

