20331.330259959177	750	4.0	1.1823497891980714	450283	1182.3497891980714	0.007893685	-4.334104093551707
20332.85447904597	1200	6.475780913204564	0.0	611087	1524.2190867954364	0.02945667	0.75
20334.45211323638	1200	8.878146722798801	0.0	571051	1597.6341904057629	0.004705182	1.2
20335.91153664177	1200	11.418723317403025	0.0	617681	1459.4234053957775	0.004705182	1.2
20337.49112565749	1200	13.839134301686892	0.0	652874	1579.5890157161325	0.004705182	1.2
20338.730035824403	1200	16.600224134771203	0.0	520315	1238.9101669156867	0.004705182	1.2
20340.080763850092	1200	19.24949610908193	0.0	561791	1350.728025689273	0.004705182	1.2
20341.855887326034	1200	21.474372633143794	0.0	709534	1775.1234759381373	0.005750832	1.2
20343.50974223854	1200	23.82051772063546	0.0	584846	1653.8549125083325	0.3051234	1.2
20345.14442699703	1200	26.18583296214471	0.0	560821	1634.6847584907523	0.4221272	1.2
20348.33792977749	2850	26.992330181686263	0.0	1354548	3193.502780458446	0.54030937	1.2000000000000002
20352.05581968318	2850	27.274440275999382	0.0	1519951	3717.8899056868813	0.005301319	2.85
20356.26448797671	2850	27.065771982466668	0.0	1422919	4208.668293532716	0.004705182	2.85
20361.112548469053	2850	26.217711490126923	0.0	1578343	4848.060492339743	0.004705182	2.85
20364.1865873317	2850	27.143672627477287	0.0	1231445	3074.038862649635	0.004705182	2.85
20367.957104310204	2850	27.373155648974468	0.0	1471065	3770.516978502819	0.004705182	2.85
20371.70487482611	2850	27.625385133068168	0.0	1491626	3747.7705159063003	0.004705182	2.85
20376.188451449725	2850	27.141808509452726	0.0	1358801	4483.576623615441	0.004705182	2.85
20379.861565355888	2850	27.468694603289766	0.0	1537156	3673.113906162963	0.004705182	2.85
20383.150250514907	2850	28.180009444274706	0.0	1336050	3288.68515901506	0.004705182	2.85
20387.09868844208	2850	28.231571517101063	0.0	1415116	3948.4379271736425	0.004705182	2.85
20391.085107778345	2850	28.245152180839643	0.0	1468126	3986.4193362614196	0.004705182	2.85
20394.99097737072	2850	28.339282588464947	0.0	1505760	3905.869592374696	0.004705182	2.85
20399.74907812493	2850	27.5811818342558	0.0	1323990	4758.100754209146	0.004705182	2.85
20402.935916910992	2850	28.39434304819436	0.0	1383735	3186.8387860614384	0.004705182	2.85
20406.250518757624	2850	29.079741201562495	0.0	1480464	3314.6018466318656	0.004705182	2.85
20409.810577797776	2850	29.51968216140822	0.0	1547572	3560.0590401542745	0.004705182	2.85
20412.638804538336	2850	30.691455420849362	0.0	1141971	2828.226740558858	0.004705182	2.85
20416.316146595203	2850	31.014113363981174	0.0	1498470	3677.342056868185	0.004705182	2.85
20419.701802071384	2850	31.62845788779952	0.0	1561263	3385.6554761816537	0.004705182	2.85
20422.61426848995	2850	32.71599146923387	0.0	1341201	2912.4664185656525	0.006198455	2.85
20425.633147656357	2850	33.697112302824664	0.0	1497683	3018.879166409203	0.009712753	2.85
20429.07131848537	2850	34.258941473812804	0.0	1358081	3438.1708290118604	0.07598046	2.85
20434.218637590333	2850	33.11162236885016	0.0	1587293	5147.319104962642	0.024679715	2.85
20438.697694122286	2850	32.63256583689791	0.0	1492672	4479.056531952255	0.004705182	2.85
20445.955807867747	2850	29.374452091436204	0.0	1439896	7258.1137454617065	0.0054228245	2.85
20449.912481599626	2850	29.41777835955734	0.0	1139291	3956.673731878864	0.004705182	2.85
20454.7514705701	2850	28.578789389084655	0.0	1499009	4838.988970472683	0.004705182	2.85
20459.678739556046	2850	27.651520403137702	0.0	1427478	4927.268985946951	0.004705182	2.85
20465.265209213183	2850	26.065050746000807	0.0	1402287	5586.469657136897	0.004705182	2.85
20470.734625033154	2850	24.595634926028236	0.0	1339500	5469.415819972572	0.004705182	2.85
20477.298655964783	2850	22.031603994400708	0.0	1527299	6564.030931627526	0.004705182	2.85
20481.404653255086	2850	21.92560670409908	0.0	1343002	4105.997290301628	0.004705182	2.85
20485.922054977967	2850	21.40820498121777	0.0	1587250	4517.40172288131	0.004705182	2.85
20489.38470651072	2850	21.945553448465606	0.0	1464921	3462.651532752165	0.009889254	2.85
20492.987633197103	2850	22.34262676208348	0.0	1483527	3602.926686382125	0.36701316	2.85
20498.169108675713	4300	21.161151283470748	0.0	1961140	5181.475478612734	0.46010864	2.8499999999999996
20503.414386512228	4300	19.915873446959385	0.0	2155012	5245.277836511361	0.004705182	4.3

