6492.017394550398	750	4.0	1.464606764188326	450283	1464.606764188326	0.5	-5.547809086009802
6493.252380745924	750	6.765013804474078	0.0	398865	1234.9861955259219	0.5	0.75
6495.232566623896	1200	8.784827926502484	0.0	571051	1980.1858779715953	0.5	0.75
6497.302554757269	1200	10.714839793128373	0.0	617681	2069.9881333741114	0.5	1.2
6499.397647646278	1200	12.619746904120031	0.0	652874	2095.0928890083405	0.5	1.2
6503.172808260277	2850	12.844586290120148	0.0	1224260	3775.1606139998835	0.5	1.2000000000000002
6508.257433668563	2850	11.759960881833754	0.0	1388403	5084.625408286393	0.5	2.85
6513.68112308088	2850	10.33627146951756	0.0	1638769	5423.689412316196	0.5	2.85
6518.182921755335	2850	9.834472795061837	0.0	1348011	4501.798674455723	0.5	2.85
6526.18990135644	2850	5.827493193956937	0.0	1429765	8006.979601104899	0.5	2.85
6529.767852997802	1200	6.249541552594787	0.0	607410	3577.9516413621504	0.5	-0.44999999999999996
6532.137643757275	1200	7.879750793122016	0.0	594078	2369.790759472771	0.5	1.2
6534.731433612977	1200	9.285960937420997	0.0	624282	2593.7898557010176	0.5	1.2
6537.57833981236	1200	10.439054738036907	0.0	687371	2846.906199384091	0.5	1.2
6540.1336254976495	1200	11.88376905274817	0.0	526950	2555.285685288736	0.5	1.2
6542.884780426326	1200	13.132614124071424	0.0	587876	2751.1549286767463	0.5	1.2
6545.427561411936	1200	14.589833138461882	0.0	617242	2542.7809856095405	0.5	1.2
6549.261644996534	1850	14.755749553863449	0.0	885714	3834.0835845984343	0.5	1.2000000000000002
6555.852655870605	2850	12.164738679791906	0.0	1537156	6591.010874071543	0.5	1.85
6561.065357629979	2850	10.952036920417756	0.0	1336050	5212.701759374152	0.5	2.85
6566.24220786549	2850	9.775186684907487	0.0	1415116	5176.850235510267	0.5	2.85
6571.95536638356	2850	8.062028166837234	0.0	1468126	5713.158518070253	0.5	2.85
6575.58108291739	1850	8.436311633007387	0.0	968026	3625.7165338298473	0.5	0.8500000000000001
6578.712249424178	1850	9.305145126219799	0.0	874175	3131.1665067875874	0.5	1.85
6582.150711131293	1850	9.866683419103582	0.0	897976	3438.4617071162165	0.5	1.85
6588.088659158505	1850	7.928735391891945	0.0	905935	5937.948027211636	0.5	1.85
6592.265658170033	1200	7.751736380363322	0.0	696376	4176.999011528623	0.5	0.5499999999999999
6594.91392097067	1200	9.103473579726403	0.0	487160	2648.262800636919	0.5	1.2
6598.062817807072	1200	9.954576743324463	0.0	622896	3148.896836401943	0.5	1.2
6604.094392196847	1200	7.923002353549258	0.0	641447	6031.5743897752045	0.5	1.2
6606.484262862108	750	9.533131688288352	0.0	358218	2389.8706652609053	0.5	0.3
6609.869147053297	750	10.148247497099431	0.0	400322	3384.8841911889194	0.5	0.75
6613.312282901286	750	10.705111649110021	0.0	369834	3443.1358479894093	0.5	0.75
6617.045537898362	750	10.971856652033354	0.0	412837	3733.254997076668	0.5	0.75
6619.569768409305	750	12.447626141091988	0.0	401088	2524.2305109413674	0.5	0.75
6621.85123512033	750	14.16615943006623	0.0	365161	2281.466711025756	0.5	0.75
6624.794623512456	1200	15.222771037940456	0.0	487812	2943.388392125775	0.5	0.75
6627.926169713087	1200	16.09122483731059	0.0	575591	3131.5462006298667	0.5	1.2
6631.713218942668	1200	16.30417560772867	0.0	605884	3787.0492295819217	0.5	1.2
6635.331205488678	1200	16.68618906171869	0.0	587506	3617.9865460099777	0.5	1.2
6639.039595882343	1200	16.977798668053488	0.0	566904	3708.3903936652005	0.5	1.2
6643.15031979028	1200	16.867074760116164	0.0	641452	4110.723907937327	0.5	1.2
6646.74698113798	1200	17.27041341241661	0.0	599477	3596.6613476995544	0.5	1.2
6661.9838084419525	1850	6.033586108444042	0.0	973972	15236.827303972566	0.5	1.2000000000000002
6665.921498611126	300	6.09589593927168	0.0	167025	3937.6901691723624	0.5	-1.25
6670.487104105061	300	5.5302904453360275	0.0	160064	4565.605493935652	0.5	0.3
6673.530407556251	300	6.486986994146173	0.0	137507	3043.303451189855	0.5	0.3
6676.223308395669	300	7.794086154728442	0.0	118421	2692.900839417731	0.5	0.3

