25205.916509810835	750	4.0	5.558065529459364	450283	5558.065529459364	0.047917664	-23.149681776675266
25208.724228942683	300	5.192280868151962	0.0	155580	2807.719131848038	0.004705182	-0.15000000000000002
25210.109761277305	300	7.8067485335352504	0.0	139857	1385.5323346167118	0.004705182	0.3
25211.67430596483	300	10.24220384601217	0.0	155432	1564.5446875230796	0.004705182	0.3
25213.90105877344	300	12.015451037399814	0.0	163442	2226.7528086123575	0.004705182	0.3
25215.575119631492	300	14.34139017934634	0.0	126289	1674.0608580534742	0.004705182	0.3
25217.643465549234	300	16.273044261605317	0.0	153295	2068.3459177410227	0.007806221	0.3
25220.362545442764	300	17.553964368077075	0.0	173849	2719.0798935282405	0.020622859	0.3
25223.13375135186	300	18.78275845898064	0.0	150710	2771.2059090964344	0.030856673	0.3
25227.074098633333	750	18.84241117750572	0.0	362795	3940.347281474921	0.047079973	0.3
25229.356035775585	750	20.56047403525761	0.0	353220	2281.937142248112	0.019379327	0.75
25232.449407684868	750	21.467102125973124	0.0	405134	3093.371909284483	0.0058148885	0.75
25235.317828474123	750	22.59868133671679	0.0	386351	2868.420789256334	0.0049342997	0.75
25238.389322472474	750	23.527187338366172	0.0	434409	3071.4939983506165	0.006372113	0.75
25240.726989198152	750	25.18952061269068	0.0	337059	2337.6667256754968	0.010507671	0.75
25243.61737650554	750	26.29913330530392	0.0	366214	2890.3873073867567	0.021394297	0.75
25246.276108433776	750	27.640401377067633	0.0	360831	2658.7319282362887	0.020425508	0.75
25248.922842072545	750	28.993667738296143	0.0	372963	2646.73363877149	0.072109826	0.75
25252.09793347838	750	29.81857633246062	0.0	405596	3175.0914058355243	0.17827757	0.75
25254.79268605698	750	31.12382375386333	0.0	350713	2694.7525785972903	0.10474426	0.75
25259.613991040875	1200	30.302518769969485	0.0	601738	4821.304983893845	0.14675704	0.75
25265.75236375743	1200	28.16414605341382	0.0	616206	6138.372716555662	0.27067438	1.2
25271.35615231826	750	26.560357492582487	0.0	401853	5603.788560831334	0.53279364	0.3
25274.511058440065	750	27.405451370781133	0.0	343800	3154.9061218013535	0.004705182	0.75
25277.22710298685	750	28.689406823994208	0.0	359903	2716.0445467869285	0.0062854127	0.75
25279.70641989889	750	30.210089911954192	0.0	379700	2479.316912040012	0.025318999	0.75
25282.861980158676	750	31.05452965216886	0.0	425781	3155.5602597853326	0.1374767	0.75
25285.58603994964	750	32.330469861202126	0.0	277716	2724.059790966737	0.14250976	0.75
25289.41146066787	750	32.50504914297092	0.0	400396	3825.4207182312043	0.027387455	0.75
25293.728101583794	750	32.188408227047304	0.0	400508	4316.640915923619	0.016041279	0.75
25297.37788984476	750	32.538619966079594	0.0	358218	3649.788260967707	0.010667653	0.75
25300.830613823768	750	33.08589598707316	0.0	400322	3452.7239790064386	0.022869108	0.75
25304.3932375546	750	33.523272256242315	0.0	369834	3562.623730830842	0.11173811	0.75
25308.50355039564	750	33.41295941520237	0.0	412837	4110.312841039944	0.09474265	0.75
25311.906860857216	750	34.00964895362453	0.0	401088	3403.3104615778448	0.06389807	0.75
25315.860007113362	750	34.05650269747532	0.0	365161	3953.1462561492085	0.28049973	0.75
25319.524362206746	750	34.39214760409175	0.0	321064	3664.355093383576	0.32228175	0.75
25325.226074189297	750	32.69043562154098	0.0	361565	5701.7119825507725	0.34663695	0.75
25332.034924053667	750	29.881585757174452	0.0	378327	6808.849864366522	0.036430843	0.75
25335.95217812116	750	29.96433168968176	0.0	390680	3917.2540674926945	0.008117884	0.75
25339.797171555823	750	30.119338255012842	0.0	345516	3844.9934346689197	0.3504289	0.75
25343.83861865141	750	30.07789115942443	0.0	384505	4041.4470955884135	0.5252214	0.75
25348.097738998094	750	29.818770812745576	0.0	372093	4259.120346678848	0.67277455	0.75
25352.581310086694	750	29.33519972414478	0.0	438281	4483.571088600798	0.66189516	0.75
25360.760395355577	1200	25.156114455259218	0.0	630203	8179.085268885563	0.66259235	0.75
25366.403286122735	1200	23.51322368810219	0.0	638661	5642.890767157025	0.10106774	1.2
25371.016865168946	1200	22.8996446418926	0.0	538612	4613.57904620959	0.0057777874	1.2
25377.570138602954	1200	20.346371207882136	0.0	550906	6553.273434010461	0.004705182	1.2

