24655.638086281913	750	4.0	3.445995646227827	450283	3445.9956462278274	-14.067781278779655
24656.707974124347	300	6.930112157568032	0.0	155580	1069.8878424319682	-0.15000000000000002
24659.060973460564	750	8.57711282135118	0.0	350812	2352.999336216852	0.3
24663.78151492828	750	7.8565713536332185	0.0	382355	4720.5414677179615	0.75
24679.62691518907	1200	4.0	7.988828907154582	652874	15845.400260787801	-33.601964300764706
24681.863708928944	300	5.763206260127871	0.0	126289	2236.79373987213	-0.6000000000000001
24688.725309920337	750	4.0	1.0983947312661895	352642	6861.60099139406	-4.423097344444614
24691.53992337255	300	5.1853865477842715	0.0	173849	2814.613452215728	-0.15000000000000002
24694.697994814247	300	6.027315106089051	0.0	150710	3158.0714416952205	0.3
24696.864053228892	300	7.86125669144209	0.0	139105	2166.058414646961	0.3
24699.526649291896	300	9.198660628440397	0.0	141840	2662.596063001693	0.3
24703.369152773725	300	9.35615714661235	0.0	156148	3842.503481828047	0.3
24706.266710728112	300	10.458599192222897	0.0	160746	2897.5579543894537	0.3
24708.253702440288	300	12.471607480049174	0.0	179801	1986.9917121737217	0.3
24709.82375792502	300	14.901551995316915	0.0	140051	1570.0554847322605	0.3
24715.210457430338	750	13.514852489999644	0.0	366214	5386.699505317271	0.3
24717.748599785347	300	14.976710134990649	0.0	143509	2538.142355008996	-0.15000000000000002
24719.958879663413	300	16.766430256925375	0.0	150616	2210.279878065273	0.3
24721.99630837081	300	18.72900154952559	0.0	165384	2037.428707399784	0.3
24723.55957585248	300	21.165734067855354	0.0	140881	1563.2674816702358	0.3
24727.341742807723	750	21.383567112610887	0.0	386472	3782.1669552444696	0.3
24728.840289920445	300	23.885019999889398	0.0	157812	1498.5471127214885	-0.15000000000000002
24733.00703616817	750	23.718273752166628	0.0	401853	4166.746247722772	0.3
24734.49852071569	300	26.226789204644735	0.0	137654	1491.484547521892	-0.15000000000000002
24738.964060160266	750	25.761249760073166	0.0	359903	4465.5394445715665	0.3
24743.57348886805	750	25.15182105228665	0.0	379700	4609.4287077865165	0.75
24747.36576659517	750	25.359543325168026	0.0	425781	3792.2777271186255	0.75
24750.180773538254	750	26.544536382083336	0.0	277716	2815.00694308469	0.75
24753.8608250733	750	26.864484847036955	0.0	400396	3680.051535046383	0.75
24757.89447658854	750	26.830833331799273	0.0	400508	4033.6515152376805	0.75
24763.75545845391	1200	24.969851466432136	0.0	570392	5860.981865367135	0.75
24770.112852440212	1200	22.61245748012985	0.0	620283	6357.393986302286	1.2
24777.36254201303	1200	19.36276790731108	0.0	584349	7249.689572818771	1.2
24789.42804276946	1200	11.29726715087809	0.0	670129	12065.500756432992	1.2
24792.42611169401	300	12.299198226327812	0.0	179328	2998.068924550279	-0.6000000000000001
24794.410948788063	300	14.314361132278295	0.0	159914	1984.8370940495167	0.3
24797.6056575996	750	15.119652320739585	0.0	321064	3194.7088115387114	0.3
24800.554891197615	750	16.170418722728623	0.0	361565	2949.233598010962	0.75
24803.799638574885	750	16.925671345460856	0.0	378327	3244.747377267766	0.75
24807.300350345304	750	17.424959575041502	0.0	390680	3500.711770419353	0.75
24813.674923830753	1200	15.050386089593712	0.0	566904	6374.5734854477905	0.75
24819.185221249434	1200	13.540088670910372	0.0	641452	5510.297418683341	1.2
24825.57966074448	1200	11.145649175863852	0.0	599477	6394.439495046521	1.2
24831.4968319464	1200	9.228477973946966	0.0	634861	5917.171201916886	1.2
24837.057634022054	1200	7.667675898291146	0.0	630203	5560.802075655819	1.2
24843.83671741176	1200	4.888592508584391	0.0	638661	6779.083389706755	1.2
24846.467864695984	750	6.257445224359832	0.0	331053	2631.14728422456	0.3
24851.695595272053	1200	5.0297146482898905	0.0	550906	5227.730576069941	0.75

