8648.885597338447	750	4.0	0.9321555281170851	450283	932.1555281170852	-3.2582687709034657
8650.571677025499	1850	6.313920312948205	0.0	957685	1686.0796870517947	0.75
8652.858103348053	2850	8.027493990393335	0.0	1300868	2286.4263225548693	1.85
8655.525048830395	2850	9.360548508051176	0.0	1520281	2666.94548234216	2.85
8658.046762541155	2850	10.838834797292972	0.0	1472558	2521.7137107582034	2.85
8660.31746345268	2850	12.56813388576694	0.0	1224260	2270.7009115260316	2.85
8663.463700176191	2850	13.421897162256615	0.0	1388403	3146.236723510325	2.85
8667.092669608475	2850	13.792927729971137	0.0	1638769	3628.9694322854803	2.85
8670.158077110784	2850	14.727520227661799	0.0	1348011	3065.4075023093374	2.85
8672.136906025109	1850	16.748691313336153	0.0	913888	1978.8289143256477	0.8500000000000001
8674.0954767416	1850	18.79012059684455	0.0	939819	1958.570716491602	1.85
8676.86636194002	2850	20.019235398427032	0.0	1519951	2770.8851984175176	1.85
8679.492549482902	2850	21.393047855543752	0.0	1422919	2626.18754288328	2.85
8682.543477401183	2850	22.34211993726499	0.0	1578343	3050.9279182787614	2.85
8686.209164178861	4300	22.676433159585322	0.0	2005399	3665.686777679667	2.8499999999999996
8691.084428084394	4300	21.801169254052045	0.0	2152483	4875.263905533275	4.3
8693.865035576304	2850	23.02056176214117	0.0	1491626	2780.607491910877	1.4000000000000001
8696.28881857823	2850	24.596778760215248	0.0	1358801	2423.7830019259195	2.85
8700.382012233616	4300	24.50358510482925	0.0	2220726	4093.193655386	2.8499999999999996
8704.396683622326	4300	24.48891371611853	0.0	2156729	4014.6713887107185	4.3
8708.176397329189	4300	24.709200009256058	0.0	2039773	3779.713706862471	4.3
8712.089788585943	4300	24.79580875250215	0.0	2176469	3913.391256753909	4.3
8716.244329458823	4300	24.641267879621306	0.0	2221506	4154.540872880842	4.3
8719.913970875019	4300	24.971626463425245	0.0	2044075	3669.6414161960647	4.3
8723.853046905317	4300	25.032550433128737	0.0	2186790	3939.0760302965073	4.3
8727.96676981026	4300	24.918827528184558	0.0	2105231	4113.722904944181	4.3
8732.710812404492	4300	24.17478493395412	0.0	2395588	4744.042594230439	4.3
8734.844550867865	2850	26.041046470581023	0.0	1141971	2133.7384633730935	1.4000000000000001
8738.919682273223	4300	25.965915065222838	0.0	2134614	4075.131405358186	2.8499999999999996
8743.119620589858	4300	25.765976748587274	0.0	2164140	4199.938316635565	4.3
8745.658916186076	2850	27.226681152368887	0.0	1341201	2539.2955962183873	1.4000000000000001
8749.450965313232	4300	27.434632025212743	0.0	2147852	3792.049127156142	2.8499999999999996
8753.831073787018	4300	27.054523551425664	0.0	2191074	4380.10847378708	4.3
8757.913136632158	4300	26.972460706286224	0.0	2286761	4082.0628451394405	4.3
8762.025613948106	4300	26.859983390336204	0.0	2307787	4112.477315950017	4.3
8765.729100177365	4300	27.156497161078438	0.0	2143948	3703.4862292577686	4.3
8769.08456600659	4300	27.80103133185348	0.0	1919781	3355.4658292249596	4.3
8773.643148432326	4300	27.242448906117787	0.0	2147467	4558.582425735692	4.3
8778.292781431503	4300	26.592815906940924	0.0	2133870	4649.632999176866	4.3
8781.453173664273	2850	27.43242367416873	0.0	1402287	3160.3922327721925	1.4000000000000001
8784.194128117277	2850	28.691469221165768	0.0	1339500	2740.9544530029652	2.85
8786.951140107687	2850	29.934457230754386	0.0	1527299	2757.011990411383	2.85
8789.442360122172	2850	31.443237216270273	0.0	1343002	2491.2200144841117	2.85
8793.676523159213	4300	31.20907417922817	0.0	2219102	4234.1630370421035	2.8499999999999996
8797.888913431989	4300	30.996683906452322	0.0	2124950	4212.390272775849	4.3
8802.624942394837	4300	30.260654943602965	0.0	2246506	4736.02896284936	4.3
8806.129788946078	4300	30.755808392360862	0.0	1961140	3504.8465512421035	4.3
8810.082193863473	4300	30.80340347496871	0.0	2155012	3952.4049173921494	4.3

