24470.17233804836	750	4.0	8.215266709904062	450283	8215.266709904063	-34.57564685258747
24473.20139989478	300	4.97093815357864	0.0	155580	3029.0618464213608	-0.15000000000000002
24475.655066676645	300	6.517271371711869	0.0	139857	2453.6667818667706	0.3
24477.811016370502	300	8.361321677856907	0.0	155432	2155.9496938549614	0.3
24479.94042108319	300	10.231916965167043	0.0	163442	2129.404712689864	0.3
24481.51418747846	300	12.658150569897952	0.0	126289	1573.7663952690905	0.3
24482.879504695407	300	15.292833352949737	0.0	153295	1365.3172169482154	0.3
24484.4587243863	300	17.713613662059643	0.0	173849	1579.2196908900933	0.3
24487.577441685447	750	18.594896362911854	0.0	374758	3118.717299147789	0.3
24490.852782438782	750	19.319555609576163	0.0	362795	3275.340753335689	0.75
24494.143000734424	750	20.02933731392961	0.0	353220	3290.218295646555	0.75
24499.185280872905	750	18.987057175450214	0.0	405134	5042.280138479394	0.75
24502.408627884597	750	19.76371016375691	0.0	386351	3223.3470116933063	0.75
24506.14743724124	750	20.02490080711356	0.0	434409	3738.8093566433495	0.75
24510.606500495807	750	19.565837552550022	0.0	337059	4459.06325456354	0.75
24514.133558497873	750	20.0387795504847	0.0	366214	3527.0580020653206	0.75
24516.982615946763	750	21.189722101593595	0.0	360831	2849.057448891107	0.75
24520.107950579208	750	22.064387469149025	0.0	372963	3125.3346324445693	0.75
24524.743191792753	750	21.42914625560203	0.0	405596	4635.241213546994	0.75
24528.235490614054	750	21.93684743430206	0.0	350713	3492.2988212999685	0.75
24531.310625357484	750	22.86171269087064	0.0	386472	3075.1347434314207	0.75
24537.09730760164	1200	21.075030446709825	0.0	616206	5786.6822441608165	0.75
24541.058983368985	750	21.11335467936533	0.0	401853	3961.675767344497	0.3
24548.13119377115	1200	18.041144277202488	0.0	536667	7072.21040216284	0.75
24553.24191465453	750	16.93042339382242	0.0	359903	5110.720883380067	0.3
24557.26366350188	750	16.90867454647738	0.0	379700	4021.748847345044	0.75
24558.917903155223	300	19.25443489313222	0.0	181901	1654.2396533451565	-0.15000000000000002
24561.100753085535	750	21.071584962818598	0.0	277716	2182.8499303136223	0.3
24564.53279877691	750	21.639539271444395	0.0	400396	3432.0456913742	0.75
24568.477300844137	750	21.695037204215893	0.0	400508	3944.5020672285036	0.75
24573.951494871737	1200	20.220843176615134	0.0	570392	5474.194027600758	0.75
24577.67487299778	750	20.49746505057124	0.0	400322	3723.378126043896	0.3
24580.8139242292	750	21.358413819151064	0.0	369834	3139.0512314201715	0.75
24584.617664994323	750	21.55467305403122	0.0	412837	3803.7407651198464	0.75
24588.579708366324	750	21.592629682027937	0.0	401088	3962.0433720032797	0.75
24592.344849195124	750	21.82748885322939	0.0	365161	3765.140828798547	0.75
24597.657721978263	1200	20.514616070088792	0.0	487812	5312.8727831405995	0.75
24601.403481979334	750	20.768856069016174	0.0	361565	3745.7600010726214	0.3
24605.525937476035	750	20.64640057231293	0.0	378327	4122.455496703244	0.75
24612.75520634167	750	17.417131706680788	0.0	390680	7229.26886563214	0.75
24615.980940243688	750	18.19139780466249	0.0	345516	3225.7339020183013	0.75
24618.15379081727	300	20.018547231080884	0.0	161857	2172.8505735816047	-0.15000000000000002
24622.077517109134	750	20.0948209392175	0.0	372093	3923.726291863387	0.3
24624.0101808129	300	22.16215723545309	0.0	172312	1932.6637037644052	-0.15000000000000002
24629.57376457647	750	20.598573471880048	0.0	398987	5563.583763573042	0.3
24633.915778328403	750	20.256559719947937	0.0	393804	4342.013751932112	0.75
24636.293419725636	750	21.878918322714455	0.0	331053	2377.6413972334835	0.75
24638.5252092641	750	23.647128784251244	0.0	314107	2231.78953846321	0.75

