22875.96080890667	750	4.0	2.572266498290951	450283	2572.266498290951	0.036979772	-10.310745942651089
22876.969879064363	300	6.990929842309494	0.0	155580	1009.0701576905071	0.504489	-0.15000000000000002
22877.722745357776	300	10.238063548894877	0.0	139857	752.8662934146156	0.008386892	0.3
22882.88697395919	750	9.073834947485702	0.0	382355	5164.228601409175	0.66173565	0.3
22886.550435699817	300	9.410373206857422	0.0	163442	3663.4617406282814	0.004705182	-0.15000000000000002
22888.71076572616	300	11.25004318051577	0.0	126289	2160.3300263416513	0.004705182	0.3
22891.441417152135	300	12.519391754537633	0.0	153295	2730.6514259781366	0.004705182	0.3
22894.46001893316	300	13.500789973510578	0.0	173849	3018.601781027055	0.004705182	0.3
22898.10629171492	300	13.854517191750062	0.0	150710	3646.2727817605146	0.004705182	0.3
22900.637796189647	300	15.323012717025527	0.0	139105	2531.504474724536	0.004705182	0.3
22903.355694174254	300	16.60511473241883	0.0	141840	2717.897984606696	0.004705182	0.3
22906.73196335143	300	17.22884555523775	0.0	156148	3376.2691771810846	0.004705182	0.3
22910.232441810902	300	17.728367095767965	0.0	160746	3500.478459469784	0.004705182	0.3
22913.236456423943	300	18.72435248272808	0.0	179801	3004.014613039888	0.004705182	0.3
22915.012319574224	300	20.948489332446595	0.0	140051	1775.8631502814808	0.0075104795	0.3
22916.785384809482	300	23.17542409718462	0.0	138313	1773.065235261975	0.12677681	0.3
22918.689225197464	300	25.27158370920337	0.0	143509	1903.840387981252	0.69367224	0.3
22922.96226574096	750	24.998543165708533	0.0	372963	4273.040543494838	0.20594475	0.3
22926.353316325087	750	25.60749258158125	0.0	405596	3391.050584127279	0.004705182	0.75
22928.14890939142	750	27.81189951524526	0.0	350713	1795.5930663359945	0.004705182	0.75
22930.389472568564	750	29.57133633810186	0.0	386472	2240.5631771433987	0.08792626	0.75
22933.047538498995	1200	30.913270407671295	0.0	616206	2658.065930430566	0.25382742	0.75
22938.973154521485	1200	28.98765438518273	0.0	656471	5925.6160224885625	0.004705182	1.2
22945.774871422644	750	26.185937484023533	0.0	343800	6801.7169011592	0.60756963	0.3
22950.538186326787	750	25.422622579880656	0.0	359903	4763.314904142877	0.004705182	0.75
22958.632170107783	750	21.32863879888605	0.0	379700	8093.983780994604	0.004705182	0.75
22965.572746758706	750	18.38806214796043	0.0	425781	6940.576650925619	0.03691713	0.75
22969.228371838744	750	18.732437067923527	0.0	277716	3655.625080036904	0.111180924	0.75
22973.87077809273	750	18.090030813941194	0.0	400396	4642.4062539823335	0.012321382	0.75
22977.19664909418	750	18.764159812484582	0.0	400508	3325.8710014566127	0.047104042	0.75
22980.165745177415	750	19.79506372925253	0.0	358218	2969.09608323205	0.0057917098	0.75
22986.603276005146	750	17.357532901521985	0.0	400322	6437.53082773054	0.004705182	0.75
22990.288023340538	750	17.672785566130315	0.0	369834	3684.747335391672	0.686906	0.75
22994.366267036654	750	17.594541870014517	0.0	412837	4078.2436961157973	0.01304969	0.75
22998.938052532783	750	17.022756373882707	0.0	401088	4571.785496131807	0.0077014808	0.75
23001.67140814686	750	18.289400759810725	0.0	365161	2733.3556140719857	0.006366723	0.75
23003.576253505926	750	20.38455540074218	0.0	321064	1904.8453590685453	0.009407291	0.75
23006.435550847207	750	21.5252580594641	0.0	361565	2859.297341278077	0.27855864	0.75
23009.010518228202	750	22.950290678467425	0.0	378327	2574.9673809966735	0.29253703	0.75
23013.289869325166	1200	22.67093958150649	0.0	587506	4279.351096960935	0.68279034	0.75
23016.691674480015	1200	23.269134426658987	0.0	566904	3401.8051548475046	0.00995818	1.2
23020.509511736804	1200	23.451297169868134	0.0	641452	3817.8372567908505	0.004705182	1.2
23023.887575578683	1200	24.073233327987904	0.0	599477	3378.063841880234	0.004705182	1.2
23029.048874238782	1200	22.911934667888755	0.0	634861	5161.298660099145	0.012695572	1.2
23040.450649702765	1200	15.510159203904813	0.0	630203	11401.775463983942	0.004705182	1.2
23047.293014061743	750	12.667794844927975	0.0	393804	6842.364358976838	0.017279735	0.3
23051.911955416286	750	12.048853490384579	0.0	331053	4618.941354543396	0.043065686	0.75
23054.93209353771	750	13.028715368956867	0.0	314107	3020.138121427711	0.007332234	0.75

