21450.78284336621	750	4.0	3.1328471558220468	450283	3132.8471558220467	0.5	-12.7212427700348
21453.23957183404	750	5.54327153216687	0.0	398865	2456.72846783313	0.5	0.75
21455.278231764147	750	7.504611602065916	0.0	350812	2038.6599301009546	0.5	0.75
21459.102752471998	1200	7.68009089421407	0.0	617681	3824.520707851846	0.5	0.75
21463.973516531718	1200	6.809326834495646	0.0	652874	4870.764059718424	0.5	1.2
21468.446892722513	1200	6.335950643699007	0.0	520315	4473.376190796638	0.5	1.2
21473.193766278404	1200	5.589077087806423	0.0	561791	4746.873555892585	0.5	1.2
21477.387137198828	750	5.395706167381688	0.0	437162	4193.370920424735	0.5	0.3
21480.161236275555	750	6.621607090656853	0.0	374758	2774.099076724835	0.5	0.75
21482.668532924577	750	8.11431044163138	0.0	362795	2507.296649025472	0.5	0.75
21486.37771014259	750	8.405133223619574	0.0	353220	3709.1772180118073	0.5	0.75
21489.42480579667	750	9.35803756954258	0.0	405134	3047.095654076994	0.5	0.75
21492.704355250084	750	10.078488116128803	0.0	386351	3279.549453413777	0.5	0.75
21496.31308975452	750	10.469753611692935	0.0	434409	3608.7345044358676	0.5	0.75
21498.868349392083	750	11.914493974129622	0.0	337059	2555.2596375633125	0.5	0.75
21501.65025307827	750	13.132590287939767	0.0	366214	2781.9036861898553	0.5	0.75
21506.117235495327	1200	12.665607870884262	0.0	617242	4466.982417055505	0.5	0.75
21510.858367885532	1200	11.92447548067582	0.0	581493	4741.1323902084405	0.5	1.2
21516.346593203176	1200	10.436250163032474	0.0	639204	5488.225317643347	0.5	1.2
21521.391703694706	1200	9.391139671501685	0.0	586839	5045.110491530787	0.5	1.2
21526.823611450243	1200	7.959231915962105	0.0	601738	5431.90775553958	0.5	1.2
21530.627847318083	750	8.154996048123472	0.0	399894	3804.235867838633	0.5	0.3
21534.911185250963	1200	7.871658115242493	0.0	656471	4283.337932880979	0.5	0.75
21538.01812789991	1200	8.764715466293831	0.0	536667	3106.9426489486623	0.5	1.2
21541.79133832592	1200	8.991505040287072	0.0	587236	3773.210426006759	0.5	1.2
21546.247834223264	1200	8.5350091429418	0.0	590335	4456.495897345271	0.5	1.2
21552.182187980205	1200	6.600655385998433	0.0	696376	5934.353756943366	0.5	1.2
21556.566978614774	1200	6.215864751430486	0.0	487160	4384.790634567948	0.5	1.2
21561.770160094	1200	5.012683272203998	0.0	622896	5203.181479226488	0.5	1.2
21564.427364881674	750	6.355478484529533	0.0	400508	2657.2047876744655	0.5	0.3
21568.11256605658	750	6.670277309621139	0.0	358218	3685.2011749083945	0.5	0.75
21571.256305988903	750	7.526537377301731	0.0	400322	3143.7399323194077	0.5	0.75
21574.25455707024	750	8.528286295964987	0.0	369834	2998.251081336744	0.5	0.75
21577.927600182258	750	8.855243183946953	0.0	412837	3673.043112018033	0.5	0.75
21580.848056181752	750	9.934787184455121	0.0	401088	2920.455999491833	0.5	0.75
21583.629870985078	750	11.152972381128471	0.0	365161	2781.8148033266502	0.5	0.75
21587.05849332393	1200	11.724350042278058	0.0	487812	3428.6223388504127	0.5	0.75
21591.665920854237	1200	11.116922511972414	0.0	575591	4607.427530305643	0.5	1.2
21597.078312443868	1200	9.70453092234023	0.0	605884	5412.391589632185	0.5	1.2
21601.99657505204	1200	8.786268314168279	0.0	587506	4918.262608171951	0.5	1.2
21606.82286575424	1200	7.959977611965044	0.0	566904	4826.290702203235	0.5	1.2
21612.86914047024	1200	5.913702895965626	0.0	641452	6046.274715999418	0.5	1.2
21615.488858539342	750	7.293984826863587	0.0	372093	2619.7180691020385	0.5	0.3
21618.09326576423	750	8.68957760197714	0.0	438281	2604.4072248864472	0.5	0.75
21620.4769546969	750	10.305888669303773	0.0	398987	2383.688932673367	0.5	0.75
21624.671253984932	1200	10.111589381273108	0.0	638661	4194.299288030666	0.5	0.75
21628.80184957405	1200	9.98099379215303	0.0	538612	4130.59558912008	0.5	1.2
21635.93635360093	1850	6.846489765274209	0.0	846370	7134.50402687882	0.5	1.2000000000000002

