1058.8291732519963	750	4.0	6.619212714537035	450283	6619.212714537035	-27.71261467250925
1060.940135596247	300	5.8890376557490836	0.0	155580	2110.9623442509164	-0.15000000000000002
1062.7461976000363	300	8.082975651959863	0.0	139857	1806.0620037892206	0.3
1065.463785511152	300	9.365387740844167	0.0	155432	2717.587911115697	0.3
1068.0799537148823	300	10.749219537113932	0.0	163442	2616.1682037302335	0.3
1069.6790071494393	300	13.150166102556996	0.0	126289	1599.0534345569358	0.3
1071.7027301999854	300	15.126443052010968	0.0	153295	2023.723050546029	0.3
1074.8993202582487	300	15.929852993747614	0.0	173849	3196.590058263353	0.3
1077.920899811363	300	16.9082734406336	0.0	150710	3021.579553114015	0.3
1079.7975778987125	300	19.03159535328397	0.0	139105	1876.6780873496273	0.3
1082.133835436637	300	20.695337815359544	0.0	141840	2336.2575379244277	0.3
1084.1521540764327	300	22.67701917556383	0.0	156148	2018.3186397957147	0.3
1086.214149418554	300	24.615023833442507	0.0	160746	2061.9953421213213	0.3
1088.4558223658246	300	26.373350886171785	0.0	179801	2241.6729472707243	0.3
1090.087257647099	300	28.74191560489749	0.0	140051	1631.435281274297	0.3
1091.785835596687	300	31.043337655309355	0.0	138313	1698.5779495881313	0.3
1093.8694297781208	300	32.9597434738759	0.0	143509	2083.594181433456	0.3
1095.1985967671958	300	35.630576484800784	0.0	150616	1329.1669890751227	0.3
1096.3533422471062	300	38.47583100489038	0.0	165384	1154.7454799104007	0.3
1097.5884205328325	300	41.24075271916378	0.0	140881	1235.0782857266004	0.3
1099.276593286288	300	43.55257996570847	0.0	157671	1688.1727534553127	0.3
1100.98587350526	300	45.84329974673623	0.0	157812	1709.2802189722356	0.3
1102.7655022661788	300	48.06367098581751	0.0	163927	1779.62876091872	0.3
1103.9445134779917	300	50.884659774004746	0.0	137654	1179.0112118127631	0.3
1105.2854860187938	300	53.543687233202355	0.0	146754	1340.9725408023864	0.3
1106.7089691805504	300	56.120204071445855	0.0	153938	1423.4831617564978	0.3
1108.1651427737058	300	58.664030478290506	0.0	181901	1456.1735931553494	0.3
1110.1148185085822	300	59.76678363837548	0.0	111155	897.2468399150301	0.3
1112.3277635794095	300	59.52152555044256	0.0	153605	1245.2580879329162	0.3
1114.0346451331	300	59.9169283317946	0.0	149029	1104.5972186479557	0.3
1115.6476256213216	300	59.65158022660503	0.0	157421	1265.3481051895694	0.3
1117.9953825774207	300	59.906517897171504	0.0	157488	1245.0623294335203	0.3
1121.1111815028037	300	59.65496582411272	0.0	143881	1751.5520730587837	0.3
1123.9976015067255	300	59.858879243514025	0.0	163444	1796.0865805986946	0.3
1127.2862982505933	300	59.554697502191665	0.0	179328	2304.181741322364	0.3
1130.851623993349	300	59.989371759435805	0.0	159914	3065.325742755864	0.3
1135.1162256258713	300	59.72477012691372	0.0	131610	2264.601632522087	0.3
1138.233502577574	300	59.50835290672392	0.0	124011	2216.4172201897986	0.3
1140.5244179933077	300	59.76332507416365	0.0	144254	1745.02783256027	0.3
1142.1656864038678	300	59.91063467457026	0.0	149991	1352.6903995933917	0.3
1145.0004385403686	300	59.61754759280325	0.0	147968	1293.0870817670168	0.3
1147.9550755575592	300	59.64106159257483	0.0	161857	2476.4860002284204	0.3
1150.9567022857846	300	59.83432374194327	0.0	145210	2306.7378506315567	0.3
1154.9873939961628	300	59.80363203156504	0.0	172312	2530.6917103782307	0.3
1158.3078267104413	300	59.821205948911775	0.0	167025	1982.426082653264	0.3
1161.1187643334133	300	59.779740467738556	0.0	160064	2041.4654811732157	0.3
1163.7271703250012	300	59.6352736003438	0.0	137507	1644.4668673947522	0.3
1165.7801476389493	300	59.800754505466436	0.0	118421	1334.5190948773654	0.3

