4048.27447552785	750	4.0	2.009934342455404	450283	2009.9343424554038	1.0927823	-7.892717672558236
4049.105093794788	300	7.169381733062442	0.0	155580	830.6182669375579	1.090969	-0.15000000000000002
4055.911955453607	1200	4.362520074243204	0.0	571051	6806.861658819238	1.1966763	0.29999999999999993
4060.205251227159	1200	4.06922430069085	0.0	617681	4293.295773552354	0.60598797	1.2
4063.353134982684	1200	4.921340545165695	0.0	652874	3147.8837555251553	1.0496863	1.2
4063.9934835687436	300	8.280991959106242	0.0	126289	640.3485860594524	1.2071033	-0.6000000000000001
4065.621299179131	750	10.653176348719128	0.0	352642	1627.8156103871138	1.2032874	0.3
4069.8034907069436	1850	10.470984820906276	0.0	1060487	4182.191527812853	1.2784133	0.75
4075.5699473832224	2850	8.70452814462738	0.0	1348011	5766.456676278896	1.3355271	1.85
4078.062077456257	1200	10.212398071592084	0.0	560821	2492.130073035295	1.3013812	-0.44999999999999996
4078.6703470323205	300	13.60412849552891	0.0	141840	608.2695760631748	1.2985345	-0.6000000000000001
4080.3486101525623	750	15.925865375287282	0.0	405134	1678.263120241629	1.2487854	0.3
4083.0342079631682	1200	17.240267564681076	0.0	624282	2685.597810606205	1.3424675	0.75
4085.930821693691	1200	18.343653834158275	0.0	687371	2896.6137305228003	1.3819156	1.2
4088.108691075884	1200	20.165784451965052	0.0	526950	2177.8693821932197	1.4191248	1.2
4090.4513692778814	1200	21.82310624996784	0.0	587876	2342.678201997214	1.4207306	1.2
4092.95358113268	1200	23.32089439516905	0.0	617242	2502.211854798791	1.428735	1.2
4094.51352607776	750	25.760949450089004	0.0	372963	1559.9449450800441	1.4565417	0.3
4098.428400982905	1850	25.846074544944152	0.0	987708	3914.874905144851	1.3991094	0.75
4103.806401584534	2850	24.46807394331588	0.0	1336050	5378.000601628274	1.5032461	1.85
4107.552661328229	1850	24.721814199620663	0.0	891604	3746.259743695213	1.3795154	0.8500000000000001
4110.589116141561	1200	25.68535938628793	0.0	616206	3036.454813332733	1.4973594	0.5499999999999999
4116.121057397246	1850	24.153418130603836	0.0	968026	5531.941255684095	1.4581884	1.2000000000000002
4121.436813051361	1200	22.83766247648768	0.0	536667	5315.7556541161575	1.4648415	0.5499999999999999
4127.876948744422	1850	20.397526783426294	0.0	897976	6440.1356930613865	1.3470664	1.2000000000000002
4132.274130923978	1850	20.000344603870868	0.0	905935	4397.182179555425	1.3920636	1.85
4136.29254242671	1200	19.981933101139145	0.0	696376	4018.411502731723	1.4245485	0.5499999999999999
4139.985246664336	1850	20.289228863512257	0.0	758197	3692.7042376268882	1.4112419	1.2000000000000002
4145.552028454793	1850	18.722447073055353	0.0	972798	5566.781790456907	1.4477663	1.85
4146.43044452863	300	21.844030999218724	0.0	149029	878.4160738366245	1.411683	-1.25
4147.380215962742	300	24.894259565106577	0.0	157421	949.7714341121499	1.3069178	0.3
4153.19022941403	1850	23.084246113817965	0.0	954453	5810.013451288609	1.3259037	0.30000000000000004
4160.803957325451	2850	19.470518202397432	0.0	1358081	7613.727911420531	1.4368911	1.85
4170.812902836342	4300	13.46157269150682	0.0	2286761	10008.945510890613	1.3249178	2.8499999999999996
4179.688626586259	2850	8.585848941590097	0.0	1492672	8875.723749916724	1.2584134	1.4000000000000001
4184.913461898633	1850	7.361013629215583	0.0	943942	5224.835312374514	1.247266	0.8500000000000001
4187.5181394373485	1200	8.756336090500104	0.0	487812	2604.6775387154785	1.2292219	0.5499999999999999
4189.5780286577665	750	10.696446870081934	0.0	361565	2059.889220418171	1.2566133	0.3
4194.912786589079	1200	9.361688938768923	0.0	605884	5334.757931313012	1.2982277	0.75
4196.52377672129	300	11.750698806557546	0.0	149991	1610.9901322113753	1.2222602	-0.6000000000000001
4201.172148269864	750	11.102327257984152	0.0	345516	4648.371548573394	1.2109387	0.3
4205.101476453504	750	11.172999074344043	0.0	384505	3929.32818364011	1.1750147	0.75
4207.165568424215	750	13.108907103633477	0.0	372093	2064.091970710566	1.1864213	0.75
4210.719770143688	1200	13.554705384160144	0.0	634861	3554.2017194733326	1.2828894	0.75
4215.269863048755	1200	13.004612479093222	0.0	630203	4550.092905066921	1.3150282	1.2
4219.809950523382	1200	12.464525004465402	0.0	638661	4540.0874746278205	1.2767448	1.2
4225.645348870672	1850	10.62912665717473	0.0	830730	5835.398347290674	1.2916722	1.2000000000000002
4229.322040682249	750	10.952434845596954	0.0	314107	3676.691811577775	1.2424235	-0.3500000000000001

