9647.468439173705	750	4.0	2.342534869962582	450283	2342.534869962582	0.5	-9.322899940839102
9651.587699567797	1200	4.0	0.11926039409261102	611087	4119.260394092611	0.5	0.23718030540177254
9652.926471383418	750	6.661228184376907	0.0	350812	1338.7718156230933	0.5	0.3
9655.126407116486	1200	8.461292451310928	0.0	617681	2199.9357330659795	0.5	0.75
9657.333723356222	1200	10.253976211575688	0.0	652874	2207.3162397352403	0.5	1.2
9658.910018334056	1200	12.67768123374082	0.0	520315	1576.2949778348673	0.5	1.2
9661.801437045868	1850	13.786262521927222	0.0	905515	2891.4187118136	0.5	1.2000000000000002
9665.427408099347	1850	14.16029146844813	0.0	1060487	3625.971053479092	0.5	1.85
9668.908428381907	1850	14.67927118588926	0.0	852833	3481.020282558869	0.5	1.85
9673.653219990018	1850	13.934479577779534	0.0	913888	4744.791608109727	0.5	1.85
9677.310642747914	1850	14.27705681988176	0.0	939819	3657.4227578977734	0.5	1.85
9680.342375349663	1850	15.245324218133524	0.0	917428	3031.732601748235	0.5	1.85
9683.302246344845	1850	16.285453222951165	0.0	946851	2959.8709951823585	0.5	1.85
9686.535208398554	1850	17.052491169241527	0.0	1036454	3232.96205370964	0.5	1.85
9689.12846845127	1850	18.45923111652586	0.0	821631	2593.260052715664	0.5	1.85
9692.097919673848	1850	19.48977989394715	0.0	923170	2969.451222578712	0.5	1.85
9696.128702720831	1850	19.45899684696533	0.0	966699	4030.783046981818	0.5	1.85
9700.271921792895	1850	19.315777774900912	0.0	885714	4143.219072064422	0.5	1.85
9704.356269233884	1850	19.231430333912147	0.0	987708	4084.347440988762	0.5	1.85
9708.017512707105	1850	19.57018686069127	0.0	923755	3661.243473220879	0.5	1.85
9711.191149492272	1850	20.396550075524416	0.0	891604	3173.6367851668515	0.5	1.85
9715.004589751954	1850	20.5831098158427	0.0	955231	3813.440259681715	0.5	1.85
9720.382801307833	1850	19.204898259962516	0.0	968026	5378.211555880183	0.5	1.85
9725.258669982424	1850	18.329029585371572	0.0	874175	4875.868674590943	0.5	1.85
9729.91169363909	1850	17.67600592870761	0.0	897976	4653.023656663962	0.5	1.85
9735.019249321042	1850	16.56845024675398	0.0	905935	5107.555681953632	0.5	1.85
9741.580128958241	1850	14.007570609554053	0.0	1076599	6560.879637199925	0.5	1.85
9747.097043105483	1850	12.49065646231257	0.0	758197	5516.914147241483	0.5	1.85
9753.532385808814	1850	10.055313758981358	0.0	972798	6435.342703331213	0.5	1.85
9758.214753651415	1200	9.372945916381866	0.0	641447	4682.367842599491	0.5	0.5499999999999999
9763.061677474461	1200	8.52602209333531	0.0	570392	4846.923823046556	0.5	1.2
9768.05156273489	1200	7.5361368329066565	0.0	620283	4989.885260428654	0.5	1.2
9774.361916685117	1200	5.2257828826793284	0.0	584349	6310.353950227328	0.5	1.2
9778.950784034458	750	4.636915533340484	0.0	412837	4588.867349338844	0.5	0.3
9784.04470287013	300	4.0	0.45700330233176284	179328	5093.918835672247	0.5	-2.1151142000265803
9787.533828369118	300	4.510874501009932	0.0	159914	3489.1254989900676	0.5	0.3
9788.899929173274	300	7.144773696853441	0.0	131610	1366.1008041564899	0.5	0.3
9791.334602555307	300	8.710100314820112	0.0	124011	2434.6733820333297	0.5	0.3
9793.93506729774	300	10.10963557238647	0.0	144254	2600.464742433644	0.5	0.3
9797.19678288474	300	10.847919985386286	0.0	149991	3261.7155870001843	0.5	0.3
9799.45781229703	300	12.586890573094829	0.0	147968	2261.0294122914574	0.5	0.3
9801.005643495317	300	15.039059374808765	0.0	161857	1547.8311982860637	0.5	0.3
9802.122844843108	300	17.921858027018192	0.0	145210	1117.2013477905712	0.5	0.3
9803.499670665751	300	20.545032204376387	0.0	172312	1376.825822641804	0.5	0.3
9805.695651118547	750	22.34905175157935	0.0	398987	2195.9804527970364	0.5	0.3
9810.080697195172	1200	21.964005674953864	0.0	638661	4385.046076625486	0.5	0.75
9814.92060758321	1850	21.12409528691721	0.0	830730	4839.910388036655	0.5	1.2000000000000002
9824.30766177955	2850	15.737041090575989	0.0	1364537	9387.054196341222	0.5	1.85

