3131.032155184695	750	4.0	4.034106319630938	450283	4034.106319630938	-16.596657174413032
3132.1484565233827	300	6.883698661312633	0.0	155580	1116.3013386873674	-0.15000000000000002
3135.303955148229	1200	7.728200036466525	0.0	571051	3155.4986248461078	0.29999999999999993
3140.1723098379225	1200	6.859845346773125	0.0	617681	4868.3546896934	1.2
3143.6503019938755	1200	7.381853190820475	0.0	652874	3477.9921559526497	1.2
3146.1361169058314	1200	8.896038278864356	0.0	520315	2485.8149119561185	1.2
3151.685303101117	1850	7.346852083578747	0.0	905515	5549.18619528561	1.2000000000000002
3156.586906785099	1850	6.445248399596479	0.0	1060487	4901.603683982268	1.85
3157.1686265051053	300	9.8635286795901	0.0	150710	581.7197200063783	-1.25
3158.8776194833117	1200	12.154535701383823	0.0	560821	1708.9929782062768	0.29999999999999993
3162.4135728945735	1850	12.6185822901217	0.0	939819	3535.953411262122	1.2000000000000002
3164.9146408651936	1200	14.117514319501657	0.0	594078	2501.0679706200453	0.5499999999999999
3167.413335187325	1200	15.61881999736987	0.0	624282	2498.6943221317874	1.2
3170.1689758022835	1200	16.86317938241153	0.0	687371	2755.6406149583404	1.2
3172.1201962150426	1200	18.91195896965296	0.0	526950	1951.2204127585687	1.2
3175.2184146010104	1200	19.813740583685032	0.0	587876	3098.218385967932	1.2
3180.0334157058446	1200	18.99873947885073	0.0	617242	4815.0011048342985	1.2
3181.866390004296	750	21.16576518039926	0.0	372963	1832.9742984514708	0.3
3183.338681838257	750	23.693473346438672	0.0	405596	1472.2918339605865	0.75
3185.707598163697	1200	25.324557020997897	0.0	586839	2368.916325440777	0.75
3187.8475005438495	1200	27.18465464084595	0.0	601738	2139.90238015195	1.2
3190.1282703982592	1200	28.903884786436354	0.0	616206	2280.7698544095933	1.2
3194.8133936829145	1200	28.21876150178124	0.0	656471	4685.123284655108	1.2
3197.0976628942103	1200	29.93449229048544	0.0	536667	2284.2692112958034	1.2
3199.4513560648184	1200	31.580799119877334	0.0	587236	2353.693170608104	1.2
3201.8944926723625	1200	33.137662512333435	0.0	590335	2443.1366075438978	1.2
3206.1834718286455	1850	32.84868335605012	0.0	1076599	4288.97915628332	1.2000000000000002
3208.9166169273412	1850	34.11553825735469	0.0	758197	2733.1450986954246	1.85
3212.311892978857	2850	34.72026220583896	0.0	1498470	3395.27605151574	1.85
3216.9568922013937	2850	34.075262983301684	0.0	1561263	4644.999222537267	2.85
3221.324108483993	2850	33.70804670070234	0.0	1341201	4367.216282599346	2.85
3225.219439593703	2850	33.812715590992156	0.0	1497683	3895.331109710182	2.85
3228.11380979414	2850	34.91834539055539	0.0	1358081	2894.370200436766	2.85
3232.574950515067	4300	34.45720466962778	0.0	2286761	4461.140720927616	2.8499999999999996
3237.888545088028	4300	33.14361009666705	0.0	2307787	5313.594572960722	4.3
3246.4387490750933	4300	28.59340610960193	0.0	2143948	8550.20398706512	4.3
3253.9222162517226	4300	25.109938932972792	0.0	1919781	7483.467176629138	4.3
3258.3647218303436	4300	24.667433354352127	0.0	2147467	4442.505578620667	4.3
3263.4296465587954	4300	23.60250862589974	0.0	2133870	5064.92472845239	4.3
3268.8518468515103	4300	22.18030833318493	0.0	2146120	5422.200292714809	4.3
3274.722844192828	4300	20.309310991867775	0.0	2108491	5870.997341317153	4.3
3283.5193569711937	4300	15.512798213501844	0.0	2184571	8796.512778365932	4.3
3291.6100715624057	4300	11.422083622289655	0.0	2121928	8090.714591212189	4.3
3299.6886534484092	4300	7.343501736285744	0.0	2219102	8078.581886003912	4.3
3311.096440036648	4300	4.0	4.064284851952601	2124950	11407.786588238345	-13.176424863396182
3312.686863192621	300	6.409576844027069	0.0	160064	1590.42315597293	-3.7
3319.1709370762796	1850	4.0	0.07449703963153752	830730	6484.073883658607	-0.020337270415611286
3320.372383827983	300	6.79855324829637	0.0	118421	1201.4467517036296	-1.25

