26306.051571371776	750	4.0	3.8635903273045304	450283	3863.5903273045305	-15.863438407409479
26307.291908778025	300	6.759662593753583	0.0	155580	1240.3374062464177	-0.15000000000000002
26308.712891956777	300	9.338679415001378	0.0	139857	1420.983178752206	0.3
26313.43556770873	1200	8.616003663045687	0.0	617681	4722.67575195569	0.29999999999999993
26317.012409682437	750	9.039161689338139	0.0	411561	3576.8419737075487	0.3
26321.02078150911	1200	9.03078986266708	0.0	520315	4008.371826671059	0.75
26325.43139837934	1200	8.620172992435288	0.0	561791	4410.616870231791	1.2
26329.354843907295	750	8.696727464483189	0.0	437162	3923.445527952098	0.3
26333.058772912085	750	8.992798459692297	0.0	374758	3703.9290047908903	0.75
26336.26729849254	750	9.784272879236857	0.0	362795	3208.525580455441	0.75
26342.41177853004	1200	7.639792841739124	0.0	607410	6144.480037497734	0.75
26350.078258655285	750	4.0	0.026687283505532833	405134	7666.480125244657	0.18524468092620877
26353.56423403268	300	4.514024622601666	0.0	160746	3485.9753773983343	-0.15000000000000002
26358.185433681836	300	4.0	0.10717502655127555	179801	4621.199649152942	-0.16085261417048485
26361.535072651022	300	4.6503610308123715	0.0	140051	3349.638969187628	0.3
26365.312301174694	300	4.873132507139193	0.0	138313	3777.2285236731786	0.3
26368.575201546315	300	5.610232135516566	0.0	143509	3262.900371622627	0.3
26372.189631246336	300	5.995802435497179	0.0	150616	3614.4297000193865	0.3
26375.721615988597	300	6.463817693235699	0.0	165384	3531.9847422614803	0.3
26378.59993424142	300	7.5854994404100236	0.0	140881	2878.318252825676	0.3
26389.517492509098	750	4.0	3.332058827266974	386472	10917.558267676997	-14.027852957247987
26392.397152846966	300	5.120339662132064	0.0	157812	2879.6603378679356	-0.15000000000000002
26394.25086868187	300	7.2666238272266055	0.0	163927	1853.7158349054587	0.3
26397.548485250532	750	7.969007258565967	0.0	343800	3297.6165686606387	0.3
26403.134509045358	750	6.382983463738501	0.0	359903	5586.023794827466	0.75
26407.199468518433	300	6.318023990663463	0.0	153938	4064.9594730750377	-0.15000000000000002
26412.677834173013	300	4.839658336084207	0.0	181901	5478.365654579256	0.3
26415.38974706603	300	6.127745443065241	0.0	111155	2711.9128930189654	0.3
26419.572323534456	300	5.945168974642958	0.0	153605	4182.576468422283	0.3
26423.352296087243	300	6.165196421853929	0.0	149029	3779.972552789029	0.3
26427.246496206317	300	6.270996302777843	0.0	157421	3894.200119076086	0.3
26431.6827813143	300	5.834711194796678	0.0	157488	4436.285107981165	0.3
26435.711548824565	300	5.805943684532634	0.0	143881	4028.7675102640437	0.3
26438.576910968204	300	6.9405815408942235	0.0	163444	2865.3621436384115	0.3
26441.704618364296	300	7.812874144801743	0.0	179328	3127.7073960924813	0.3
26449.208291895706	750	4.309200613393167	0.0	365161	7503.673531408575	0.3
26452.182462960584	300	5.3350295485154415	0.0	131610	2974.171064877726	-0.15000000000000002
26455.6621640912	300	5.8553284178944836	0.0	124011	3479.7011306209574	0.3
26459.546234427766	300	5.9712580813309755	0.0	144254	3884.070336563508	0.3
26462.67995731641	300	6.837535192686172	0.0	149991	3133.722888644803	0.3
26465.791095029876	300	7.726397479221196	0.0	147968	3111.1377134649765	0.3
26471.234243051047	750	6.2832494580469085	0.0	384505	5443.148021174287	0.3
26473.124674014813	300	8.392818494281801	0.0	145210	1890.4309637651065	-0.15000000000000002
26481.340858091564	750	4.176634417534275	0.0	438281	8216.184076747526	0.3
26484.552751236537	300	4.964741272562067	0.0	167025	3211.8931449722077	-0.15000000000000002
26486.19937378585	300	7.318118723249535	0.0	160064	1646.622549312532	0.3
26489.223929105225	750	8.293563403874007	0.0	331053	3024.555319375529	0.3
26491.757566839286	750	9.759925669815287	0.0	314107	2533.637734058719	0.75

