7064.350043927074	750	4.0	1.4326655545084757	450283	1432.6655545084757	-5.410461884386445
7064.905382147289	300	7.444661779784371	0.0	155580	555.3382202156292	-0.15000000000000002
7066.197497725925	750	10.152546201148091	0.0	350812	1292.1155786362808	0.3
7068.6509090342115	1200	11.69913489286229	0.0	617681	2453.4113082858	0.75
7072.5838851315075	1200	11.766158795566094	0.0	652874	3932.9760972961953	1.2
7074.316135992861	1200	14.033907934212774	0.0	520315	1732.2508613533216	1.2
7076.16465314626	1200	16.185390780812376	0.0	561791	1848.5171534003957	1.2
7078.353221227927	1200	17.996822699145486	0.0	709534	2188.5680816668923	1.2
7081.088079193351	1850	19.261964733720898	0.0	852833	2734.8579654245887	1.2000000000000002
7084.137283850115	1850	20.21276007695817	0.0	913888	3049.2046567627312	1.85
7089.053509328377	2850	19.29653459869569	0.0	1354548	4916.225478262482	1.85
7093.777426138306	1850	18.572617788767193	0.0	917428	4723.916809928494	0.8500000000000001
7097.347016005149	1850	19.003027921923945	0.0	946851	3569.589866843251	1.85
7101.268595570431	1850	19.081448356642145	0.0	1036454	3921.579565281802	1.85
7103.928592725817	1850	20.42145120125636	0.0	821631	2659.9971553857845	1.85
7107.042486148148	1850	21.307557778925812	0.0	923170	3113.8934223305478	1.85
7110.2004663663565	1850	22.149577560717606	0.0	966699	3157.9802182082053	1.85
7116.869914466749	2850	19.480129460325152	0.0	1358801	6669.448100392454	1.85
7120.12489787016	1850	20.22514605691397	0.0	987708	3254.98340341118	0.8500000000000001
7124.299424276154	2850	20.050619650919295	0.0	1336050	4174.526405994673	1.85
7127.112040106644	1850	21.23800382042993	0.0	891604	2812.615830489364	0.8500000000000001
7132.0157991648	2850	20.33424476227423	0.0	1468126	4903.759058155698	1.85
7136.886038704765	1850	19.464005222309083	0.0	968026	4870.23953996515	0.8500000000000001
7142.1268631726125	2850	18.223180754462366	0.0	1323990	5240.824467846718	1.85
7145.582584170557	1850	18.76745975651737	0.0	897976	3455.720997945	0.8500000000000001
7148.529474786337	1850	19.8205691407379	0.0	905935	2946.890615779472	1.85
7152.187563746925	1850	20.162480180151253	0.0	1076599	3658.088960586648	1.85
7155.968443151956	2850	20.38160077511896	0.0	1141971	3780.8794050322917	1.85
7161.2519666429225	1850	19.098077284152613	0.0	972798	5283.5234909663495	0.8500000000000001
7164.493631355651	1850	19.85641257142477	0.0	975811	3241.664712727841	1.85
7167.202526185715	1850	21.147517741360193	0.0	873429	2708.89483006458	1.85
7170.2354900531145	1850	22.114553873961192	0.0	954453	3032.9638673990025	1.85
7174.833719504197	2850	21.516324422878316	0.0	1358081	4598.229451082877	1.85
7178.66611644892	1850	21.683927478156356	0.0	1035329	3832.396944721962	0.8500000000000001
7185.551597038235	2850	18.79844688884148	0.0	1492672	6885.480589314879	1.85
7189.078563912962	1850	19.27148001411422	0.0	943942	3526.966874727255	0.8500000000000001
7192.939244862799	2850	19.410799064277715	0.0	1139291	3860.680949836509	1.85
7196.030168071757	1850	20.319875855318816	0.0	938587	3090.9232089588986	0.8500000000000001
7199.061154498249	1850	21.288889428826536	0.0	908665	3030.9864264922808	1.85
7205.8195397561385	2850	18.530504170937075	0.0	1402287	6758.385257889463	1.85
7208.687569933727	1850	19.66247399334827	0.0	858450	2868.030177588805	0.8500000000000001
7211.889427049209	1850	20.460616877866748	0.0	1025005	3201.857115481521	1.85
7216.141353451411	2850	20.20869047566522	0.0	1343002	4251.926402201527	1.85
7219.539805449344	1850	20.810238477731836	0.0	973972	3398.4519979333854	0.8500000000000001
7222.98807292278	1850	21.36197100429625	0.0	958994	3448.267473435585	1.85
7229.966500132302	2850	18.383543794774265	0.0	1483527	6978.427209521987	1.85
7234.543571475087	2850	17.80647245198827	0.0	1231456	4577.071342785995	2.85
7237.360757500379	1850	18.98928642669667	0.0	846370	2817.1860252916003	0.8500000000000001

