2014.3010501120314	750	4.0	2.54228302815134	450283	2542.28302815134	0.97796553	-10.181817021050762
2016.0870598078777	750	6.213990304153536	0.0	398865	1786.0096958464633	0.8168766	0.75
2016.652172164638	300	9.648877947393474	0.0	139857	565.1123567600627	1.2159561	-0.15000000000000002
2017.2522423431353	300	13.048807768896	0.0	155432	600.0701784974738	1.2453352	0.3
2019.1175289483033	750	15.18352116372819	0.0	411561	1865.286605167811	1.2993139	0.3
2021.5762622144816	1200	16.724787897549824	0.0	520315	2458.733266178365	1.3671628	0.75
2022.2876695601187	300	20.013380551912576	0.0	153295	711.4073456372472	1.3876756	-0.6000000000000001
2023.0233155429112	300	23.277734569120298	0.0	173849	735.6459827922756	1.2903658	0.3
2023.7748563125785	300	26.526193799452855	0.0	150710	751.5407696674423	1.3363544	0.3
2025.2484857496192	750	29.052564362412056	0.0	362795	1473.6294370407986	1.3421228	0.3
2026.636771351378	750	31.664278760653374	0.0	353220	1388.285601758683	1.4418988	0.75
2027.3499583994255	300	34.95109171260592	0.0	156148	713.1870480474518	1.4517862	-0.15000000000000002
2032.1242679882516	1200	34.1767821237798	0.0	624282	4774.309588826114	1.3831592	0.29999999999999993
2045.5811888758649	1200	24.719861236166373	0.0	687371	13456.920887613433	1.4540509	1.2
2050.3185351929537	750	23.982514919077442	0.0	337059	4737.34631708893	1.2279195	0.3
2053.3980095123443	750	24.903040599687284	0.0	366214	3079.474319390159	1.2240824	0.75
2059.846458023851	1200	22.4545920881806	0.0	617242	6448.44851150668	1.2879112	0.75
2062.751817317801	750	23.549232794230637	0.0	372963	2905.3592939499645	1.2870836	0.3
2065.586329411949	750	24.71472070008269	0.0	405596	2834.512094147946	1.2896711	0.75
2070.282003925798	1200	24.019046186233382	0.0	586839	4695.674513849305	1.3299756	0.75
2077.5109685269726	1850	20.790081585058847	0.0	891604	7228.964601174537	1.35594	1.2000000000000002
2082.5575671309625	1200	19.74348298106872	0.0	616206	5046.598603990128	1.3469774	0.5499999999999999
2085.950335581738	750	20.3507145302934	0.0	401853	3392.768450775323	1.2959814	0.3
2087.1081032026746	300	23.192946909356746	0.0	137654	1157.7676209366502	1.2748401	-0.15000000000000002
2089.5574685670867	750	24.743581544944796	0.0	359903	2449.3653644119513	1.2241162	0.3
2092.0786342973124	750	26.22241581471902	0.0	379700	2521.165730225775	1.3328794	0.75
2101.010311989997	1850	21.290738122034732	0.0	1076599	8931.677692684292	1.3331294	0.75
2107.7207046872886	1850	18.5803454247426	0.0	758197	6710.392697292134	1.3650972	1.85
2112.4328392244292	1200	17.86821088760194	0.0	622896	4712.134537140656	1.3131534	0.5499999999999999
2116.14378045115	1200	18.15726966088117	0.0	641447	3710.94122672077	1.2962458	1.2
2118.0420376212032	750	20.25901249082813	0.0	358218	1898.257170053044	1.3560882	0.3
2122.686550089848	1200	19.614500022183943	0.0	620283	4644.512468644186	1.377556	0.75
2125.988161130243	750	20.312888981788642	0.0	369834	3301.6110403953035	1.3943601	0.3
2127.5647811139133	750	22.7362689981184	0.0	412837	1576.6199836702383	1.3078904	0.75
2130.231121365471	1200	24.06992874656018	0.0	690253	2666.3402515582197	1.4724463	0.75
2130.7941787605214	300	27.506871351509876	0.0	159914	563.0573950503059	1.5182854	-0.6000000000000001
2134.5773184014392	2850	27.72373171059213	0.0	1139291	3783.1396409177473	1.5369803	0.30000000000000027
2139.5144846545463	2850	26.786565457484983	0.0	1499009	4937.166253107145	1.110291	2.85
2143.6286521809348	1850	26.67239793109667	0.0	908665	4114.1675263883135	1.1486459	0.8500000000000001
2151.808028267708	2850	22.493021844323934	0.0	1402287	8179.376086772731	1.3621609	1.85
2162.0362540183664	2850	16.264796093665105	0.0	1339500	10228.225750658832	1.2217579	2.85
2175.4344544302585	2850	6.866595681772904	0.0	1527299	13398.2004118922	1.3071249	2.85
2178.2882563897147	1200	8.012793722316381	0.0	599477	2853.801959456523	1.1825938	-0.44999999999999996
2182.9788875079958	1850	7.322162604035446	0.0	973972	4690.631118280935	1.2152021	1.2000000000000002
2187.8707461159547	1850	6.43030399607623	0.0	958994	4891.858607959216	1.2621933	1.85
2192.3178691017274	1850	5.9831810103036736	0.0	982064	4447.122985772557	1.2313709	1.85
2194.236674981148	1200	8.064375130883075	0.0	538612	1918.8058794205988	1.2795491	0.5499999999999999
2196.7880420474626	1200	9.513008064568698	0.0	550906	2551.3670663143766	1.3168818	1.2

