24184.182986468444	750	4.0	5.84241140162946	450283	5842.41140162946	-24.372369027006677
24185.916267214176	300	6.266719254268797	0.0	155580	1733.2807457312028	-0.15000000000000002
24187.117555283257	300	9.065431185188647	0.0	139857	1201.2880690801505	0.3
24191.83501735623	1200	8.347969112217475	0.0	617681	4717.462072971171	0.29999999999999993
24194.60692499114	750	9.576061477304425	0.0	411561	2771.9076349130505	0.3
24198.034740630705	1200	10.148245837740953	0.0	520315	3427.8156395634714	0.75
24201.526503498186	1200	10.656482970262276	0.0	561791	3491.7628674786774	1.2
24205.899130074704	1200	10.283856393744994	0.0	709534	4372.626576517281	1.2
24209.495154405642	1200	10.687832062805361	0.0	584846	3596.0243309396337	1.2
24212.506837477227	1200	11.676148991220652	0.0	560821	3011.6830715847072	1.2
24221.420590343812	1850	6.762396124634593	0.0	939819	8913.75286658606	1.2000000000000002
24223.965965292235	300	8.217021176210125	0.0	156148	2545.374948424468	-1.25
24229.021002048925	750	7.16198441951775	0.0	386351	5055.036756692374	0.3
24237.242565606877	750	4.0	1.0595791384340592	434409	8221.56355795181	-3.806190295266454
24239.433620667394	300	5.808944939482361	0.0	140051	2191.05506051764	-0.15000000000000002
24241.080554036755	300	8.162011570122921	0.0	138313	1646.933369359439	0.3
24244.500237893197	750	8.74232771367897	0.0	360831	3419.6838564439518	0.3
24248.343415902717	750	8.899149704160282	0.0	372963	3843.1780095186873	0.75
24252.475611960494	750	8.766953646381067	0.0	405596	4132.196057779214	0.75
24255.89914121725	750	9.343424389622447	0.0	350713	3423.5292567586202	0.75
24260.052427554143	1200	9.190138052729266	0.0	601738	4153.286336893181	0.75
24263.78008869546	1200	9.462476911409194	0.0	616206	3727.6611413200717	1.2
24268.101465184034	1200	9.14110042284059	0.0	656471	4321.376488568603	1.2
24271.41434655012	1200	9.828219056754515	0.0	536667	3312.881366086075	1.2
24274.316835625465	1200	10.925729981406363	0.0	587236	2902.489075348152	1.2
24277.85655608757	1200	11.386009519305397	0.0	590335	3539.7204621009655	1.2
24286.366105676225	1850	6.876459930648691	0.0	1076599	8509.549588656706	1.2000000000000002
24287.131695208594	300	10.11087039828034	0.0	111155	765.5895323683508	-1.25
24292.179298380208	1200	9.06326722666603	0.0	622896	5047.603171614309	0.29999999999999993
24297.46042989846	1200	7.782135708414689	0.0	641447	5281.131518251341	1.2
24300.306468254123	750	8.936097352750966	0.0	358218	2846.0383556637225	0.3
24303.16807079337	750	10.074494813501405	0.0	400322	2861.6025392495635	0.75
24306.77441880748	1200	10.4681467993911	0.0	584349	3606.348014110305	0.75
24311.84324984111	1200	9.399315765761669	0.0	670129	5068.831033629432	1.2
24316.051654805415	1200	9.190910801457497	0.0	690253	4208.4049643041735	1.2
24320.682661821298	1200	8.559903785571993	0.0	598727	4631.007015885501	1.2
24323.690858819555	750	9.551706787315247	0.0	321064	3008.196998256748	0.3
24330.60785956271	1200	6.634706044160732	0.0	575591	6917.000743154514	0.75
24332.314806838556	300	8.927758768312215	0.0	144254	1706.947275848517	-0.6000000000000001
24334.660769351885	750	10.581796254984292	0.0	390680	2345.9625133279214	0.3
24337.98693585275	1200	11.255629754116843	0.0	566904	3326.166500867449	0.75
24343.810072678745	1850	9.432492928121672	0.0	1025005	5823.13682599517	1.2000000000000002
24347.260723051164	1200	9.981842555701936	0.0	599477	3450.6503724197364	0.5499999999999999
24351.292434595314	1200	9.95013101155229	0.0	634861	4031.7115441496453	1.2
24356.286866057326	1200	8.955699549540284	0.0	630203	4994.431462012005	1.2
24362.164005842715	750	7.078559764150799	0.0	393804	5877.139785389485	0.3
24367.769546165666	750	5.473019441200421	0.0	331053	5605.540322950378	0.75
24369.826087718182	300	7.416477888687359	0.0	118421	2056.541552513062	-0.15000000000000002

