9895.999016308397	750	4.0	3.5388403668140223	450283	3538.840366814022	-14.467013577300294
9897.451415378546	300	6.5476009298498035	0.0	155580	1452.399070150196	-0.15000000000000002
9898.789919460438	300	9.209096847957815	0.0	139857	1338.5040818919888	0.3
9900.159754008166	300	11.83926230022871	0.0	155432	1369.8345477291064	0.3
9901.716359055885	300	14.28265725251159	0.0	163442	1556.6050477171186	0.3
9905.174332859218	750	14.824683449178027	0.0	318564	3457.973803333563	0.3
9909.13114272523	750	14.867873583166274	0.0	352642	3956.8098660117525	0.75
9910.771208282224	300	17.227808026173225	0.0	173849	1640.0655569930477	-0.15000000000000002
9914.399085331785	750	17.599930976611613	0.0	374758	3627.8770495616113	0.3
9919.11186702892	750	16.88714927947655	0.0	362795	4712.781697135063	0.75
9921.413261300164	750	18.585755008233907	0.0	353220	2301.3942712426438	0.75
9924.396163687868	750	19.6028526205293	0.0	405134	2982.9023877046066	0.75
9927.68680898	750	20.31220732839879	0.0	386351	3290.64529213051	0.75
9931.61662047488	750	20.382395833516583	0.0	434409	3929.811494882208	0.75
9936.91897525116	1200	19.080041057237707	0.0	526950	5302.3547762788785	0.75
9940.370079065337	750	19.62893724306045	0.0	366214	3451.1038141772583	0.3
9942.946144118705	750	21.052872189691275	0.0	360831	2576.065053369175	0.75
9946.527393001705	1200	21.471623306692333	0.0	581493	3581.248882998942	0.75
9950.373335403387	1200	21.625680905012057	0.0	639204	3845.942401680276	1.2
9953.713177431611	1200	22.285838876787505	0.0	586839	3339.8420282245543	1.2
9958.399692329318	1200	21.599323979080683	0.0	601738	4686.51489770682	1.2
9961.66035207348	1200	22.338664234916013	0.0	616206	3260.659744164669	1.2
9965.455045752262	1200	22.54397055613373	0.0	656471	3794.6936787822865	1.2
9974.086645303552	1850	17.912371004842772	0.0	874175	8631.599551290958	1.2000000000000002
9981.607430075162	1200	14.391586233233381	0.0	587236	7520.78477160939	0.5499999999999999
9987.428143359464	750	12.570872948933303	0.0	379700	5820.713284300078	0.3
9989.610897553317	300	14.388118755079935	0.0	181901	2182.754193853368	-0.15000000000000002
9993.462038523545	750	14.536977784851581	0.0	277716	3851.140970228354	0.3
9995.627860401766	300	16.37115590663093	0.0	153605	2165.821878220651	-0.15000000000000002
9997.73154419259	300	18.26747211580807	0.0	149029	2103.68379082286	0.3
9999.949184021314	300	20.049832287082616	0.0	157421	2217.6398287254524	0.3
10002.139831717266	300	21.859184591131893	0.0	157488	2190.647695950723	0.3
10006.647420274578	750	21.351596033819906	0.0	369834	4507.588557311986	0.3
10008.080917537829	300	23.918098770568843	0.0	163444	1433.4972632510667	-0.15000000000000002
10014.060196239168	750	21.938820069230577	0.0	401088	5979.278701338265	0.3
10019.850378119949	750	20.148638188449272	0.0	365161	5790.181880781304	0.75
10023.681931154784	750	20.31708515361392	0.0	321064	3831.553034835353	0.75
10026.484528662655	750	21.514487645742317	0.0	361565	2802.5975078716046	0.75
10029.188333725071	750	22.81068258332763	0.0	378327	2703.805062414686	0.75
10031.745178674888	750	24.253837633510393	0.0	390680	2556.8449498172376	0.75
10035.706979587118	1200	24.292036721281185	0.0	566904	3961.800912229207	0.75
10039.859225804457	1200	24.139790503941462	0.0	641452	4152.246217339727	1.2
10044.211547356765	1200	23.787468951635656	0.0	599477	4352.321552305807	1.2
10050.069317263895	1200	21.92969904450405	0.0	634861	5857.769907131605	1.2
10055.062708018255	1200	20.936308290145718	0.0	630203	4993.390754358333	1.2
10059.206238742045	1200	20.792777566355436	0.0	638661	4143.530723790282	1.2
10062.374485139657	1200	21.624531168742017	0.0	538612	3168.2463976134172	1.2
10065.126500807986	1200	22.872515500413968	0.0	550906	2752.0156683280507	1.2

