14108.819471389143	750	4.0	1.9120480482224669	450283	1912.0480482224668	-7.471806607356607
14109.550060569336	300	7.2694108198065255	0.0	155580	730.5891801934749	-0.15000000000000002
14110.285915521988	300	10.533555867154478	0.0	139857	735.8549526520463	0.3
14111.047679199526	300	13.77179218961707	0.0	155432	761.7636775374085	0.3
14113.104770220396	750	15.714701168747387	0.0	411561	2057.0910208696823	0.3
14124.060811129892	1850	8.75866025925039	0.0	801058	10956.040909496996	0.75
14125.311490358756	300	11.50798103038842	0.0	153295	1250.6792288619713	-1.25
14126.522163230145	300	14.297308158998005	0.0	173849	1210.6728713904163	0.3
14129.998393408912	750	14.821077980229289	0.0	374758	3476.2301787687147	0.3
14133.26896156647	750	15.55050982267387	0.0	362795	3270.568157555419	0.75
14135.389140865089	750	17.43033052405376	0.0	353220	2120.1792986201126	0.75
14137.798895033553	750	19.020576355589494	0.0	405134	2409.7541684642615	0.75
14140.77019560602	1200	20.04927578312389	0.0	624282	2971.300572465607	0.75
14144.228336180826	1200	20.591135208317073	0.0	687371	3458.140574806813	1.2
14148.748536894094	1850	20.070934495049922	0.0	821631	4520.200713267153	1.2000000000000002
14154.784160512052	1200	18.03531087709085	0.0	587876	6035.6236179590705	0.5499999999999999
14162.817332754668	1200	14.0021386344747	0.0	617242	8033.17224261615	1.2
14172.102454790407	750	8.71701659873551	0.0	372963	9285.12203573919	0.3
14174.932723332679	300	9.886748056463514	0.0	165384	2830.2685422719974	-0.15000000000000002
14176.852096993702	300	11.96737439544116	0.0	140881	1919.373661022353	0.3
14178.56608167947	300	14.253389709674291	0.0	157671	1713.9846857668683	0.3
14179.93096753754	300	16.888503851603097	0.0	157812	1364.885858071192	0.3
14181.11027970048	300	19.709191688664507	0.0	163927	1179.3121629385894	0.3
14183.333747682247	750	21.48572370689831	0.0	343800	2223.4679817662013	0.3
14186.925837330782	750	21.89363405836314	0.0	359903	3592.08964853517	0.75
14194.728172884434	1200	18.09129850471236	0.0	590335	7802.33555365078	0.75
14199.823165289352	750	16.996306099795138	0.0	425781	5094.9924049172205	0.3
14202.182939745904	750	18.63653164324181	0.0	277716	2359.77445655333	0.75
14204.947079528156	750	19.87239186098946	0.0	400396	2764.139782252349	0.75
14206.758861884999	750	22.060609504148005	0.0	400508	1811.782356841456	0.75
14209.238978729432	1200	23.58049265971415	0.0	570392	2480.116844433853	0.75
14212.46335277683	1200	24.356118612317072	0.0	620283	3224.3740473970747	1.2
14216.500473146729	1850	24.318998242417152	0.0	885062	4037.120369899924	1.2000000000000002
14220.452567098822	1850	24.366904290324186	0.0	1035329	3952.0939520929624	1.85
14224.880931328638	1850	23.938540060508338	0.0	1026056	4428.3642298158475	1.85
14228.943580853895	1850	23.8758905352506	0.0	943942	4062.649525257737	1.85
14233.77196821776	2850	23.04750317138415	0.0	1139291	4828.387363866451	1.85
14245.045900848998	1850	15.773570540145952	0.0	938587	11273.932631238196	0.8500000000000001
14252.79141479506	1200	12.028056594083136	0.0	605884	7745.513946062817	0.5499999999999999
14255.678969632007	750	13.140501757136462	0.0	390680	2887.554836946675	0.3
14257.556285269971	750	15.263186119171777	0.0	345516	1877.315637964684	0.75
14259.561500505997	750	17.25797088314718	0.0	384505	2005.2152360245957	0.75
14261.750461802343	750	19.069009586801972	0.0	372093	2188.9612963452105	0.75
14265.09059340407	1200	19.728877985075194	0.0	634861	3340.1316017267777	0.75
14268.210421023385	1200	20.609050365759742	0.0	630203	3119.82761931545	1.2
14271.265078980003	1200	21.554392409141975	0.0	638661	3054.6579566177666	1.2
14275.786957621036	1850	21.03251376810808	0.0	830730	4521.878641033899	1.2000000000000002
14280.399561252332	1850	20.419910136812014	0.0	846370	4612.603631296063	1.85

