4485.564624595658	750	4.0	3.998697299309292	450283	3998.697299309292	0.007572206	-16.444398387029956
4486.946603188746	300	6.61802140691262	0.0	155580	1381.9785930873804	0.004705182	-0.15000000000000002
4488.38594788869	300	9.178676706968677	0.0	139857	1439.3446999439418	0.004705182	0.3
4489.675678324773	300	11.888946270885826	0.0	155432	1289.730436082851	0.004705182	0.3
4490.9110946248475	300	14.65352997081187	0.0	163442	1235.416300073955	0.027933225	0.3
4491.903682090951	300	17.66094250470829	0.0	126289	992.5874661035782	0.6703085	0.3
4493.760815004675	300	19.80380959098419	0.0	153295	1857.1329137241003	0.580667	0.3
4498.228232139363	300	19.336392456296576	0.0	173849	4467.417134687614	0.6507351	0.3
4501.999396026677	300	19.565228568982885	0.0	150710	3771.1638873136912	0.062109407	0.3
4505.110802060052	300	20.45382253560794	0.0	139105	3111.406033374943	0.034220956	0.3
4507.687354516215	300	21.877270079444056	0.0	141840	2576.5524561638845	0.07137033	0.3
4509.86170001888	300	23.702924576779598	0.0	156148	2174.34550266446	0.3809608	0.3
4515.160356073971	750	22.40426852168821	0.0	386351	5298.656055091389	0.50429875	0.3
4520.329157771584	750	21.235466824075907	0.0	434409	5168.801697612303	0.008713379	0.75
4524.694019557011	750	20.870605038647845	0.0	337059	4364.861785428061	0.016248293	0.75
4527.842011297338	750	21.7226132983219	0.0	366214	3147.9917403259446	0.018225484	0.75
4531.665979511303	750	21.8986450843566	0.0	360831	3823.968213965301	0.004705182	0.75
4534.703081250588	750	22.86154334507105	0.0	372963	3037.1017392855506	0.004705182	0.75
4539.113877380717	750	22.45074721494267	0.0	405596	4410.79613012838	0.004705182	0.75
4542.997665189686	750	22.56695940597303	0.0	350713	3883.787808969637	0.004705182	0.75
4547.0398797334265	750	22.524744862232442	0.0	386472	4042.214543740589	0.004705182	0.75
4551.117575431351	750	22.447049164308776	0.0	399894	4077.695697923664	0.004705182	0.75
4556.04450421831	750	21.52012037734939	0.0	401853	4926.928786959386	0.004705182	0.75
4562.337820264016	750	19.226804331643077	0.0	343800	6293.316045706314	0.004705182	0.75
4568.7724549899	750	16.792169605759373	0.0	359903	6434.634725883706	0.19296409	0.75
4570.950185150831	300	18.614439444828452	0.0	153938	2177.7301609309197	0.5106127	-0.15000000000000002
4572.986426676967	300	20.578197918692325	0.0	181901	2036.2415261361289	0.042445645	0.3
4574.158182026512	300	23.40644256914772	0.0	111155	1171.755349544602	0.48872143	0.3
4580.984843375774	750	20.579781219885703	0.0	400396	6826.661349262019	0.16928075	0.3
4585.487295138534	750	20.077329457125437	0.0	400508	4502.451762760264	0.24528211	0.75
4589.970540804779	750	19.594083790880127	0.0	358218	4483.245666245312	0.01009019	0.75
4593.589606326109	750	19.975018269550773	0.0	400322	3619.065521329354	0.016633222	0.75
4597.114520089854	750	20.450104505805633	0.0	369834	3524.9137637451386	0.004705182	0.75
4600.729575942726	750	20.83504865293367	0.0	412837	3615.0558528719675	0.004705182	0.75
4606.598097273787	750	18.966527321872125	0.0	401088	5868.521331061544	0.004705182	0.75
4611.18446573482	750	18.380158860839675	0.0	365161	4586.368461032448	0.0071995035	0.75
4613.655920583642	750	19.90870401201759	0.0	321064	2471.454848822082	0.004705182	0.75
4616.3665918724055	750	21.198032723254194	0.0	361565	2710.6712887633985	0.010041078	0.75
4618.946200325753	750	22.618424269905997	0.0	378327	2579.608453348196	0.0844195	0.75
4622.634808004256	1200	22.929816591402925	0.0	587506	3688.6076785030705	0.6764718	0.75
4627.3683523662485	1200	22.19627222941113	0.0	566904	4733.544361991799	0.0060194195	1.2
4632.214699393047	1200	21.349925202611974	0.0	641452	4846.347026799155	0.014331975	1.2
4636.997729474621	1200	20.566895121038183	0.0	599477	4783.030081573793	0.008815928	1.2
4642.74122004254	1200	18.82340455311977	0.0	634861	5743.490567918414	0.0068803634	1.2
4647.660613916691	1200	17.904010678968636	0.0	630203	4919.393874151134	0.015181807	1.2
4652.0743712035655	1200	17.49025339209319	0.0	638661	4413.757286875448	0.008704186	1.2
4656.006106193049	1200	17.55851840261066	0.0	538612	3931.734989482532	0.004705897	1.2
4660.285907588852	1200	17.278717006807845	0.0	550906	4279.801395802813	0.004705182	1.2

