13568.98756852712	750	4.0	1.7041197936685797	450283	1704.1197936685796	-6.577715112774892
13569.670143745676	300	7.317424781443746	0.0	155580	682.5752185562537	-0.15000000000000002
13575.823985454996	2850	5.163583072124009	0.0	1300868	6153.841709319737	0.30000000000000027
13577.575032772333	750	7.412535754787424	0.0	382355	1751.0473173365851	-1.35
13581.442281935777	1850	7.545286591342261	0.0	996749	3867.2491634451626	0.75
13584.94209859084	1850	8.045469936279792	0.0	801058	3499.8166550624687	1.85
13589.025027727119	1850	7.9625407999999425	0.0	905515	4082.9291362798504	1.85
13593.272089256032	1850	7.7154792710890465	0.0	1060487	4247.0615289108955	1.85
13595.835979829086	750	9.151588698034539	0.0	374758	2563.8905730545093	-0.3500000000000001
13598.068094898974	750	10.919473628146175	0.0	362795	2232.1150698883635	0.75
13600.42527006175	1200	12.562298465370098	0.0	607410	2357.175162776076	0.75
13602.700522398784	1200	14.287046128336643	0.0	594078	2275.252337033457	1.2
13605.424444691385	1200	15.56312383573416	0.0	624282	2723.9222926024813	1.2
13607.107062681216	1200	17.880505845902984	0.0	687371	1682.6179898311739	1.2
13609.536356692977	1850	19.451211834143407	0.0	821631	2429.2940117595786	1.2000000000000002
13612.518383822064	1850	20.46918470505689	0.0	923170	2982.0271290865157	1.85
13615.878039168625	1850	21.10952935849615	0.0	966699	3359.65534656074	1.85
13618.355733906154	1200	22.631834620966643	0.0	581493	2477.6947375295076	0.5499999999999999
13621.888705285528	1200	23.098863241591847	0.0	639204	3532.971379374793	1.2
13623.930777738795	1200	25.056790788325827	0.0	586839	2042.0724532660222	1.2
13626.056434718688	1200	26.931133808431632	0.0	601738	2125.6569798941964	1.2
13628.260214415688	1200	28.72735411143313	0.0	616206	2203.779696998499	1.2
13630.632857053006	1200	30.35471147411511	0.0	656471	2372.6426373180207	1.2
13632.74107646169	1200	32.24649206543011	0.0	536667	2108.2194086849986	1.2
13636.616568965199	1850	32.37099956192301	0.0	897976	3875.492503507104	1.2000000000000002
13640.401147390645	1850	32.58642113647739	0.0	905935	3784.578425445616	1.85
13643.638231674564	1850	33.349336852559695	0.0	1076599	3237.0842839176935	1.85
13647.210192305818	2850	33.77737622130374	0.0	1141971	3571.9606312559586	1.85
13653.711707117945	2850	31.275861409177693	0.0	1498470	6501.514812126046	2.85
13663.176733078732	2850	25.81083544839161	0.0	1561263	9465.025960786084	2.85
13669.579613432617	1850	23.407955094505247	0.0	873429	6402.880353886363	0.8500000000000001
13678.426253364272	1850	18.56131516285003	0.0	954453	8846.63993165522	1.85
13681.614363672868	750	19.37320485425324	0.0	369834	3188.1103085967884	-0.3500000000000001
13685.338350265643	1200	19.649218261480236	0.0	670129	3723.986592773003	0.75
13689.296000890181	1200	19.69156763694201	0.0	690253	3957.6506245382275	1.2
13692.173347044903	1200	20.81422148221894	0.0	598727	2877.346154723071	1.2
13694.511267195321	1200	22.476301331801572	0.0	487812	2337.92015041737	1.2
13706.613648329238	1850	14.373920197886138	0.0	938587	12102.381133915434	1.2000000000000002
13713.315632549025	1850	11.671935978098642	0.0	908665	6701.984219787498	1.85
13718.111001683183	1850	10.876566843940468	0.0	930577	4795.369134158173	1.85
13720.817145060459	1850	12.170423466663644	0.0	858450	2706.1433772768246	1.85
13724.462554911166	1850	12.525013615955798	0.0	1025005	3645.4098507078447	1.85
13727.358672401764	1850	13.62889612535869	0.0	886255	2896.1174905971084	1.85
13729.89718555022	1850	15.090382976902236	0.0	973972	2538.5131484564536	1.85
13733.538061625202	2850	15.449506901919523	0.0	1464921	3640.876074982713	1.85
13738.373790577929	2850	14.613777949192352	0.0	1483527	4835.728952727171	2.85
13743.664030476983	2850	13.32353805013913	0.0	1231456	5290.239899053221	2.85
13751.751260455976	2850	9.236308071145377	0.0	1364537	8087.229978993752	2.85

