14880.41384269087	750	4.0	4.851455205977005	450283	4851.455205977005	-20.11125738570112
14882.617507570574	300	5.796335120296149	0.0	155580	2203.664879703851	-0.15000000000000002
14891.919073296376	1200	4.0	3.5052306055061764	571051	9301.565725802326	-14.772491603676558
14895.225918042994	300	4.693155253381841	0.0	155432	3306.844746618159	-0.6000000000000001
14900.309255676137	750	4.0	0.3901823797617826	411561	5083.337633143624	-1.377784232975665
14901.344861768664	300	6.964393907472311	0.0	126289	1035.6060925276884	-0.15000000000000002
14904.681663329193	750	7.627592346943483	0.0	352642	3336.8015605288283	0.3
14911.049012043739	750	5.260243632397196	0.0	437162	6367.348714546287	0.75
14914.047413439943	300	6.261842236192544	0.0	150710	2998.4013962046515	-0.15000000000000002
14917.850264468876	300	6.458991207257497	0.0	139105	3802.851028935047	0.3
14921.078047213225	300	7.231208462909585	0.0	141840	3227.782744347912	0.3
14923.616882698287	300	8.692372977847146	0.0	156148	2538.8354850624387	0.3
14925.899567087843	300	10.4096885882911	0.0	160746	2282.684389556045	0.3
14928.93093382109	300	11.378321855044614	0.0	179801	3031.366733246486	0.3
14930.826071412293	300	13.483184263840576	0.0	140051	1895.1375912040376	0.3
14932.41127030814	300	15.897985367994757	0.0	138313	1585.1988958458187	0.3
14933.857132839781	300	18.45212283635381	0.0	143509	1445.862531640949	0.3
14937.258222918445	750	19.051032757688702	0.0	372963	3401.090078665107	0.3
14941.63610457609	750	18.673151100044226	0.0	405596	4377.881657644477	0.75
14943.406558359937	300	20.9026973161989	0.0	140881	1770.453783845324	-0.15000000000000002
14947.496917887673	750	20.81233778846225	0.0	386472	4090.3595277366503	0.3
14948.913397315417	300	23.395858360718652	0.0	157812	1416.4794277435958	-0.15000000000000002
14951.620669382057	750	24.688586294079652	0.0	401853	2707.2720666390032	0.3
14953.34214667471	750	26.96710900142601	0.0	343800	1721.4772926536377	0.75
14955.513361796582	750	28.795893879553393	0.0	359903	2171.2151218726176	0.75
14959.02061765014	750	29.288638025995546	0.0	379700	3507.255853557848	0.75
14968.084817533381	1200	24.2244381427535	0.0	696376	9064.199883242052	0.75
14971.095371144715	750	25.213884531420778	0.0	277716	3010.5536113327194	0.3
14978.035458099892	750	22.273797576242124	0.0	400396	6940.086955178657	0.75
14983.69700490063	750	20.612250775504602	0.0	400508	5661.54680073752	0.75
14986.28591187203	750	22.02334380410544	0.0	358218	2588.9069713991616	0.75
14989.110253670144	750	23.199002005991012	0.0	400322	2824.341798114427	0.75
14991.12619824628	750	25.183057429854028	0.0	369834	2015.9445761369861	0.75
14994.104503016168	1200	26.20475265996468	0.0	670129	2978.304769889346	0.75
15001.219973206787	1200	23.089282469344173	0.0	690253	7115.470190620508	1.2
15010.961359737896	1200	17.34789593823691	0.0	598727	9741.386531107262	1.2
15018.510453663086	1200	13.798802013046418	0.0	487812	7549.093925190494	1.2
15023.68851579268	1200	12.620739883452933	0.0	575591	5178.062129593485	1.2
15033.555289982423	1200	6.753965693711323	0.0	605884	9866.774189741609	1.2
15037.984130189108	300	6.32512548702594	0.0	149991	4428.840206685383	-0.6000000000000001
15040.858195067018	300	7.451060609116191	0.0	147968	2874.0648779097487	0.3
15046.535490918852	750	5.773764757282401	0.0	384505	5677.295851833791	0.3
15051.200476541435	750	5.108779134698734	0.0	372093	4664.985622583667	0.75
15055.236282139556	750	5.07297353657776	0.0	438281	4035.8055981209736	0.75
15059.471682402678	750	4.83757327345564	0.0	398987	4235.40026312212	0.75
15064.069911543005	750	4.239344133127621	0.0	393804	4598.22914032802	0.75
15065.452100287639	300	6.8571553884956495	0.0	137507	1382.1887446319713	-0.15000000000000002
15068.163657239216	750	8.145598436917924	0.0	314107	2711.5569515777247	0.3

