5488.333055191345	750	4.0	2.7857807865153212	450283	2785.7807865153213	-11.228857382015882
5489.594998880336	300	6.738056311008653	0.0	155580	1261.9436889913468	-0.15000000000000002
5490.366177274894	300	9.966877916450935	0.0	139857	771.1783945577192	0.3
5491.963365154575	750	12.369690036770097	0.0	382355	1597.1878796808383	0.3
5493.7245426286945	750	14.608512562650535	0.0	411561	1761.1774741195604	0.75
5495.751669218709	750	16.581385972635918	0.0	318564	2027.1265900146163	0.75
5497.336107176532	750	18.996948014812247	0.0	352642	1584.4379578236742	0.75
5499.368077489843	750	20.96497770150183	0.0	437162	2031.970313310416	0.75
5503.103233448646	1850	21.229821742698732	0.0	852833	3735.155958803099	0.75
5507.194276642621	1850	21.13877854872431	0.0	913888	4091.043193974422	1.85
5512.2723415998535	1850	20.06071359149106	0.0	939819	5078.06495723325	1.85
5517.031093245911	1850	19.30196194543384	0.0	917428	4758.75164605722	1.85
5522.514296281816	1850	17.818758909528178	0.0	946851	5483.203035905663	1.85
5527.358814899207	1850	16.97424029213797	0.0	1036454	4844.518617390207	1.85
5531.425743422933	1850	16.907311768412583	0.0	821631	4066.928523725386	1.85
5536.069185427061	1850	16.263869764284706	0.0	923170	4643.442004127875	1.85
5540.8648947842385	1850	15.46816040710732	0.0	966699	4795.7093571773885	1.85
5544.668503216561	1850	15.664551974784183	0.0	885714	3803.608432323136	1.85
5549.468200494352	1850	14.864854696993083	0.0	987708	4799.697277791099	1.85
5553.813457707767	1850	14.51959748357764	0.0	923755	4345.257213415444	1.85
5559.347582552332	1850	12.985472639013715	0.0	891604	5534.124844563926	1.85
5563.766294556343	1850	12.566760635002044	0.0	955231	4418.71200401167	1.85
5567.875605781934	1200	12.457449409411463	0.0	656471	4109.311225590581	0.5499999999999999
5570.877127526751	750	13.45592766459402	0.0	343800	3001.5217448174444	0.3
5573.460628098014	750	14.872427093331009	0.0	359903	2583.5005712630104	0.75
5576.478279649904	750	15.854775541441061	0.0	379700	3017.6515518899496	0.75
5579.960193102593	750	16.372862088752168	0.0	425781	3481.9134526888924	0.75
5581.88478796361	750	18.44826722773589	0.0	277716	1924.5948610162786	0.75
5584.738450402428	750	19.594604788917447	0.0	400396	2853.6624388184428	0.75
5586.743786418384	750	21.589268772960914	0.0	400508	2005.3360159565343	0.75
5590.524504240804	1850	21.80855095054048	0.0	873429	3780.717822420436	0.75
5595.3041666144245	1850	21.028888576920618	0.0	954453	4779.662373619858	1.85
5599.1192912623965	1850	21.21376392894888	0.0	885062	3815.124647971737	1.85
5603.918703327777	1850	20.414351863568974	0.0	1035329	4799.412065379902	1.85
5608.592578369851	1850	19.740476821495	0.0	1026056	4673.875042073973	1.85
5613.343656983271	1850	18.989398208074736	0.0	943942	4751.078613420263	1.85
5619.378812001489	1850	16.954243189857298	0.0	728962	6035.1550182174415	1.85
5625.654802768341	1850	14.678252423005025	0.0	938587	6275.990766852271	1.85
5632.342395128665	1850	11.99066006268172	0.0	908665	6687.592360323307	1.85
5643.278877766193	1850	5.054177425153437	0.0	930577	10936.482637528283	1.85
5644.207856549718	300	8.125198641628756	0.0	147968	928.9787835246798	-1.25
5645.956261815774	300	10.376793375571534	0.0	161857	1748.4052660572231	0.3
5647.476059431899	300	12.856995759447047	0.0	145210	1519.7976161244883	0.3
5649.338927819959	300	14.99412737138646	0.0	172312	1862.8683880605884	0.3
5654.0704869366955	750	14.26256825464978	0.0	398987	4731.559116736679	0.3
5658.157141275636	750	14.175913915709893	0.0	393804	4086.654338939889	0.75
5660.639435648477	750	15.693619542869135	0.0	331053	2482.2943728407577	0.75
5663.568206184749	750	16.7648490065961	0.0	314107	2928.7705362730344	0.75

