10157.064751856225	750	4.0	3.13772266060829	450283	3137.72266060829	1.3538586	-12.742207440615646
10158.034601514182	300	7.0301503420424005	0.0	155580	969.8496579575992	0.5487892	-0.15000000000000002
10160.532169270033	1200	8.532582586191921	0.0	571051	2497.567755850479	1.16659	0.29999999999999993
10162.476002418034	1200	10.588749438191769	0.0	617681	1943.8331480001523	1.251182	1.2
10163.974919722565	1200	13.089832133661842	0.0	652874	1498.9173045299276	1.3250248	1.2
10164.794614149776	750	16.270137706450818	0.0	318564	819.6944272110229	1.4078808	0.3
10165.769746941229	750	19.295004914996962	0.0	352642	975.1327914538585	1.4280111	0.75
10166.98697434611	750	22.077777510116817	0.0	437162	1217.2274048801455	1.409626	0.75
10168.063252002721	750	25.00149985350323	0.0	374758	1076.2776566135917	1.4455291	0.75
10169.790992912904	1200	27.27375894332075	0.0	560821	1727.740910182479	1.4449043	0.75
10177.78256320506	2850	23.282188651162084	0.0	1354548	7991.570292158665	1.5326568	1.2000000000000002
10188.486976085209	1850	16.57777577101434	0.0	917428	10704.41288014774	1.4301562	0.8500000000000001
10193.690110305839	1200	15.37464155038383	0.0	624282	5203.1342206305135	1.286202	0.5499999999999999
10195.368261961463	750	17.696489894759402	0.0	434409	1678.1516556244273	1.2607515	0.3
10196.726703723982	750	20.338048132239454	0.0	337059	1358.4417625199467	1.3600669	0.75
10197.320610932515	300	23.74414092370782	0.0	138313	593.907208531632	1.3837742	-0.15000000000000002
10197.901524251278	300	27.1632276049438	0.0	143509	580.9133187640216	1.3215338	0.3
10199.169063812875	750	29.89568804334871	0.0	372963	1267.5395615950915	1.3554473	0.3
10200.404075323038	750	32.66067653318539	0.0	405596	1235.0115101633212	1.4701627	0.75
10203.439162352768	1850	33.625589503453625	0.0	923755	3035.0870297317642	1.5109891	0.75
10210.377790770017	4300	30.686961086205145	0.0	2039773	6938.628417248478	1.5356314	1.8499999999999996
10216.832026715643	4300	28.232725140577255	0.0	2176469	6454.23594562789	1.0152693	4.3
10225.009264085269	4300	24.055487770952972	0.0	2221506	8177.237369624283	1.0368791	4.3
10228.832610602489	2850	24.232141253732795	0.0	1323990	3823.3465172201754	1.1661218	1.4000000000000001
10231.79655082594	2850	25.268201030281443	0.0	1383735	2963.940223451356	1.3280722	2.85
10234.19541858266	1850	26.86933327356355	0.0	905935	2398.86775671789	1.2349681	0.8500000000000001
10240.60544019319	4300	24.45931166303121	0.0	2395588	6410.021610532341	1.4824431	1.8499999999999996
10246.22251850675	4300	22.842233349473833	0.0	1972048	5617.078313557377	0.7754866	4.3
10251.578805594447	4300	21.485946261775673	0.0	2134614	5356.287087698162	0.8995827	4.3
10255.256367145561	2850	21.80838471066044	0.0	1561263	3677.561551115231	0.8821851	1.4000000000000001
10257.28960619763	1850	23.775145658592447	0.0	873429	2033.2390520679942	1.2077608	0.8500000000000001
10259.06180223926	1200	26.00294961696196	0.0	620283	1772.196041630488	1.4450531	0.5499999999999999
10260.771881892611	1200	28.292869963609647	0.0	584349	1710.079653352313	1.6055722	1.2
10264.909788601299	2850	28.154963254924354	0.0	1587293	4137.906708685291	1.6097077	1.2000000000000002
10268.988108129482	2850	28.076643726738595	0.0	1492672	4078.319528185759	1.1069447	2.85
10272.17396384071	1850	28.89078801551091	0.0	943942	3185.8557112276867	1.0987844	0.8500000000000001
10275.27083200778	2850	29.793919848440204	0.0	1139291	3096.8681670707047	1.3587394	1.85
10283.726919898769	4300	25.337831957452334	0.0	2147467	8456.08789098787	0.9970102	2.8499999999999996
10290.35844256782	2850	22.706309288401982	0.0	1427478	6631.5226690503505	0.8823208	1.4000000000000001
10293.074294880487	1850	23.990456975734507	0.0	930577	2715.8523126674763	1.2191583	0.8500000000000001
10295.745701119153	1850	25.319050737069038	0.0	858450	2671.406238665467	1.2948596	1.85
10300.279505758923	2850	24.785246097300107	0.0	1527299	4533.804639768931	1.2873929	1.85
10304.229314250311	2850	24.835437605911363	0.0	1343002	3949.8084913887437	0.980683	2.85
10312.37079140708	4300	20.693960449141837	0.0	2219102	8141.477156769529	0.9728651	2.8499999999999996
10319.993013179326	4300	17.071738676896242	0.0	2124950	7622.221772245594	0.8557887	4.3
10324.181725662645	2850	16.88302619357843	0.0	1483527	4188.712483317813	0.96877027	1.4000000000000001
10328.142935961361	2850	16.921815894862053	0.0	1231456	3961.2102987163744	1.0327852	2.85
10331.347404501472	1850	17.71734735475159	0.0	846370	3204.468540110467	1.0442274	0.8500000000000001

