15269.49426828005	750	4.0	2.005422751396268	450283	2005.4227513962683	-7.873317831003952
15270.363297716302	300	7.130970563748243	0.0	155580	869.0294362517569	-0.15000000000000002
15271.221571692962	300	10.272696587087141	0.0	139857	858.2739766611019	0.3
15272.188627587619	300	13.305640692431139	0.0	155432	967.0558946560031	0.3
15274.647942694543	750	14.84632558550569	0.0	411561	2459.3151069254473	0.3
15277.570837942554	1200	15.923430337494606	0.0	520315	2922.895248011083	0.75
15280.594478587862	1200	16.899789692186996	0.0	561791	3023.640645307612	1.2
15284.634746070275	1200	16.85952220977344	0.0	709534	4040.2674824135534	1.2
15287.857204830118	1200	17.637063449930945	0.0	584846	3222.458759842497	1.2
15291.653160930431	1200	17.84110734961737	0.0	560821	3795.956100313574	1.2
15294.639302019817	1200	18.8549662602295	0.0	607410	2986.141089387872	1.2
15297.272582735643	1200	20.221685544405233	0.0	594078	2633.2807158242663	1.2
15300.19817855397	1200	21.29608972607702	0.0	624282	2925.595818328211	1.2
15303.123865902255	1200	22.370402377793567	0.0	687371	2925.6873482834517	1.2
15305.59161531695	1200	23.902652963097328	0.0	526950	2467.749414696242	1.2
15308.537397341335	1200	24.956870938711813	0.0	587876	2945.7820243855117	1.2
15311.802434618528	1200	25.691833661517364	0.0	617242	3265.037277194448	1.2
15315.175505120682	1200	26.31876315936522	0.0	581493	3373.0705021521453	1.2
15318.850723133331	1200	26.643545146715407	0.0	639204	3675.218012649811	1.2
15322.553961417887	1200	26.940306862159733	0.0	586839	3703.238284555674	1.2
15326.027999589252	1200	27.466268690793555	0.0	601738	3474.0381713661777	1.2
15329.429873904683	1200	28.06439437536376	0.0	616206	3401.874315429795	1.2
15334.771491263276	1200	26.722777016770895	0.0	656471	5341.617358592865	1.2
15341.112967308582	1200	24.381300971466853	0.0	536667	6341.4760453040435	1.2
15346.344226283485	750	23.15004199656297	0.0	359903	5231.2589749038825	0.3
15352.017132008728	750	21.477136271320038	0.0	379700	5672.905725242929	0.75
15353.712330016668	300	23.781938263380244	0.0	181901	1695.1980079397936	-0.15000000000000002
15354.609804288539	300	26.884463991509218	0.0	111155	897.4742718710258	0.3
15355.894848721107	300	29.59941955893986	0.0	153605	1285.0444325693568	0.3
15357.229532275936	300	32.26473600411239	0.0	149029	1334.6835548274692	0.3
15360.103449896755	750	33.39081838329265	0.0	358218	2873.917620819748	0.3
15363.471652460064	750	34.02261581998282	0.0	400322	3368.2025633098274	0.75
15367.46176940017	750	34.032498879877004	0.0	369834	3990.1169401058096	0.75
15372.525327193245	750	32.968941086801394	0.0	412837	5063.55779307561	0.75
15376.49118325215	750	33.003085027896695	0.0	401088	3965.856058904701	0.75
15379.896955864331	750	33.597312415715336	0.0	365161	3405.7726121813644	0.75
15382.802411663719	750	34.69185661632834	0.0	321064	2905.455799386999	0.75
15386.057022404317	750	35.43724587572967	0.0	361565	3254.610740598666	0.75
15390.241769538396	750	35.25249874165091	0.0	378327	4184.7471340787615	0.75
15396.7216373318	750	32.77263094824489	0.0	390680	6479.86779340603	0.75
15399.687854456213	300	33.80641382383337	0.0	147968	2966.217124411518	-0.15000000000000002
15402.810393447928	300	34.68387483211829	0.0	161857	3122.538991715075	0.3
15406.050907306368	300	35.44336097367847	0.0	145210	3240.5138584398205	0.3
15410.259954911757	300	35.23431336828963	0.0	172312	4209.047605388838	0.3
15413.246585092462	300	36.24768318758516	0.0	167025	2986.6301807044747	0.3
15414.802229778454	300	38.69203850159485	0.0	160064	1555.6446859903112	0.3
15415.92444102529	300	41.56982725475729	0.0	137507	1122.211246837554	0.3
15416.875621234814	300	44.61864704523411	0.0	118421	951.1802095231865	0.3

