23945.93467043174	750	4.0	2.943433872988283	450283	2943.4338729882834	1.0400114	-11.906765653849618
23946.74848381211	300	7.18618661963313	0.0	155580	813.8133803668703	0.6226627	-0.15000000000000002
23948.294530419596	750	9.640140012146148	0.0	350812	1546.0466074869817	1.1881007	0.3
23951.511656163424	1200	10.423014268319022	0.0	617681	3217.125743827126	1.2677474	0.75
23954.936729468507	1200	10.997940963238305	0.0	652874	3425.0733050807175	1.2770548	1.2
23957.67586807973	1200	12.258802352015794	0.0	520315	2739.1386112225123	1.3020446	1.2
23960.358585400594	1200	13.576085031151711	0.0	561791	2682.717320864082	1.3236122	1.2
23963.53988244147	1200	14.394787990274441	0.0	709534	3181.297040877271	1.3215332	1.2
23965.900471476067	1200	16.034198955677564	0.0	584846	2360.589034596879	1.3593204	1.2
23966.58617223946	300	19.348498192285597	0.0	139105	685.7007633919693	1.3872459	-0.6000000000000001
23967.280906462118	300	22.653763969628816	0.0	141840	694.7342226567769	1.2846507	0.3
23969.873308172984	1200	24.06136225875995	0.0	594078	2592.4017108688668	1.2928437	0.29999999999999993
23972.48274603196	1200	25.451924399783604	0.0	624282	2609.4378589763487	1.4500543	1.2
23975.788168264877	1200	26.14650216686948	0.0	687371	3305.4222329141203	1.4486208	1.2
23978.13902619748	1200	27.795644234264973	0.0	526950	2350.8579326045124	1.4682438	1.2
23980.570068996196	1200	29.364601435553674	0.0	587876	2431.0427987113003	1.474987	1.2
23981.439940238488	300	32.49473019326008	0.0	143509	869.8712422935854	1.4956698	-0.6000000000000001
23984.865973429503	1200	33.0686970022441	0.0	581493	3426.033191015984	1.3521405	0.29999999999999993
23988.78961532704	1200	33.145055104706906	0.0	639204	3923.641897537196	1.4927398	1.2
23992.6662656406	1200	33.26840479114711	0.0	586839	3876.650313559792	1.490097	1.2
23997.47364445022	1850	32.461025981528	0.0	891604	4807.378809619113	1.4848291	1.2000000000000002
23999.253812963227	750	34.68085746852456	0.0	399894	1780.1685130034507	1.5194336	-0.3500000000000001
24001.049130783897	750	36.88553964785311	0.0	401853	1795.3178206714422	1.4704704	0.75
24002.574438923635	750	39.36023150811373	0.0	343800	1525.3081397393864	1.5422826	0.75
24004.13243285889	750	41.802237572860044	0.0	359903	1557.9939352536812	1.5704587	0.75
24004.792891763005	300	45.141778668743854	0.0	153938	660.4589041161915	1.605626	-0.15000000000000002
24007.980748530204	1200	45.953921901543346	0.0	696376	3187.85676720051	1.5144755	0.29999999999999993
24012.985893740257	2850	44.948776691493215	0.0	1141971	5005.145210050137	1.6795231	1.2000000000000002
24022.04725289547	4300	39.88741753627949	0.0	2134614	9061.359155213726	1.1273483	2.8499999999999996
24032.2347686901	4300	33.69990174164657	0.0	2164140	10187.515794632918	0.8783391	4.3
24039.092286191215	2850	30.842384240534855	0.0	1341201	6857.517501111716	1.034092	1.4000000000000001
24049.65299071532	2850	24.281679716428552	0.0	1497683	10560.704524106304	1.259214	2.85
24059.77464117405	2850	18.160029257698014	0.0	1358081	10121.650458730537	1.3046651	2.85
24067.152202254863	1200	14.782468176887454	0.0	670129	7377.561080810559	1.3266951	-0.44999999999999996
24073.74193076729	1200	12.192739664460044	0.0	690253	6589.728512427411	1.2832863	1.2
24080.20881214763	1200	9.725858284121509	0.0	598727	6466.881380338535	1.244114	1.2
24087.749837536347	1200	6.18483289540497	0.0	487812	7541.025388716538	1.210452	1.2
24090.745251469612	300	7.189418962138683	0.0	124011	2995.4139332662867	0.16151008	-0.6000000000000001
24093.746305501627	300	8.188364930123203	0.0	144254	3001.0540320154805	0.042039003	0.3
24096.943779608446	300	8.990890823305698	0.0	149991	3197.474106817506	0.10903663	0.3
24103.25115496373	750	6.6835154680210165	0.0	345516	6307.375355284681	0.28121904	0.3
24105.810808876995	300	8.1238615547567	0.0	161857	2559.653913264315	0.070476726	-0.15000000000000002
24108.875040952516	300	9.059629479238646	0.0	145210	3064.232075518054	0.31327972	0.3
24112.93599454747	300	8.998675884282259	0.0	172312	4060.9535949563883	0.40352574	0.3
24115.276044610036	300	10.658625821719713	0.0	167025	2340.0500625625436	0.35970843	0.3
24119.37054630831	750	10.564124123447131	0.0	393804	4094.501698272582	0.92334974	0.3
24124.97004779481	1850	8.964622636944638	0.0	830730	5599.501486502492	1.1408215	0.75
24133.03606519068	1200	4.898605241074957	0.0	550906	8066.0173958696805	1.1577703	0.5499999999999999

