914.8293316817472	750	4.0	3.3429362672757508	450283	3342.9362672757507	0.012488865	-13.624625949285727
916.0174533388645	300	6.811878342882704	0.0	155580	1188.1216571172963	0.01580586	-0.15000000000000002
917.1206141714285	300	9.708717510318698	0.0	139857	1103.160832564006	0.004705182	0.3
918.4347035498985	300	12.394628131848688	0.0	155432	1314.0893784700106	0.007993085	0.3
919.7832097289369	300	15.046121952810232	0.0	163442	1348.5061790384545	0.1397589	0.3
922.006247515458	750	16.82308416628926	0.0	318564	2223.037786520971	0.6954246	0.3
924.8316027865559	750	17.99772889519133	0.0	352642	2825.3552710979325	0.023536697	0.75
927.4986206756249	750	19.330711006122247	0.0	437162	2667.017889069081	0.011240984	0.75
929.394488159135	750	21.434843522612173	0.0	374758	1895.8674835100771	0.18671983	0.75
932.7729209602854	1200	22.056410721461642	0.0	560821	3378.4328011505313	0.6941822	0.75
935.3880572387659	1200	23.441274442981218	0.0	607410	2615.136278480422	0.017335763	1.2
938.1632972553613	1200	24.666034426385934	0.0	594078	2775.2400165952868	0.004705182	1.2
940.9366916454203	1200	25.89264003632682	0.0	624282	2773.3943900591107	0.004705182	1.2
943.7429376741152	1200	27.086394007631934	0.0	687371	2806.24602869489	0.004705182	1.2
946.3089818680924	1200	28.52034981365477	0.0	526950	2566.044193977162	0.004705182	1.2
949.7054440990377	1200	29.123887582709393	0.0	587876	3396.462230945377	0.004705182	1.2
954.0043398610628	1200	28.8249918206842	0.0	617242	4298.895762025193	0.004705182	1.2
960.7033148366883	1200	26.12601684505884	0.0	581493	6698.974975625364	0.0058412505	1.2
965.143898939913	750	25.685432741834003	0.0	405596	4440.584103224837	0.4578663	0.3
968.7744870740534	750	26.05484460769368	0.0	350713	3630.588134140322	0.020897873	0.75
973.1807163547666	750	25.648615326980533	0.0	386472	4406.229280713148	0.018937346	0.75
978.5600462006241	750	24.26928548112298	0.0	399894	5379.329845857551	0.0068146875	0.75
985.0391911048288	750	21.790140576918347	0.0	401853	6479.1449042046315	0.004705182	0.75
990.4586673647782	750	20.370664316968835	0.0	343800	5419.476259949511	0.0078078588	0.75
992.6432825273195	750	22.186049154427614	0.0	359903	2184.6151625412213	0.01804218	0.75
995.0054452074836	750	23.823886474263546	0.0	379700	2362.1626801640705	0.006480033	0.75
997.6844039092467	750	25.14492777250042	0.0	425781	2678.9587017631243	0.014427468	0.75
999.5054406212789	750	27.32389106046818	0.0	277716	1821.0367120322414	0.063737296	0.75
1002.2422377170298	750	28.587093964717333	0.0	400396	2736.7970957508483	0.08679541	0.75
1004.8472160586534	750	29.982115623093712	0.0	400508	2604.978341623619	0.088219814	0.75
1006.7767030671929	750	32.0526286145542	0.0	358218	1929.4870085395135	0.54472774	0.75
1009.9343009350631	1200	32.895030746683915	0.0	620283	3157.597867870285	0.23409308	0.75
1012.7538334736815	1200	34.07549820806553	0.0	584349	2819.532538618382	0.004705182	1.2
1015.5324476911993	1200	35.29688399054787	0.0	670129	2778.6142175176597	0.004705182	1.2
1019.1685541259566	1200	35.6607775557905	0.0	690253	3636.1064347573642	0.014193545	1.2
1021.7472102639372	1200	37.08212141781001	0.0	598727	2578.656137980497	0.013560083	1.2
1029.5625960676728	2850	33.26673561407429	0.0	1139291	7815.3858037357095	0.6765285	1.2000000000000002
1048.7310265216033	2850	18.0983051601438	0.0	1499009	19168.430453930494	0.004705182	2.85
1054.476997044132	750	16.352334637615055	0.0	378327	5745.9705225287435	0.60351855	-1.35
1058.770733886873	750	16.05859779487421	0.0	390680	4293.736842740844	0.053585745	0.75
1063.868414633774	750	14.960917047973167	0.0	345516	5097.680746901044	0.014401184	0.75
1067.184059114959	750	15.6452725667882	0.0	384505	3315.644481184968	0.0069765206	0.75
1070.0830503153693	750	16.74628136637772	0.0	372093	2898.9912004104785	0.05960378	0.75
1073.1920873796585	750	17.63724430208872	0.0	438281	3109.037064288995	0.031202309	0.75
1076.1459656007319	750	18.683366081015194	0.0	398987	2953.878221073529	0.6086151	0.75
1079.1528306943067	750	19.67650098744031	0.0	393804	3006.8650935748833	0.5995991	0.75
1081.5739297869175	750	21.255401894829415	0.0	331053	2421.099092610896	0.22062387	0.75
1086.9770776314313	1200	19.852254050315654	0.0	550906	5403.147844513761	0.016949886	0.75

