19220.720624463775	750	4.0	4.39150033291431	450283	4391.50033291431	-18.133451431531533
19222.106604220327	300	6.61402024344835	0.0	155580	1385.979756551649	-0.15000000000000002
19223.402524113088	300	9.31810035068476	0.0	139857	1295.91989276359	0.3
19227.668804199948	1200	9.051820263825393	0.0	617681	4266.280086859368	0.29999999999999993
19231.864910100376	1200	8.855714363398704	0.0	652874	4196.105900426689	1.2
19233.935804269615	750	10.784820194155726	0.0	318564	2070.8941692429785	0.3
19237.986336978858	1200	10.734287484914502	0.0	561791	4050.5327092412244	0.75
19242.913845199462	1200	9.806779264307654	0.0	709534	4927.508220606848	1.2
19246.60158802559	1200	10.119036438177334	0.0	584846	3687.74282613032	1.2
19249.60937157339	1200	11.111252890375582	0.0	560821	3007.7835478017523	1.2
19255.79830068798	1850	8.922323775789675	0.0	939819	6188.929114585905	1.2000000000000002
19258.252337174705	750	10.468287289065247	0.0	405134	2454.036486724428	-0.3500000000000001
19262.496498190518	1200	10.224126273253791	0.0	624282	4244.161015811456	0.75
19267.225891497656	1200	9.49473296611633	0.0	687371	4729.39330713746	1.2
19271.57301645021	1200	9.147608013565513	0.0	526950	4347.124952550818	1.2
19275.577358642055	1200	9.143265821718968	0.0	587876	4004.342191846547	1.2
19281.549204880466	1200	7.17141958330613	0.0	617242	5971.846238412838	1.2
19283.958008010413	750	8.762616453358008	0.0	372963	2408.803129948121	0.3
19286.509287849913	750	10.211336613858348	0.0	405596	2551.2798394996616	0.75
19290.31598696662	1200	10.404637497151107	0.0	586839	3806.69911670724	0.75
19294.875304452326	1200	9.845320011445764	0.0	601738	4559.317485705341	1.2
19301.085708728075	1200	7.634915735695207	0.0	616206	6210.404275750558	1.2
19306.96013266382	750	5.760491799951836	0.0	401853	5874.423935743371	0.3
19309.784216511744	300	6.936407952025724	0.0	137654	2824.083847926113	-0.15000000000000002
19312.921021394744	300	7.799603069027891	0.0	146754	3136.804882997832	0.3
19320.342921727206	750	4.377702736567623	0.0	379700	7421.900332460268	0.3
19323.82146621038	300	4.899158253397351	0.0	181901	3478.544483170273	-0.15000000000000002
19325.753566599753	300	6.967057864022737	0.0	111155	1932.1003893746133	0.3
19327.223332454796	300	9.497292008977315	0.0	153605	1469.7658550454246	0.3
19332.620294492746	1200	8.100329971026413	0.0	641447	5396.9620379509015	0.29999999999999993
19335.78802959102	750	8.932594872752532	0.0	358218	3167.735098273881	0.3
19339.525859695932	750	9.19476476783713	0.0	400322	3737.830104915402	0.75
19344.791662606433	1200	7.928961857339036	0.0	584349	5265.802910498094	0.75
19348.466450974236	750	8.254173489533366	0.0	412837	3674.78836780567	0.3
19353.09208297346	750	7.628541490310752	0.0	401088	4625.6319992226145	0.75
19357.346946389887	750	7.3736780738858645	0.0	365161	4254.863416424888	0.75
19362.60664991382	750	6.113974549953147	0.0	321064	5259.703523932718	0.75
19363.91608061546	300	8.804543848314573	0.0	124011	1309.430701638572	-0.15000000000000002
19366.973001774713	750	9.747622689061801	0.0	378327	3056.9211592527718	0.3
19370.982347996473	1200	9.738276467303226	0.0	587506	4009.3462217585748	0.75
19375.29388882077	1200	9.426735643007692	0.0	566904	4311.540824295535	1.2
19380.626469954652	1200	8.094154509124746	0.0	641452	5332.581133882946	1.2
19385.265249521577	750	7.455374942198661	0.0	372093	4638.779566926085	0.3
19388.178407114792	750	8.542217348983517	0.0	438281	2913.157593215145	0.75
19390.73923261035	750	9.98139185342526	0.0	398987	2560.825495558258	0.75
19394.752631754534	1200	9.967992709243088	0.0	638661	4013.399144182171	0.75
19398.18075035721	1200	10.53987410656828	0.0	538612	3428.1186026748073	1.2
19402.426337138437	1200	10.294287325343689	0.0	550906	4245.586781224593	1.2

