21784.70410990058	750	4.0	3.5013497766476167	450283	3501.3497766476166	-14.305804039584752
21785.67236819088	300	7.031741709697546	0.0	155580	968.258290302454	-0.15000000000000002
21786.35910948297	300	10.345000417606482	0.0	139857	686.7412920910647	0.3
21788.0374366224	750	12.666673278177015	0.0	382355	1678.327139429466	0.3
21790.902435640597	1200	13.801674259979862	0.0	652874	2864.999018197154	0.75
21792.852830248336	1200	15.851279652239736	0.0	520315	1950.3946077401245	1.2
21796.612240666338	1850	16.09186923424077	0.0	905515	3759.410417998967	1.2000000000000002
21802.713841304474	1850	13.990268596105354	0.0	1060487	6101.6006381354155	1.85
21806.971553639483	1200	13.73255626109666	0.0	584846	4257.712335008694	0.5499999999999999
21810.686669742205	1200	14.017440158376706	0.0	560821	3715.1161027199532	1.2
21814.803053246083	1200	13.901056654496482	0.0	607410	4116.3835038802235	1.2
21818.384776752257	1200	14.319333148324978	0.0	594078	3581.7235061715055	1.2
21820.549257023988	750	16.154852876595793	0.0	386351	2164.480271729183	0.3
21825.18808717591	1200	15.516022724673581	0.0	687371	4638.830151922211	0.75
21831.496727341	1200	13.207382559581344	0.0	526950	6308.640165092239	1.2
21834.761084640366	750	13.943025260215169	0.0	366214	3264.357299366174	0.3
21838.914204872814	750	13.789905027768716	0.0	360831	4153.120232446452	0.75
21843.355156310685	750	13.348953589895476	0.0	372963	4440.95143787324	0.75
21845.720720969457	300	14.983388931124443	0.0	165384	2365.5646587710326	-0.15000000000000002
21847.493790758483	300	17.21031914209847	0.0	140881	1773.0697890259737	0.3
21848.966642785606	300	19.737467114976063	0.0	157671	1472.8520271224072	0.3
21850.154749155467	300	22.54936074511388	0.0	157812	1188.1063698621808	0.3
21852.557595686	750	24.146514214578374	0.0	401853	2402.8465305355066	0.3
21854.388562332166	750	26.31554756841404	0.0	343800	1830.9666461643367	0.75
21857.459314426924	1200	27.244795473655056	0.0	587236	3070.7520947589846	0.75
21860.340969184745	1200	28.36314071583523	0.0	590335	2881.6547578198274	1.2
21863.579059443386	1200	29.125050457195556	0.0	696376	3238.090258639674	1.2
21871.441551562202	1850	25.262558338379424	0.0	758197	7862.492118816131	1.2000000000000002
21876.034923771207	1200	24.66918612937611	0.0	622896	4593.372209003317	0.5499999999999999
21878.588181697214	750	26.115928203366114	0.0	400508	2553.2579260099965	0.3
21880.67086088269	750	28.033249017893358	0.0	358218	2082.6791854727576	0.75
21882.658579592742	750	30.0455303078401	0.0	400322	1987.7187100532585	0.75
21886.210008734586	1200	30.49410116599336	0.0	584349	3551.4291418467396	0.75
21889.899412285773	1200	30.804697614810554	0.0	670129	3689.403551182809	1.2
21893.44977877011	1850	31.254331130470348	0.0	1026056	3550.3664843402025	1.2000000000000002
21896.874110386394	1850	31.829999514186404	0.0	943942	3424.3316162839433	1.85
21900.35364471294	1850	32.35046518764051	0.0	728962	3479.5343265458932	1.85
21904.460508804626	1850	32.24360109595279	0.0	938587	4106.864091687718	1.85
21908.00368318838	1850	32.70042671219745	0.0	908665	3543.174383755349	1.85
21911.6907090954	1850	33.013400805181746	0.0	930577	3687.0259070157017	1.85
21914.76064637905	1850	33.94346352153065	0.0	858450	3069.9372836510865	1.85
21920.1943569223	2850	32.50975297828101	0.0	1527299	5433.710543249651	1.85
21925.083053347935	2850	31.621056552644248	0.0	1343002	4888.696425636757	2.85
21930.252303757137	2850	30.451806143439526	0.0	1587250	5169.250409204718	2.85
21935.65136395771	2850	29.052745942869333	0.0	1464921	5399.060200570197	2.85
21940.88077550221	2850	27.823334398370662	0.0	1483527	5229.411544498671	2.85
21943.54575645117	1850	29.15835344940948	0.0	830730	2664.9809489611844	0.8500000000000001
21947.69381025632	2850	29.010299644257806	0.0	1364537	4148.05380515167	1.85

