6228.970201795772	750	4.0	1.9680897620528024	450283	1968.0897620528024	-7.71278597682705
6233.517561985735	1850	4.0	0.5473601899634305	957685	4547.3601899634305	-1.603648816842751
6236.563507113263	1850	4.954054872471804	0.0	877771	3045.945127528196	1.85
6239.610940950781	1850	5.906621034953262	0.0	933276	3047.4338375185425	1.85
6244.320107389599	1850	5.197454596134827	0.0	996749	4709.1664388184345	1.85
6255.245496976335	1850	4.0	5.7279349906002635	801058	10925.389586735091	-22.78012045958113
6258.063660953137	1200	5.181836023198554	0.0	561791	2818.163976801447	0.5499999999999999
6260.927710828518	1200	6.317786147817082	0.0	709534	2864.049875381472	1.2
6263.340316927685	1200	7.905180048649412	0.0	584846	2412.6060991676695	1.2
6265.381822845014	1200	9.863674131320954	0.0	560821	2041.5059173284599	1.2
6267.625503379849	1200	11.619993596486124	0.0	607410	2243.6805348348294	1.2
6271.202068935141	1850	12.043428041193833	0.0	917428	3576.5655552922913	1.2000000000000002
6275.763715778997	1850	11.481781197338073	0.0	946851	4561.64684385576	1.85
6283.4821241141435	1850	7.763372862191923	0.0	1036454	7718.4083351461495	1.85
6286.659282126865	1200	8.586214849469982	0.0	526950	3177.1580127219404	0.5499999999999999
6289.834070926325	1200	9.411426050011109	0.0	587876	3174.788799458875	1.2
6293.4966785308125	1200	9.74881844552351	0.0	617242	3662.6076044875995	1.2
6295.980810025027	1200	11.264686951308347	0.0	581493	2484.131494215162	1.2
6298.712756143682	1200	12.532740832653843	0.0	639204	2731.946118654504	1.2
6302.403395062676	1200	12.842101913659324	0.0	586839	3690.6389189945185	1.2
6304.77008336708	1200	14.475413609256794	0.0	601738	2366.68830440253	1.2
6309.03863080566	1200	14.206866170676104	0.0	616206	4268.547438580688	1.2
6312.49667111809	1200	14.748825858246253	0.0	656471	3458.040312429852	1.2
6315.0538447022955	1200	16.191652274041324	0.0	536667	2557.1735842049297	1.2
6318.260144951887	1200	16.985352024449163	0.0	587236	3206.300249592161	1.2
6320.318214694614	1200	18.92728228172286	0.0	590335	2058.0697427263053	1.2
6323.884127666102	1200	19.36136931023419	0.0	696376	3565.9129714886694	1.2
6327.089944275449	1200	20.15555270088761	0.0	487160	3205.816609346578	1.2
6332.875087531229	1200	18.370409445107732	0.0	622896	5785.143255779882	1.2
6336.3440242561255	1200	18.90147272021132	0.0	641447	3468.9367248964113	1.2
6339.410192109256	1200	19.83530486708032	0.0	570392	3066.1678531309985	1.2
6341.997296672249	1200	21.24820030408673	0.0	620283	2587.1045629935893	1.2
6347.079278834684	1200	20.166218141651342	0.0	584349	5081.982162435388	1.2
6350.809528249737	1200	20.43596872659942	0.0	670129	3730.2494150519237	1.2
6353.876002202323	1200	21.369494774012196	0.0	690253	3066.473952587221	1.2
6356.401644393829	1200	22.843852582507193	0.0	598727	2525.642191505004	1.2
6358.769068756454	1200	24.476428219882646	0.0	487812	2367.4243626245475	1.2
6362.017344033705	1200	25.228152942630903	0.0	575591	3248.275277251741	1.2
6365.351960590081	1200	25.893536386254876	0.0	605884	3334.616556376025	1.2
6368.4191814843325	1200	26.82631549200392	0.0	587506	3067.2208942509565	1.2
6371.2263549137215	1200	28.019142062614176	0.0	566904	2807.173429389741	1.2
6373.643624480753	1200	29.601872495582775	0.0	641452	2417.269567031403	1.2
6375.77220549152	1200	31.47329148481514	0.0	599477	2128.5810107676357	1.2
6378.95970562583	1200	32.28579135050529	0.0	634861	3187.5001343098484	1.2
6382.192394689316	1200	33.05310228702004	0.0	630203	3232.6890634852525	1.2
6385.109508375338	1200	34.13598860099797	0.0	638661	2917.113686022074	1.2
6388.59877947088	1850	34.64671750545679	0.0	830730	3489.2710955411703	1.2000000000000002
6390.735231233165	1200	36.510265743171956	0.0	550906	2136.4517622848352	0.5499999999999999

