4766.051178981567	750	4.0	4.717391294739914	450283	4717.391294739914	0.15726495	-19.53478256738163
4767.506109118097	300	6.545069863471299	0.0	155580	1454.9301365287008	0.024053939	-0.15000000000000002
4770.78974955442	750	7.261429427147555	0.0	350812	3283.6404363237434	0.044807125	0.3
4772.573385584617	300	9.47779339695085	0.0	155432	1783.6360301967077	0.029081978	-0.15000000000000002
4777.303607764703	750	8.747571216864323	0.0	411561	4730.222180086525	0.013816473	0.3
4779.004758833737	300	11.046420147831572	0.0	126289	1701.15106903275	0.05964285	-0.15000000000000002
4780.998847012041	300	13.052331969527451	0.0	153295	1994.0881783041207	0.004705182	0.3
4783.093751580294	300	14.957427401273689	0.0	173849	2094.9045682537608	0.004705182	0.3
4784.5851729086535	300	17.466006072914443	0.0	150710	1491.4213283592464	0.004705182	0.3
4785.874967461142	300	20.17621152042623	0.0	139105	1289.7945524882111	0.009392633	0.3
4787.160455880299	300	22.890723101268865	0.0	141840	1285.4884191573651	0.008709384	0.3
4788.693330192763	300	25.357848788804457	0.0	156148	1532.8743124644054	0.015695525	0.3
4790.347733945899	300	27.70344503566898	0.0	160746	1654.4037531354772	0.022758298	0.3
4792.006912547734	300	30.044266433834043	0.0	179801	1659.1786018349364	0.062273867	0.3
4793.45847955925	300	32.59269942231765	0.0	140051	1451.5670115163907	0.3244679	0.3
4794.552160114916	300	35.499018866651575	0.0	138313	1093.6805556660788	0.5500027	0.3
4798.4016775879245	750	35.64950139364283	0.0	360831	3849.517473008747	0.29507402	0.3
4802.170971494813	750	35.88020748675469	0.0	372963	3769.2939068881433	0.008324754	0.75
4806.529730213847	750	35.52144876772062	0.0	405596	4358.758719034067	0.004705182	0.75
4810.193457495544	750	35.85772148602319	0.0	350713	3663.7272816974287	0.004705182	0.75
4814.1946817617345	750	35.856497219833045	0.0	386472	4001.2242661901473	0.004705182	0.75
4821.3677856792465	750	32.68339330232059	0.0	399894	7173.1039175124515	0.004705182	0.75
4828.235309046022	750	29.81586993554495	0.0	401853	6867.523366775641	0.0060607563	0.75
4833.575850127406	750	28.47532885416127	0.0	343800	5340.541081383682	0.00926391	0.75
4838.037221561416	750	28.013957420150835	0.0	359903	4461.371434010435	0.004705182	0.75
4841.253561773767	750	28.797617207800087	0.0	379700	3216.340212350748	0.004705182	0.75
4844.878566542734	750	29.17261243883283	0.0	425781	3625.004768967256	0.004705182	0.75
4847.441241651498	750	30.60993733006951	0.0	277716	2562.6751087633174	0.0060718274	0.75
4851.3983522991075	750	30.65282668245983	0.0	400396	3957.1106476096843	0.006774933	0.75
4856.130808198873	750	29.92037078269447	0.0	400508	4732.455899765358	0.005887185	0.75
4858.976498505994	750	31.074680475573622	0.0	358218	2845.690307120848	0.0049169366	0.75
4862.612703344875	750	31.43847563669233	0.0	400322	3636.204838881292	0.031585045	0.75
4867.521386677959	750	30.52979230360851	0.0	369834	4908.6833330838235	0.038576636	0.75
4870.926173844261	750	31.12500513730623	0.0	412837	3404.7871663022825	0.01204569	0.75
4874.235703613743	750	31.81547536782424	0.0	401088	3309.529769481985	0.18033822	0.75
4877.805093735103	750	32.246085246464446	0.0	365161	3569.390121359795	0.44690093	0.75
4881.55675346776	750	32.49442551380739	0.0	321064	3751.6597326570504	0.40076494	0.75
4884.5170827679185	750	33.534096213648546	0.0	361565	2960.3293001588413	0.1829488	0.75
4887.529968207822	750	34.52121077374476	0.0	378327	3012.885439903786	0.6012636	0.75
4893.110554164091	1200	32.94062481747602	0.0	587506	5580.585956268746	0.31136757	0.75
4898.77115123234	1200	31.280027749226463	0.0	566904	5660.597068249556	0.0115455715	1.2
4907.867172875546	1200	26.184006106020718	0.0	641452	9096.021643205742	0.009319474	1.2
4914.385324846384	1200	23.665854135182734	0.0	599477	6518.151970837985	0.19278753	1.2
4919.472830461031	1200	22.578348520536398	0.0	634861	5087.505614646337	0.09869824	1.2
4925.642571965384	1200	20.408607016182934	0.0	630203	6169.741504353462	0.01493003	1.2
4931.464313367471	1200	18.586865614096087	0.0	638661	5821.741402086844	0.023242617	1.2
4936.391227170932	1200	17.659951810635278	0.0	538612	4926.913803460811	0.011019536	1.2
4941.570797571994	1200	16.48038140957289	0.0	550906	5179.570401062389	0.027419686	1.2

