11236.827470170027	750	4.0	3.998697299309292	450283	3998.697299309292	-16.444398387029956
11238.209448763113	300	6.61802140691262	0.0	155580	1381.9785930873804	-0.15000000000000002
11239.648793463057	300	9.178676706968677	0.0	139857	1439.3446999439418	0.3
11240.93852389914	300	11.888946270885826	0.0	155432	1289.730436082851	0.3
11244.074999793329	750	12.752470376696571	0.0	411561	3136.4758941892537	0.3
11252.10477760251	750	8.722692567514976	0.0	318564	8029.777809181597	0.75
11255.637008446754	300	9.190461723270053	0.0	153295	3532.2308442449225	-0.15000000000000002
11258.836438163287	300	9.991032006737596	0.0	173849	3199.4297165324565	0.3
11260.925583484075	300	11.90188668594992	0.0	150710	2089.1453207876766	0.3
11262.7876843335	300	14.039785836525445	0.0	139105	1862.1008494244743	0.3
11264.8850838831	300	15.94238628692388	0.0	141840	2097.399549601565	0.3
11269.950265012389	750	14.877205157636265	0.0	405134	5065.181129287615	0.3
11274.862196852697	750	13.965273317328672	0.0	386351	4911.931840307591	0.75
11278.764091811203	750	14.063378358824057	0.0	434409	3901.894958504616	0.75
11282.479495027845	750	14.34797514218266	0.0	337059	3715.4032166413967	0.75
11285.418836813913	750	15.40863335611196	0.0	366214	2939.341786070702	0.75
11289.264575209905	750	15.562894960121698	0.0	360831	3845.738395990262	0.75
11293.347823719554	750	15.479646450472362	0.0	372963	4083.248509649334	0.75
11297.582502763826	750	15.244967406199448	0.0	405596	4234.679044272914	0.75
11301.06723224261	750	15.760237927415345	0.0	350713	3484.7294787841033	0.75
11305.69155956124	750	15.135910608783808	0.0	386472	4624.327318631536	0.75
11312.29655675911	750	12.530913410913456	0.0	399894	6604.9971978703525	0.75
11319.656738992115	750	9.170731177908904	0.0	401853	7360.1822330045525	0.75
11321.643924515676	300	11.183545654349466	0.0	137654	1987.1855235594371	-0.15000000000000002
11323.491460314885	300	13.336009855140663	0.0	146754	1847.535799208803	0.3
11325.010944267078	300	15.816525902947498	0.0	153938	1519.4839521931654	0.3
11332.123381604937	750	12.704088565087769	0.0	425781	7112.437337859728	0.3
11335.393697455536	750	13.433772714489258	0.0	277716	3270.3158505985125	0.75
11340.141528303437	750	12.685941866589761	0.0	400396	4747.830847899496	0.75
11344.004562536522	750	12.82290763350407	0.0	400508	3863.03423308569	0.75
11347.430708859954	750	13.396761310073641	0.0	358218	3426.1463234304274	0.75
11350.465566034685	750	14.361904135341335	0.0	400322	3034.8571747323062	0.75
11355.545557697485	750	13.281912472541782	0.0	369834	5079.991662799553	0.75
11361.58967110899	750	11.237799061038752	0.0	412837	6044.113411503031	0.75
11364.71861630188	750	12.10885386814854	0.0	401088	3128.945192890213	0.75
11367.454126742665	750	13.373343427363485	0.0	365161	2735.510440785055	0.75
11369.696102566288	750	15.131367603740774	0.0	321064	2241.9758236227117	0.75
11371.87571234808	750	16.95175782194788	0.0	361565	2179.6097817928944	0.75
11374.446511641521	750	18.380958528506692	0.0	378327	2570.7992934411845	0.75
11377.967451899936	750	18.860018270091476	0.0	390680	3520.940258415216	0.75
11380.629508464595	750	20.19796170543347	0.0	345516	2662.0565646580067	0.75
11383.517101464071	750	21.310368705959142	0.0	384505	2887.592999474327	0.75
11386.651008375438	750	22.176461794592402	0.0	372093	3133.9069113667383	0.75
11390.024301466654	750	22.80316870337634	0.0	438281	3373.293091216062	0.75
11398.274261493129	1850	18.553208676901807	0.0	958994	8249.960026474535	0.75
11404.938274175345	1850	15.889195994684163	0.0	982064	6664.012682217643	1.85
11411.423650015755	1850	13.403820154275508	0.0	830730	6485.375840408657	1.85
11422.57685984597	1850	6.250610324058036	0.0	846370	11153.20983021747	1.85

