3156.3098310347577	750	4.0	4.034106319630938	450283	4034.106319630938	0.5	-16.596657174413032
3157.4261323734454	300	6.883698661312633	0.0	155580	1116.3013386873674	0.5	-0.15000000000000002
3159.5570823161306	750	8.752748718627645	0.0	350812	2130.949942684988	0.5	0.3
3161.6216306656197	750	10.68820036913806	0.0	382355	2064.5483494895834	0.5	0.75
3165.2601389465917	750	11.049692088166061	0.0	411561	3638.508280972001	0.5	0.75
3167.0801508822933	750	13.229680152464669	0.0	318564	1820.011935701391	0.5	0.75
3169.9779754421384	1200	14.33185559261946	0.0	561791	2897.8245598452086	0.5	0.75
3173.815204926285	1200	14.49462610847283	0.0	709534	3837.2294841466314	0.5	1.2
3177.4733573089625	1200	14.836473725795178	0.0	584846	3658.1523826776497	0.5	1.2
3180.504811228009	1200	15.805019806748373	0.0	560821	3031.453919046805	0.5	1.2
3182.6358719832106	1200	17.67395905154731	0.0	607410	2131.0607552010633	0.5	1.2
3185.6221960430294	1850	18.687634991728384	0.0	917428	2986.324059818925	0.5	1.2000000000000002
3189.362559834804	1850	18.947271199954027	0.0	946851	3740.36379177436	0.5	1.85
3193.4541961158525	1850	18.855634918905558	0.0	1036454	4091.6362810484675	0.5	1.85
3196.7145064175006	1850	19.595324617257287	0.0	821631	3260.3103016482714	0.5	1.85
3201.2090548938354	1850	19.100776140922594	0.0	923170	4494.548476334695	0.5	1.85
3207.4218112408075	1850	16.888019793950345	0.0	966699	6212.756346972247	0.5	1.85
3210.8371804536773	1850	17.472650581080973	0.0	885714	3415.3692128693733	0.5	1.85
3214.404214666214	1850	17.905616368543953	0.0	987708	3567.03421253702	0.5	1.85
3220.055476002245	1850	16.25435503251304	0.0	923755	5651.261336030915	0.5	1.85
3223.6229790767393	1850	16.68685195801886	0.0	891604	3567.503074494179	0.5	1.85
3227.389105636795	1850	16.920725397963352	0.0	955231	3766.126560055503	0.5	1.85
3231.362688180892	1850	16.94714285386674	0.0	968026	3973.582544096615	0.5	1.85
3234.2379563052937	1850	18.07187472946448	0.0	874175	2875.2681244022597	0.5	1.85
3236.267487507622	1850	20.042343527136595	0.0	897976	2029.5312023278832	0.5	1.85
3238.6633690522385	1850	21.64646198251997	0.0	905935	2395.881544616627	0.5	1.85
3243.7503643773944	2850	20.55946665736401	0.0	1547572	5086.99532515596	0.5	1.85
3247.043238569583	2850	21.266592465174945	0.0	1141971	3292.8741921890637	0.5	2.85
3250.831419161392	2850	21.478411873366046	0.0	1498470	3788.180591808897	0.5	2.85
3254.1835932290155	2850	22.126237805743035	0.0	1561263	3352.1740676230124	0.5	2.85
3258.187017764767	4300	22.12281326999103	0.0	2113193	4003.424535752006	0.5	2.8499999999999996
3263.1622827940596	4300	21.147548240698466	0.0	2147852	4975.265029292564	0.5	4.3
3272.1246970236093	4300	16.185134011148975	0.0	2191074	8962.414229549493	0.5	4.3
3280.0101783033165	4300	12.299652731441459	0.0	2286761	7885.481279707516	0.5	4.3
3283.1575472713207	2850	13.152283763437492	0.0	1492672	3147.3689680039656	0.5	1.4000000000000001
3286.667009221515	2850	13.64282181324288	0.0	1439896	3509.4619501946113	0.5	2.85
3289.3656369882965	2850	14.944194046461226	0.0	1139291	2698.6277667816553	0.5	2.85
3293.1712493474893	2850	15.138581687268692	0.0	1499009	3805.6123591925334	0.5	2.85
3296.966408505441	2850	15.343422529316985	0.0	1427478	3795.1591579517058	0.5	2.85
3301.393757622877	2850	14.916073411881294	0.0	1402287	4427.349117435692	0.5	2.85
3306.980899062581	2850	13.32893197217698	0.0	1339500	5587.141439704315	0.5	2.85
3313.015421906504	2850	11.294409128253955	0.0	1527299	6034.522843923022	0.5	2.85
3317.8907293442285	2850	10.419101690529589	0.0	1343002	4875.3074377243665	0.5	2.85
3321.141489394204	1850	11.168341640553482	0.0	973972	3250.760049976106	0.5	0.8500000000000001
3325.231471038242	1850	11.078359996515637	0.0	958994	4089.981644037845	0.5	1.85
3330.425239953663	1850	9.884591081094257	0.0	982064	5193.76891542138	0.5	1.85
3334.6985960678116	1850	9.611234966945498	0.0	830730	4273.356114148759	0.5	1.85
3345.4680227558665	2850	4.0	1.158191721109195	1364537	10769.426688054693	0.5	-3.130224400769538

