17083.232989560936	750	4.0	4.722418988271614	450283	4722.418988271614	-19.55640164956794
17084.708595379212	300	6.524394181725228	0.0	155580	1475.6058182747722	-0.15000000000000002
17085.909056123666	300	9.323933437271	0.0	139857	1200.460744454228	0.3
17087.057221996347	300	12.175767564590338	0.0	155432	1148.1658726806618	0.3
17088.174216311167	300	15.058773249770114	0.0	163442	1116.9943148202246	0.3
17090.627357666544	750	16.605631894393177	0.0	318564	2453.141355376939	0.3
17093.386328898032	750	17.846660662908217	0.0	352642	2758.971231484958	0.75
17096.791631586646	750	18.441357974296153	0.0	437162	3405.302688612063	0.75
17101.464176067308	1200	17.768813493632365	0.0	584846	4672.544480663785	0.75
17107.302803771036	1200	15.930185789904298	0.0	560821	5838.627703728068	1.2
17111.13093815893	750	16.10205140200878	0.0	353220	3828.13438789552	0.3
17116.551244878097	750	14.68174468284116	0.0	405134	5420.30671916762	0.75
17119.43199996467	300	15.800989596271249	0.0	160746	2880.755086569911	-0.15000000000000002
17122.61647003208	300	16.616519528860582	0.0	179801	3184.470067410668	0.3
17125.022341828957	300	18.210647731985446	0.0	140051	2405.871796875137	0.3
17127.589063811643	300	19.643925749299193	0.0	138313	2566.7219826862524	0.3
17129.643154254958	300	21.589835305986604	0.0	143509	2054.09044331259	0.3
17131.14309976661	300	24.089889794333818	0.0	150616	1499.945511652786	0.3
17132.789108893427	300	26.44388066751923	0.0	165384	1646.0091268145857	0.3
17135.54004132301	750	27.692948237938232	0.0	350713	2750.9324295809984	0.3
17138.585353201852	750	28.64763635909635	0.0	386472	3045.311878841882	0.75
17146.82256724196	1200	24.41042231898496	0.0	616206	8237.21404011139	0.75
17152.566894505177	750	22.666095055771383	0.0	401853	5744.327263213574	0.3
17156.718252849147	750	22.514736711799813	0.0	343800	4151.358343971571	0.75
17161.196515945405	750	22.03647361554215	0.0	359903	4478.263096257665	0.75
17165.337663169674	750	21.895326391274175	0.0	379700	4141.147224267975	0.75
17170.06231471531	750	21.17067484563967	0.0	425781	4724.651545634503	0.75
17173.349550092942	750	21.883439468009424	0.0	277716	3287.2353776302484	0.75
17179.68910278928	750	19.543886771671232	0.0	400396	6339.55269633819	0.75
17182.11818896781	300	21.114800593144434	0.0	149029	2429.086178526798	-0.15000000000000002
17187.542349661457	750	19.690639899494986	0.0	358218	5424.160693649451	0.3
17189.655730823266	300	21.577258737686954	0.0	157488	2113.3811618080335	-0.15000000000000002
17194.775900508997	750	20.45708905195973	0.0	369834	5120.169685727222	0.3
17197.106093177354	300	22.12689638360423	0.0	163444	2330.1926683554975	-0.15000000000000002
17199.55690757368	300	23.676081987276937	0.0	179328	2450.814396327291	0.3
17204.51180765963	750	22.72118190132483	0.0	365161	4954.90008595211	0.3
17210.15190712097	750	21.081082439985916	0.0	321064	5640.099461338913	0.75
17212.467928282425	300	22.765061278528652	0.0	124011	2316.0211614572645	-0.15000000000000002
17215.45125527726	300	23.78173428369371	0.0	144254	2983.326994834941	0.3
17218.792843316554	300	24.440146244400015	0.0	149991	3341.5880392936942	0.3
17222.848127774258	300	24.384861786696746	0.0	147968	4055.2844577032656	0.3
17227.042519176986	300	24.190470383967572	0.0	161857	4194.391402729176	0.3
17229.085813289144	300	26.147176271811116	0.0	145210	2043.2941121564556	0.3
17232.92786281718	300	26.305126743770078	0.0	172312	3842.0495280410405	0.3
17236.947000986944	300	26.285988574009885	0.0	167025	4019.138169760192	0.3
17240.970207226237	300	26.262782334719365	0.0	160064	4023.206239290517	0.3
17244.764145626497	300	26.468843934456626	0.0	137507	3793.9384002627403	0.3
17248.06611042313	300	27.16687913782486	0.0	118421	3301.964796631765	0.3

