6386.163337754749	750	4.0	5.105653885378062	450283	5105.653885378062	-21.204311707125665
6390.3190394944095	300	4.0	0.15570173966025685	155580	4155.701739660257	-0.8195174805391044
6392.775672924377	300	5.543366570032065	0.0	139857	2456.6334299679343	0.3
6394.062102059866	300	8.256937434542367	0.0	155432	1286.4291354896984	0.3
6395.049821907771	300	11.26921758663774	0.0	163442	987.7198479046284	0.3
6395.595549517358	300	14.723489977049944	0.0	126289	545.7276095877967	0.3
6397.0193305111925	750	17.299708983215723	0.0	352642	1423.7809938342223	0.3
6398.84851009041	750	19.4705294039985	0.0	437162	1829.1795792172181	0.75
6402.885753630666	1850	19.433285863742675	0.0	852833	4037.243540255825	0.75
6406.016055582168	1850	20.302983912241093	0.0	913888	3130.301951501582	1.85
6409.407008813829	1850	20.912030680579427	0.0	939819	3390.953231661663	1.85
6412.425378622338	1850	21.893660872069965	0.0	917428	3018.369808509464	1.85
6415.439135093444	1850	22.879904400964566	0.0	946851	3013.756471105399	1.85
6418.854539144958	1850	23.46450034945034	0.0	1036454	3415.4040515142256	1.85
6421.56450879239	1850	24.754530702018826	0.0	821631	2709.969647431512	1.85
6426.149334670004	1850	24.169704824405404	0.0	923170	4584.8258776134235	1.85
6430.251128154409	1850	24.067911339999974	0.0	966699	4101.793484405429	1.85
6433.358827171023	1850	24.960212323386525	0.0	885714	3107.699016613449	1.85
6436.795560112464	1850	25.52347938194495	0.0	987708	3436.7329414415753	1.85
6440.623510476871	1850	25.695529017537382	0.0	923755	3827.950364407566	1.85
6447.740932890931	1850	22.57810660347776	0.0	891604	7117.422414059621	1.85
6454.788005158779	1850	19.531034335629695	0.0	955231	7047.072267848066	1.85
6463.149783707416	1850	15.169255786993038	0.0	968026	8361.778548636657	1.85
6467.154250887941	750	15.164788606467763	0.0	343800	4004.4671805252747	-0.3500000000000001
6472.472772421342	750	13.846267073067036	0.0	359903	5318.521533400727	0.75
6476.152935430268	750	14.166104064139844	0.0	379700	3680.1630089271907	0.75
6480.363325020115	750	13.955714474293268	0.0	425781	4210.389589846575	0.75
6482.76942418616	750	15.549615308248663	0.0	277716	2406.0991660446043	0.75
6487.115827852848	750	15.203211641560628	0.0	400396	4346.403666688034	0.75
6490.183172051084	750	16.135867443325214	0.0	400508	3067.344198235415	0.75
6493.603864650102	750	16.71517484430632	0.0	358218	3420.692599018895	0.75
6497.429644425198	750	16.889395069210806	0.0	400322	3825.779775095512	0.75
6500.247156252609	750	18.071883241799327	0.0	369834	2817.5118274114793	0.75
6503.501378674748	750	18.817660819660336	0.0	412837	3254.222422138989	0.75
6507.233590394564	750	19.085449099843874	0.0	401088	3732.211719816464	0.75
6509.5198717511175	750	20.799167743290436	0.0	365161	2286.281356553439	0.75
6511.864339539625	750	22.454699954783106	0.0	321064	2344.4677885073284	0.75
6515.956584096011	750	22.36245539839631	0.0	361565	4092.2445563867996	0.75
6519.992780367509	750	22.32625912689862	0.0	378327	4036.1962714976876	0.75
6525.244219986273	750	21.074819508134986	0.0	390680	5251.439618763635	0.75
6528.813135083411	750	21.50590441099688	0.0	345516	3568.9150971381055	0.75
6531.146322266753	750	23.17271722765459	0.0	384505	2333.187183342294	0.75
6533.8790204722645	750	24.440019022142977	0.0	372093	2732.698205511613	0.75
6542.722487016345	1850	19.59655247806255	0.0	973972	8843.466544080426	0.75
6550.431663315441	1850	15.887376178966536	0.0	958994	7709.176299096014	1.85
6563.144887459531	1850	7.174152034877525	0.0	982064	12713.22414408901	1.85
6564.641521756165	300	9.677517738242289	0.0	137507	1496.6342966352374	-1.25
6565.801529786518	300	12.517509707890197	0.0	118421	1160.008030352091	0.3

