14385.783194737607	750	4.0	1.7227784527213061	450283	1722.7784527213062	0.004705182	-6.657947346701616
14387.579417591951	750	6.20377714565615	0.0	398865	1796.22285434385	0.20808771	0.75
14389.326618277653	750	8.456576459953192	0.0	350812	1747.2006857029573	0.45850673	0.75
14391.576360817195	1200	10.20683392041404	0.0	617681	2249.7425395391524	0.60121655	0.75
14393.821176268828	1200	11.962018468780482	0.0	652874	2244.815451633558	0.004705182	1.2
14396.124653485465	1200	13.658541252141132	0.0	520315	2303.477216639348	0.004705182	1.2
14398.656392474788	1200	15.126802262819012	0.0	561791	2531.7389893221216	0.004705182	1.2
14403.411647945128	1200	14.371546792477096	0.0	709534	4755.2554703419155	0.004705182	1.2
14406.37648298533	1200	15.40671175227541	0.0	584846	2964.835040201688	0.033304136	1.2
14409.478633648976	1200	16.304561088629114	0.0	560821	3102.1506636462923	0.0070828055	1.2
14412.44530217344	1200	17.337892564163603	0.0	607410	2966.6685244655127	0.008196221	1.2
14416.023679262586	1200	17.759515475019025	0.0	594078	3578.3770891445724	0.004705182	1.2
14419.816350992305	1200	17.966843745299723	0.0	624282	3792.6717297193013	0.0074624447	1.2
14423.93668518842	1200	17.84650954918438	0.0	687371	4120.334196115346	0.019451533	1.2
14427.982918766524	1200	17.80027597108102	0.0	526950	4046.2335781033566	0.019193903	1.2
14431.636735702401	1200	18.146459035202803	0.0	587876	3653.8169358782166	0.24464765	1.2
14436.469739771259	1200	17.31345496634595	0.0	617242	4833.004068856852	0.047538575	1.2
14440.583723995422	1200	17.19947074218271	0.0	581493	4113.984224163239	0.57281333	1.2
14446.192363792074	1200	15.590830945530502	0.0	639204	5608.63979665221	0.45068368	1.2
14448.861620935502	750	16.92157380210139	0.0	350713	2669.2571434291112	0.15221795	0.3
14452.494904769566	750	17.288289968036334	0.0	386472	3633.2838340650574	0.007827499	0.75
14457.201720431978	750	16.58147430562396	0.0	399894	4706.815662412373	0.008918381	0.75
14462.76695859624	750	15.016236141362919	0.0	401853	5565.238164261043	0.09175645	0.75
14466.384886357759	300	15.39830837984293	0.0	137654	3617.9277615199885	0.4594796	-0.15000000000000002
14469.073609714593	300	16.709585023009122	0.0	146754	2688.7233568338047	0.004705182	0.3
14471.335008508579	300	18.448186229023396	0.0	153938	2261.398793985729	0.00496751	0.3
14474.894020404352	300	18.889174333249642	0.0	181901	3559.0118957737554	0.030355304	0.3
14477.067166900633	300	20.71602783696913	0.0	111155	2173.1464962805103	0.031526137	0.3
14479.886952951152	300	21.89624178645081	0.0	153605	2819.78605051832	0.17233048	0.3
14482.147791429345	300	23.635403308258013	0.0	149029	2260.8384781927944	0.269533	0.3
14484.805933595993	750	24.97726114161019	0.0	358218	2658.1421666478236	0.45782837	0.3
14487.112280880165	750	26.670913857437952	0.0	400322	2306.3472841722346	0.004705182	0.75
14489.629418049932	750	28.153776687671243	0.0	369834	2517.137169766708	0.07121165	0.75
14492.421835673427	750	29.361359064176163	0.0	412837	2792.4176234950833	0.1213611	0.75
14494.894658903635	750	30.88853583396964	0.0	401088	2472.8232302065207	0.27729404	0.75
14498.242422949039	1200	31.540771788565426	0.0	598727	3347.764045404211	0.61904424	0.75
14502.370075307093	1200	31.413119430509493	0.0	487812	4127.652358055933	0.004705182	1.2
14505.907806495909	1200	31.875388241693866	0.0	575591	3537.7311888156296	0.004705182	1.2
14510.86418684732	1200	30.919007890282472	0.0	605884	4956.380351411393	0.004705182	1.2
14513.922261879297	1200	31.86093285830553	0.0	587506	3058.0750319769395	0.004705182	1.2
14516.361519512066	1200	33.42167522553826	0.0	566904	2439.2576327672723	0.04353284	1.2
14522.839490173896	2850	30.943704563707264	0.0	1527299	6477.970661830994	0.54401934	1.2000000000000002
14528.551361918697	2850	29.23183281890492	0.0	1343002	5711.871744802345	0.004705182	2.85
14538.555074900032	2850	23.228119837568567	0.0	1587250	10003.712981336354	0.004705182	2.85
14549.736596240677	2850	16.046598496924364	0.0	1464921	11181.521340644204	0.004705182	2.85
14562.921789870103	1200	6.861404867499148	0.0	638661	13185.193629425215	0.17643458	-0.44999999999999996
14566.054181819592	300	7.729012918010267	0.0	137507	3132.3919494888814	0.004705182	-0.6000000000000001
14569.825528246307	300	7.957666491294783	0.0	118421	3771.346426715483	0.004705182	0.3

