3512.153708313095	750	4.0	1.7282306058808998	450283	1728.2306058809	-6.681391605287869
3513.9479005976136	750	6.205807715481606	0.0	398865	1794.1922845183947	0.75
3515.698944753275	750	8.454763559820275	0.0	350812	1751.0441556613293	0.75
3517.3570780185055	750	10.796630294589859	0.0	382355	1658.1332652304168	0.75
3519.146562121129	750	13.007146191966463	0.0	411561	1789.4841026233955	0.75
3520.281525565807	750	15.872182747288894	0.0	318564	1134.9634446775688	0.75
3521.0766096918314	750	19.07709862126419	0.0	352642	795.0841260247032	0.75
3523.081673338197	1850	21.072034974898333	0.0	1060487	2005.0636463658589	0.75
3524.908564698294	1850	23.2451436148017	0.0	852833	1826.8913600966305	1.85
3527.018196082372	1850	25.13551223072348	0.0	913888	2109.6313840782213	1.85
3529.0973903975914	1850	27.056317915504295	0.0	939819	2079.194315219185	1.85
3531.010941949454	1850	29.142766363642302	0.0	917428	1913.5515518619936	1.85
3533.6856805207494	2850	30.46802779234618	0.0	1422919	2674.738571296123	1.85
3537.996702645817	4300	30.157005667278575	0.0	2275376	4311.022125067603	2.8499999999999996
3542.097669718247	4300	30.056038594849174	0.0	2005399	4100.967072429403	4.3
3547.0752192518703	4300	29.07848906122581	0.0	2152483	4977.549533623365	4.3
3553.275805342699	4300	26.877902970396413	0.0	2289689	6200.586090829397	4.3
3558.3208760181633	4300	25.832832294932466	0.0	2059512	5045.070675463947	4.3
3564.6365270149363	4300	23.517181298159297	0.0	2220726	6315.650996773169	4.3
3569.671816138753	4300	22.481892174342484	0.0	2156729	5035.289123816813	4.3
3576.8340800544192	4300	19.319628258676538	0.0	2039773	7162.263915665946	4.3
3583.1793501457914	4300	16.97435816730409	0.0	2176469	6345.2700913724475	4.3
3588.2386120479196	4300	15.915096265176054	0.0	2221506	5059.261902128036	4.3
3592.4337564036337	4300	15.719951909461916	0.0	2044075	4195.144355714137	4.3
3596.910407317649	4300	15.243300995446807	0.0	2186790	4476.650914015109	4.3
3602.153003200622	4300	14.000705112473847	0.0	2105231	5242.59588297296	4.3
3609.3106593219863	4300	10.843048991109786	0.0	2395588	7157.65612136406	4.3
3611.018015030757	1850	13.135693282338853	0.0	758197	1707.3557087709332	-0.6000000000000001
3613.032031266216	1850	15.121677046879817	0.0	972798	2014.0162354590364	1.85
3615.8640696417087	1850	16.289638671387365	0.0	975811	2832.0383754924524	1.85
3618.3211408012226	1850	17.832567511873478	0.0	873429	2457.0711595138887	1.85
3620.5798358110956	1850	19.573872502000455	0.0	954453	2258.6950098730194	1.85
3622.8881624596906	1850	21.265545853405435	0.0	885062	2308.3266485950207	1.85
3628.1748087668593	1850	19.97889954623713	0.0	1035329	5286.646307168304	1.85
3632.0084417154	1850	20.1452665976964	0.0	1026056	3833.6329485407346	1.85
3636.763847886533	1850	19.389860426563132	0.0	943942	4755.406171133264	1.85
3639.9393661017903	1850	20.21434221130611	0.0	728962	3175.5182152570214	1.85
3642.850484719978	1850	21.30322359311872	0.0	938587	2911.118618187388	1.85
3644.916401603615	1850	23.237306709480954	0.0	908665	2065.9168836377635	1.85
3647.4522479945535	1850	24.70146031854246	0.0	930577	2535.846390938495	1.85
3650.1907992606452	1850	25.96290905245087	0.0	858450	2738.551266091593	1.85
3656.339625508744	1850	23.814082804351994	0.0	1025005	6148.826248098872	1.85
3665.0949955604674	1850	19.058712752628967	0.0	886255	8755.370051723028	1.85
3669.166380250242	1850	18.98732806285435	0.0	973972	4071.384689774615	1.85
3673.343735187353	1850	18.80997312574339	0.0	958994	4177.354937110964	1.85
3675.8032739705304	1850	20.350434342566338	0.0	982064	2459.5387831770477	1.85
3677.3609385466975	1850	22.792769766399225	0.0	830730	1557.664576167114	1.85
3679.207201760312	1850	24.946506552785237	0.0	846370	1846.2632136139887	1.85

