16080.082104284556	750	4.0	4.594934407378574	450283	4594.934407378574	0.5	-19.008217951727868
16081.06556699604	300	7.016537288516239	0.0	155580	983.462711483761	0.5	-0.15000000000000002
16083.692517813737	750	8.38958647082037	0.0	350812	2626.950817695868	0.5	0.3
16088.730019649482	750	7.352084635074738	0.0	382355	5037.501835745632	0.5	0.75
16092.087874706995	750	7.994229577561267	0.0	411561	3357.85505751347	0.5	0.75
16096.162875279359	750	7.919229005197752	0.0	318564	4075.000572363515	0.5	0.75
16101.081487525771	750	7.0006167587847425	0.0	352642	4918.61224641301	0.5	0.75
16104.336718680872	300	7.745385603683533	0.0	173849	3255.2311551012094	0.5	-0.15000000000000002
16108.221326227065	300	7.860778057489406	0.0	150710	3884.607546194127	0.5	0.3
16111.219650568586	300	8.862453715968721	0.0	139105	2998.324341520685	0.5	0.3
16113.511716383455	300	10.570387901098853	0.0	141840	2292.0658148698676	0.5	0.3
16115.223879006375	300	12.858225278179603	0.0	156148	1712.1626229192498	0.5	0.3
16116.646869596118	300	15.43523468843578	0.0	160746	1422.9905897438216	0.5	0.3
16118.181253342116	300	17.900850942437604	0.0	179801	1534.3837459981776	0.5	0.3
16119.398409056983	300	20.683695227572514	0.0	140051	1217.1557148650902	0.5	0.3
16122.627080561384	750	21.45502372317017	0.0	366214	3228.6715044023395	0.5	0.3
16126.500724695663	750	21.5813795888927	0.0	360831	3873.644134277474	0.5	0.75
16131.073180310275	750	21.00892397428008	0.0	372963	4572.455614612619	0.5	0.75
16135.289234505752	750	20.792869778802732	0.0	405596	4216.054195477348	0.5	0.75
16142.750942116822	750	17.3311621677339	0.0	350713	7461.707611068832	0.5	0.75
16154.19787416321	750	9.884230121345343	0.0	386472	11446.932046388556	0.5	0.75
16158.826468683877	300	9.255635600678593	0.0	157812	4628.594520666749	0.5	-0.15000000000000002
16163.672985601848	300	8.409118682708533	0.0	163927	4846.516917970061	0.5	0.3
16166.263523595842	300	9.818580688715192	0.0	137654	2590.53799399334	0.5	0.3
16167.53957292825	300	12.54253135630783	0.0	146754	1276.0493324073632	0.5	0.3
16168.779752620445	300	15.302351664112122	0.0	153938	1240.179692195706	0.5	0.3
16170.265638850176	300	17.816465434381865	0.0	181901	1485.8862297302562	0.5	0.3
16171.256327072417	300	20.82577721214116	0.0	111155	990.6882222407078	0.5	0.3
16172.60813817243	300	23.473966112126917	0.0	153605	1351.811100014241	0.5	0.3
16176.518619943135	750	23.563484341421525	0.0	400508	3910.4817707053903	0.5	0.3
16180.96432149015	750	23.1177827944088	0.0	358218	4445.701547012724	0.5	0.75
16183.517881762733	750	24.5642225218249	0.0	400322	2553.5602725838976	0.5	0.75
16187.518299758183	1200	24.563804526374916	0.0	584349	4000.417995449984	0.5	0.75
16191.800114196549	1200	24.281990088009845	0.0	670129	4281.814438365069	0.5	1.2
16196.375933348463	1200	23.70617093609405	0.0	690253	4575.819151915795	0.5	1.2
16200.326748585747	1200	23.755355698810806	0.0	598727	3950.815237283245	0.5	1.2
16204.26779386459	1850	23.8143104199682	0.0	728962	3941.0452788426046	0.5	1.2000000000000002
16210.161805074276	1850	21.920299210282813	0.0	938587	5894.011209685388	0.5	1.85
16216.38043920802	1850	19.701665076540174	0.0	908665	6218.634133742643	0.5	1.85
16222.272708348464	1850	17.809395936094553	0.0	930577	5892.269140445622	0.5	1.85
16227.806805960003	1850	16.275298324555738	0.0	858450	5534.097611538815	0.5	1.85
16234.35549484722	1850	13.726609437339796	0.0	1025005	6548.688887215942	0.5	1.85
16239.636267857744	1850	12.445836426816344	0.0	886255	5280.773010523451	0.5	1.85
16245.865490252254	1850	10.216614032305996	0.0	973972	6229.222394510348	0.5	1.85
16252.91751774555	1850	7.16458653900922	0.0	958994	7052.027493296775	0.5	1.85
16256.627497817675	1200	7.45460646688591	0.0	638661	3709.9800721233096	0.5	0.5499999999999999
16259.86624034398	1200	8.215863940581354	0.0	538612	3238.7425263045566	0.5	1.2
16267.742110624968	1850	4.3399936595925706	0.0	846370	7875.870280988784	0.5	1.2000000000000002

