7360.503354847506	750	4.0	4.746018619318359	450283	4746.018619318359	-19.65788006306894
7361.804509938497	300	6.698844909008274	0.0	155580	1301.1550909917264	-0.15000000000000002
7362.992397715921	300	9.510957131585016	0.0	139857	1187.8877774232599	0.3
7364.378276527913	300	12.125078319591939	0.0	155432	1385.8788119930766	0.3
7367.740375304234	750	12.762979543272374	0.0	411561	3362.098776319564	0.3
7370.336080979354	750	14.167273868152174	0.0	318564	2595.705675120202	0.75
7373.073968994108	750	15.429385853397612	0.0	352642	2737.8880147545597	0.75
7376.613304893885	750	15.8900499536205	0.0	437162	3539.335899777113	0.75
7380.0097067167635	750	16.493648130741157	0.0	374758	3396.4018228793434	0.75
7383.88415953079	750	16.619195316714556	0.0	362795	3874.4528140266007	0.75
7387.512652332074	750	16.990702515431153	0.0	353220	3628.492801283403	0.75
7390.921860454935	750	17.581494392570452	0.0	405134	3409.2081228607026	0.75
7393.177139463127	750	19.326215384378415	0.0	386351	2255.279008192035	0.75
7396.19067147995	750	20.312683367555554	0.0	434409	3013.5320168228623	0.75
7398.71113304176	750	21.792221805744973	0.0	337059	2520.4615618105813	0.75
7401.392097165439	750	23.111257682065542	0.0	366214	2680.964123679429	0.75
7406.294851145402	1200	22.208503702102664	0.0	617242	4902.753979962877	0.75
7409.041835663825	750	23.461519183680842	0.0	372963	2746.9845184218248	0.3
7412.368841760083	750	24.13451308742191	0.0	405596	3327.0060962589287	0.75
7415.523995047164	750	24.97935980034068	0.0	350713	3155.153287081229	0.75
7418.632993337555	750	25.870361509949966	0.0	386472	3108.998290390713	0.75
7422.677370249049	750	25.825984598456245	0.0	399894	4044.3769114937218	0.75
7427.847293770563	750	24.656061076941747	0.0	401853	5169.923521514498	0.75
7432.00732215992	750	24.496032687584375	0.0	343800	4160.028389357373	0.75
7436.007967587177	750	24.495387260327345	0.0	359903	4000.645427257031	0.75
7437.486011576557	300	27.017343270947457	0.0	153938	1478.0439893798862	-0.15000000000000002
7439.287460602646	300	29.215894244857854	0.0	181901	1801.4490260896061	0.3
7442.161886200078	750	30.341468647425963	0.0	277716	2874.42559743189	0.3
7446.804341978386	750	29.699012869117755	0.0	400396	4642.4557783082055	0.75
7452.255502814068	750	28.24785203343653	0.0	400508	5451.160835681223	0.75
7456.932867709124	750	27.57048713837934	0.0	358218	4677.364895057189	0.75
7459.271465972791	300	29.23188887471374	0.0	157488	2338.598263665604	-0.15000000000000002
7471.616307690125	750	20.887047157379637	0.0	369834	12344.841717334102	0.3
7477.71083271576	300	18.79252213174462	0.0	163444	6094.525025635019	-0.15000000000000002
7483.984660151144	300	16.518694696359816	0.0	179328	6273.827435384805	0.3
7488.881266209546	300	15.62208863795807	0.0	159914	4896.606058401748	0.3
7492.425488902649	300	16.07786594485565	0.0	131610	3544.222693102422	0.3
7496.82732184407	300	15.676033003434302	0.0	124011	4401.832941421346	0.3
7501.132874063011	300	15.370480784494596	0.0	144254	4305.552218939707	0.3
7503.8432465146225	300	16.660108332882533	0.0	149991	2710.3724516120606	0.3
7506.352837803236	300	18.150517044268586	0.0	147968	2509.5912886139504	0.3
7509.3834176210285	300	19.119937226475827	0.0	161857	3030.579817792758	0.3
7512.381943059271	300	20.12141178823348	0.0	145210	2998.5254382423477	0.3
7517.599193513578	300	18.90416133392662	0.0	172312	5217.250454306862	0.3
7521.7200728706475	300	18.783281976856436	0.0	167025	4120.879357070181	0.3
7526.867993174419	300	17.63536167308474	0.0	160064	5147.9203037716925	0.3
7529.569335463384	300	18.934019384119765	0.0	137507	2701.3422889649783	0.3
7531.007420259155	300	21.49593458834858	0.0	118421	1438.084795771185	0.3

