15635.995095899107	750	4.0	5.127185897414645	450283	5127.185897414644	-21.29689935888297
15637.88837740036	300	6.106718498746048	0.0	155580	1893.2815012539522	-0.15000000000000002
15639.531339302664	300	8.463756596441497	0.0	139857	1642.961902304551	0.3
15641.370295949824	300	10.624799949282068	0.0	155432	1838.9566471594298	0.3
15643.396556146554	300	12.598539752552488	0.0	163442	2026.2601967295793	0.3
15646.94605675855	750	13.049039140556447	0.0	318564	3549.500611996041	0.3
15651.306806560277	750	12.688289338830781	0.0	352642	4360.749801725666	0.75
15655.117206848006	750	12.877889051100693	0.0	437162	3810.400287730088	0.75
15659.137473442424	750	12.857622456683192	0.0	374758	4020.2665944175014	0.75
15663.114760505985	750	12.88033539312233	0.0	362795	3977.287063560862	0.75
15664.64898349111	300	15.346112407997898	0.0	141840	1534.2229851244315	-0.15000000000000002
15669.872678089881	750	14.122417809227114	0.0	405134	5223.694598770784	0.3
15675.126238585279	750	12.868857313829826	0.0	386351	5253.560495397287	0.75
15678.674037576544	750	13.321058322564992	0.0	434409	3547.798991264836	0.75
15681.035228606928	750	14.959867292180533	0.0	337059	2361.191030384459	0.75
15683.476713282258	750	16.518382616851948	0.0	366214	2441.4846753285847	0.75
15686.251989388422	750	17.743106510688893	0.0	360831	2775.276106163054	0.75
15688.987073927983	750	19.00802197112635	0.0	372963	2735.084539562545	0.75
15692.088899485758	750	19.90619641335167	0.0	405596	3101.825557774678	0.75
15695.192669905344	750	20.802425993765326	0.0	350713	3103.7704195863435	0.75
15698.240682127496	750	21.754413771613773	0.0	386472	3048.012222151553	0.75
15701.940645815446	750	22.054450083663554	0.0	399894	3699.963687950221	0.75
15707.824268306698	750	20.17082759241278	0.0	401853	5883.622491250772	0.75
15714.105760604505	750	17.88933529460651	0.0	343800	6281.4922978062705	0.75
15720.543960636141	750	15.451135262970572	0.0	359903	6438.200031635936	0.75
15728.256611384553	750	11.7384845145573	0.0	379700	7712.650748413273	0.75
15731.713737329303	300	12.281358569808832	0.0	181901	3457.125944748469	-0.15000000000000002
15733.86439573546	300	14.130700163651822	0.0	111155	2150.6584061570097	0.3
15736.82434061828	300	15.170755280832806	0.0	153605	2959.944882819016	0.3
15739.514769482412	300	16.480326416700642	0.0	149029	2690.4288641321637	0.3
15745.397213116312	750	14.597882782799173	0.0	358218	5882.443633901467	0.3
15756.91495468226	750	7.080141216851847	0.0	400322	11517.741565947326	0.75
15761.425444186943	300	6.569651712167276	0.0	143881	4510.489504684571	-0.15000000000000002
15765.858106111045	300	6.136989788064313	0.0	163444	4432.661924102963	0.3
15769.544604281538	300	6.4504916175716716	0.0	179328	3686.4981704926413	0.3
15772.247166587904	300	7.747929311206905	0.0	159914	2702.5623063647677	0.3
15773.788481512283	300	10.206614386826843	0.0	131610	1541.3149243800622	0.3
15775.385220354256	300	12.609875544854702	0.0	124011	1596.73884197214	0.3
15777.685870759646	300	14.30922513946451	0.0	144254	2300.6504053901913	0.3
15780.070165859079	300	15.924930040030345	0.0	149991	2384.295099434164	0.3
15786.033982541323	750	13.96111335778573	0.0	345516	5963.816682244617	0.3
15793.884678903229	750	10.110416995878259	0.0	384505	7850.69636190747	0.75
15796.226936503565	300	11.768159395543561	0.0	145210	2342.2576003346967	-0.15000000000000002
15798.451210039908	300	13.543885859200806	0.0	172312	2224.273536342757	0.3
15800.277768174186	300	15.717327724921677	0.0	167025	1826.558134279128	0.3
15803.903486363972	750	16.09160953513604	0.0	393804	3625.7181897856367	0.3
15807.370783315197	750	16.624312583911074	0.0	331053	3467.2969512249683	0.75
15811.082161592622	750	16.91293430648583	0.0	314107	3711.378277425243	0.75

