6552.147157567918	750	4.0	1.464606764188326	450283	1464.606764188326	-5.547809086009802
6552.680889505396	300	7.46626806252152	0.0	155580	533.7319374784803	-0.15000000000000002
6556.9757059789445	2850	7.171451588973204	0.0	1300868	4294.816473548316	0.30000000000000027
6561.707253481931	2850	6.439904085986855	0.0	1520281	4731.547502986348	2.85
6566.4551605810275	2850	5.691996986890968	0.0	1472558	4747.907099095888	2.85
6568.85378960001	1200	7.293367967907693	0.0	520315	2398.629018983275	-0.44999999999999996
6573.322686722612	2850	6.824470845305597	0.0	1388403	4468.897122602095	1.2000000000000002
6575.670657070571	1200	8.47650049734687	0.0	709534	2347.9703479587283	-0.44999999999999996
6577.691926570101	1200	10.45523099781716	0.0	584846	2021.269499529708	1.2
6581.787674123597	1850	10.359483444321254	0.0	913888	4095.7475534959062	1.2000000000000002
6583.834638683423	750	12.312518884495187	0.0	353220	2046.964559826069	-0.3500000000000001
6588.3746466017665	1200	11.772510966151067	0.0	594078	4540.007918344119	0.75
6590.140449533069	750	14.006708034848476	0.0	386351	1765.8029313025913	0.3
6591.8086441710175	750	16.338513396900048	0.0	434409	1668.194637948427	0.75
6594.132873904887	1200	18.014283663030373	0.0	526950	2324.229733869675	0.75
6596.443581456819	1200	19.703576111098414	0.0	587876	2310.707551931958	1.2
6599.252902626974	1200	20.89425494094367	0.0	617242	2809.321170154741	1.2
6602.227805865547	1200	21.91935170237	0.0	581493	2974.903238573672	1.2
6604.8413055239735	1200	23.305852043943368	0.0	639204	2613.4996584266332	1.2
6607.4540366070905	1200	24.693120960827276	0.0	586839	2612.7310831160917	1.2
6609.945654565794	1200	26.20150300212316	0.0	601738	2491.617958704114	1.2
6612.553240493987	1200	27.593917073930857	0.0	616206	2607.5859281923044	1.2
6615.490703332096	1200	28.656454235821506	0.0	656471	2937.462838109349	1.2
6617.716443372162	1200	30.430714195755964	0.0	536667	2225.7400400655424	1.2
6619.9946615447725	1200	32.15249602314565	0.0	587236	2278.2181726103126	1.2
6623.588687718898	1850	32.55846984902067	0.0	905935	3594.026174124988	1.2000000000000002
6627.499124054783	1850	32.6480335131357	0.0	1076599	3910.4363358849673	1.85
6631.992769703757	2850	32.1543878641614	0.0	1141971	4493.6456489743005	1.85
6637.455085481369	2850	30.692072086549036	0.0	1498470	5462.315777612363	2.85
6643.425603879474	2850	28.72155368844416	0.0	1561263	5970.518398104874	2.85
6652.203275397181	2850	23.943882170737293	0.0	1341201	8777.671517706867	2.85
6657.078609287857	1850	23.068548280061208	0.0	954453	4875.333890676085	0.8500000000000001
6664.341309716958	1850	19.805847850960756	0.0	885062	7262.700429100452	1.85
6669.243570457376	1200	18.903587110541476	0.0	670129	4902.260740419278	0.5499999999999999
6675.848051011586	1200	16.299106556332717	0.0	690253	6604.4805542087615	1.2
6679.79875984715	1200	16.34839772076819	0.0	598727	3950.7088355645265	1.2
6682.826303337203	1200	17.320854230715266	0.0	487812	3027.5434900529203	1.2
6686.165713648013	1200	17.981443919906106	0.0	575591	3339.410310809162	1.2
6689.334445772648	1200	18.812711795271163	0.0	605884	3168.732124634943	1.2
6693.31058549379	1200	18.836572074128902	0.0	587506	3976.139721142257	1.2
6698.704328380942	1850	17.442829186977743	0.0	858450	5393.742887151161	1.2000000000000002
6705.134415693656	1850	15.012741874263302	0.0	1025005	6430.087312714441	1.85
6717.312360615727	1850	6.834796952191946	0.0	886255	12177.944922071356	1.85
6736.401579810149	1850	4.0	12.254422242230937	973972	19089.219194422883	-50.844015641593025
6741.027633817932	300	4.0	0.6260540077824608	167025	4626.054007782461	-3.942032233464581
6746.5711239088	300	4.0	1.543490090867861	160064	5543.490090867861	-6.337007390731802
6751.108485400373	300	4.0	0.5373614915740936	137507	4537.361491574094	-2.0106544137686027
6753.560239731418	300	5.548245668954906	0.0	118421	2451.7543310450937	0.3

