23376.534018842638	750	4.0	4.8551176236478435	450283	4855.117623647843	-20.127005781685725
23378.03123094365	300	6.502787898988277	0.0	155580	1497.2121010117223	-0.15000000000000002
23379.31853592849	300	9.215482914147731	0.0	139857	1287.3049848405465	0.3
23380.537861587312	300	11.996157255325587	0.0	155432	1219.3256588221457	0.3
23383.265201903214	750	13.268816939424614	0.0	411561	2727.3403159009717	0.3
23385.150255673103	750	15.383763169534628	0.0	318564	1885.053769889986	0.75
23387.382412994873	750	17.151605847763307	0.0	352642	2232.1573217713235	0.75
23390.133060420387	750	18.400958422250405	0.0	437162	2750.6474255128987	0.75
23393.011205271483	750	19.522813571153886	0.0	374758	2878.1448510965206	0.75
23394.99670464687	750	21.537314195766392	0.0	362795	1985.499375387494	0.75
23396.670002674742	750	23.864016167895006	0.0	353220	1673.2980278713835	0.75
23402.734577480245	1850	21.7994413623942	0.0	917428	6064.574805500806	0.75
23409.715985933803	1850	18.818032908837882	0.0	946851	6981.408453556319	1.85
23417.4268707527	1850	15.107148089940015	0.0	1036454	7710.884818897867	1.85
23424.49851839053	1850	12.035500452112633	0.0	821631	7071.647637827383	1.85
23426.99452760834	750	13.539491234297437	0.0	366214	2496.009217815196	-0.3500000000000001
23429.069842425684	750	15.464176416955905	0.0	360831	2075.314817341532	0.75
23431.916604008762	750	16.617414833880822	0.0	372963	2846.7615830750797	0.75
23435.093303099144	750	17.4407157434971	0.0	405596	3176.6990903837227	0.75
23437.45900678899	750	19.07501205365079	0.0	350713	2365.703689846309	0.75
23439.679189580398	750	20.854829262243168	0.0	386472	2220.182791407622	0.75
23447.857496320634	1850	16.676522522006685	0.0	955231	8178.306740236485	0.75
23457.24906692929	1850	11.284951913351925	0.0	968026	9391.570608654762	1.85
23459.257146543183	750	13.276872299455949	0.0	343800	2008.0796138959752	-0.3500000000000001
23461.462878880935	750	15.0711399617005	0.0	359903	2205.73233775545	0.75
23463.66499573936	750	16.86902310327617	0.0	379700	2202.1168584243287	0.75
23466.228321942315	750	18.30569690031932	0.0	425781	2563.3262029568505	0.75
23467.73009290918	750	20.803925933455567	0.0	277716	1501.7709668637522	0.75
23473.56893673598	1850	18.96508210665465	0.0	972798	5838.843826800918	0.75
23481.351735379594	1850	15.182283463041346	0.0	975811	7782.798643613303	1.85
23486.721901735164	750	13.812117107472414	0.0	358218	5370.166355568932	-0.3500000000000001
23490.705917523854	750	13.828101318783542	0.0	400322	3984.015788688871	0.75
23496.252038278206	750	12.281980564430116	0.0	369834	5546.120754353426	0.75
23500.10018128277	750	12.433837559868996	0.0	412837	3848.14300456112	0.75
23503.712160628842	750	12.821858213798706	0.0	401088	3611.9793460702913	0.75
23507.065478803954	750	13.468540038684552	0.0	365161	3353.3181751141533	0.75
23509.73683152536	750	14.797187317279391	0.0	321064	2671.3527214051605	0.75
23513.024053376845	750	15.509965465791069	0.0	361565	3287.2218514883234	0.75
23516.537054942593	750	15.996963900042628	0.0	378327	3513.001565748441	0.75
23522.36632452083	750	14.167694321806005	0.0	390680	5829.269578236624	0.75
23529.244093772388	750	11.28992507024583	0.0	345516	6877.769251560175	0.75
23537.33820681597	750	7.195812026665214	0.0	384505	8094.113043580616	0.75
23540.05784680341	300	8.476172039223464	0.0	145210	2719.6399874417493	-0.15000000000000002
23543.88170473766	300	8.652314104972412	0.0	172312	3823.857934251054	0.3
23548.53129928715	300	8.002719555482683	0.0	167025	4649.594549489728	0.3
23553.649744150523	300	6.884274692110177	0.0	160064	5118.444863372506	0.3
23558.26038961206	300	6.273629230572925	0.0	137507	4610.645461537252	0.3
23561.497730271272	300	7.036288571359419	0.0	118421	3237.340659213505	0.3

