22843.836506943688	750	4.0	5.693969597015465	450283	5693.969597015464	-23.734069267166497
22845.639843538862	300	6.1966634048252285	0.0	155580	1803.336595174772	-0.15000000000000002
22847.128815673994	300	8.707691269693635	0.0	139857	1488.9721351315945	0.3
22848.71232483358	300	11.12418211010765	0.0	155432	1583.509159585983	0.3
22850.422245437487	300	13.414261506198569	0.0	163442	1709.920603909083	0.3
22853.60032147467	750	14.236185469015979	0.0	318564	3178.076037182592	0.3
22857.283316241603	750	14.553190702083322	0.0	352642	3682.9947669326557	0.75
22861.782941768917	750	14.053565174767915	0.0	437162	4499.625527315407	0.75
22865.363917704122	750	14.472589239560872	0.0	374758	3580.975935207043	0.75
22869.07989573051	750	14.75661121317609	0.0	362795	3715.978026384783	0.75
22873.025923991463	750	14.810582952223687	0.0	353220	3946.0282609524015	0.75
22877.31760714841	750	14.518899795279566	0.0	405134	4291.683156944123	0.75
22882.348372266268	750	13.488134677420708	0.0	386351	5030.765117858857	0.75
22888.121268986622	750	11.715237957061689	0.0	434409	5772.89672035902	0.75
22891.813695338245	750	12.022811605439177	0.0	337059	3692.4263516225114	0.75
22896.358530870955	750	11.477976072729616	0.0	366214	4544.835532709562	0.75
22901.763968295058	750	10.072538648628017	0.0	360831	5405.437424101599	0.75
22907.180854920945	750	8.655652022738836	0.0	372963	5416.886625889179	0.75
22909.272030117536	300	10.564476826149148	0.0	165384	2091.1751965896883	-0.15000000000000002
22910.931217449004	300	12.905289494677318	0.0	140881	1659.18733147183	0.3
22912.675564631154	300	15.160942312530912	0.0	157671	1744.3471821464057	0.3
22917.916111698043	750	13.920395245641874	0.0	399894	5240.547066889038	0.3
22925.70126103582	750	10.135245907863222	0.0	401853	7785.149337778652	0.75
22929.23463520374	300	10.60187173994877	0.0	137654	3533.374167914452	-0.15000000000000002
22932.417112893727	300	11.419394049958477	0.0	146754	3182.4776899902936	0.3
22934.836850157346	300	12.999656786340102	0.0	153938	2419.7372636183754	0.3
22936.877819864974	300	14.95868707871337	0.0	181901	2040.969707626731	0.3
22938.032554283927	300	17.803952659759627	0.0	111155	1154.734418953745	0.3
22942.33552841154	750	17.500978532150146	0.0	400396	4302.974127609478	0.3
22946.33129672335	750	17.50521022033485	0.0	400508	3995.7683118153	0.75
22950.653849107443	750	17.182657836241933	0.0	358218	4322.552384092912	0.75
22955.86061139326	750	15.975895550428847	0.0	400322	5206.762285813088	0.75
22964.128901471806	750	11.707605471882543	0.0	369834	8268.290078546303	0.75
22969.444654757852	300	10.391852185832722	0.0	163444	5315.753286049821	-0.15000000000000002
22975.045680841118	300	8.790826102566614	0.0	179328	5601.026083266109	0.3
22979.300536247196	300	8.53597069648888	0.0	159914	4254.855406077736	0.3
22981.82611827876	300	10.010388664926827	0.0	131610	2525.5820315620517	0.3
22983.593720789824	300	12.242786153862923	0.0	124011	1767.6025110639061	0.3
22985.65938703584	300	14.177119907848905	0.0	144254	2065.6662460140187	0.3
22988.177602587868	300	15.658904355819402	0.0	149991	2518.2155520295028	0.3
22990.38131622741	300	17.45519071627543	0.0	147968	2203.7136395439743	0.3
22994.27689926835	750	17.559607675336302	0.0	384505	3895.583040939128	0.3
22996.822919179016	750	19.013587764669946	0.0	372093	2546.0199106663576	0.75
22999.370582846135	750	20.465924097548072	0.0	438281	2547.663667121875	0.75
23003.646467339826	750	20.190039603858843	0.0	398987	4275.884493689227	0.75
23006.157783471223	750	21.678723472461275	0.0	393804	2511.3161313975684	0.75
23009.267588857605	750	22.568918086076714	0.0	331053	3109.805386384561	0.75
23011.60485084283	750	24.231656100851136	0.0	314107	2337.2619852255775	0.75

