5944.314321252853	750	4.0	2.572266498290951	450283	2572.266498290951	0.5	-10.310745942651089
5946.458440231923	750	5.855881020930088	0.0	398865	2144.1189790699123	0.5	0.75
5953.232229306415	750	4.0	0.9179080535625963	350812	6773.789074492684	0.5	-3.197004630319164
5955.821102707918	300	5.4111265984976855	0.0	155432	2588.873401502315	0.5	-0.15000000000000002
5958.743366871638	300	6.488862434777878	0.0	163442	2922.2641637198076	0.5	0.3
5960.944372185308	300	8.287857121107965	0.0	126289	2201.0053136699134	0.5	0.3
5963.998752386735	300	9.233476919680362	0.0	153295	3054.380201427604	0.5	0.3
5967.8161335838895	300	9.41609572252596	0.0	173849	3817.3811971544023	0.5	0.3
5970.5052855134145	300	10.726943793001197	0.0	150710	2689.151929524762	0.5	0.3
5973.293099186896	300	11.939130119519348	0.0	139105	2787.81367348185	0.5	0.3
5976.654913200345	300	12.577316106070727	0.0	141840	3361.8140134486216	0.5	0.3
5979.6973380961035	300	13.53489121031171	0.0	156148	3042.4248957590175	0.5	0.3
5982.0832767003385	300	15.148952606077124	0.0	160746	2385.938604234586	0.5	0.3
5984.354039759296	300	16.878189547119348	0.0	179801	2270.7630589577734	0.5	0.3
5986.187946932933	300	19.04428237348231	0.0	140051	1833.90717363704	0.5	0.3
5987.981176393122	300	21.25105291329274	0.0	138313	1793.2294601895715	0.5	0.3
5991.912503440562	750	21.319725865852547	0.0	360831	3931.327047440195	0.5	0.3
5994.902491376101	750	22.329737930313975	0.0	372963	2989.987935538572	0.5	0.75
5996.823893632362	750	24.40833567405202	0.0	405596	1921.402256261959	0.5	0.75
5998.911271416998	750	26.32095788941745	0.0	350713	2087.377784634569	0.5	0.75
6001.488407415751	1200	27.74382189066423	0.0	601738	2577.1359987532187	0.5	0.75
6007.277207340051	1200	25.9550219663635	0.0	616206	5788.799924300731	0.5	1.2
6024.6852638980645	1850	12.546965408350326	0.0	968026	17408.056558013173	0.5	1.2000000000000002
6030.931214128385	750	10.301015178029557	0.0	343800	6245.950230320769	0.5	-0.3500000000000001
6033.113544998452	300	12.1186843079628	0.0	146754	2182.3308700667567	0.5	-0.15000000000000002
6035.151810897036	300	14.08041840937934	0.0	153938	2038.2658985834612	0.5	0.3
6037.653133555676	300	15.57909575073878	0.0	181901	2501.322658640561	0.5	0.3
6039.00611214764	300	18.226117158774237	0.0	111155	1352.9785919645442	0.5	0.3
6040.6493290733715	300	20.582900233043386	0.0	153605	1643.216925730849	0.5	0.3
6044.63614871425	750	20.59608059216449	0.0	400508	3986.8196408788963	0.5	0.3
6049.647257910382	1200	19.58497139603277	0.0	570392	5011.109196131716	0.5	0.75
6058.129527376473	1200	15.102701929942237	0.0	620283	8482.269466090534	0.5	1.2
6064.286114822556	1200	12.946114483860143	0.0	584349	6156.587446082094	0.5	1.2
6068.093120375477	750	13.13910893093858	0.0	412837	3807.0055529215624	0.5	0.3
6070.768953934453	750	14.463275371963192	0.0	401088	2675.8335589753874	0.5	0.75
6073.394077867253	750	15.83815143916288	0.0	365161	2625.123932800312	0.5	0.75
6075.627963717598	750	17.604265588818535	0.0	321064	2233.8858503443444	0.5	0.75
6079.440031513428	1200	17.79219779298748	0.0	575591	3812.067795831055	0.5	0.75
6083.894145967397	1200	17.338083339018894	0.0	605884	4454.114453968589	0.5	1.2
6087.178488118797	1200	18.053741187618765	0.0	587506	3284.342151400128	0.5	1.2
6090.497952505044	1200	18.734276801371895	0.0	566904	3319.46438624687	0.5	1.2
6095.060831527303	1200	18.171397779112624	0.0	641452	4562.879022259273	0.5	1.2
6101.150535612048	1200	16.08169369436764	0.0	599477	6089.704084744982	0.5	1.2
6114.207392986489	1200	7.024836319926153	0.0	634861	13056.857374441488	0.5	1.2
6117.439418296314	300	7.792811010101521	0.0	167025	3232.025309824632	0.5	-0.6000000000000001
6119.624340247135	300	9.607889059280227	0.0	160064	2184.9219508212946	0.5	0.3
6120.982992917146	300	12.249236389269697	0.0	137507	1358.6526700105303	0.5	0.3
6122.229104267831	300	15.00312503858438	0.0	118421	1246.1113506853167	0.5	0.3

