371.5659215242384	750	4.0	2.8275693741498356	450283	2827.5693741498358	-11.408548308844292
372.3985219207612	300	7.167399603477153	0.0	155580	832.600396522847	-0.15000000000000002
373.11377296235696	300	10.452148561881389	0.0	139857	715.2510415957636	0.3
373.7706916929963	300	13.79522983124204	0.0	155432	656.918730639351	0.3
374.583695519859	300	16.982226004379303	0.0	163442	813.0038268627351	0.3
375.3063651871157	300	20.25955633712261	0.0	126289	722.6696672566967	0.3
376.4363349004505	300	23.129586623787834	0.0	153295	1129.9697133347768	0.3
380.15426368179425	300	23.411657842444114	0.0	173849	3717.92878134372	0.3
381.97892048308444	300	25.58700104115391	0.0	150710	1824.6568012902028	0.3
384.58086504451654	300	26.985056479721823	0.0	139105	2601.9445614320875	0.3
387.2079048613418	300	28.358016662896663	0.0	141840	2627.0398168251636	0.3
390.2237633426375	300	29.34215818160092	0.0	156148	3015.8584812957415	0.3
393.0907612230085	300	30.475160301229916	0.0	160746	2866.9978803710032	0.3
396.04844451714547	300	31.51747700709295	0.0	179801	2957.6832941369685	0.3
399.5591945071572	300	32.00672701708122	0.0	140051	3510.749990011732	0.3
404.27786096726123	300	31.28806055697718	0.0	138313	4718.666460104036	0.3
408.0716479242471	300	31.494273599991363	0.0	143509	3793.7869569858167	0.3
411.4888778177251	300	32.07704370651334	0.0	150616	3417.2298934780315	0.3
414.7063962243185	300	32.85952529991998	0.0	165384	3217.5184065933527	0.3
417.1125077724163	300	34.45341375182219	0.0	140881	2406.1115480977896	0.3
420.11285960517847	300	35.453061919059984	0.0	157671	3000.351832762206	0.3
423.2303701861429	300	36.33555133809557	0.0	157812	3117.5105809644197	0.3
427.1192748510269	300	36.44664667321161	0.0	163927	3888.9046648839544	0.3
430.35007795774015	300	37.215843566498314	0.0	137654	3230.803106713296	0.3
433.35965971333275	300	38.2062618109057	0.0	146754	3009.5817555926114	0.3
436.0549939883768	300	39.51092753586163	0.0	153938	2695.334275044062	0.3
439.3673575285745	300	40.198563995663996	0.0	181901	3312.3635401976444	0.3
441.504315000193	300	42.06160652404547	0.0	111155	2136.957471618523	0.3
444.36507671498447	300	43.20084480925399	0.0	153605	2860.761714791483	0.3
448.3053010275433	300	43.26062049669513	0.0	149029	3940.2243125588484	0.3
454.01594391535474	300	41.5499776088837	0.0	157421	5710.642887811429	0.3
455.7964291999879	300	43.76949232425054	0.0	157488	1780.485284633163	0.3
457.09431104377217	300	46.4716104804663	0.0	143881	1297.8818437842328	0.3
458.55014193373586	300	49.0157795905026	0.0	163444	1455.8308899636947	0.3
460.2768688886576	300	51.289052635580866	0.0	179328	1726.7269549217374	0.3
461.8458863878071	300	53.7200351364313	0.0	159914	1569.0174991495671	0.3
462.9721610620312	300	56.59376046220719	0.0	131610	1126.2746742241086	0.3
464.0079224566833	300	59.557999067555095	0.0	124011	1035.7613946521012	0.3
466.4218470736429	300	59.59082199342266	0.0	144254	1967.1770741324347	0.3
468.25664946838367	300	59.5267945245658	0.0	149991	1564.0274688568516	0.3
470.78359296526276	300	59.523710200918266	0.0	147968	2503.0843236475434	0.3
473.30375886394273	300	59.670556900194036	0.0	161857	1353.1533007242272	0.3
474.2959043426706	300	59.70299047430798	0.0	145210	967.5664258860595	0.3
476.48284232128145	300	59.64681094942349	0.0	172312	1556.1795248844962	0.3
480.1559178991895	300	59.97373537151544	0.0	167025	2173.07557790805	0.3
484.1403513984357	300	59.98930187226925	0.0	160064	3984.4334992461872	0.3
487.283848941967	300	59.506686922943885	0.0	137507	2482.6149493253665	0.3
490.5963678219864	300	59.91086876103716	0.0	118421	2095.8181619067254	0.3

