7423.1312923771175	750	4.0	1.4326655545084757	450283	1432.6655545084757	0.5	-5.410461884386445
7424.489996847702	750	6.641295529414785	0.0	398865	1358.7044705852145	0.5	0.75
7425.8788440865765	750	9.252448290540524	0.0	350812	1388.8472388742618	0.5	0.75
7427.468749165837	750	11.662543211280328	0.0	382355	1589.9050792601952	0.5	0.75
7432.47479682418	1850	10.656495552937423	0.0	996749	5006.0476583429045	0.5	0.75
7435.077575793665	1850	12.053716583452204	0.0	801058	2602.7789694852204	0.5	1.85
7437.94065919489	1850	13.190633182226307	0.0	905515	2863.083401225897	0.5	1.85
7441.292594764717	1850	13.838697612399958	0.0	1060487	3351.9355698263494	0.5	1.85
7444.320825216468	1850	14.81046716064938	0.0	852833	3028.2304517505772	0.5	1.85
7447.611388830914	1850	15.519903546202713	0.0	913888	3290.5636144466653	0.5	1.85
7454.129856468983	2850	13.001435908134143	0.0	1354548	6518.46763806857	0.5	1.85
7459.712317759145	2850	11.418974617972381	0.0	1519951	5582.461290161762	0.5	2.85
7462.766816821229	1850	12.364475555887577	0.0	946851	3054.4990620848043	0.5	0.8500000000000001
7466.329296933592	1850	12.801995443525643	0.0	1036454	3562.4801123619345	0.5	1.85
7468.954794314691	1850	14.176498062426434	0.0	821631	2625.497381099209	0.5	1.85
7472.59578684158	1850	14.535505535537501	0.0	923170	3640.9925268889333	0.5	1.85
7479.073718112444	2850	12.057574264673033	0.0	1491626	6477.931270864468	0.5	1.85
7483.3160577785275	2850	11.81523459859076	0.0	1358801	4242.339666082274	0.5	2.85
7488.384092702521	2850	10.74719967459681	0.0	1537156	5068.03492399395	0.5	2.85
7493.725432548735	2850	9.405859828383178	0.0	1336050	5341.339846213632	0.5	2.85
7499.874430973889	2850	7.256861403228906	0.0	1415116	6148.998425154272	0.5	2.85
7503.507473432961	1850	7.6238189441565405	0.0	955231	3633.042459072366	0.5	0.8500000000000001
7506.731353901114	1850	8.399938476004175	0.0	968026	3223.8804681523634	0.5	1.85
7509.562464661357	1850	9.568827715760282	0.0	874175	2831.1107602438924	0.5	1.85
7512.622345806892	1850	10.508946570224825	0.0	897976	3059.8811455354567	0.5	1.85
7515.846422747422	1850	11.284869629694988	0.0	905935	3224.076940529838	0.5	1.85
7521.3410567447045	1850	9.790235632412736	0.0	1076599	5494.633997282252	0.5	1.85
7523.841012874068	1850	11.290279503049256	0.0	758197	2499.9561293634792	0.5	1.85
7526.854885655442	1850	12.276406721675695	0.0	972798	3013.8727813735613	0.5	1.85
7529.96289276577	1850	13.168399611346532	0.0	975811	3108.0071103291652	0.5	1.85
7532.983575882335	1850	14.147716494782687	0.0	873429	3020.683116563846	0.5	1.85
7536.240204068537	1850	14.891088308579556	0.0	954453	3256.6281862031306	0.5	1.85
7542.920973256034	2850	12.210319121083332	0.0	1358081	6680.769187496223	0.5	1.85
7546.696755304244	1850	12.434537072872445	0.0	1035329	3775.7820482108864	0.5	0.8500000000000001
7550.399772691914	1850	12.731519685202679	0.0	1026056	3703.0173876697663	0.5	1.85
7553.424771681017	1850	13.706520696099382	0.0	943942	3024.998989103296	0.5	1.85
7556.046062859639	1850	15.085229517477444	0.0	728962	2621.2911786219383	0.5	1.85
7559.102113460139	1850	16.02917891697892	0.0	938587	3056.050600498524	0.5	1.85
7565.909691094788	2850	13.22160128232839	0.0	1427478	6807.577634650533	0.5	1.85
7570.33031518286	2850	12.800977194257026	0.0	1402287	4420.624088071364	0.5	2.85
7574.5599782012605	2850	12.57131417585618	0.0	1339500	4229.663018400845	0.5	2.85
7579.645224422316	2850	11.486067954802216	0.0	1527299	5085.246221053964	0.5	2.85
7586.093664028425	2850	9.037628348691403	0.0	1343002	6448.439606110814	0.5	2.85
7589.8166982093235	1850	9.314594167792976	0.0	973972	3723.034180898428	0.5	0.8500000000000001
7593.487542698912	1850	9.64374967820435	0.0	958994	3670.844489588626	0.5	1.85
7596.669334462286	1850	10.461957914830853	0.0	982064	3181.7917633734955	0.5	1.85
7600.856274982589	2850	10.275017394528572	0.0	1231456	4186.9405203022825	0.5	1.85
7605.512247572746	2850	9.61904480437053	0.0	1364537	4655.972590158043	0.5	2.85

