11690.987491396982	750	4.0	4.838144007766586	450283	4838.144007766587	0.004705182	-20.05401923339632
11692.578330723189	300	6.409160673793575	0.0	155580	1590.8393262064255	0.017366877	-0.15000000000000002
11693.781684981685	300	9.205806415296815	0.0	139857	1203.3542584967608	0.020788869	0.3
11695.038143333795	300	11.949348063187209	0.0	155432	1256.4583521096054	0.006393757	0.3
11696.36128263704	300	14.626208759941129	0.0	163442	1323.1393032460794	0.068298236	0.3
11697.45799923738	300	17.529492159601176	0.0	126289	1096.7166003399511	0.13461323	0.3
11698.769882506158	300	20.21760889082371	0.0	153295	1311.8832687774704	0.025286837	0.3
11700.122486532578	300	22.86500486440299	0.0	173849	1352.6040264207143	0.026965741	0.3
11701.309239298647	300	25.678252098334305	0.0	150710	1186.7527660686872	0.07784245	0.3
11702.346887961312	300	28.640603435669462	0.0	139105	1037.6486626648446	0.22795519	0.3
11703.500098588624	300	31.487392808358344	0.0	141840	1153.210627311117	0.42864996	0.3
11707.00354089662	750	31.98395050036227	0.0	405134	3503.4423079960766	0.6170218	0.3
11709.627036527874	750	33.36045486910704	0.0	386351	2623.4956312552285	0.05282006	0.75
11712.716767166648	750	34.270724230333784	0.0	434409	3089.730638773252	0.0053549344	0.75
11715.557975953228	750	35.42951544375289	0.0	337059	2841.2087865808935	0.004705182	0.75
11718.184191464083	750	36.80329993289918	0.0	366214	2626.2155108537095	0.004705182	0.75
11720.084817326178	750	38.902674070802775	0.0	360831	1900.6258620964077	0.0050635505	0.75
11721.973524059613	750	41.01396733736899	0.0	372963	1888.7067334337867	0.08776876	0.75
11724.02728780554	750	42.96020359144161	0.0	405596	2053.7637459273756	0.5229942	0.75
11725.476100319063	750	45.51139107791945	0.0	350713	1448.812513522161	0.5169088	0.75
11728.108062204794	1200	46.879429192190265	0.0	601738	2631.96188572919	0.015088919	0.75
11730.617929874676	1200	48.3695615223088	0.0	616206	2509.8676698814565	0.004705182	1.2
11733.667756480732	1200	49.31973491625202	0.0	656471	3049.826606056784	0.0078014527	1.2
11736.123905470926	1200	50.86358592605773	0.0	536667	2456.148990194291	0.011210407	1.2
11739.1024380971	1200	51.88505329988585	0.0	587236	2978.532626171879	0.017840201	1.2
11741.229839534275	1200	53.757651862709324	0.0	590335	2127.4014371765206	0.01720347	1.2
11746.728379660126	2850	52.25911173685907	0.0	1547572	5498.540125850256	0.756528	1.2000000000000002
11752.377058659607	2850	50.61043273737818	0.0	1141971	5648.678999480889	0.004705182	2.85
11763.266092322425	2850	43.721399074560935	0.0	1498470	10889.033662817255	0.004705182	2.85
11775.112506825739	2850	35.87498457124619	0.0	1561263	11846.414503314745	0.47718635	2.85
11778.127279016862	1200	36.860212380123365	0.0	570392	3014.77219112283	0.062786564	-0.44999999999999996
11781.24911854551	1200	37.73837285147587	0.0	620283	3121.839528647488	0.004705182	1.2
11785.700603527015	1200	37.286887869969775	0.0	584349	4451.484981506097	0.004705182	1.2
11791.436014233175	1200	35.55147716380872	0.0	670129	5735.410706161054	0.004705182	1.2
11792.957594336094	1200	38.029897060889745	0.0	690253	1521.580102918972	0.004705182	1.2
11795.967288192758	2850	39.02020320422661	0.0	1439896	3009.6938566631284	0.004738437	1.2000000000000002
11798.146879726382	2850	40.840611670603685	0.0	1139291	2179.591533622929	0.03173074	2.85
11801.061392097361	2850	41.92609929962447	0.0	1499009	2914.512370979218	0.40398017	2.85
11805.777558106922	4300	41.20993329006411	0.0	2133870	4716.166009560361	0.032756563	2.8499999999999996
11810.938489240929	4300	40.04900215605633	0.0	2146120	5160.93113400778	0.004705182	4.3
11815.02859672283	4300	39.95889467415504	0.0	2108491	4090.107481901293	0.004705182	4.3
11820.557783083534	4300	38.42970831345086	0.0	2184571	5529.186360704181	0.004705182	4.3
11829.210408508483	4300	33.77708288850174	0.0	2121928	8652.625424949114	0.004705182	4.3
11838.966815474821	4300	28.020675922164102	0.0	2219102	9756.40696633764	0.004705182	4.3
11850.145361176566	4300	20.8421302204186	0.0	2124950	11178.545701745503	0.01089832	4.3
11856.646330653915	2850	18.341160743071015	0.0	1483527	6500.969477347587	0.4772903	1.4000000000000001
11863.80614279511	2850	15.181348601875515	0.0	1231456	7159.812141195499	0.004705182	2.85
11870.478159666201	2850	12.509331730784947	0.0	1364537	6672.016871090568	0.0064923675	2.85

