8317.244379708865	750	4.0	4.127748728925795	450283	4127.748728925795	-16.999319534380916
8319.868319442978	300	5.376060265887466	0.0	155580	2623.939734112534	-0.15000000000000002
8320.984912929236	300	8.259466779627365	0.0	139857	1116.593486260102	0.3
8322.053273660262	300	11.19110604860217	0.0	155432	1068.3607310251944	0.3
8323.089731943284	300	14.154647765580098	0.0	163442	1036.4582830220731	0.3
8323.827757567858	300	17.416622141005092	0.0	126289	738.0256245750018	0.3
8325.759537354814	750	19.48484235405008	0.0	352642	1931.779786955014	0.3
8328.438292740484	750	20.806086968379237	0.0	437162	2678.755385670844	0.75
8330.997555211034	750	22.246824497831525	0.0	374758	2559.26247054771	0.75
8333.556697591335	750	23.687682117528304	0.0	362795	2559.142380303223	0.75
8336.4684568909	750	24.77592281796423	0.0	353220	2911.7592995640753	0.75
8340.433474171543	750	24.810905537320313	0.0	405134	3965.0172806439186	0.75
8346.748497486298	750	22.49588222256567	0.0	386351	6315.023314754644	0.75
8349.326592361544	300	23.917787347319297	0.0	179801	2578.0948752463732	-0.15000000000000002
8350.904244736115	300	26.340134972748547	0.0	140051	1577.6523745707495	0.3
8352.001248888782	300	29.243130820081547	0.0	138313	1097.004152667001	0.3
8353.054169257788	300	32.19021045107567	0.0	143509	1052.920369005877	0.3
8355.9628724704	750	33.28150723846357	0.0	372963	2908.7032126120957	0.3
8358.391838252377	750	34.85254145648717	0.0	405596	2428.9657819764047	0.75
8361.085826199629	750	36.15855350923456	0.0	350713	2693.9879472526077	0.75
8363.79518157322	1200	37.449198135645595	0.0	601738	2709.355373588962	0.75
8366.272152816815	1200	38.97222689204917	0.0	616206	2476.971243596425	1.2
8369.98068524905	1850	39.26369445981494	0.0	968026	3708.5324322342312	1.2000000000000002
8373.438841023579	1850	39.8055386852848	0.0	874175	3458.155774530139	1.85
8378.066978833913	2850	39.17740087495233	0.0	1383735	4628.1378103324705	1.85
8382.27999533389	2850	38.96438437497385	0.0	1480464	4213.01649997849	2.85
8389.594338307998	4300	35.65004140086686	0.0	2395588	7314.3429741069895	2.8499999999999996
8394.660510183601	2850	34.58386952526345	0.0	1141971	5066.171875603414	1.4000000000000001
8400.146292556157	2850	33.09808715270634	0.0	1498470	5485.782372557106	2.85
8404.953184294467	2850	32.29119541439519	0.0	1561263	4806.89173831115	2.85
8411.12979548353	2850	30.114584225332635	0.0	1341201	6176.611189062557	2.85
8417.845052551329	1850	27.399327157533513	0.0	954453	6715.257067799121	0.8500000000000001
8421.03655730407	1200	28.207822404792285	0.0	584349	3191.5047527412285	0.5499999999999999
8425.922231209737	1200	27.322148499126758	0.0	670129	4885.673905665527	1.2
8429.369820969716	1200	27.87455873914761	0.0	690253	3447.5897599791474	1.2
8431.2177672717	750	30.026612437161955	0.0	365161	1847.9463019856546	0.3
8434.328184536978	1200	30.916195171883995	0.0	487812	3110.4172652779603	0.75
8437.91025293628	1200	31.334126772582138	0.0	575591	3582.068399301856	1.2
8440.288370281447	1200	32.95600942741685	0.0	605884	2378.117345165284	1.2
8442.238159834116	1200	35.00621987474644	0.0	587506	1949.789552670412	1.2
8445.204292258062	1850	36.040087450801984	0.0	858450	2966.13242394446	1.2000000000000002
8449.337923926674	1850	35.90645578218875	0.0	1025005	4133.631668613235	1.85
8454.626822600858	2850	34.61755710800465	0.0	1343002	5288.898674184097	1.85
8463.514103024692	2850	29.7302766841692	0.0	1587250	8887.280423835447	2.85
8467.651663561985	1850	29.59271614687766	0.0	958994	4137.560537291541	0.8500000000000001
8470.208036871343	1200	31.036342837518337	0.0	638661	2556.3733093593264	0.5499999999999999
8473.281547556915	1850	31.96283215194793	0.0	830730	3073.510685570407	1.2000000000000002
8478.632771849632	1850	30.61160785922963	0.0	846370	5351.224292718299	1.85

