15229.744393194587	750	4.0	6.3928079957343495	450283	6392.80799573435	-26.7390743816577
15230.813480804327	300	6.93091239026107	0.0	155580	1069.0876097389298	-0.15000000000000002
15232.29925552081	300	9.445137673777062	0.0	139857	1485.7747164840077	0.3
15238.298925434816	1200	7.445467759770403	0.0	617681	5999.669914006659	0.29999999999999993
15241.425472037225	750	8.318921157362489	0.0	411561	3126.546602407915	0.3
15243.729659764494	750	10.014733430092159	0.0	318564	2304.18772727033	0.75
15249.135380283915	1200	8.609012910672359	0.0	561791	5405.720519419802	0.75
15252.286562783998	750	9.457830410590047	0.0	437162	3151.1825000823114	0.3
15256.527293923555	1200	9.217099271032254	0.0	584846	4240.731139557792	0.75
15261.480402639558	1200	8.263990555029057	0.0	560821	4953.1087160031975	1.2
15264.418158073644	750	9.326235120944657	0.0	353220	2937.7554340844	0.3
15267.877209116246	1200	9.867184078341737	0.0	594078	3459.051042602919	0.75
15271.656777206066	1200	10.087615988521948	0.0	624282	3779.5680898197897	1.2
15280.124131220984	1200	5.62026197360617	0.0	687371	8467.354014915778	1.2
15281.239986083336	300	8.50440711125364	0.0	140051	1115.8548623525292	-0.6000000000000001
15283.741768329297	750	10.00262486529314	0.0	366214	2501.782245960502	0.3
15287.725733761547	1200	10.018659433041933	0.0	617242	3983.9654322512074	0.75
15291.537496380215	1200	10.206896814373296	0.0	581493	3811.7626186686357	1.2
15296.838918864905	1200	8.905474329682507	0.0	639204	5301.422484690789	1.2
15299.432568624754	750	10.311824569834688	0.0	350713	2593.6497598478204	0.3
15303.268502553079	1200	10.475890641508744	0.0	601738	3835.933928325943	0.75
15307.28471372774	1200	10.459679466847005	0.0	616206	4016.211174661739	1.2
15311.472377284443	1200	10.272015910143923	0.0	656471	4187.663556703083	1.2
15314.038380987628	1200	11.706012206959112	0.0	536667	2566.00370318481	1.2
15320.304987217063	1850	9.43940597752337	0.0	897976	6266.6062294357425	1.2000000000000002
15327.139928931469	1200	6.604464263116796	0.0	590335	6834.941714406573	0.5499999999999999
15328.865394555565	300	8.878998639020667	0.0	181901	1725.4656240961294	-0.6000000000000001
15331.471660832489	750	10.27273236209615	0.0	277716	2606.2662769245158	0.3
15335.227690735852	1200	10.516702458732485	0.0	622896	3756.0299033636666	0.75
15339.707156903169	1200	10.03723629141703	0.0	641447	4479.466167315456	1.2
15344.087718341225	1200	9.656674853358847	0.0	570392	4380.561438058184	1.2
15349.525013163304	1200	8.219380031280357	0.0	620283	5437.29482207849	1.2
15358.266610667457	750	4.0	0.5222174728732006	369834	8741.597504153558	-1.9455351333547626
15362.58806019511	300	4.0	0.3214495276523303	163444	4321.44952765233	-1.5322329689050203
15366.504953760506	300	4.083106434604413	0.0	179328	3916.8935653955873	0.3
15368.934546926233	300	5.653513268877435	0.0	159914	2429.593165726977	0.3
15370.194690948494	300	8.393369246617898	0.0	131610	1260.1440222595365	0.3
15373.607065604674	750	8.980994590438245	0.0	361565	3412.3746561796524	0.3
15376.833968419307	750	9.75409177580329	0.0	378327	3226.9028146349556	0.75
15381.418558936413	1200	9.169501258697618	0.0	587506	4584.590517105671	0.75
15385.526919942458	1200	9.061140252651537	0.0	566904	4108.361006046082	1.2
15389.102334536776	1200	9.485725658334022	0.0	641452	3575.414594317515	1.2
15392.033849906391	1200	10.55421028871959	0.0	599477	2931.515369614431	1.2
15395.095813179403	1200	11.49224701570731	0.0	634861	3061.9632730122808	1.2
15400.983606079091	1850	9.6044541160204	0.0	958994	5887.79289968691	1.2000000000000002
15405.466049718249	1200	9.122010476862924	0.0	638661	4482.443639157475	0.5499999999999999
15409.677447605145	1200	8.910612589966403	0.0	538612	4211.3978868965205	1.2
15411.955604967603	750	10.632455227507748	0.0	314107	2278.1573624586567	0.3

