10569.002707102436	750	4.0	3.5388403668140223	450283	3538.840366814022	-14.467013577300294
10570.455106172585	300	6.5476009298498035	0.0	155580	1452.399070150196	-0.15000000000000002
10575.874806731166	1200	5.127900371269704	0.0	571051	5419.7005585801	0.29999999999999993
10579.74505686717	750	5.257650235265775	0.0	382355	3870.2501360039296	0.3
10584.092038653176	750	4.910668449261499	0.0	411561	4346.981786004275	0.75
10587.214566595243	750	5.788140507193999	0.0	318564	3122.527942067501	0.75
10593.054370133694	1200	4.0	0.051663031257656256	561791	5839.803538451655	0.5278489655920782
10594.367395415282	300	6.68697471841256	0.0	173849	1313.0252815874403	-0.6000000000000001
10595.573732090044	300	9.480638043649746	0.0	150710	1206.3366747628154	0.3
10599.952590935676	1200	9.101779198019157	0.0	560821	4378.858845630587	0.29999999999999993
10601.259302519737	300	11.795067613957828	0.0	141840	1306.71158406133	-0.6000000000000001
10605.0761396365	750	11.978230497195709	0.0	405134	3816.8371167621185	0.3
10608.97791906509	750	12.076451068605639	0.0	386351	3901.779428590072	0.75
10610.815017149826	300	14.239352983871166	0.0	179801	1837.0980847344724	-0.15000000000000002
10613.792007736532	750	15.262362397164416	0.0	337059	2976.990586706751	0.3
10616.33938975422	750	16.714980379477115	0.0	366214	2547.3820176873005	0.75
10618.512194076167	750	18.54217605752806	0.0	360831	2172.8043219490546	0.75
10620.818594865466	750	20.235775268229553	0.0	372963	2306.4007892985087	0.75
10623.32048818133	750	21.733881952365042	0.0	405596	2501.893315864513	0.75
10625.424161418625	750	23.63020871507018	0.0	350713	2103.6732372948645	0.75
10627.682344222596	750	25.37202591109757	0.0	386472	2258.1828039726065	0.75
10631.03649851365	750	26.01787162004321	0.0	399894	3354.1542910543603	0.75
10633.389160660265	750	27.665209473428373	0.0	401853	2352.662146614834	0.75
10635.198182884465	750	29.856187249228018	0.0	343800	1809.0222242003601	0.75
10638.619109847634	1200	30.435260286061407	0.0	587236	3420.9269631666116	0.75
10644.835228577698	1200	28.219141555996224	0.0	590335	6216.118730065184	1.2
10652.461378904913	1200	24.5929912287815	0.0	696376	7626.150327214725	1.2
10656.247616760133	750	24.806753373560415	0.0	277716	3786.2378552210835	0.3
10661.985247245444	750	23.06912288824893	0.0	400396	5737.630485311483	0.75
10667.50379643852	750	21.550573695173206	0.0	400508	5518.5491930757225	0.75
10672.44808433001	750	20.606285803682404	0.0	358218	4944.287891490805	0.75
10677.730355340724	750	19.3240147929688	0.0	400322	5282.2710107136045	0.75
10681.528797761996	750	19.525572371697216	0.0	369834	3798.442421271583	0.75
10687.78396116219	750	17.27040897150384	0.0	412837	6255.163400193378	0.75
10694.430121951787	750	14.624248181905749	0.0	401088	6646.160789598091	0.75
10697.61377175457	750	15.440598379122646	0.0	365161	3183.649802783102	0.75
10700.10002827687	750	16.954341856822314	0.0	321064	2486.2565223003335	0.75
10702.643760415942	750	18.41060971775023	0.0	361565	2543.7321390720845	0.75
10705.11048787722	750	19.943882256471674	0.0	378327	2466.7274612785536	0.75
10709.184277408825	1200	19.8700927248663	0.0	587506	4073.7895316053755	0.75
10712.854690051732	1200	20.19968008195954	0.0	566904	3670.4126429067633	1.2
10717.506163920672	1200	19.548206213020322	0.0	641452	4651.473868939215	1.2
10723.097812493053	1200	17.956557640637914	0.0	599477	5591.648572382409	1.2
10728.13274986923	1200	16.921620264461954	0.0	634861	5034.937376175959	1.2
10732.18861900084	1200	16.86575113285042	0.0	630203	4055.869131611534	1.2
10735.845030599477	1200	17.209339534214283	0.0	638661	3656.411598636138	1.2
10738.632550657558	1200	18.42181947613417	0.0	538612	2787.5200580801115	1.2
10742.170668662342	1200	18.88370147135025	0.0	550906	3538.1180047839243	1.2

