109.43843244616329	750	4.0	5.105653885378062	450283	5105.653885378062	-21.204311707125665
113.59413418582355	300	4.0	0.15570173966025685	155580	4155.701739660257	-0.8195174805391044
116.05076761579149	300	5.543366570032065	0.0	139857	2456.6334299679343	0.3
117.33719675128118	300	8.256937434542367	0.0	155432	1286.4291354896984	0.3
118.32491659918581	300	11.26921758663774	0.0	163442	987.7198479046284	0.3
118.87064420877361	300	14.723489977049944	0.0	126289	545.7276095877967	0.3
119.51954714442795	300	18.074587041395613	0.0	153295	648.9029356543269	0.3
120.26749892369831	300	21.32663526212524	0.0	173849	747.951779270373	0.3
120.98200988560515	300	24.612124300218397	0.0	150710	714.5109619068419	0.3
121.60519945442559	300	27.988934731397958	0.0	139105	623.1895688204406	0.3
122.22339004336357	300	31.370744142459966	0.0	141840	618.1905889379904	0.3
123.01232922207699	300	34.581804963746556	0.0	156148	788.9391787134064	0.3
123.8743821257058	300	37.71975206011776	0.0	160746	862.0529036288007	0.3
124.90831622219726	300	40.68581796362629	0.0	179801	1033.934096491468	0.3
125.66938372656621	300	43.92475045925734	0.0	140051	761.0675043689549	0.3
126.34785840841403	300	47.24627577740952	0.0	138313	678.4746818478177	0.3
126.91961649468111	300	50.67451769114244	0.0	143509	571.7580862670779	0.3
127.49319586160631	300	54.100938324217246	0.0	150616	573.5793669251959	0.3
128.10582291893462	300	57.488311266888935	0.0	165384	612.627057328309	0.3
128.73838494985392	300	59.97855245910397	0.0	140881	509.7588077849639	0.3
129.76621945908687	300	59.71103672070468	0.0	157671	767.5157383992926	0.3
130.4243694758707	300	59.6171211978796	0.0	157812	593.9155228250848	0.3
131.2431671062385	300	59.539839543825046	0.0	163927	577.2816540545524	0.3
132.12942475594738	300	59.527468730977255	0.0	137654	512.3708128477913	0.3
133.43781777841923	300	59.86521566677186	0.0	146754	662.2530642053989	0.3
134.80064420910242	300	59.686872459163496	0.0	153938	1178.3432076083607	0.3
136.01228714387298	300	59.548292565165625	0.0	181901	638.579893997874	0.3
137.04650000327518	300	59.592717593850885	0.0	111155	455.57497131473775	0.3
138.72992220775646	300	59.88032543090398	0.0	153605	712.3921629469118	0.3
141.15901486273359	300	59.75129422908259	0.0	149029	1629.0312018213867	0.3
143.94965506916705	300	59.891004804793724	0.0	157421	1360.2894242888642	0.3
145.49002591803	300	59.67599476663454	0.0	157488	1215.010038159182	0.3
147.66923790151867	300	59.979069161192115	0.0	143881	1196.9256054424293	0.3
149.9669901395051	300	59.676336212122	0.0	163444	1302.7329490701072	0.3
152.21833751948054	300	59.64817215229244	0.0	179328	2028.1640598295635	0.3
155.97379813259585	300	59.892711539177164	0.0	159914	2255.460613115278	0.3
158.8578684086205	300	59.78499843934542	0.0	131610	2107.7130998317425	0.3
160.47174543530227	300	59.526238442551005	0.0	124011	1258.7599967944184	0.3
162.53382697888028	300	59.522756290605656	0.0	144254	1503.4821519453476	0.3
165.4539693606995	300	59.64198470991238	0.0	149991	1380.771580693277	0.3
167.3332786421014	300	59.54201548377442	0.0	147968	1599.9692261379587	0.3
169.36466948801265	300	59.820990140950755	0.0	161857	1221.0253428236617	0.3
172.0812584126693	300	59.7978784586662	0.0	145210	1523.111682284555	0.3
174.32069765909253	300	59.89989741864066	0.0	172312	1397.981040025536	0.3
176.19494135391645	300	59.51350463142753	0.0	167025	1386.392787213133	0.3
178.01928723707113	300	59.68025714365561	0.0	160064	1333.247487771924	0.3
180.95517450824266	300	59.6828626917612	0.0	137507	997.3944518944107	0.3
182.67795505250376	300	59.77071880976921	0.0	118421	1412.1438819919933	0.3

