16159.69723597849	750	4.0	3.5949223786930258	450283	3594.9223786930256	0.6887826	-14.70816622838001
16161.081557662417	300	6.615678316071856	0.0	155580	1384.3216839281442	0.67595464	-0.15000000000000002
16162.19635549483	300	9.50088048365893	0.0	139857	1114.7978324129251	0.23864076	0.3
16163.608865965303	300	12.088370013187337	0.0	155432	1412.510470471593	0.0338935	0.3
16165.209720152083	300	14.487515826408966	0.0	163442	1600.854186778372	0.11362706	0.3
16166.521146634168	300	17.176089344323156	0.0	126289	1311.426482085812	0.14396311	0.3
16168.02571275148	300	19.671523227009967	0.0	153295	1504.5661173131884	0.021397794	0.3
16169.58704804407	300	22.110187934418768	0.0	173849	1561.3352925911972	0.022179456	0.3
16170.669626899435	300	25.027609079054763	0.0	150710	1082.5788553640045	0.05681531	0.3
16172.012036626817	300	27.68519935167388	0.0	139105	1342.4097273808839	0.21126057	0.3
16173.337302213917	300	30.35993376457225	0.0	141840	1325.2655871016277	0.127755	0.3
16174.765152689777	300	32.93208328871201	0.0	156148	1427.850475860242	0.2079152	0.3
16176.164652498584	300	35.532583479905206	0.0	160746	1399.4998088068041	0.630308	0.3
16179.324793752665	750	36.372442225824486	0.0	434409	3160.141254080715	0.53578764	0.3
16181.92685444412	750	37.77038153436966	0.0	337059	2602.0606914548234	0.0048208367	0.75
16184.945738138598	750	38.75149783989162	0.0	366214	3018.883694478041	0.004705182	0.75
16187.917418274057	750	39.77981770443064	0.0	360831	2971.6801354609793	0.004705182	0.75
16191.22940405618	750	40.467831922310395	0.0	372963	3311.9857821202436	0.0055706333	0.75
16194.352342082637	750	41.34489389585279	0.0	405596	3122.9380264576007	0.0058720834	0.75
16197.161482820988	750	42.53575315750085	0.0	350713	2809.1407383519504	0.016463336	0.75
16200.394575485005	750	43.30266049348502	0.0	386472	3233.0926640158295	0.03836626	0.75
16203.775798108594	750	43.92143786989521	0.0	399894	3381.222623589811	0.06753735	0.75
16207.571996392195	750	44.125239586295635	0.0	401853	3796.198283599577	0.13543323	0.75
16210.995572024558	750	44.701663953931565	0.0	343800	3423.575632364064	0.14293686	0.75
16214.039153183588	750	45.65808279490038	0.0	359903	3043.5811590311864	0.12784229	0.75
16218.006326305745	750	45.690909672743345	0.0	379700	3967.173122157034	0.44421542	0.75
16222.985796310324	750	44.711439668163436	0.0	425781	4979.470004579907	0.2854433	0.75
16225.998287275572	750	45.69894870291653	0.0	277716	3012.490965246904	0.24883075	0.75
16229.51260669166	750	46.18462928682832	0.0	400396	3514.319416088211	0.2747099	0.75
16233.039403135277	750	46.65783284321155	0.0	400508	3526.7964436167667	0.6963988	0.75
16238.4807050935	1200	45.216530884989915	0.0	570392	5441.301958221639	0.5111798	0.75
16244.555695039542	1200	43.141540938946505	0.0	620283	6074.989946043406	0.011044299	1.2
16249.935989183417	1200	41.76124679507322	0.0	584349	5380.294143873291	0.008872042	1.2
16258.846246901203	1200	36.85098907728617	0.0	670129	8910.257717787048	0.006721658	1.2
16265.712919759948	1200	33.984316218541686	0.0	690253	6866.672858744483	0.10215851	1.2
16271.38621093467	1200	32.31102504381918	0.0	598727	5673.291174722511	0.025623271	1.2
16276.922013310497	1200	30.775222667992377	0.0	487812	5535.8023758268	0.015039869	1.2
16281.159548901667	1200	30.537687076821555	0.0	575591	4237.53559117082	0.047499638	1.2
16286.866267590203	1200	28.830968388287076	0.0	605884	5706.718688534481	0.005310861	1.2
16293.100697115726	1200	26.596538862763936	0.0	587506	6234.429525523137	0.010127162	1.2
16302.167241458197	1200	21.52999452028996	0.0	566904	9066.544342473977	0.01981583	1.2
16313.30763582165	1200	14.389600156839139	0.0	641452	11140.394363450823	0.69622326	1.2
16319.85346061641	750	11.843775362078933	0.0	372093	6545.824794760204	0.01990939	0.3
16324.527638826654	750	11.169597151834767	0.0	438281	4674.178210244167	0.33787724	0.75
16328.279871833676	750	11.417364144812236	0.0	398987	3752.2330070225303	0.013193451	0.75
16332.14269610611	750	11.554539872378689	0.0	393804	3862.8242724335473	0.007133796	0.75
16335.303875061578	750	12.39336091691141	0.0	331053	3161.17895546728	0.007227792	0.75
16338.627293422807	750	13.069942555681108	0.0	314107	3323.4183612303023	0.0071425764	0.75

