8486.750586628306	750	4.0	2.7720774829579558	450283	2772.077482957956	0.6550759	-11.169933176719208
8489.303524263032	750	5.44706236527567	0.0	398865	2552.9376347243297	0.055030502	0.75
8491.044593687646	750	7.705992940661611	0.0	350812	1741.069424614059	0.065098844	0.75
8492.505645101797	750	10.2449415265102	0.0	382355	1461.0514141514122	0.07312554	0.75
8493.77048695108	750	12.980099677228496	0.0	411561	1264.8418492817027	0.005810106	0.75
8495.16454179101	750	15.586044837299495	0.0	318564	1394.0548399290028	0.026180794	0.75
8496.799888873695	750	17.950697754613234	0.0	352642	1635.3470826862608	0.01172095	0.75
8498.117975965766	750	20.6326106625412	0.0	437162	1318.0870920720342	0.012768817	0.75
8499.512284179666	750	23.238302448642127	0.0	374758	1394.308213899072	0.5534681	0.75
8502.36315689944	1200	24.38742972886667	0.0	560821	2850.872719775457	0.5972773	0.75
8505.7506404159	1200	24.999946212407746	0.0	607410	3387.4835164589235	0.5495945	1.2
8509.167537509224	1200	25.58304911908288	0.0	594078	3416.897093324869	0.68772405	1.2
8514.365277279987	1200	24.385309348321172	0.0	624282	5197.73977076171	0.68650645	1.2
8518.441602601564	750	24.308984026743	0.0	434409	4076.3253215781688	0.01268896	0.3
8520.546018360426	750	26.204568267880525	0.0	337059	2104.4157588624753	0.025983388	0.75
8523.584727314186	750	27.165859314122518	0.0	366214	3038.708953758007	0.0047147176	0.75
8528.573920537287	750	26.176666091021048	0.0	360831	4989.193223101467	0.004705182	0.75
8535.313657702149	750	23.436928926161293	0.0	372963	6739.737164859755	0.030877775	0.75
8537.852396103779	750	24.89819052453075	0.0	405596	2538.738401630543	0.6508098	0.75
8539.499870466436	750	27.250716161874635	0.0	350713	1647.4743626561153	0.004705182	0.75
8541.155363851734	750	29.595222776576385	0.0	386472	1655.4933852982488	0.009587158	0.75
8543.309217721478	1200	31.441368906831297	0.0	616206	2153.8538697450886	0.26502573	0.75
8545.582624574206	1200	33.16796205410411	0.0	656471	2273.4068527271834	0.004705182	1.2
8552.51252661369	1200	30.2380600146216	0.0	536667	6929.902039482509	0.0052351975	1.2
8553.73523644463	750	33.01535018368159	0.0	359903	1222.7098309400053	0.33153823	0.3
8555.486932408401	1200	35.26365421990912	0.0	590335	1751.69596377247	0.004705182	0.75
8557.435773135472	1200	37.314813492838546	0.0	696376	1948.8407270705752	0.008788491	1.2
8560.427731825506	2850	38.3228548028051	0.0	1141971	2991.9586900334543	0.23746222	1.2000000000000002
8564.747852891804	2850	38.00273373650859	0.0	1498470	4320.121066296502	0.008360391	2.85
8577.389013301385	2850	29.36157332692585	0.0	1561263	12641.160409582742	0.009783136	2.85
8582.411657752413	1200	28.338928875897743	0.0	570392	5022.644451028105	0.004705182	-0.44999999999999996
8593.835156934343	1200	20.915429693968257	0.0	620283	11423.499181929485	0.004705182	1.2
8601.3541474828	1200	17.396439145512094	0.0	584349	7518.990548456165	0.4312993	1.2
8603.776985853146	750	18.973600775164048	0.0	412837	2422.838370348046	0.50150317	0.3
8605.641583291705	750	21.109003336606957	0.0	401088	1864.597438557088	0.6345458	0.75
8607.759556606436	1200	22.991030021874128	0.0	598727	2117.9733147328297	0.030718882	0.75
8609.789545435011	1200	24.961041193299067	0.0	487812	2029.988828575061	0.008008247	1.2
8611.867296446808	1200	26.883290181502613	0.0	575591	2077.7510117964575	0.010388482	1.2
8615.969059851848	1850	26.78152677646321	0.0	908665	4101.763405039404	0.76889145	1.2000000000000002
8622.450926842605	2850	24.299659785706258	0.0	1402287	6481.866990756948	0.031029448	1.85
8627.898836562128	2850	22.851750066181587	0.0	1339500	5447.90971952467	0.004705182	2.85
8634.840611104833	2850	19.90997552347679	0.0	1527299	6941.7745427048	0.0052937698	2.85
8640.201098068237	2850	18.549488560072845	0.0	1343002	5360.486963403942	0.004705182	2.85
8645.395947259562	2850	17.354639368747506	0.0	1587250	5194.849191325337	0.004705182	2.85
8651.210172940971	2850	15.540413687338784	0.0	1464921	5814.225681408724	0.004705182	2.85
8658.311567187018	2850	12.439019441290867	0.0	1483527	7101.394246047915	0.004705182	2.85
8663.282825505941	2850	11.467761122366646	0.0	1231456	4971.258318924221	0.22302386	2.85
8667.947218871415	2850	10.803367756894762	0.0	1364537	4664.393365471884	0.020420846	2.85

