22137.74584575566	750	4.0	4.264022486880352	450283	4264.022486880352	-17.585296693585512
22138.999426751256	300	6.746419004404097	0.0	155580	1253.5809955959026	-0.15000000000000002
22148.682599139553	1200	4.0	2.936753383894291	571051	9683.172388298388	-12.328039550745451
22152.818145719215	300	4.0	0.13554657966286868	155432	4135.546579662869	-1.1828502925503352
22157.42469286852	300	4.0	0.6065471493033902	163442	4606.54714930339	-2.3081527420045775
22161.383459906512	300	4.041232962006732	0.0	126289	3958.767037993268	0.3
22163.69809999426	300	5.726592874257534	0.0	153295	2314.6400877491983	0.3
22165.586286473444	300	7.838406395072917	0.0	173849	1888.1864791846174	0.3
22168.685547123234	750	8.739145745283302	0.0	374758	3099.260649789616	0.3
22172.94064982139	750	8.484043047127088	0.0	362795	4255.102698156213	0.75
22175.878609090698	300	9.546083777819543	0.0	141840	2937.959269307544	-0.15000000000000002
22178.259300057623	300	11.165392810892703	0.0	156148	2380.6909669268402	0.3
22180.133328134267	300	13.291364734246685	0.0	160746	1874.028076646019	0.3
22183.874141463883	750	13.550551404632813	0.0	434409	3740.813329613872	0.3
22184.882224770456	300	16.542468098060215	0.0	140051	1008.0833065725959	-0.15000000000000002
22188.6823463963	750	16.742346472215928	0.0	366214	3800.121625844287	0.3
22193.32097815058	750	16.103714717936693	0.0	360831	4638.631754279237	0.75
22194.479193088217	300	18.945499780300096	0.0	150616	1158.214937636597	-0.15000000000000002
22198.206856763085	750	19.217836105430546	0.0	405596	3727.6636748695482	0.3
22201.00833237503	300	20.416360493483868	0.0	140881	2801.475611946678	-0.15000000000000002
22204.20680209518	300	21.21789077333289	0.0	157671	3198.469720150979	0.3
22206.450939238195	300	22.973753630320015	0.0	157812	2244.1371430128743	0.3
22210.3782282768	750	23.04646459171251	0.0	401853	3927.2890386075046	0.3
22212.39621214317	300	25.028480725344707	0.0	137654	2017.9838663678013	-0.15000000000000002
22215.312484986112	300	26.112207882401194	0.0	146754	2916.2728429435133	0.3
22219.219086414538	750	26.205606453973676	0.0	379700	3906.601428427518	0.3
22223.769447360064	750	25.65524550844564	0.0	425781	4550.3609455280375	0.75
22227.81584658537	750	25.608846283138668	0.0	277716	4046.3992253069696	0.75
22231.975872149444	750	25.448820719063725	0.0	400396	4160.025564074944	0.75
22235.531918399167	750	25.89277446934264	0.0	400508	3556.046249721085	0.75
22238.898848361052	750	26.525844507455787	0.0	358218	3366.9299618868527	0.75
22242.383188660882	750	27.041504207626925	0.0	400322	3484.340299828861	0.75
22249.63854007607	1200	23.786152792440813	0.0	584349	7255.351415186109	0.75
22256.29018040748	1200	21.134512461029782	0.0	670129	6651.640331411032	1.2
22262.765654877276	1200	18.65903799123243	0.0	690253	6475.474469797352	1.2
22272.835433640255	1200	12.58925922825023	0.0	598727	10069.778762982201	1.2
22276.351707488204	300	13.072985380300699	0.0	131610	3516.273847949532	-0.6000000000000001
22286.04099163753	750	7.38370123097887	0.0	361565	9689.28414932183	0.3
22288.148397429086	300	9.276295439421622	0.0	144254	2107.4057915572494	-0.15000000000000002
22291.651572438877	750	9.773120429628994	0.0	390680	3503.175009792626	0.3
22294.766662079106	750	10.658030789399294	0.0	345516	3115.0896402297	0.75
22301.43555540739	750	7.989137461115523	0.0	384505	6668.893328283771	0.75
22305.469171808265	750	7.955521060239234	0.0	372093	4033.616400876289	0.75
22308.688435569777	750	8.736257298728106	0.0	438281	3219.2637615111294	0.75
22313.240255892244	750	8.184436976261505	0.0	398987	4551.8203224666	0.75
22317.64097356052	750	7.78371930798415	0.0	393804	4400.717668277355	0.75
22320.20044464688	750	9.22424822162403	0.0	331053	2559.47108636012	0.75
22329.559711713056	1200	4.0	0.13501884455298752	550906	9359.267066177017	0.1694189684221537

