2532.3556747471625	750	4.0	1.7227784527213061	450283	1722.7784527213062	-6.657947346701616
2533.058255783069	300	7.297418964093769	0.0	155580	702.5810359062316	-0.15000000000000002
2533.753997724298	300	10.601677022864166	0.0	139857	695.7419412296033	0.3
2537.679379456501	1850	10.676295290661571	0.0	933276	3925.381732202595	0.30000000000000004
2541.2211053590327	1850	11.134569388129602	0.0	996749	3541.7259025319677	1.85
2544.822974988669	1850	11.532699758493361	0.0	801058	3601.869629636242	1.85
2550.5365764878993	1850	9.819098259263058	0.0	905515	5713.601499230305	1.85
2551.3961373424754	300	12.959537404686893	0.0	173849	859.5608545761645	-1.25
2554.582329647817	1200	13.773345099345095	0.0	584846	3186.1923053417972	0.29999999999999993
2557.487691478966	1200	14.86798326819603	0.0	560821	2905.3618311490673	1.2
2560.510773574444	1200	15.844901172718236	0.0	607410	3023.082095477793	1.2
2564.345783554205	1200	16.00989119295762	0.0	594078	3835.009979760614	1.2
2568.293555113716	1200	16.06211963344637	0.0	624282	3947.771559511255	1.2
2572.8161156815736	1200	15.539559065588696	0.0	687371	4522.560567857671	1.2
2576.437555848303	1200	15.91811889885956	0.0	526950	3621.440166729134	1.2
2580.4006956777876	1200	15.954979069374954	0.0	587876	3963.139829484608	1.2
2585.106037123331	1200	15.24963762383131	0.0	617242	4705.341445543643	1.2
2587.977397880775	750	16.37827686638763	0.0	372963	2871.360757443679	0.3
2591.49851200461	750	16.857162742552823	0.0	405596	3521.1141238348073	0.75
2594.541657462435	750	17.81401728472749	0.0	350713	3043.145457825333	0.75
2597.54871917226	750	18.806955574902517	0.0	386472	3007.061709824975	0.75
2601.8841234787283	750	18.471551268434098	0.0	399894	4335.404306468418	0.75
2606.3348288310526	750	18.02084591611013	0.0	401853	4450.705352323967	0.75
2613.9887394758102	750	14.366935271351911	0.0	343800	7653.910644758219	0.75
2616.645391260603	300	15.710283486559264	0.0	146754	2656.6517847926457	-0.15000000000000002
2618.808242500063	300	17.54743224709908	0.0	153938	2162.851239460186	0.3
2622.56169889426	300	17.793975852902236	0.0	181901	3753.456394196842	0.3
2624.7293419113116	300	19.626332835850597	0.0	111155	2167.6430170516387	0.3
2627.4338349413983	300	20.9218398057638	0.0	153605	2704.4930300867964	0.3
2629.123563243008	300	23.232111504153817	0.0	149029	1689.728301609984	0.3
2630.34228003671	300	26.01339471045207	0.0	157421	1218.7167937017466	0.3
2631.5460566275506	300	28.809618119611216	0.0	157488	1203.7765908408553	0.3
2633.6762975108527	750	30.679377236309346	0.0	369834	2130.2408833018726	0.3
2638.1931530334487	1200	30.162521713713264	0.0	670129	4516.85552259608	0.75
2642.370771584002	1200	29.984903163160165	0.0	690253	4177.618550553099	1.2
2645.817389698643	1200	30.53828504851859	0.0	598727	3446.618114641575	1.2
2650.0750381388566	1200	30.280636608305034	0.0	487812	4257.648440213555	1.2
2653.7256589996714	1200	30.630015747490276	0.0	575591	3650.620860814757	1.2
2658.2919926234704	1200	30.063682123691137	0.0	605884	4566.333623799138	1.2
2661.1356221758606	1200	31.22005257130085	0.0	587506	2843.629552390289	1.2
2663.6092187159416	1200	32.746456031219985	0.0	566904	2473.5965400808673	1.2
2668.197266421151	1850	32.15840832601018	0.0	1025005	4588.047705209802	1.2000000000000002
2671.4645387420182	1850	32.89113600514309	0.0	886255	3267.2723208670886	1.85
2675.93925702524	1850	32.41641772192145	0.0	973972	4474.718283221642	1.85
2682.8433798084325	1850	29.51229493872916	0.0	958994	6904.122783192288	1.85
2688.4671302899555	1850	27.888544457206148	0.0	982064	5623.75048152301	1.85
2692.1375225238658	1200	28.218152223296215	0.0	538612	3670.3922339099336	0.5499999999999999
2698.3693326346374	1200	25.98634211252433	0.0	550906	6231.810110771888	1.2

