4387.349367447444	750	4.0	3.9247822452337946	450283	3924.7822452337946	-16.126563654505315
4388.70076374066	300	6.648603706784821	0.0	155580	1351.3962932151785	-0.15000000000000002
4389.7529008046695	300	9.596466642774697	0.0	139857	1052.1370640101254	0.3
4391.136026431341	300	12.213341016103536	0.0	155432	1383.1256266711605	0.3
4392.574099153736	300	14.775268293708956	0.0	163442	1438.0727223945805	0.3
4394.7626961617625	750	16.58667128568151	0.0	318564	2188.597008027445	0.3
4396.971897888371	750	18.37746955907369	0.0	352642	2209.2017266078196	0.75
4399.582905661381	750	19.766461786063623	0.0	437162	2611.0077730100647	0.75
4401.671156714462	750	21.678210732982954	0.0	374758	2088.2510530806676	0.75
4409.333646174976	1850	18.015721272468568	0.0	913888	7662.489460514389	0.75
4414.684006615472	1850	16.665360831972603	0.0	939819	5350.360440495966	1.85
4423.460487073469	1850	11.888880373975335	0.0	917428	8776.480457997266	1.85
4428.531119599296	750	10.818247848147562	0.0	386351	5070.632525827771	-0.3500000000000001
4433.475702869068	750	9.873664578375974	0.0	434409	4944.58326977159	0.75
4436.863302886926	750	10.486064560517745	0.0	337059	3387.6000178582285	0.75
4438.286996599465	300	13.062370847979471	0.0	138313	1423.6937125382735	-0.15000000000000002
4439.74197276129	300	15.607394686154613	0.0	143509	1454.9761618248576	0.3
4442.815679321797	750	16.53368812564754	0.0	372963	3073.7065605070748	0.3
4446.54801849251	750	16.8013489549347	0.0	405596	3732.3391707128394	0.75
4453.6572041325635	750	13.692163314881302	0.0	350713	7109.185640053399	0.75
4461.588660570514	750	9.760706876931101	0.0	386472	7931.4564379502	0.75
4463.481807676093	300	11.867559771351452	0.0	157812	1893.1471055796485	-0.15000000000000002
4465.654852628222	300	13.694514819221626	0.0	163927	2173.0449521298274	0.3
4467.758316439987	300	15.591051007458173	0.0	137654	2103.463811763452	0.3
4472.3212635025975	750	15.028103944846963	0.0	359903	4562.947062611208	0.3
4477.1732805442225	750	14.17608690322219	0.0	379700	4852.017041624773	0.75
4480.701364946486	750	14.64800250095798	0.0	425781	3528.084402264211	0.75
4484.272022493907	750	15.07734495353795	0.0	277716	3570.6575474200313	0.75
4489.743597577304	750	13.605769870140016	0.0	400396	5471.575083397935	0.75
4493.443411795622	750	13.905955651822737	0.0	400508	3699.8142183172777	0.75
4500.113696674247	750	11.235670773197118	0.0	358218	6670.284878625619	0.75
4503.022015685868	300	12.327351761576878	0.0	157488	2908.319011620241	-0.15000000000000002
4504.757647575738	300	14.591719871706553	0.0	143881	1735.6318898703248	0.3
4507.673706156502	750	15.675661290943346	0.0	412837	2916.0585807632074	0.3
4510.680821132953	750	16.66854631449256	0.0	401088	3007.114976450784	0.75
4512.767395361845	750	18.581972085599908	0.0	365161	2086.5742288926513	0.75
4514.548371721279	750	20.800995726166132	0.0	321064	1780.9763594337737	0.75
4516.534793817755	750	22.81457362969063	0.0	361565	1986.4220964755	0.75
4518.858638564676	750	24.490728882769353	0.0	378327	2323.844746921281	0.75
4527.4341021461705	1850	19.915265301275713	0.0	930577	8575.463581493636	0.75
4532.020921174034	1850	19.328446273412315	0.0	858450	4586.819027863401	1.85
4540.365089952531	1850	14.984277494915013	0.0	1025005	8344.168778497302	1.85
4545.167087163504	1850	14.182280283941779	0.0	886255	4801.997210973236	1.85
4549.803666286022	1850	13.545701161423244	0.0	973972	4636.579122518534	1.85
4555.912253894693	1850	11.437113552752757	0.0	958994	6108.587608670487	1.85
4560.307679971033	1850	11.041687476412575	0.0	982064	4395.426076340183	1.85
4564.381761236545	1850	10.96760621090158	0.0	830730	4074.0812655109958	1.85
4571.7988308430995	1850	7.550536604346911	0.0	846370	7417.069606554669	1.85

