5108.53985580207	750	4.0	1.1823497891980714	450283	1182.3497891980714	-4.334104093551707
5110.0640748888645	1200	6.475780913204564	0.0	611087	1524.2190867954364	0.75
5111.661709079271	1200	8.878146722798801	0.0	571051	1597.6341904057629	1.2
5113.121132484666	1200	11.418723317403025	0.0	617681	1459.4234053957775	1.2
5114.700721500381	1200	13.839134301686892	0.0	652874	1579.5890157161325	1.2
5115.939631667297	1200	16.600224134771203	0.0	520315	1238.9101669156867	1.2
5118.191901131645	1850	18.347954670423746	0.0	905515	2252.2694643474565	1.2000000000000002
5120.959073749251	1850	19.580782052817845	0.0	1060487	2767.172617605901	1.85
5123.321881748238	1850	21.217974053830126	0.0	852833	2362.807998987718	1.85
5125.377814945407	1850	23.162040856661545	0.0	913888	2055.9331971685806	1.85
5127.9094680150265	1850	24.630387787042014	0.0	939819	2531.6530696195305	1.85
5130.02864568906	1850	26.51121011300865	0.0	917428	2119.1776740333635	1.85
5132.882041673343	1850	27.657814128725278	0.0	946851	2853.395984283377	1.85
5136.494839714545	1850	28.045016087523408	0.0	1036454	3612.798041201871	1.85
5138.649095858359	1850	29.89075994371005	0.0	821631	2154.256143813356	1.85
5140.858328894074	1850	31.681526907995934	0.0	923170	2209.233035714118	1.85
5143.460202979957	1850	33.079652822111946	0.0	966699	2601.874085883988	1.85
5145.728711476568	1850	34.81114432550063	0.0	885714	2268.5084966113145	1.85
5149.775413937496	2850	34.764441864572774	0.0	1537156	4046.702460927859	1.85
5154.080179786252	2850	34.45967601581653	0.0	1336050	4304.765848756246	2.85
5157.417679334323	2850	35.12217646774555	0.0	1415116	3337.499548070979	2.85
5161.175767902228	2850	35.364087899840946	0.0	1468126	3758.0885679046028	2.85
5165.289453649763	2850	35.250402152305114	0.0	1505760	4113.685747535834	2.85
5168.914447538481	2850	35.62540826358663	0.0	1323990	3624.993888718484	2.85
5172.457750387776	2850	36.082105414290645	0.0	1383735	3543.302849295986	2.85
5177.56325189831	2850	34.9766039037573	0.0	1480464	5105.501510533342	2.85
5181.016187692319	2850	35.52366810974876	0.0	1547572	3452.9357940085374	2.85
5183.64975393651	2850	36.89010186555817	0.0	1141971	2633.5662441905843	2.85
5187.104566365513	2850	37.435289436554974	0.0	1498470	3454.8124290032024	2.85
5192.513486408106	4300	36.02636939396279	0.0	2164140	5408.920042592183	2.8499999999999996
5197.074159764744	4300	35.46569603732477	0.0	2113193	4560.673356638017	4.3
5201.581075203032	4300	34.95878059903597	0.0	2147852	4506.915438288803	4.3
5206.666531467536	4300	33.87332433453284	0.0	2191074	5085.4562645031365	4.3
5213.9909237727325	4300	30.5489320293358	0.0	2286761	7324.392305197039	4.3
5220.707403365057	2850	27.83245243701192	0.0	1492672	6716.479592323879	1.4000000000000001
5224.655296248962	1850	27.884559553107056	0.0	943942	3947.892883904862	0.8500000000000001
5227.042702980738	1850	29.497152821331124	0.0	728962	2387.4067317759323	1.85
5229.058237502506	1200	31.481618299563586	0.0	575591	2015.534521767539	0.5499999999999999
5231.155094526772	1200	33.38476127529825	0.0	605884	2096.857024265331	1.2
5233.734924688103	1850	34.804931113967434	0.0	930577	2579.830161330821	1.2000000000000002
5237.149817175832	1850	35.39003862623792	0.0	858450	3414.8924877295112	1.85
5241.232824246589	1850	35.30703155548103	0.0	1025005	4083.0070707568893	1.85
5244.661938644918	1850	35.877917157151686	0.0	886255	3429.1143983293423	1.85
5249.191641632897	1850	35.34821416917377	0.0	973972	4529.702987977913	1.85
5253.363001417667	1850	35.176854384403704	0.0	958994	4171.359784770063	1.85
5256.51128453165	1850	36.02857127042001	0.0	982064	3148.2831139836885	1.85
5259.162521312079	1850	37.377334489991235	0.0	830730	2651.236780428779	1.85
5261.815763404648	1850	38.72409239742115	0.0	846370	2653.242092570078	1.85

