3533.8599385228094	750	4.0	6.819045761582508	450283	6819.045761582508	-28.571896774804785
3535.806914189923	300	6.053024332886424	0.0	155580	1946.975667113577	-0.15000000000000002
3537.342031394229	300	8.517907128580475	0.0	139857	1535.1172043059482	0.3
3539.019993138074	300	10.83994538473521	0.0	155432	1677.9617438452651	0.3
3540.892324787353	300	12.967613735456158	0.0	163442	1872.3316492790518	0.3
3541.9646314509087	300	15.895307071900806	0.0	126289	1072.3066635553523	0.3
3544.457624562843	750	17.40231395996645	0.0	352642	2492.9931119343564	0.3
3546.4559386400147	750	19.403999882794817	0.0	437162	1998.3140771716319	0.75
3547.9151837603645	750	21.944754762445132	0.0	374758	1459.2451203496876	0.75
3550.81268458663	1200	23.047253936179246	0.0	560821	2897.50082626589	0.75
3553.6462812406203	1200	24.21365728218943	0.0	607410	2833.596653989816	1.2
3556.4264584723983	1200	25.433480050411482	0.0	594078	2780.1772317779473	1.2
3558.7354196452097	1200	27.12451887759991	0.0	624282	2308.96117281157	1.2
3562.9691739450873	1850	26.890764577722045	0.0	1036454	4233.754299877865	1.2000000000000002
3566.6361716610236	1850	27.22376686178581	0.0	821631	3666.99771593624	1.85
3570.5820181512677	1850	27.277920371541608	0.0	923170	3945.8464902442	1.85
3574.9520650317527	1850	26.907873491057057	0.0	966699	4370.046880484551	1.85
3587.8055793811627	1850	18.054359141646856	0.0	885714	12853.514349410203	1.85
3592.4868058252737	750	17.37313269753609	0.0	405596	4681.226444110766	-0.3500000000000001
3595.273109693643	750	18.58682882916645	0.0	350713	2786.3038683696377	0.75
3597.8365310236204	750	20.02340749918922	0.0	386472	2563.4213299772305	0.75
3600.685887970034	300	21.174050552776006	0.0	157812	2849.356946413213	-0.15000000000000002
3606.1820035687206	750	19.677934954089615	0.0	401853	5496.115598686394	0.3
3609.9652094506528	750	19.89472907215723	0.0	343800	3783.2058819323856	0.75
3611.240577636657	300	22.619360886153153	0.0	146754	1275.3681860040747	-0.15000000000000002
3612.4376010141686	300	25.422337508641355	0.0	153938	1197.0233775117988	0.3
3613.748887325521	300	28.111051197288575	0.0	181901	1311.2863113527783	0.3
3615.3203164868532	750	30.5396220359567	0.0	277716	1571.4291613318749	0.3
3617.7174067414753	1200	32.142531781334455	0.0	622896	2397.0902546222487	0.75
3622.5231766373145	1850	31.336761885495484	0.0	975811	4805.7698958389665	1.2000000000000002
3626.405427404162	1850	31.454511118647545	0.0	873429	3882.2507668479398	1.85
3630.0401289721426	1850	31.819809550666925	0.0	954453	3634.7015679806213	1.85
3633.884288191221	1850	31.975650331588145	0.0	885062	3844.1592190787783	1.85
3638.339657409908	1850	31.52028111290152	0.0	1035329	4455.369218686624	1.85
3642.654666763887	1850	31.205271758922706	0.0	1026056	4315.009353978815	1.85
3651.552095869082	1850	26.307842653727697	0.0	943942	8897.42910519501	1.85
3659.6396146296343	1200	22.220323893175678	0.0	487812	8087.518760552019	0.5499999999999999
3663.348358265825	750	22.511580256984995	0.0	361565	3708.7436361906853	0.3
3665.753723671529	750	24.106214851280946	0.0	378327	2405.365405704049	0.75
3670.664103673385	750	23.195834849424735	0.0	390680	4910.380001856213	0.75
3672.907195917761	300	24.952742605048936	0.0	147968	2243.092244375796	-0.15000000000000002
3677.255940233659	750	24.603998289150827	0.0	384505	4348.74431589811	0.3
3681.0310325031123	750	24.828906019697563	0.0	372093	3775.0922694532646	0.75
3682.3192512154114	300	27.540687307398503	0.0	172312	1288.2187122990579	-0.15000000000000002
3684.72549719603	750	29.13444132677929	0.0	398987	2406.245980619216	0.3
3686.200444953915	750	31.659493568895115	0.0	393804	1474.9477578841713	0.75
3688.614760929955	1200	33.245177592854866	0.0	538612	2414.3159760402477	0.75
3692.8041195080614	1850	33.0558190147483	0.0	846370	4189.358578106563	1.2000000000000002

