6388.405870530193	750	4.0	5.8396300502769165	450283	5839.630050276916	-24.36040921619074
6390.646088905939	300	5.759781624254254	0.0	155580	2240.2183757457465	-0.15000000000000002
6392.074180740144	300	8.331689790048644	0.0	139857	1428.0918342056093	0.3
6393.417439637596	300	10.988430892596813	0.0	155432	1343.2588974518294	0.3
6394.849776546019	300	13.556093984173181	0.0	163442	1432.3369084236328	0.3
6396.051203723518	300	16.354666806674782	0.0	126289	1201.4271774984013	0.3
6397.456411307871	300	18.949459222321135	0.0	153295	1405.2075843536431	0.3
6399.207272449167	300	21.198598081024983	0.0	173849	1750.861141296156	0.3
6402.817654975251	750	21.588215554941737	0.0	374758	3610.3825260832473	0.3
6404.184395289428	300	24.221475240764622	0.0	139105	1366.7403141771133	-0.15000000000000002
6407.671262942896	750	24.734607587297223	0.0	353220	3486.8676534673996	0.3
6411.299396281064	750	25.106474249128457	0.0	405134	3628.1333381687673	0.75
6415.332288723988	750	25.073581806204224	0.0	386351	4032.8924429242343	0.75
6420.171691183794	750	24.234179346398136	0.0	434409	4839.402459806087	0.75
6421.265682322565	300	27.140188207626764	0.0	140051	1093.9911387713737	-0.15000000000000002
6424.525850499941	750	27.88002003025158	0.0	366214	3260.1681773751848	0.3
6429.014086378149	750	27.39178415204378	0.0	360831	4488.2358782078	0.75
6434.519457901217	750	25.886412628975254	0.0	372963	5505.371523068526	0.75
6436.486762976692	300	27.919107553500467	0.0	165384	1967.3050754747865	-0.15000000000000002
6438.211303637313	300	30.19456689287986	0.0	140881	1724.5406606206075	0.3
6440.577547977372	300	31.82832255282092	0.0	157671	2366.2443400589364	0.3
6442.737829497593	300	33.668041032599184	0.0	157812	2160.281520221744	0.3
6444.566086306471	300	35.839784223721026	0.0	163927	1828.2568088781516	0.3
6450.25536973371	750	34.15050079648239	0.0	343800	5689.283427238642	0.3
6451.473712378558	300	36.93215815163465	0.0	146754	1218.3426448477346	-0.15000000000000002
6456.140766895974	750	36.26510363421822	0.0	379700	4667.054517416437	0.3
6462.64940328969	750	33.756467240502516	0.0	425781	6508.636393715705	0.75
6464.511120674096	300	35.89474985609583	0.0	111155	1861.7173844066917	-0.15000000000000002
6468.166919086255	750	36.238951443936365	0.0	400396	3655.7984121594636	0.3
6470.955083869907	750	37.45078666028413	0.0	400508	2788.164783652231	0.75
6473.656444062159	750	38.74942646803264	0.0	358218	2701.3601922514904	0.75
6476.54176512784	750	39.86410540235093	0.0	400322	2885.321065681709	0.75
6480.633838404889	1200	39.77203212530278	0.0	584349	4092.073277048149	0.75
6485.653562453661	1200	38.7523080765302	0.0	670129	5019.724048772576	1.2
6490.55077460535	1200	37.85509592484148	0.0	690253	4897.212151688722	1.2
6495.0396887632505	1200	37.36618176694077	0.0	598727	4488.914157900714	1.2
6498.983440237902	1200	37.42243029228949	0.0	487812	3943.751474651276	1.2
6504.392858871456	1200	36.013011658735074	0.0	575591	5409.418633554421	1.2
6512.140608014799	1200	32.26526251539297	0.0	605884	7747.7491433421	1.2
6515.567273128069	750	32.83859740212254	0.0	390680	3426.6651132704314	0.3
6518.005118034974	750	34.40075249521752	0.0	345516	2437.844906905024	0.75
6520.6049294863205	750	35.8009410438707	0.0	384505	2599.811451346815	0.75
6523.428410833155	750	36.97745969703606	0.0	372093	2823.481346834642	0.75
6529.598041170161	1200	34.80782936002957	0.0	634861	6169.6303370064825	0.75
6533.761975037299	750	34.64389549289148	0.0	398987	4163.933867138092	0.3
6537.886693736215	750	34.51917679397527	0.0	393804	4124.718698916216	0.75
6540.766282360123	750	35.63958817006652	0.0	331053	2879.5886239087454	0.75
6543.562660035095	750	36.84321049509524	0.0	314107	2796.377674971281	0.75

