14795.73395719646	750	4.0	3.704434403261277	450283	3704.4344032612767	-15.17906793402349
14796.906274823723	300	6.827682372737972	0.0	155580	1172.3176272620274	-0.15000000000000002
14797.722738206608	300	10.011218989852685	0.0	139857	816.4633828852868	0.3
14799.86498214873	750	11.868975047729032	0.0	382355	2142.2439421236522	0.3
14801.93165389632	750	13.802303300142022	0.0	411561	2066.671747587012	0.75
14803.730274792742	750	16.00368240371851	0.0	318564	1798.6208964235102	0.75
14805.897931153857	750	17.836026042604004	0.0	352642	2167.656361114505	0.75
14808.378062665102	750	19.355894531357524	0.0	437162	2480.131511246479	0.75
14811.080209182024	750	20.653748014437184	0.0	374758	2702.14651692034	0.75
14813.437810687179	750	22.29614650928194	0.0	362795	2357.6015051552445	0.75
14815.577491302192	750	24.15646589426809	0.0	353220	2139.680615013847	0.75
14817.873682172067	750	25.860275024393466	0.0	405134	2296.190869874623	0.75
14819.844437347152	750	27.889519849310417	0.0	386351	1970.7551750830517	0.75
14822.4825252043	750	29.251431992162285	0.0	434409	2638.0878571481326	0.75
14824.405697039223	750	31.328260157238525	0.0	337059	1923.1718349237613	0.75
14827.238407702342	1200	32.495549494118485	0.0	587876	2832.7106631200354	0.75
14829.749197938925	1200	33.98475925753566	0.0	617242	2510.79023658283	1.2
14832.601137163243	1200	35.132820033218074	0.0	581493	2851.9392243175807	1.2
14835.276643855135	1200	36.457313341325296	0.0	639204	2675.506691892772	1.2
14839.10244731664	1850	36.63150987982158	0.0	923755	3825.803461503718	1.2000000000000002
14842.512904559577	1850	37.22105263688332	0.0	891604	3410.4572429382506	1.85
14846.465803662599	1850	37.268153533861195	0.0	955231	3952.8991030221296	1.85
14850.266143503928	1850	37.46781369253113	0.0	968026	3800.339841330063	1.85
14852.997177714775	1850	38.73677948168612	0.0	874175	2731.0342108450163	1.85
14858.604006991944	2850	37.12995020451691	0.0	1383735	5606.829277169211	1.85
14866.203093578335	2850	33.530863618125224	0.0	1480464	7599.086586391687	2.85
14872.222489426866	1850	31.51146776959468	0.0	1076599	6019.39584853054	0.8500000000000001
14874.477102665405	1200	33.25685453105446	0.0	487160	2254.613238540219	0.5499999999999999
14878.608683127808	1200	33.12527406865342	0.0	622896	4131.5804624010425	1.2
14881.371309519902	1200	34.36264767655934	0.0	641447	2762.6263920940805	1.2
14883.770482739406	1200	35.9634744570546	0.0	570392	2399.17321950474	1.2
14890.228283345705	1850	33.50567385075572	0.0	954453	6457.80060629889	1.2000000000000002
14893.820794874582	1200	33.913162321878815	0.0	584349	3592.5115288768966	0.5499999999999999
14896.962745362238	1200	34.7712118342242	0.0	670129	3141.950487654618	1.2
14900.595164332533	1200	35.13879286392736	0.0	690253	3632.418970296836	1.2
14903.508969754646	1200	36.22498744181421	0.0	598727	2913.805422113154	1.2
14907.729820121394	1850	36.004137075066154	0.0	728962	4220.850366748055	1.2000000000000002
14912.56952850266	1850	35.16442869380129	0.0	938587	4839.708381264862	1.85
14917.241795352473	1850	34.49216184398827	0.0	908665	4672.266849813013	1.85
14920.754966713952	1850	34.97899048250783	0.0	930577	3513.1713614804407	1.85
14923.26931418848	1850	36.46464300798037	0.0	858450	2514.3474745274684	1.85
14928.546129888911	2850	35.187827307548126	0.0	1527299	5276.815700432242	1.85
14933.206194271212	2850	34.52776292524654	0.0	1343002	4660.064382301585	2.85
14939.692625573909	2850	32.0413316225503	0.0	1587250	6486.431302696236	2.85
14945.77923500067	2850	29.954722195788612	0.0	1464921	6086.609426761692	2.85
14949.18116886162	1850	30.55278833483804	0.0	982064	3401.933860950573	0.8500000000000001
14952.7915494638	1850	30.942407732659657	0.0	830730	3610.3806021783853	1.85
14958.823601248348	1850	28.91035594810988	0.0	846370	6032.051784549774	1.85

