1707.5657680888846	750	4.0	7.571061952176263	450283	7571.061952176264	-31.805566394357932
1709.5455625120455	300	6.020205576839139	0.0	155580	1979.794423160861	-0.15000000000000002
1710.6385744933584	300	8.927193595526365	0.0	139857	1093.0119813127735	0.3
1711.5697654794062	300	11.996002609478529	0.0	155432	931.1909860478366	0.3
1713.0742583014328	300	14.491509787451928	0.0	163442	1504.4928220266	0.3
1715.7997737535595	750	15.765994335325201	0.0	318564	2725.5154521267273	0.3
1718.3466615093273	750	17.219106579557177	0.0	352642	2546.887755768022	0.75
1721.683904080496	750	17.881864008388586	0.0	437162	3337.2425711685905	0.75
1724.042490661988	750	19.523277426896428	0.0	374758	2358.5865814921617	0.75
1728.6008596079464	750	18.964908480938202	0.0	362795	4558.368945958225	0.75
1733.3598304323775	750	18.205937656507032	0.0	353220	4758.970824431172	0.75
1742.5244887688577	750	13.041279320026854	0.0	405134	9164.658336480177	0.75
1746.7547091274105	300	12.811058961473952	0.0	160746	4230.2203585529005	-0.15000000000000002
1749.9403175779682	300	13.625450510916133	0.0	179801	3185.6084505578197	0.3
1751.517450968167	300	16.048317120717396	0.0	140051	1577.1333901987373	0.3
1752.5639560294069	300	19.001812059477444	0.0	138313	1046.5050612399502	0.3
1753.7516665794412	300	21.81410150944336	0.0	143509	1187.7105500340845	0.3
1755.0938800064766	300	24.47188808240798	0.0	150616	1342.2134270353802	0.3
1758.08452856295	750	25.481239525934473	0.0	405596	2990.648556473504	0.3
1760.9892742080176	750	26.57649388086689	0.0	350713	2904.745645067582	0.75
1764.0043725684152	750	27.561395520469166	0.0	386472	3015.098360397725	0.75
1767.3453631771135	750	28.22040491177084	0.0	399894	3340.9906086983283	0.75
1771.5973988372773	750	27.968369251607047	0.0	401853	4252.035660163791	0.75
1776.0508290124874	750	27.51493907639703	0.0	343800	4453.430175210017	0.75
1783.760244628074	750	23.805523460810424	0.0	359903	7709.415615586609	0.75
1785.3051780955134	300	26.260589993370704	0.0	153938	1544.9334674397173	-0.15000000000000002
1787.2821803671213	300	28.283587721762924	0.0	181901	1977.0022716077785	0.3
1788.4674515223421	300	31.09831656654197	0.0	111155	1185.2711552209512	0.3
1792.5396278209794	750	31.026140267904907	0.0	400396	4072.176298637066	0.3
1795.8164975689633	750	31.74927051992086	0.0	400508	3276.8697479840466	0.75
1799.788305553676	1200	31.777462535207995	0.0	570392	3971.8079847128606	0.75
1804.4409121124381	1200	31.124855976445907	0.0	620283	4652.6065587620915	1.2
1810.0852565385348	1200	29.480511550349206	0.0	584349	5644.344426096701	1.2
1819.4980570994696	1200	24.06771098941436	0.0	670129	9412.80056093485	1.2
1822.5050007177024	750	25.06076737118185	0.0	401088	3006.9436182325085	0.3
1825.8685370830287	750	25.697231005855375	0.0	365161	3363.5363653264762	0.75
1828.0589536467683	750	27.506814442115857	0.0	321064	2190.416563739517	0.75
1830.8351636402845	750	28.7306044485998	0.0	361565	2776.209993516059	0.75
1834.9302778684073	1200	28.635490220476843	0.0	605884	4095.114228122955	0.75
1841.8667266826576	1200	25.699041406226456	0.0	587506	6936.448814250388	1.2
1848.469361695783	750	23.096406393101173	0.0	345516	6602.635013125285	0.3
1858.5511182013781	750	17.01464988750614	0.0	384505	10081.756505595038	0.75
1860.9211197343495	300	18.644648354534844	0.0	145210	2370.00153297129	-0.15000000000000002
1862.556170280283	300	21.009597808601416	0.0	172312	1635.050545933429	0.3
1863.8239448801307	300	23.74182320875345	0.0	167025	1267.7745998479656	0.3
1865.234965829714	300	26.330802259170238	0.0	160064	1411.0209495832103	0.3
1867.94179183424	750	27.623976254644415	0.0	331053	2706.8260045258253	0.3
1870.2420539731072	750	29.323714115777026	0.0	314107	2300.262138867386	0.75

