3518.882813199882	750	4.0	1.7282306058808998	450283	1728.2306058809	-6.681391605287869
3519.560587022275	300	7.32222617760719	0.0	155580	677.7738223928094	-0.15000000000000002
3521.256914734798	750	9.625898465083829	0.0	350812	1696.3277125233612	0.3
3523.087946283907	750	11.794866915974838	0.0	382355	1831.0315491089887	0.75
3525.867304411937	1200	13.015508787944963	0.0	652874	2779.3581280298754	0.75
3527.419000664673	1200	15.463812535208804	0.0	520315	1551.6962527361593	1.2
3529.2035922412406	1850	17.679220958641555	0.0	905515	1784.5915765672503	1.2000000000000002
3531.3281931706383	1850	19.554620029244134	0.0	1060487	2124.6009293974193	1.85
3534.3611158459057	2850	20.52169735397688	0.0	1348011	3032.922675267253	1.85
3537.3581869238556	2850	21.52462627602685	0.0	1429765	2997.07107795003	2.85
3541.5490216493035	4300	21.333791550578848	0.0	2173522	4190.834725448004	2.8499999999999996
3545.4700156686868	4300	21.412797531195082	0.0	2102452	3920.9940193837647	4.3
3550.150463335303	4300	20.73234986457893	0.0	2209463	4680.447666616154	4.3
3555.836731846935	4300	19.046081352947105	0.0	2275376	5686.268511631823	4.3
3561.0149133011323	4300	17.867899898750284	0.0	2005399	5178.1814541968215	4.3
3564.740683400182	2850	18.142129799700413	0.0	1471065	3725.7700990498683	1.4000000000000001
3569.412468130333	2850	17.470345069549662	0.0	1491626	4671.7847301507545	2.85
3572.6680046023757	2850	18.214808597506718	0.0	1358801	3255.5364720429434	2.85
3576.2222301303827	2850	18.660583069499964	0.0	1537156	3554.2255280067548	2.85
3580.010686831744	2850	18.872126368138847	0.0	1336050	3788.456701361116	2.85
3585.654017380542	2850	17.228795819340824	0.0	1415116	5643.330548798024	2.85
3589.81140977583	2850	17.071403424053074	0.0	1468126	4157.39239528775	2.85
3591.940645453987	1850	18.942167745895585	0.0	968026	2129.23567815749	0.8500000000000001
3595.096215965914	2850	19.78659723396878	0.0	1323990	3155.5705119268046	1.85
3597.977161542828	2850	20.905651657054868	0.0	1383735	2880.9455769139145	2.85
3601.032408799618	2850	21.85040440026491	0.0	1480464	3055.247256789957	2.85
3604.276628118481	2850	22.60618508140206	0.0	1547572	3244.2193188628485	2.85
3609.2726720910227	4300	21.610141108860546	0.0	1972048	4996.043972541517	2.8499999999999996
3615.67172807309	4300	19.211085126793105	0.0	2134614	6399.055982067443	4.3
3619.045886979723	2850	19.836926220160112	0.0	1561263	3374.1589066329907	1.4000000000000001
3622.6841635637306	2850	20.19864963615245	0.0	1341201	3638.2765840076654	2.85
3626.518057638889	2850	20.36475556099433	0.0	1497683	3833.894075158118	2.85
3630.0740510558026	2850	20.808762144080394	0.0	1358081	3555.9934169139397	2.85
3637.5437692394157	2850	17.339043960467087	0.0	1587293	7469.718183613306	2.85
3641.630573336693	1850	17.252239863189956	0.0	1026056	4086.804097277129	0.8500000000000001
3646.493824715762	1850	16.3889884841211	0.0	943942	4863.251379068858	1.85
3648.8347869906393	1850	18.048026209243865	0.0	728962	2340.9622748772354	1.85
3651.0237990423316	1850	19.859014157551705	0.0	938587	2189.012051692159	1.85
3653.4379584222656	1850	21.444854777617785	0.0	908665	2414.1593799339194	1.85
3658.5833925918087	2850	20.29942060807463	0.0	1402287	5145.434169543152	1.85
3669.348468620394	2850	13.534344579488769	0.0	1339500	10765.076028585861	2.85
3673.1345322859647	1200	13.748280913918386	0.0	641452	3786.0636655703815	-0.44999999999999996
3675.851260353317	1200	15.031552846566248	0.0	599477	2716.7280673521377	1.2
3678.673397700375	1200	16.209415499508047	0.0	634861	2822.1373470582002	1.2
3681.1297528809964	1200	17.75306031888658	0.0	630203	2456.3551806214687	1.2
3682.475629800258	1200	20.407183399624873	0.0	638661	1345.8769192617056	1.2
3684.0355314926983	1850	22.847281707184663	0.0	830730	1559.9016924402144	1.2000000000000002
3687.0627264705877	2850	23.820086729295447	0.0	1364537	3027.1949778892144	1.85

