2291.47270266009	750	4.0	2.100206826790785	450283	2100.2068267907853	-8.280889355200376
2292.535388408278	300	6.937314251812226	0.0	155580	1062.6857481877737	-0.15000000000000002
2293.455889398045	300	10.016813262044606	0.0	139857	920.5009897676201	0.3
2295.658598210401	750	11.814104449689	0.0	382355	2202.708812355607	0.3
2297.6690246706867	750	13.803677989403312	0.0	411561	2010.426460285688	0.75
2299.0379545744145	750	16.434748085675352	0.0	318564	1368.9299037279604	0.75
2300.714204774139	750	18.758497885951066	0.0	352642	1676.2501997242891	0.75
2302.530785934146	750	20.9419167259438	0.0	437162	1816.5811600072655	0.75
2306.3231669103584	1850	21.14953574973167	0.0	852833	3792.380976212131	0.75
2311.059986779744	1850	20.41271588034551	0.0	913888	4736.81986938616	1.85
2314.867331012354	1850	20.605371647735648	0.0	939819	3807.344232609863	1.85
2318.102905422452	1850	21.369797237638128	0.0	917428	3235.574410097516	1.85
2321.2121194705833	1850	22.260583189506576	0.0	946851	3109.2140481315546	1.85
2325.4441448511675	1850	22.028557808922343	0.0	1036454	4232.025380584232	1.85
2329.000252283755	1850	22.472450376335253	0.0	821631	3556.1074325870904	1.85
2332.943079761516	1850	22.529622898574047	0.0	923170	3942.8274777612046	1.85
2337.3693416295355	1850	22.103361030554247	0.0	966699	4426.2618680197975	1.85
2341.026202042439	1850	22.44650061765085	0.0	885714	3656.8604129033943	1.85
2344.960918574107	1850	22.51178408598283	0.0	987708	3934.716531668022	1.85
2349.4974635282033	1850	21.97523913188662	0.0	923755	4536.544954096209	1.85
2354.0431403842326	1850	21.429562275857492	0.0	891604	4545.676856029127	1.85
2357.147520530891	1850	22.325182129199206	0.0	955231	3104.380146658289	1.85
2360.7250309403285	1850	22.747671719762057	0.0	968026	3577.5104094371504	1.85
2364.538708543569	1850	22.933994116521177	0.0	874175	3813.6776032408784	1.85
2368.3321133539084	1850	23.14058930618195	0.0	897976	3793.404810339229	1.85
2373.243382229248	1850	22.22932043084298	0.0	905935	4911.268875338976	1.85
2386.6308319018663	1850	12.841870758224301	0.0	1076599	13387.449672618677	1.85
2390.4379081970274	750	13.034794463063456	0.0	277716	3807.0762951608453	-0.3500000000000001
2393.4968226478645	750	13.975880012226064	0.0	400396	3058.9144508373925	0.75
2395.9667949461427	750	15.505907713947591	0.0	400508	2469.972298278472	0.75
2397.7911920383003	750	17.681510621789915	0.0	358218	1824.3970921576752	0.75
2399.967827247462	750	19.50487541262791	0.0	400322	2176.635209162006	0.75
2403.124117243074	750	20.348585417016018	0.0	369834	3156.2899956118927	0.75
2407.6195789203434	1850	19.853123739746984	0.0	1035329	4495.461677269031	0.75
2412.3694219239046	1850	19.103280736185617	0.0	1026056	4749.843003561369	1.85
2415.30832336113	1850	20.16437929896017	0.0	943942	2938.9014372254474	1.85
2417.521973669841	1850	21.950728990249097	0.0	728962	2213.6503087110764	1.85
2420.869365429595	1850	22.603337230495363	0.0	938587	3347.3917597537315	1.85
2423.8307501929867	1850	23.641952467103053	0.0	908665	2961.384763392312	1.85
2426.8368209762107	1850	24.635881683879074	0.0	930577	3006.070783223979	1.85
2430.2860508654994	1850	25.186651794590457	0.0	858450	3449.2298892886192	1.85
2434.493507571223	1850	24.979195088867264	0.0	1025005	4207.456705723192	1.85
2438.6439207645367	1850	24.82878189555353	0.0	886255	4150.413193313736	1.85
2442.843139333267	1850	24.629563326822783	0.0	973972	4199.218568730747	1.85
2446.60251246242	1850	24.870190197670265	0.0	958994	3759.3731291525164	1.85
2451.205105229319	1850	24.267597430771247	0.0	982064	4602.592766899017	1.85
2453.7085692431415	1850	25.764133416948873	0.0	830730	2503.464013822373	1.85
2457.609943541303	1850	25.86275911878739	0.0	846370	3901.374298161481	1.85

