2784.0659369727578	750	4.0	2.54228302815134	450283	2542.28302815134	0.5	-10.181817021050762
2784.905357799332	300	7.160579173426026	0.0	155580	839.4208265739742	0.5	-0.15000000000000002
2785.5404999879042	300	10.525436984853442	0.0	139857	635.1421885725827	0.5	0.3
2786.965237806288	750	13.10069916646988	0.0	382355	1424.7378183835626	0.5	0.3
2788.788251603025	750	15.277685369733023	0.0	411561	1823.0137967368564	0.5	0.75
2792.3868613412374	1850	15.679075631520627	0.0	801058	3598.6097382123944	0.5	0.75
2795.9937339009293	1850	16.07220307182878	0.0	905515	3606.872559691846	0.5	1.85
2805.124722787052	1850	10.941214185705844	0.0	1060487	9130.988886122937	0.5	1.85
2820.289644831196	1850	4.0	4.223707858437736	852833	15164.92204414358	0.5	-16.311943791282264
2821.5001516252605	300	6.78949320593545	0.0	139105	1210.5067940645495	0.5	-1.25
2822.756189779689	300	9.53345505150727	0.0	141840	1256.0381544281802	0.5	0.3
2824.309239945955	300	11.980404885241315	0.0	156148	1553.0501662659542	0.5	0.3
2826.2171854395547	300	14.072459391642074	0.0	160746	1907.9454935992394	0.5	0.3
2828.1629608498515	300	16.12668398134522	0.0	179801	1945.775410296855	0.5	0.3
2831.2014223896854	750	17.08822244151144	0.0	337059	3038.4615398337796	0.5	0.3
2833.7316009076285	750	18.55804392356838	0.0	366214	2530.178517943059	0.5	0.75
2836.5755049244367	750	19.714139906760007	0.0	360831	2843.904016808373	0.5	0.75
2839.5588026701466	750	20.730842161049708	0.0	372963	2983.297745710302	0.5	0.75
2844.137203858202	1200	20.152440972994395	0.0	639204	4578.40118805531	0.5	0.75
2849.3249910965637	1200	18.96465373463322	0.0	586839	5187.787238361175	0.5	1.2
2854.6314520221417	1200	17.65819280905497	0.0	601738	5306.46092557825	0.5	1.2
2858.9944051014418	1200	17.295239729755064	0.0	616206	4362.9530792999085	0.5	1.2
2863.656152268932	1200	16.633492562264678	0.0	656471	4661.747167490386	0.5	1.2
2868.11782270072	1200	16.17182213047708	0.0	536667	4461.670431787599	0.5	1.2
2873.3456833253254	1200	14.943961505871783	0.0	587236	5227.860624605295	0.5	1.2
2878.4904066010818	1200	13.799238230115275	0.0	590335	5144.723275756506	0.5	1.2
2883.318578979762	1200	12.971065851434748	0.0	696376	4828.172378680527	0.5	1.2
2886.066422703474	1200	14.223222127723107	0.0	487160	2747.843723711641	0.5	1.2
2889.480402415591	1200	14.809242415606017	0.0	622896	3413.979712117091	0.5	1.2
2895.4191296978447	1200	12.870515133351857	0.0	641447	5938.72728225416	0.5	1.2
2897.5672139525846	1200	14.722430878612034	0.0	570392	2148.084254739823	0.5	1.2
2899.956401229351	1200	16.33324360184564	0.0	620283	2389.1872767663936	0.5	1.2
2902.1015807616054	1200	18.18806406959083	0.0	584349	2145.1795322548123	0.5	1.2
2904.157798284612	1200	20.131846546584246	0.0	670129	2056.217523006582	0.5	1.2
2907.5180210014723	1850	20.771623829724394	0.0	1026056	3360.2227168598524	0.5	1.2000000000000002
2913.556541396041	2850	18.733103435154973	0.0	1439896	6038.520394569422	0.5	1.85
2919.595002394664	2850	16.69464243653216	0.0	1139291	6038.460998622815	0.5	2.85
2931.1378515860374	2850	9.151793245158753	0.0	1499009	11542.849191373405	0.5	2.85
2937.290558699798	1200	6.999086131397904	0.0	605884	6152.707113760849	0.5	-0.44999999999999996
2940.1460894849915	750	8.143555346204714	0.0	390680	2855.5307851931902	0.5	0.3
2943.4779598718696	750	8.811684959326831	0.0	345516	3331.8703868778834	0.5	0.75
2946.018547878615	750	10.271096952581269	0.0	384505	2540.5880067455623	0.5	0.75
2947.818566785931	750	12.471078045265013	0.0	372093	1800.0189073162553	0.5	0.75
2949.878860356699	750	14.410784474497017	0.0	438281	2060.293570767998	0.5	0.75
2951.94570840732	750	16.343936423875917	0.0	398987	2066.8480506211026	0.5	0.75
2954.7688699488813	1200	17.520774882314765	0.0	638661	2823.161541561151	0.5	0.75
2961.230082059073	2850	15.059562772122725	0.0	1231456	6461.212110192039	0.5	1.2000000000000002
2966.6053748198124	2850	13.684270011383811	0.0	1364537	5375.292760738915	0.5	2.85

