857.9274599830402	750	4.0	2.3226168467032533	450283	2322.6168467032535	-9.237252440823989
858.9433072722879	300	6.984152710752376	0.0	155580	1015.8472892476235	-0.15000000000000002
860.0813791043876	300	9.84608087865267	0.0	139857	1138.0718320997075	0.3
861.2317766711393	300	12.69568331190099	0.0	155432	1150.3975667516793	0.3
865.5006328412861	1200	12.426827141754107	0.0	652874	4268.856170146883	0.29999999999999993
868.2604911069867	750	13.666968876053623	0.0	318564	2759.858265700485	0.3
871.704689246887	750	14.222770736153283	0.0	352642	3444.1981399003403	0.75
878.3667778830223	750	11.560682100017981	0.0	437162	6662.088636135301	0.75
885.2732392897782	750	8.65422069326218	0.0	374758	6906.4614067557995	0.75
886.5956442006174	300	11.331815782422968	0.0	139105	1322.4049108392146	-0.15000000000000002
887.7739542248476	300	14.153505758192704	0.0	141840	1178.3100242302628	0.3
888.9988279136933	300	16.928632069347035	0.0	156148	1224.87368884567	0.3
890.386086179421	300	19.54137380361925	0.0	160746	1387.2582657277815	0.3
894.3707737453976	750	19.556686237642673	0.0	434409	3984.687565976578	0.3
898.9061363175456	750	19.021323665494748	0.0	337059	4535.3625721479275	0.75
902.5628532686079	750	19.364606714432433	0.0	366214	3656.7169510623153	0.75
905.3645539593707	750	20.562906023669544	0.0	360831	2801.7006907628906	0.75
908.0202095195464	750	21.907250463493924	0.0	372963	2655.655560175619	0.75
911.1887778885927	750	22.738682094447665	0.0	405596	3168.5683690462615	0.75
914.0483836638582	750	23.87907631918212	0.0	350713	2859.605775265546	0.75
916.4959099511268	750	25.431550031913524	0.0	386472	2447.526287268593	0.75
919.2618780857304	750	26.665581897309927	0.0	399894	2765.9681346035977	0.75
922.1571710459416	750	27.77028893709866	0.0	401853	2895.2929602112654	0.75
926.9586358400609	1200	26.96882414297942	0.0	536667	4801.464794119239	0.75
930.4669987161136	750	27.460461266926668	0.0	359903	3508.362876052753	0.3
934.7370616500526	750	27.190398332987634	0.0	379700	4270.062933939034	0.75
940.4165459448845	750	25.510914038155775	0.0	425781	5679.484294831863	0.75
943.1416581578766	750	26.785801825163716	0.0	277716	2725.1122129920586	0.75
946.8239404252079	750	27.103519557832414	0.0	400396	3682.282267331302	0.75
951.6085187663292	750	26.318941216711078	0.0	400508	4784.578341121333	0.75
955.2657913598225	750	26.661668623217693	0.0	358218	3657.2725934933833	0.75
957.809480718151	750	28.117979264889215	0.0	400322	2543.68935832848	0.75
959.8568679452447	750	30.070592037795382	0.0	369834	2047.3872270938343	0.75
963.9581934421248	1200	29.969266540915356	0.0	670129	4101.325496880027	0.75
968.5478790061137	1200	29.379580976926334	0.0	690253	4589.685563989019	1.2
974.627841849707	1200	27.29961813333303	0.0	598727	6079.962843593304	1.2
978.4897209324533	1200	27.437739050586817	0.0	487812	3861.8790827462153	1.2
981.7430027833942	750	28.184457199645866	0.0	361565	3253.2818509409526	0.3
984.7189401265429	750	29.20851985649729	0.0	378327	2975.937343148575	0.75
989.0630992994979	1200	28.86436068354221	0.0	587506	4344.159172955078	0.75
992.504594820227	1200	29.422865162813068	0.0	566904	3441.495520729144	1.2
996.9818055453985	1200	28.945654437641572	0.0	641452	4477.210725171496	1.2
1000.6958559480465	1200	29.231604034993566	0.0	599477	3714.0504026480075	1.2
1004.9595428413236	1200	28.967917141716548	0.0	634861	4263.686893277015	1.2
1008.1370186825231	1200	29.79044130051689	0.0	630203	3177.4758411996595	1.2
1011.794715246816	1200	30.132744736223973	0.0	638661	3657.696564292917	1.2
1014.9187400378098	1200	31.008719945230226	0.0	538612	3124.024790993747	1.2
1019.6082693875929	1850	30.31919059544715	0.0	846370	4689.529349783076	1.2000000000000002

