17548.276676359095	750	4.0	5.057839080863765	450283	5057.839080863765	-20.99870804771419
17549.70741387415	300	6.569262484946178	0.0	155580	1430.7375150538228	-0.15000000000000002
17552.974270085535	750	7.30240627355801	0.0	350812	3266.856211388167	0.3
17556.51922571776	750	7.7574506413361535	0.0	382355	3544.955632221857	0.75
17560.25305726697	750	8.023619092121486	0.0	411561	3733.8315492146685	0.75
17564.80273864864	1200	7.4739377104567355	0.0	520315	4549.681381664749	0.75
17569.48269876253	1200	6.793977596561361	0.0	561791	4679.960113895375	1.2
17577.420540012805	1200	4.0	1.1438636537121074	709534	7937.841250273468	-3.718613710962061
17579.214952569553	300	6.205587443255279	0.0	150710	1794.4125567447213	-0.6000000000000001
17580.58695673035	300	8.833583282460864	0.0	139105	1372.0041607944152	0.3
17581.910120264078	300	11.510419748729635	0.0	141840	1323.1635337312289	0.3
17585.36819940205	750	12.052340610754298	0.0	405134	3458.079137975338	0.3
17589.23142087277	750	12.189119140035253	0.0	386351	3863.2214707190456	0.75
17591.108421939654	300	14.312118073150298	0.0	179801	1877.0010668849563	-0.15000000000000002
17594.034907415004	750	15.385632597804777	0.0	337059	2926.4854753455206	0.3
17598.87943772045	750	14.54110229235704	0.0	366214	4844.530305447737	0.75
17600.737213439985	300	16.68332657282291	0.0	143509	1857.7757195341296	-0.15000000000000002
17602.595618834155	300	18.82492117865204	0.0	150616	1858.4053941708692	0.3
17608.556111217156	750	16.864428795651904	0.0	405596	5960.492383000134	0.3
17610.386573541844	300	19.03396647096376	0.0	140881	1830.4623246881413	-0.15000000000000002
17612.418663269684	300	21.001876743123947	0.0	157671	2032.089727839817	0.3
17614.418005048705	300	23.00253496410317	0.0	157812	1999.3417790207798	0.3
17617.78086911772	750	23.63967089508957	0.0	401853	3362.864069013598	0.3
17618.95605139842	300	26.464488614384067	0.0	137654	1175.1822807055041	-0.15000000000000002
17621.957270819188	750	27.463269193619876	0.0	359903	3001.219420764192	0.3
17626.204087329214	750	27.21645268359478	0.0	379700	4246.816510025096	0.75
17630.21631112746	750	27.20422888534764	0.0	425781	4012.223798247142	0.75
17635.26642203262	1200	26.154117980191238	0.0	487160	5050.110905156401	0.75
17640.71432820151	1200	24.706211811297468	0.0	622896	5447.906168893768	1.2
17645.86729449618	1200	23.553245516628856	0.0	641447	5152.96629466861	1.2
17650.020683129533	1200	23.39985688327316	0.0	570392	4153.388633355698	1.2
17659.010810883843	1200	18.40972912896667	0.0	620283	8990.127754306486	1.2
17665.273442574795	750	16.14709743801365	0.0	369834	6262.631690953023	0.3
17669.695759606515	750	15.724780406293524	0.0	412837	4422.317031720125	0.75
17675.002318742958	750	14.418221269851001	0.0	401088	5306.5591364425245	0.75
17679.685130907175	750	13.73540910563251	0.0	365161	4682.812164218492	0.75
17684.198607767827	750	13.221932244980334	0.0	321064	4513.476860652175	0.75
17688.50421789932	750	12.916322113487311	0.0	361565	4305.610131493022	0.75
17692.218541296217	750	13.20199871659281	0.0	378327	3714.323396894501	0.75
17698.040891283967	750	11.379648728842996	0.0	390680	5822.349987749815	0.75
17703.491670744283	750	9.928869268528958	0.0	345516	5450.77946031404	0.75
17709.44366578353	750	7.976874229280856	0.0	384505	5951.9950392481005	0.75
17715.33160658666	750	6.088933426146718	0.0	372093	5887.940803134139	0.75
17722.56124269568	750	4.0	1.1407026828694506	438281	7229.636109016168	-4.155021536338637
17725.356467819583	300	5.204774876096129	0.0	167025	2795.2251239038706	-0.15000000000000002
17730.71632777111	750	4.0	0.1550850754325711	393804	5359.859951528701	-0.3668658243600557
17732.51593534699	300	6.200392424122862	0.0	137507	1799.6075758771378	-0.15000000000000002
17737.37494692009	750	5.341380851024899	0.0	314107	4859.011573097964	0.3

