4238.574671013343	750	4.0	1.6438931885945212	450283	1643.8931885945212	-6.31874071095644
4241.359018362966	1200	5.215652650376993	0.0	611087	2784.347349623007	0.75
4243.836470552484	1200	6.738200460858729	0.0	571051	2477.452189518264	1.2
4246.901568031578	1200	7.673102981764405	0.0	617681	3065.0974790943237	1.2
4251.043859531922	1200	7.530811481420561	0.0	652874	4142.291500343844	1.2
4253.119693105214	1200	9.454977908129214	0.0	520315	2075.8335732913465	1.2
4255.583464209307	1200	10.991206804035944	0.0	561791	2463.771104093269	1.2
4258.609048433	1200	11.965622580342623	0.0	709534	3025.5842236933204	1.2
4260.860427091476	1200	13.71424392186691	0.0	584846	2251.3786584757154	1.2
4263.273208810731	1200	15.301462202610567	0.0	560821	2412.781719256342	1.2
4267.374800759583	1850	15.199870253759125	0.0	939819	4101.591948851443	1.2000000000000002
4273.718433454082	1850	12.856237559260418	0.0	917428	6343.632694498707	1.85
4277.500412656236	1200	13.074258357105492	0.0	624282	3781.979202154926	0.5499999999999999
4282.122616344265	1200	12.45205466907609	0.0	687371	4622.203688029403	1.2
4285.473040289804	1200	13.101630723537767	0.0	526950	3350.4239455383226	1.2
4290.203948284143	1200	12.370722729199773	0.0	587876	4730.907994337994	1.2
4295.267246469891	1200	11.307424543451871	0.0	617242	5063.298185747902	1.2
4298.482565825432	750	12.092105187909732	0.0	372963	3215.319355542139	0.3
4302.683667849878	750	11.891003163464845	0.0	405596	4201.102024444887	0.75
4304.961110829784	750	13.613560183559	0.0	350713	2277.442979905844	0.75
4307.208799004649	750	15.365872008692682	0.0	386472	2247.688174866318	0.75
4308.996636636731	750	17.578034376611825	0.0	399894	1787.8376320808575	0.75
4310.484861728779	750	20.08980928456313	0.0	401853	1488.2250920486904	0.75
4312.127874190704	1200	22.446796822637822	0.0	536667	1643.0124619253122	0.75
4314.23645059959	1200	24.338220413751777	0.0	587236	2108.576408886047	1.2
4321.024578980877	1850	21.55009203246507	0.0	905935	6788.128381286709	1.2000000000000002
4324.461982188476	1200	22.112688824866133	0.0	696376	3437.4032075989353	0.5499999999999999
4327.162376341774	1200	23.412294671568148	0.0	487160	2700.394153297988	1.2
4329.000739980792	1200	25.573931032550718	0.0	622896	1838.3636390174293	1.2
4331.205811145053	1200	27.368859868289363	0.0	641447	2205.071164261353	1.2
4333.511208921773	1200	29.06346209156983	0.0	570392	2305.3977767195356	1.2
4337.562580854777	1850	29.01209015856561	0.0	954453	4051.3719330042177	1.2000000000000002
4340.722043576352	1850	29.85262743698988	0.0	885062	3159.462721575728	1.85
4344.746971656709	1850	29.82769935663307	0.0	1035329	4024.928080356814	1.85
4347.505859142074	1850	31.0688118712689	0.0	1026056	2758.8874853641687	1.85
4350.3562343874455	1850	32.21843662589686	0.0	943942	2850.375245372046	1.85
4352.663410335749	1850	33.91126067759265	0.0	728962	2307.175948304202	1.85
4355.448129233325	1850	35.12654178001669	0.0	938587	2784.7188975759586	1.85
4358.6095028151085	1850	35.965168198233	0.0	908665	3161.373581783691	1.85
4361.479430294181	1850	37.09524071916009	0.0	930577	2869.92747907292	1.85
4365.101055362547	1850	37.47361565079369	0.0	858450	3621.6250683663993	1.85
4370.492502610194	1850	36.08216840314827	0.0	1025005	5391.447247645419	1.85
4380.286068602342	1850	30.288602410999857	0.0	886255	9793.565992148415	1.85
4399.925274506143	1200	14.649396507198922	0.0	634861	19639.205903800936	0.5499999999999999
4416.811411298122	750	4.0	2.2367402847798585	398987	16886.13679197878	-9.317983224553391
4423.144075264106	300	4.0	2.332663965983553	160064	6332.663965983553	-10.180455053729276
4428.6642453498	300	4.0	1.5201700856944862	137507	5520.170085694486	-6.23673136848629
4432.8095691100325	300	4.0	0.14532376023164215	118421	4145.323760231642	-0.32489216899606116

