4222.706735642028	750	4.0	1.256359210868177	450283	1256.359210868177	-4.652344606733161
4223.242068044894	300	7.464667597133497	0.0	155580	535.3324028665032	-0.15000000000000002
4224.441683095632	750	10.265052546396651	0.0	350812	1199.6150507368461	0.3
4226.4926272274115	1200	12.214108414616025	0.0	617681	2050.944131780627	0.75
4229.427789917689	1850	13.278945724338636	0.0	996749	2935.1626902773887	1.2000000000000002
4234.704573396223	2850	12.00216224580385	0.0	1224260	5276.783478534785	1.85
4238.177539038758	1850	12.529196603269142	0.0	905515	3472.9656425347084	0.8500000000000001
4242.881411003268	1850	11.825324638759852	0.0	1060487	4703.87196450929	1.85
4245.8921069274575	1850	12.81462871457103	0.0	852833	3010.6959241888217	1.85
4249.208835415981	1850	13.497900226046802	0.0	913888	3316.7284885242284	1.85
4254.191111970908	2850	12.515623671120052	0.0	1354548	4982.276554926751	1.85
4256.388169069853	1850	14.318566572175307	0.0	917428	2197.057098944745	0.8500000000000001
4259.617258418523	2850	15.089477223503879	0.0	1422919	3229.0893486714285	1.85
4265.7231273257175	4300	12.983608316309963	0.0	2275376	6105.868907193915	2.8499999999999996
4268.09946845897	1850	14.607267183057802	0.0	821631	2376.341133252161	-0.6000000000000001
4273.0786498482175	2850	13.628085793810241	0.0	1471065	4979.181389247561	1.85
4277.313831764196	2850	13.392903877830896	0.0	1491626	4235.181915979345	2.85
4280.975471561675	2850	13.731264080352084	0.0	1358801	3661.639797478812	2.85
4285.08861704345	2850	13.61811859857749	0.0	1537156	4113.145481774594	2.85
4290.091316718048	2850	12.615418923979098	0.0	1336050	5002.6996745983915	2.85
4295.229547126273	1850	11.477188515753324	0.0	891604	5138.2304082257715	0.8500000000000001
4299.811443309238	1850	10.895292332789166	0.0	955231	4581.896182964159	1.85
4306.345241984188	1200	8.361493657839537	0.0	656471	6533.798674949629	0.5499999999999999
4315.468470022172	750	4.0	0.7617343801455645	343800	9123.228037985102	-2.9754578346259275
4319.333592055657	300	4.134877966516044	0.0	146754	3865.122033483956	-0.15000000000000002
4323.333034281742	300	4.1354357404313316	0.0	153938	3999.4422260847123	0.3
4326.7048185908325	300	4.763651431340748	0.0	181901	3371.7843090905835	0.3
4328.728609601888	300	6.739860420285413	0.0	111155	2023.7910110553346	0.3
4331.494732747524	300	7.973737274649547	0.0	153605	2766.123145635866	0.3
4334.807339532213	750	8.661130489960877	0.0	400508	3312.606784688671	0.3
4337.109366597133	750	10.359103425040438	0.0	358218	2302.0270649204385	0.75
4340.05133169379	1200	11.417138328382752	0.0	620283	2941.9650966576864	0.75
4344.355929544074	1850	11.11254047810026	0.0	885062	4304.59785028249	1.2000000000000002
4349.738131731397	1850	9.730338290777523	0.0	1035329	5382.2021873227395	1.85
4355.134792752542	1200	8.333677269631258	0.0	690253	5396.661021146264	0.5499999999999999
4358.602295356354	750	8.866174665819191	0.0	365161	3467.5026038120673	0.3
4360.876455591606	750	10.592014430567502	0.0	321064	2274.1602352516884	0.75
4365.269776616302	1200	10.198693405871285	0.0	575591	4393.321024696217	0.75
4369.687125562562	1200	9.781344459612043	0.0	605884	4417.3489462592415	1.2
4373.22637564512	1200	10.242094377052867	0.0	587506	3539.2500825591765	1.2
4379.163048723066	1200	8.305421299107532	0.0	566904	5936.673077945335	1.2
4383.499967252346	750	7.968502769826648	0.0	384505	4336.918529280885	0.3
4388.381475057916	750	7.086994964257205	0.0	372093	4881.507805569442	0.75
4394.949526696486	750	4.518943325687426	0.0	438281	6568.05163856978	0.75
4397.495010182954	300	5.973459839219551	0.0	167025	2545.4834864678737	-0.15000000000000002
4399.64412955635	300	7.824340465822683	0.0	160064	2149.1193733968685	0.3
4403.083660048501	750	8.384809973672796	0.0	331053	3439.5304921498864	0.3
4405.820458990418	750	9.648011031755027	0.0	314107	2736.7989419177693	0.75

