16371.060007350829	750	4.0	5.127185897414645	450283	5127.185897414644	-21.29689935888297
16372.953288852083	300	6.106718498746048	0.0	155580	1893.2815012539522	-0.15000000000000002
16374.596250754386	300	8.463756596441497	0.0	139857	1642.961902304551	0.3
16378.948800201864	750	8.111207148962142	0.0	382355	4352.549447479354	0.3
16383.831540156201	750	7.228467194627053	0.0	411561	4882.739954335089	0.75
16387.278745020376	750	7.781262330451354	0.0	318564	3447.204864175699	0.75
16390.43094862746	750	8.629058723368043	0.0	352642	3152.2036070833105	0.75
16395.138487409655	750	7.921519941176189	0.0	437162	4707.538782191854	0.75
16399.234525514777	750	7.82548183605395	0.0	374758	4096.038105122239	0.75
16404.06546214337	750	6.994545207459848	0.0	362795	4830.936628594102	0.75
16405.868754543746	300	9.191252807085602	0.0	141840	1803.2924003742446	-0.15000000000000002
16412.334114500387	1200	6.725892850444813	0.0	594078	6465.359956640789	0.29999999999999993
16413.69048794891	300	9.36951940192293	0.0	160746	1356.3734485218831	-0.6000000000000001
16418.29251300179	1200	8.76749434904399	0.0	687371	4602.025052878942	0.29999999999999993
16420.910508138524	750	10.149499212310683	0.0	337059	2617.995136733305	0.3
16425.22102346619	1200	9.83898388464361	0.0	587876	4310.515327667074	0.75
16430.364377144375	1200	8.69563020645862	0.0	617242	5143.353678184992	1.2
16433.27059590992	750	9.789411440915188	0.0	372963	2906.2187655434327	0.3
16440.290127169916	1200	6.769880180920698	0.0	639204	7019.53125999449	0.75
16442.733701251098	300	8.326306099738819	0.0	140881	2443.574081181879	-0.6000000000000001
16450.133479420598	750	4.92652793023635	0.0	386472	7399.778169502468	0.3
16452.626582909	300	6.433424441834824	0.0	157812	2493.1034884015257	-0.15000000000000002
16455.626243467475	300	7.43376388335877	0.0	163927	2999.660558476055	0.3
16462.743804303904	750	4.31620304693144	0.0	343800	7117.56083642733	0.3
16465.464221766626	300	5.595785584210601	0.0	146754	2720.4174627208386	-0.15000000000000002
16468.4196840607	300	6.640323290136988	0.0	153938	2955.4622940736135	0.3
16471.90848156836	300	7.151525782476726	0.0	181901	3488.79750766026	0.3
16476.563588706136	750	6.496418644699243	0.0	277716	4655.107137777484	0.3
16478.975541073007	300	8.08446627782846	0.0	153605	2411.952366870782	-0.15000000000000002
16489.538807444544	750	4.0	2.4788000937093404	400508	10563.2663715378	-10.358840402950163
16494.895869741154	300	4.0	1.35706229661028	157421	5357.06229661028	-5.985367875424204
16499.26372661339	300	4.0	0.36785687223700736	157488	4367.856872237007	-1.2817845506191314
16502.5954313584	300	4.668295254991299	0.0	143881	3331.704745008701	0.3
16505.666909496133	300	5.596817117258113	0.0	163444	3071.4781377331856	0.3
16508.23730035547	300	7.026426257917837	0.0	179328	2570.3908593402753	0.3
16513.342891109653	750	5.920835503737832	0.0	365161	5105.590754180005	0.3
16515.410885007466	300	7.852841605921845	0.0	131610	2067.9938978159876	-0.15000000000000002
16522.051792341943	750	5.211934271444505	0.0	361565	6640.90733447734	0.3
16525.458816788443	300	5.804909824943804	0.0	144254	3407.0244465007017	-0.15000000000000002
16528.162745350655	300	7.100981262731938	0.0	149991	2703.928562211865	0.3
16533.160786460183	750	6.102940153206445	0.0	345516	4998.041109525494	0.3
16534.93956257187	300	8.324164041515631	0.0	161857	1778.7761116908137	-0.15000000000000002
16538.40345678608	750	8.860269827307748	0.0	372093	3463.894214207882	0.3
16542.988564569885	750	8.275162043501012	0.0	438281	4585.107783806737	0.75
16548.2883947769	750	6.975331836487298	0.0	398987	5299.830207013714	0.75
16551.37557913083	300	7.888147482560483	0.0	160064	3087.1843539268148	-0.15000000000000002
16558.434587322037	750	4.829139291351901	0.0	331053	7059.008191208582	0.3
16560.434812502204	300	6.82891411118633	0.0	118421	2000.2251801655714	-0.15000000000000002

