15241.795723662679	750	4.0	3.5949223786930258	450283	3594.9223786930256	-14.70816622838001
15243.180045346606	300	6.615678316071856	0.0	155580	1384.3216839281442	-0.15000000000000002
15244.29484317902	300	9.50088048365893	0.0	139857	1114.7978324129251	0.3
15245.707353649492	300	12.088370013187337	0.0	155432	1412.510470471593	0.3
15249.678640215869	750	12.117083446810755	0.0	411561	3971.286566376583	0.3
15252.278916760508	750	13.516806902171583	0.0	318564	2600.2765446391736	0.75
15255.405716041443	750	14.39000762123496	0.0	352642	3126.799280936622	0.75
15258.918676246949	750	14.877047415729827	0.0	437162	3512.960205505133	0.75
15261.710764345946	750	16.084959316732853	0.0	374758	2792.0880989969746	0.75
15264.591563779177	750	17.20415988350182	0.0	362795	2880.7994332310336	0.75
15267.572380952224	750	18.22334271045506	0.0	353220	2980.8171730467575	0.75
15270.867684329296	750	18.928039333384394	0.0	405134	3295.303377070668	0.75
15274.12715262242	750	19.668571040259682	0.0	386351	3259.4682931247103	0.75
15277.493672705692	750	20.302050956988808	0.0	434409	3366.5200832708747	0.75
15280.372184740349	750	21.42353892233262	0.0	337059	2878.5120346561885	0.75
15283.436337776131	750	22.359385886549017	0.0	366214	3064.1530357836023	0.75
15286.399573215194	750	23.396150447486338	0.0	360831	2963.2354390626792	0.75
15290.035506835071	750	23.76021682760856	0.0	372963	3635.9336198777823	0.75
15293.91313480414	750	23.882588858540107	0.0	405596	3877.6279690684505	0.75
15297.191262916818	750	24.60446074585984	0.0	350713	3278.1281126802664	0.75
15301.54724915894	750	24.248474503737633	0.0	386472	4355.986242122207	0.75
15306.038972236076	750	23.75675142660285	0.0	399894	4491.723077134781	0.75
15309.867261447887	750	23.92846221479173	0.0	401853	3828.2892118111245	0.75
15312.86573290535	750	24.92999075733138	0.0	343800	2998.471457460347	0.75
15316.14824842374	750	25.647475238940608	0.0	359903	3282.5155183907737	0.75
15319.800811908703	750	25.99491175397722	0.0	379700	3652.56348496339	0.75
15324.048240992051	750	25.74748267062923	0.0	425781	4247.429083347991	0.75
15326.721981587156	750	27.073742075523924	0.0	277716	2673.7405951053033	0.75
15330.385104920657	750	27.4106187420232	0.0	400396	3663.123333500726	0.75
15334.774550233775	750	27.021173428907233	0.0	400508	4389.4453131159635	0.75
15340.161541086249	750	25.634182576432874	0.0	358218	5386.990852474358	0.75
15344.505465152737	750	25.290258509944913	0.0	400322	4343.92406648796	0.75
15345.714087685485	300	28.081635977197028	0.0	143881	1208.6225327478844	-0.15000000000000002
15349.82699444775	750	27.96872921493008	0.0	412837	4112.906762266948	0.3
15353.605985584247	750	28.18973807843513	0.0	401088	3778.991136494947	0.75
15357.730470008075	750	28.065253654605126	0.0	365161	4124.484423830004	0.75
15360.556174939691	750	29.239548722987497	0.0	321064	2825.7049316176312	0.75
15363.284841193432	750	30.51088246924756	0.0	361565	2728.6662537399393	0.75
15366.761142894424	750	31.034580768255204	0.0	378327	3476.301700992355	0.75
15372.71993121403	1200	29.075792448651452	0.0	587506	5958.788319603752	0.75
15377.017678097145	750	28.7780455655346	0.0	345516	4297.7468831168535	0.3
15383.674776658847	750	26.120947003833624	0.0	384505	6657.098561700975	0.75
15385.493339541172	300	28.302384121507746	0.0	145210	1818.5628823258824	-0.15000000000000002
15388.403617629781	300	29.392106032898795	0.0	172312	2910.2780886089513	0.3
15395.886067068619	750	25.9096565940608	0.0	398987	7482.449438837998	0.3
15398.903957277587	300	26.891766385094357	0.0	160064	3017.890208966439	-0.15000000000000002
15401.452492837017	300	28.34323082566352	0.0	137507	2548.5355594308353	0.3
15403.135359201742	300	30.66036446093905	0.0	118421	1682.866364724472	0.3

