13405.44317814521	750	4.0	2.287148895543779	450283	2287.148895543779	-9.084740250838248
13406.469853422172	300	6.973324723036945	0.0	155580	1026.6752769630546	-0.15000000000000002
13407.351377810995	300	10.09180033421328	0.0	139857	881.5243888236656	0.3
13410.594187326178	1200	10.848990819030567	0.0	617681	3242.8095151827124	0.29999999999999993
13413.743591713104	1200	11.699586432103798	0.0	652874	3149.4043869267684	1.2
13416.273164495857	1200	13.17001364935013	0.0	520315	2529.572782753668	1.2
13420.750785684984	1200	12.692392460224248	0.0	561791	4477.621189125883	1.2
13429.490655827136	1200	7.952522318072019	0.0	709534	8739.87014215223	1.2
13432.390128786403	300	9.053049358805437	0.0	150710	2899.4729592665826	-0.6000000000000001
13434.841214660215	300	10.601963484995387	0.0	139105	2451.085873810049	0.3
13437.58040913738	300	11.862769007830565	0.0	141840	2739.1944771648236	0.3
13442.346341232502	300	11.096836912709605	0.0	156148	4765.932095120958	0.3
13445.444246383451	300	11.998931761759556	0.0	160746	3097.905150950049	0.3
13448.582245149395	300	12.860932995815878	0.0	179801	3137.998765943678	0.3
13450.871365537465	300	14.57181260774571	0.0	140051	2289.1203880701696	0.3
13453.119374666685	300	16.323803478524344	0.0	138313	2248.0091292213665	0.3
13455.194299721361	300	18.248878423850087	0.0	143509	2074.925054674254	0.3
13457.279993526501	300	20.163184618709575	0.0	150616	2085.6938051405114	0.3
13459.456638634663	300	21.986539510547818	0.0	165384	2176.6451081617593	0.3
13461.184470136785	300	24.258708008427174	0.0	140881	1727.8315021206442	0.3
13463.577634658996	300	25.865543486215934	0.0	157671	2393.164522211237	0.3
13464.883302558981	300	28.559875586231787	0.0	157812	1305.6678999841488	0.3
13473.655715662218	750	23.787462482994044	0.0	401853	8772.413103237743	0.3
13477.433960541093	300	24.00921760411867	0.0	137654	3778.2448788753704	-0.15000000000000002
13480.61675895924	300	24.82641918597083	0.0	146754	3182.798418147844	0.3
13483.614704260546	300	25.828473884665318	0.0	153938	2997.945301305515	0.3
13487.953518169543	300	25.489659975669223	0.0	181901	4338.813908996094	0.3
13490.842206157035	300	26.6009719881778	0.0	111155	2888.6879874914216	0.3
13494.341141222241	300	27.102036922972566	0.0	153605	3498.935065205236	0.3
13497.039083637112	300	28.404094508102055	0.0	149029	2697.942414870513	0.3
13498.495651143612	300	30.947527001600765	0.0	157421	1456.5675065012917	0.3
13501.84534854853	750	31.59782959668266	0.0	400322	3349.6974049180994	0.3
13504.37740493887	750	33.065773206341326	0.0	369834	2532.0563903413395	0.75
13508.74067632917	1200	32.702501816043196	0.0	670129	4363.271390298132	0.75
13512.845804898794	1200	32.59737324641857	0.0	690253	4105.128569624627	1.2
13516.187401073279	1200	33.25577707193536	0.0	598727	3341.596174483204	1.2
13522.94156900843	1850	30.501609136783255	0.0	728962	6754.167935152109	1.2000000000000002
13527.215221516451	1200	30.227956628762698	0.0	575591	4273.652508020557	0.5499999999999999
13533.194062071103	1200	28.249116074110795	0.0	605884	5978.8405546519025	1.2
13537.675715366198	750	27.767462779017073	0.0	390680	4481.653295093721	0.3
13539.815586544753	750	29.62759160046131	0.0	345516	2139.871178555766	0.75
13545.345538302476	1200	28.097639842739106	0.0	641452	5529.951757722204	0.75
13547.992404945662	750	29.450773199552824	0.0	372093	2646.8666431862844	0.3
13556.679530888097	1200	24.76364725711735	0.0	634861	8687.125942435476	0.75
13564.11813595093	750	21.325042194284514	0.0	398987	7438.605062832832	0.3
13567.105497708106	300	22.33768043710807	0.0	160064	2987.3617571764453	-0.15000000000000002
13568.962076493317	300	24.48110165189734	0.0	137507	1856.5787852107267	0.3
13571.222636324537	300	26.220541820676733	0.0	118421	2260.5598312206107	0.3

