12380.728092398076	750	4.0	3.995068697861578	450283	3995.068697861578	0.014980149	-16.428795400804784
12382.220364485405	300	6.507727912669612	0.0	155580	1492.2720873303876	0.25709128	-0.15000000000000002
12383.492460539468	300	9.235631858607427	0.0	139857	1272.0960540621852	0.085180685	0.3
12384.907243491005	300	11.820848907070088	0.0	155432	1414.7829515373378	0.0101682795	0.3
12386.452664901295	300	14.27542749677892	0.0	163442	1545.4214102911674	0.069268994	0.3
12387.49961796052	300	17.228474437554695	0.0	126289	1046.9530592242274	0.10544498	0.3
12388.746819722694	300	19.98127267538223	0.0	153295	1247.201762172467	0.03335882	0.3
12390.222198908199	300	22.505893489876183	0.0	173849	1475.379185506045	0.034868635	0.3
12391.52919966506	300	25.19889273301395	0.0	150710	1307.0007568622354	0.06703819	0.3
12392.702580949248	300	28.02551144882591	0.0	139105	1173.3812841880376	0.14323273	0.3
12393.939956136048	300	30.788136262026406	0.0	141840	1237.3751867995045	0.2278279	0.3
12395.493791683799	300	33.23430071427647	0.0	156148	1553.8355477499313	0.3631356	0.3
12400.271724440925	750	32.45636795714951	0.0	386351	4777.932757126957	0.6026193	0.3
12408.63630255487	750	28.091789843203394	0.0	434409	8364.578113946118	0.29267257	0.75
12410.568206623668	300	30.159885774406035	0.0	140051	1931.9040687973577	0.053201295	-0.15000000000000002
12412.5443912856	300	32.18370111247379	0.0	138313	1976.1846619322475	0.036463086	0.3
12414.741095814814	300	33.98699658326006	0.0	143509	2196.7045292137286	0.055960197	0.3
12416.624558334272	300	36.103534063803146	0.0	150616	1883.4625194569066	0.08826407	0.3
12418.806628036387	300	37.92146436168873	0.0	165384	2182.0697021144215	0.4213717	0.3
12422.823056141928	750	37.90503625614724	0.0	350713	4016.4281055414835	0.5546318	0.3
12426.616821226382	750	38.11127117169173	0.0	386472	3793.7650844555105	0.0055531072	0.75
12430.267700888046	750	38.46039151002834	0.0	399894	3650.8796616634013	0.004705182	0.75
12434.82462745183	750	37.90346494624296	0.0	401853	4556.926563785368	0.004705182	0.75
12439.296852085648	750	37.43124031242494	0.0	343800	4472.224633818023	0.004705182	0.75
12445.73401958717	750	34.99407281090463	0.0	359903	6437.167501520312	0.004705182	0.75
12452.22142925126	750	32.506663146813565	0.0	379700	6487.409664091067	0.004705182	0.75
12458.454721180193	750	30.273371217878854	0.0	425781	6233.291928934716	0.004705182	0.75
12465.263021980669	750	27.465070417402092	0.0	277716	6808.300800476757	0.004705182	0.75
12476.31429487405	750	20.413797524021195	0.0	400396	11051.2728933809	0.005271801	0.75
12480.303182606916	300	20.42490979115417	0.0	149029	3988.8877328670255	0.4309193	-0.15000000000000002
12483.628150279877	300	21.099942118193365	0.0	157421	3324.9676729608077	0.13327265	0.3
12486.549815106604	300	22.178277291467737	0.0	157488	2921.664826725628	0.14693181	0.3
12490.277886881307	300	22.450205516764694	0.0	143881	3728.071774703043	0.09510566	0.3
12493.882133468347	300	22.845958929723988	0.0	163444	3604.2465870407073	0.08830683	0.3
12498.677131036191	300	22.05096136187998	0.0	179328	4794.997567844007	0.18858814	0.3
12502.669195602452	300	22.058896795617247	0.0	159914	3992.0645662627335	0.22194399	0.3
12505.246190111458	300	23.4819022866109	0.0	131610	2576.994509006347	0.1844723	0.3
12507.580302947024	300	25.14778945104537	0.0	124011	2334.112835565533	0.639938	0.3
12513.801610552191	750	22.92648184587673	0.0	378327	6221.307605168639	0.677702	0.3
12521.356328040138	750	19.371764357931294	0.0	390680	7554.717487945436	0.030564012	0.75
12528.757093390881	750	15.970999007189883	0.0	345516	7400.765350741411	0.22592783	0.75
12534.010141804489	750	14.71795059358238	0.0	384505	5253.048413607504	0.6201803	0.75
12537.333435262884	750	15.39465713518649	0.0	372093	3323.29345839589	0.075836636	0.75
12541.283227476375	750	15.444864921695547	0.0	438281	3949.792213490942	0.0048490157	0.75
12544.678694706963	750	16.049397691106574	0.0	398987	3395.4672305889753	0.012386791	0.75
12547.909004330222	750	16.819088067847666	0.0	393804	3230.309623258909	0.06808728	0.75
12550.638805371273	750	18.089287026796395	0.0	331053	2729.8010410512675	0.29306278	0.75
12557.150316099463	1200	15.577776298606553	0.0	550906	6511.510728189842	0.3161383	0.75

