7803.040453497268	750	4.0	2.287148895543779	450283	2287.148895543779	-9.084740250838248
7804.067128774231	300	6.973324723036945	0.0	155580	1026.6752769630546	-0.15000000000000002
7804.948653163054	300	10.09180033421328	0.0	139857	881.5243888236656	0.3
7807.089555482678	750	11.950898014589086	0.0	382355	2140.9023196241947	0.3
7809.173072854865	750	13.867380642402324	0.0	411561	2083.517372186761	0.75
7810.663752066376	750	16.376701430889703	0.0	318564	1490.679211512622	0.75
7812.419464679489	750	18.62098881777776	0.0	352642	1755.7126131119398	0.75
7814.660389057628	750	20.38006443963836	0.0	437162	2240.9243781394002	0.75
7822.52845483424	1850	16.511998663026926	0.0	852833	7868.065776611433	0.75
7840.1570347840125	1850	4.0	1.1165812867458227	913888	17628.57994977275	-2.951299533007037
7842.883406136993	300	5.273628647020248	0.0	141840	2726.3713529797524	-1.25
7845.624543390376	300	6.532491393636853	0.0	156148	2741.1372533833946	0.3
7848.263858388366	300	7.893176395646051	0.0	160746	2639.3149979908017	0.3
7851.1621777758655	300	8.994857008147182	0.0	179801	2898.319387498868	0.3
7853.088262364977	300	11.06877241903592	0.0	140051	1926.0845891112622	0.3
7855.0369616340095	300	13.120073150003963	0.0	138313	1948.6992690319582	0.3
7856.9039141810645	300	15.253120602947986	0.0	143509	1866.952547055976	0.3
7861.520560745255	750	14.636474038757731	0.0	372963	4616.646564190254	0.3
7869.3740052211715	750	10.783029562841435	0.0	405596	7853.444475916296	0.75
7872.684554498616	300	11.472480285396015	0.0	140881	3310.549277445419	-0.15000000000000002
7876.555139117193	300	11.601895666818924	0.0	157671	3870.5846185770915	0.3
7879.777588110394	300	12.379446673617258	0.0	157812	3222.4489932016654	0.3
7883.215856804214	300	12.941177979797242	0.0	163927	3438.2686938200163	0.3
7886.820238687625	300	13.336796096387655	0.0	137654	3604.381883409587	0.3
7890.551596350176	300	13.60543843383648	0.0	146754	3731.357662551173	0.3
7893.416425701217	300	14.74060908279457	0.0	153938	2864.8293510419117	0.3
7895.514246777093	300	16.642788006918572	0.0	181901	2097.821075876002	0.3
7897.936735116726	750	18.220299667285552	0.0	277716	2422.4883396330197	0.3
7900.854170100368	750	19.30286468364401	0.0	400396	2917.4349836415427	0.75
7903.558602080514	750	20.598432703498332	0.0	400508	2704.4319801456772	0.75
7905.886154829262	750	22.27087995475065	0.0	358218	2327.552748747683	0.75
7908.326016191489	750	23.831018592523243	0.0	400322	2439.861362227405	0.75
7910.532676815258	750	25.624357968753568	0.0	369834	2206.6606237696774	0.75
7912.917751706896	750	27.23928307711644	0.0	412837	2385.074891637128	0.75
7921.340553483602	1850	22.816481300410622	0.0	1026056	8422.801776705819	0.75
7929.439135906174	1850	18.717898877838422	0.0	943942	8098.582422572198	1.85
7936.492674430924	1850	15.664360353087991	0.0	728962	7053.538524750432	1.85
7941.824960121708	1200	14.332074662304851	0.0	575591	5332.285690783142	0.5499999999999999
7944.228304818592	750	15.928729965420986	0.0	378327	2403.3446968838643	0.3
7948.773302275637	750	15.3837325083756	0.0	390680	4544.997457045386	0.75
7953.349031056201	750	14.808003727812041	0.0	345516	4575.728780563559	0.75
7960.388533627974	750	11.768501156038855	0.0	384505	7039.502571773186	0.75
7966.5164578835465	750	9.640576900466643	0.0	372093	6127.924255572211	0.75
7969.802103497348	300	10.3549312866651	0.0	172312	3285.645613801544	-0.15000000000000002
7973.16161197114	300	10.995422812873276	0.0	167025	3359.508473791825	0.3
7976.324093232553	300	11.832941551459756	0.0	160064	3162.481261413518	0.3
7977.788289231069	300	14.368745552943823	0.0	137507	1464.1959985159335	0.3
7978.766897220672	300	17.390137563340684	0.0	118421	978.60798960314	0.3

