17062.600810267944	750	4.0	1.9680897620528024	450283	1968.0897620528024	-7.71278597682705
17064.81958388321	750	5.781226384733127	0.0	398865	2218.7736152668726	0.75
17066.495043134506	750	8.105767133436677	0.0	350812	1675.4592512964498	0.75
17067.930661847742	750	10.670148420202866	0.0	382355	1435.6187132338102	0.75
17069.388870007573	750	13.21194026036772	0.0	411561	1458.2081598351454	0.75
17070.52522102592	750	16.07558924202007	0.0	318564	1136.351018347654	0.75
17072.397497546397	1200	18.203312721543814	0.0	561791	1872.2765204762527	0.75
17074.747544316164	1200	19.85326595177696	0.0	709534	2350.046769766854	1.2
17077.77552182273	1200	20.82528844521228	0.0	584846	3027.9775065646795	1.2
17085.83104033163	1200	16.769769936308958	0.0	560821	8055.5185089033275	1.2
17089.82781252735	750	16.772997740589695	0.0	353220	3996.772195719264	0.3
17091.7321029826	750	18.868707285336225	0.0	405134	1904.2904552534678	0.75
17092.453129259073	300	22.147681008867117	0.0	160746	721.0262764691122	-0.15000000000000002
17093.26097801726	300	25.33983225067987	0.0	179801	807.8487581872471	0.3
17094.635236947826	750	27.965573320110522	0.0	337059	1374.2589305693461	0.3
17097.097869489164	1200	29.502940778774224	0.0	587876	2462.632541336296	0.75
17099.337652063827	1200	31.263158204108308	0.0	617242	2239.7825746659164	1.2
17101.51260691934	1200	33.088203348596025	0.0	581493	2174.954855512285	1.2
17105.319052909002	1850	33.28175735893615	0.0	987708	3806.445989659877	1.2000000000000002
17109.695979752476	1850	32.90483051546209	0.0	923755	4376.92684347406	1.85
17114.517518198787	1200	32.08329206915076	0.0	601738	4821.538446311331	0.5499999999999999
17118.452679844053	1200	32.148130423887366	0.0	616206	3935.161645263397	1.2
17122.206822049327	1200	32.39398821861056	0.0	656471	3754.142205276805	1.2
17124.247561410797	750	34.35324885714064	0.0	343800	2040.7393614699176	0.3
17126.638706686885	750	35.96210358105052	0.0	359903	2391.145276090121	0.75
17129.324771267715	1200	37.276039000218894	0.0	590335	2686.0645808316253	0.75
17132.211918012443	1200	38.38889225548935	0.0	696376	2887.146744729546	1.2
17135.128317774434	1200	39.47249249349899	0.0	487160	2916.3997619903594	1.2
17139.587650907895	1850	39.01315936003564	0.0	972798	4459.333133463356	1.2000000000000002
17145.65284144351	1850	36.94796882442336	0.0	975811	6065.190535612276	1.85
17148.5334442847	1200	38.067365983233465	0.0	570392	2880.6028411898924	0.5499999999999999
17151.841027048074	1200	38.75978321986062	0.0	620283	3307.5827633728454	1.2
17153.933284783758	1200	40.66752548417763	0.0	584349	2092.2577356829856	1.2
17159.370517096373	1850	39.23029317156328	0.0	1035329	5437.232312614354	1.2000000000000002
17167.631809070714	1850	34.96900119722428	0.0	1026056	8261.291974339001	1.85
17170.901624031314	1200	35.69918623662461	0.0	598727	3269.8149605996646	0.5499999999999999
17173.514799050063	1200	37.08601121787386	0.0	487812	2613.175018750746	1.2
17175.91553296934	1200	38.685277298598486	0.0	575591	2400.7339192753775	1.2
17180.9064441054	1200	37.6943661625365	0.0	605884	4990.911136061986	1.2
17184.389523614907	1200	38.211286653030214	0.0	587506	3483.0795095062895	1.2
17187.05636330378	1200	39.54444696415769	0.0	566904	2666.839688872521	1.2
17191.313737363085	1850	39.2870729048481	0.0	1025005	4257.374059309595	1.2000000000000002
17196.15223498294	1850	38.44857528499565	0.0	886255	4838.497619852449	1.85
17201.455174251	1850	37.14563601693364	0.0	973972	5302.93926806201	1.85
17205.88824915998	1850	36.712561107952546	0.0	958994	4433.0749089810915	1.85
17209.40600789281	1850	37.19480237512462	0.0	982064	3517.75873282793	1.85
17213.51156634379	1850	37.08924392414111	0.0	830730	4105.558450983508	1.85
17217.561941359392	1850	37.038868908538895	0.0	846370	4050.3750156022097	1.85

