19715.302444712874	750	4.0	4.2446647119615655	450283	4244.664711961565	-17.50205826143473
19716.717232846408	300	6.5852118664659365	0.0	155580	1414.7881335340633	-0.15000000000000002
19717.98092417875	300	9.321520534123353	0.0	139857	1263.6913323425845	0.3
19719.358836726602	300	11.94360798627423	0.0	155432	1377.9125478491217	0.3
19720.845334762795	300	14.457109950084448	0.0	163442	1486.4980361897813	0.3
19723.105203495215	750	16.197241217662675	0.0	318564	2259.8687324217744	0.3
19725.424284608165	750	17.87816010471031	0.0	352642	2319.0811129523627	0.75
19729.057488243066	750	18.24495646981026	0.0	437162	3633.203634900051	0.75
19731.7879535102	750	19.5144912026778	0.0	374758	2730.465267132458	0.75
19736.15594484578	1200	19.146499867096857	0.0	560821	4367.991335580942	0.75
19741.84511245039	1200	17.457332262484904	0.0	607410	5689.1676046119555	1.2
19745.12001923116	750	18.182425481715672	0.0	405134	3274.9067807692295	0.3
19748.589464707475	750	18.712980005399938	0.0	386351	3469.4454763157332	0.75
19752.146494324617	750	19.155950388256514	0.0	434409	3557.0296171434243	0.75
19756.409046828157	1200	18.893397884717057	0.0	526950	4262.5525035394585	0.75
19759.13572869632	750	20.166716016554542	0.0	366214	2726.681868162517	0.3
19762.6893282059	1200	20.61311650697645	0.0	617242	3553.5995095780922	0.75
19766.957724325814	1200	20.344720387061408	0.0	581493	4268.396119915044	1.2
19772.095886224	1200	19.20655848887273	0.0	639204	5138.161898188677	1.2
19776.415840213078	1200	18.886604499795226	0.0	586839	4319.953989077504	1.2
19781.50018342539	1200	17.80226128748328	0.0	601738	5084.343212311946	1.2
19785.144768838876	750	18.157675873997242	0.0	399894	3644.5854134860383	0.3
19788.988208076058	750	18.314236636814094	0.0	401853	3843.4392371831495	0.75
19793.878354734585	1200	17.42408997829032	0.0	536667	4890.146658523776	0.75
19798.223483053047	750	17.078961659827655	0.0	359903	4345.128318462663	0.3
19806.196558009964	750	13.105886702912517	0.0	379700	7973.074956915137	0.75
19808.937114079417	300	14.365330633460482	0.0	181901	2740.556069452035	-0.15000000000000002
19810.869848852	300	16.432595860880703	0.0	111155	1932.7347725797815	0.3
19813.700744868373	300	17.60169984450648	0.0	153605	2830.896016374221	0.3
19816.10763057496	300	19.194814137918666	0.0	149029	2406.8857065878137	0.3
19818.436312543614	300	20.866132169263885	0.0	157421	2328.681968654781	0.3
19821.001796776185	300	22.300647936692027	0.0	157488	2565.4842325718573	0.3
19823.718761631393	300	23.583683081487095	0.0	143881	2716.9648552049325	0.3
19825.528102780332	300	25.774341932547188	0.0	163444	1809.3411489399084	0.3
19828.86506169097	750	26.437383021909888	0.0	401088	3336.9589106372987	0.3
19831.284334127424	750	28.01811058545652	0.0	365161	2419.272436453373	0.75
19835.34922005339	1200	27.95322465948968	0.0	487812	4064.885925966836	0.75
19839.02016861093	1200	28.282276101950828	0.0	575591	3670.9485575388535	1.2
19842.834002052256	1200	28.46844266062086	0.0	605884	3813.8334413299713	1.2
19849.508894550734	1850	25.79355016214385	0.0	930577	6674.892498477009	1.2000000000000002
19854.957805754686	1850	24.344638958188824	0.0	858450	5448.911203955025	1.85
19860.372678863823	1200	22.929765849054064	0.0	641452	5414.87310913476	0.5499999999999999
19867.26450232818	1200	20.037942384699043	0.0	599477	6891.82346435502	1.2
19871.064812376306	750	20.237632336572076	0.0	438281	3800.3100481269653	0.3
19874.14234411089	750	21.160100601988766	0.0	398987	3077.531734583312	0.75
19877.40753705277	750	21.894907660102007	0.0	393804	3265.1929418867567	0.75
19883.448530124344	1200	19.853914588530223	0.0	538612	6040.993071571782	0.75
19887.439685883448	750	19.862758829426202	0.0	314107	3991.1557591040214	0.3

