24008.009462722763	750	4.0	4.492096968258112	450283	4492.096968258112	0.011071633	-18.56601696350988
24009.40793956229	300	6.6015231604739535	0.0	155580	1398.4768395260464	0.04749172	-0.15000000000000002
24010.591278449432	300	9.418184273333548	0.0	139857	1183.3388871404063	0.07872301	0.3
24011.910293797548	300	12.09916892521706	0.0	155432	1319.0153481164841	0.009731135	0.3
24013.317546597005	300	14.69191612576039	0.0	163442	1407.2527994566724	0.07785885	0.3
24014.48840426482	300	17.521058457947184	0.0	126289	1170.857667813207	0.13213314	0.3
24015.905174578445	300	20.104288144319266	0.0	153295	1416.770313627918	0.023315083	0.3
24017.546736188568	300	22.462726534198314	0.0	173849	1641.5616101209537	0.022236299	0.3
24018.979060507605	300	25.030402215161008	0.0	150710	1432.3243190373053	0.03947909	0.3
24020.23046610658	300	27.778996616189875	0.0	139105	1251.405598971134	0.10092843	0.3
24021.413136676747	300	30.596326046021794	0.0	141840	1182.670570168081	0.15051706	0.3
24022.895938893562	300	33.113523829208745	0.0	156148	1482.8022168130453	0.33670008	0.3
24024.26367031726	300	35.745792405505576	0.0	160746	1367.7314237031626	0.58258456	0.3
24028.053862460423	750	35.95560026234557	0.0	434409	3790.1921431600103	0.4831915	0.3
24030.910387851705	750	37.09907487106308	0.0	337059	2856.5253912824924	0.007947781	0.75
24034.57405766612	750	37.43540505664768	0.0	366214	3663.6698144153966	0.004705182	0.75
24038.412590713746	750	37.5968720090212	0.0	360831	3838.5330476264794	0.004705182	0.75
24043.06376223783	750	36.945700484937134	0.0	372963	4651.171524084061	0.004705182	0.75
24048.006608177388	750	36.002854545381425	0.0	405596	4942.845939555714	0.004705182	0.75
24054.282880875988	750	33.72658184678289	0.0	350713	6276.272698598526	0.004705182	0.75
24060.1110387468	750	31.898423975967948	0.0	386472	5828.157870814948	0.004847635	0.75
24064.398150689743	750	31.611312033023648	0.0	399894	4287.1119429443	0.004705182	0.75
24069.270420522535	750	30.739042200234266	0.0	401853	4872.26983278938	0.004705182	0.75
24073.916457788513	750	30.0930049342539	0.0	343800	4646.037265980366	0.004705182	0.75
24079.334939127988	750	28.674523594775888	0.0	359903	5418.481339478014	0.004705182	0.75
24085.67031718425	750	26.339145538514046	0.0	379700	6335.378056261842	0.004705182	0.75
24092.863956679288	750	23.14550604347621	0.0	425781	7193.639495037837	0.004705182	0.75
24095.98558479645	750	24.023877926313784	0.0	277716	3121.628117162423	0.021013748	0.75
24099.81212092425	750	24.19734179851621	0.0	400396	3826.5361277975762	0.004857239	0.75
24103.22118878184	750	24.788273940924018	0.0	400508	3409.067857592193	0.004705182	0.75
24106.238549474776	750	25.770913247992173	0.0	358218	3017.360692931844	0.0048935753	0.75
24109.876313786845	750	26.133148935922232	0.0	400322	3637.7643120699413	0.0067295386	0.75
24113.813710180162	750	26.19575254260624	0.0	369834	3937.3963933159953	0.007521412	0.75
24117.769577960455	750	26.239884762314762	0.0	412837	3955.867780291475	0.006348746	0.75
24121.504519465012	750	26.504943257757493	0.0	401088	3734.9415045572714	0.010370141	0.75
24124.52151954963	750	27.48794317313726	0.0	365161	3017.00008462023	0.035108298	0.75
24127.392202872277	750	28.61725985049177	0.0	321064	2870.683322645493	0.188292	0.75
24130.71523593127	750	29.294226791496452	0.0	361565	3323.033058995315	0.21022394	0.75
24133.94314687602	750	30.0663158467471	0.0	378327	3227.910944749353	0.4273508	0.75
24138.987855756455	1200	29.021606966310458	0.0	587506	5044.708880436644	0.693853	0.75
24143.941319880938	1200	28.06814284182833	0.0	566904	4953.464124482128	0.018496785	1.2
24151.116870950576	1200	24.89259177218793	0.0	641452	7175.551069640399	0.012932403	1.2
24158.36418555275	1200	21.645277170013394	0.0	599477	7247.314602174539	0.07155102	1.2
24169.315036381915	1200	14.694426340847327	0.0	634861	10950.850829166066	0.22443017	1.2
24173.565468422705	750	14.443994300058622	0.0	398987	4250.432040788707	0.06454015	0.3
24178.070735695404	750	13.938727027360576	0.0	393804	4505.267272698046	0.009687039	0.75
24182.45588496297	750	13.553577759795044	0.0	331053	4385.149267565532	0.011707103	0.75
24186.814915875464	750	13.194546847298618	0.0	314107	4359.030912496425	0.005283743	0.75

