8701.544681186104	750	4.0	5.693969597015465	450283	5693.969597015464	-23.734069267166497
8703.348017781278	300	6.1966634048252285	0.0	155580	1803.336595174772	-0.15000000000000002
8704.83698991641	300	8.707691269693635	0.0	139857	1488.9721351315945	0.3
8706.420499075995	300	11.12418211010765	0.0	155432	1583.509159585983	0.3
8708.130419679905	300	13.414261506198569	0.0	163442	1709.920603909083	0.3
8709.477378111225	300	16.067303074878538	0.0	126289	1346.9584313200323	0.3
8712.985562121325	750	16.559119064779626	0.0	352642	3508.1840100989116	0.3
8717.65442224438	750	15.890258941722847	0.0	437162	4668.860123056778	0.75
8721.19886650117	750	16.345814684933373	0.0	374758	3544.444256789473	0.75
8724.997382816535	750	16.547298369570242	0.0	362795	3798.516315363132	0.75
8728.575481533746	750	16.96919965236025	0.0	353220	3578.09871720999	0.75
8733.094669518208	750	16.45001166789775	0.0	405134	4519.187984462502	0.75
8736.993680300713	750	16.551000885392774	0.0	386351	3899.010782504974	0.75
8743.274891984356	750	14.269789201748951	0.0	434409	6281.211683643825	0.75
8745.292608112946	300	16.252073073158712	0.0	140051	2017.7161285902357	-0.15000000000000002
8747.006269177067	300	18.538412009036318	0.0	138313	1713.6610641223963	0.3
8748.621456590176	300	20.923224595929558	0.0	143509	1615.1874131067607	0.3
8750.187718238361	300	23.356962947743714	0.0	150616	1566.2616481858422	0.3
8752.264939674344	300	25.279741511761646	0.0	165384	2077.2214359820664	0.3
8754.172303564446	300	27.37237762166026	0.0	140881	1907.3638901013878	0.3
8756.300335661408	300	29.244345524699536	0.0	157671	2128.0320969607246	0.3
8762.713367509974	750	26.831313676133814	0.0	399894	6413.031848565723	0.3
8764.930610996165	300	28.61407018994092	0.0	163927	2217.243486192891	-0.15000000000000002
8766.69463249307	300	30.85004869303639	0.0	137654	1764.021496904535	0.3
8770.75260871956	750	30.792072466548206	0.0	359903	4057.976226488181	0.3
8775.696649132424	750	29.848032053685124	0.0	379700	4944.040412863081	0.75
8783.911626382429	750	25.633054803679162	0.0	425781	8214.977250005963	0.75
8786.791297533951	300	26.753383652156348	0.0	111155	2879.6711515228176	-0.15000000000000002
8790.24313068446	300	27.301550501648748	0.0	153605	3451.833150507599	0.3
8792.676531826144	300	28.86814935996472	0.0	149029	2433.401141684031	0.3
8794.515701831426	300	31.02897935468146	0.0	157421	1839.1700052832584	0.3
8798.769464602787	750	30.77521658332061	0.0	400322	4253.7627713608545	0.3
8802.197843957581	750	31.346837228526393	0.0	369834	3428.379354794216	0.75
8807.12085201524	750	30.423829170866025	0.0	412837	4923.0080576603705	0.75
8812.080273615315	750	29.46440757079168	0.0	401088	4959.421600074347	0.75
8818.188432081515	750	27.356249104589917	0.0	365161	6108.1584662017585	0.75
8822.145182003915	300	27.399499182190223	0.0	131610	3956.749922399696	-0.15000000000000002
8826.333680357591	300	27.211000828515115	0.0	124011	4188.498353675107	0.3
8830.684908043208	300	26.85977314289854	0.0	144254	4351.227685616578	0.3
8835.551066720396	300	25.993614465709566	0.0	149991	4866.158677188972	0.3
8838.695659918218	300	26.84902126788815	0.0	147968	3144.5931978214153	0.3
8841.20567935137	300	28.339001834737093	0.0	161857	2510.019433151058	0.3
8843.285958535878	300	30.258722650227334	0.0	145210	2080.2791845097595	0.3
8849.918213936404	750	27.626467249701275	0.0	438281	6632.255400526058	0.3
8851.413324375122	300	30.131356810981142	0.0	167025	1495.1104387201344	-0.15000000000000002
8854.258592979755	750	31.28608820634837	0.0	393804	2845.268604632773	0.3
8856.214893071117	750	33.32978811498648	0.0	331053	1956.3000913618928	0.75
8861.04750485785	1200	32.49717632825452	0.0	550906	4832.611786731959	0.75

