5131.90313947633	750	4.0	11.415819972284071	450283	11415.81997228407	0.05205844	-48.338025880821505
5134.726228548705	300	5.176910927625635	0.0	155580	2823.0890723743646	0.004705182	-0.15000000000000002
5137.02263106063	300	6.880508415700065	0.0	139857	2296.4025119255693	0.004705182	0.3
5139.104965414237	300	8.798174062092835	0.0	155432	2082.334353607229	0.004705182	0.3
5142.068141748104	300	9.834997728226448	0.0	163442	2963.1763338663886	0.004705182	0.3
5145.308589821774	300	10.594549654555204	0.0	126289	3240.4480736712444	0.004705182	0.3
5147.974398087157	300	11.928741389173108	0.0	153295	2665.8082653820957	0.004705182	0.3
5152.4665082176425	300	11.436631258687633	0.0	173849	4492.110130485475	0.004705182	0.3
5157.114062512463	300	10.78907696386657	0.0	150710	4647.554294821064	0.004705182	0.3
5161.865963482433	300	10.037175993896167	0.0	139105	4751.900969970405	0.004705182	0.3
5166.822207651415	300	9.080931824913973	0.0	141840	4956.244168982194	0.004705182	0.3
5171.913286738215	300	7.9898527381139415	0.0	156148	5091.079086800031	0.004705182	0.3
5176.217174384295	300	7.685965092034298	0.0	160746	4303.887646079643	0.004705182	0.3
5182.340145633232	300	5.562993843097569	0.0	179801	6122.971248936729	0.004705182	0.3
5187.108972152558	300	4.794167323771426	0.0	140051	4768.826519326142	0.004705182	0.3
5191.707663161508	300	4.195476314822005	0.0	138313	4598.691008949421	0.004705182	0.3
5195.092086618367	300	4.811052857963363	0.0	143509	3384.423456858642	0.004705182	0.3
5197.35563318196	300	6.547506294370085	0.0	150616	2263.5465635932774	0.004705182	0.3
5198.942812909873	300	8.960326566457432	0.0	165384	1587.179727912654	0.004705182	0.3
5200.303012461911	300	11.600127014419334	0.0	140881	1360.1995520380992	0.004705182	0.3
5201.602826484833	300	14.30031299149726	0.0	157671	1299.814022922074	0.004705182	0.3
5202.782807016877	300	17.120332459452786	0.0	157812	1179.9805320444698	0.004705182	0.3
5204.0066853535545	300	19.89645412277562	0.0	163927	1223.8783366771659	0.032521106	0.3
5205.025206147835	300	22.87793332849557	0.0	137654	1018.5207942800525	0.20010242	0.3
5207.442183462276	750	24.460956014053735	0.0	359903	2416.9773144418327	0.663054	0.3
5209.817997697011	750	26.08514177931858	0.0	379700	2375.814234735157	0.00596544	0.75
5212.61104289352	750	27.292096582810316	0.0	425781	2793.0451965082625	0.014581575	0.75
5214.587916482466	750	29.315222993863834	0.0	277716	1976.8735889464826	0.039402336	0.75
5217.648022356697	750	30.255117119633717	0.0	400396	3060.1058742301157	0.053778425	0.75
5220.421539921633	750	31.48159955469678	0.0	400508	2773.517564936937	0.112463005	0.75
5222.58589619454	750	33.317243281789416	0.0	358218	2164.3562729073587	0.49265972	0.75
5225.614691988571	1200	34.28844748775769	0.0	620283	3028.795794031722	0.56932896	0.75
5228.331912565111	1200	35.571226911217884	0.0	584349	2717.2205765398103	0.004705182	1.2
5231.944893447367	1200	35.958246028962456	0.0	670129	3612.980882255425	0.0068442854	1.2
5235.499805795292	1200	36.40333368103775	0.0	690253	3554.9123479247073	0.008171015	1.2
5238.30304194069	1200	37.60009753563885	0.0	598727	2803.236145398903	0.015458672	1.2
5240.611206001066	1200	39.291933475261935	0.0	487812	2308.1640603769197	0.11890104	1.2
5242.965807397776	1200	40.93733207855222	0.0	575591	2354.6013967097165	0.23564534	1.2
5248.987691379571	2850	38.91544809675842	0.0	1427478	6021.883981793799	0.06567591	1.2000000000000002
5255.367330329915	2850	36.5358091464147	0.0	1402287	6379.6389503437185	0.004705182	2.85
5261.8084611379645	2850	34.09467833836514	0.0	1339500	6441.130808049559	0.0051249955	2.85
5271.399038360716	2850	28.50410111561347	0.0	1527299	9590.57722275167	0.004705182	2.85
5277.749700355132	2850	26.153439121198566	0.0	1343002	6350.661994414903	0.004730928	2.85
5284.618172597988	2850	23.284966878341706	0.0	1587250	6868.472242856861	0.004705182	2.85
5291.048211657468	2850	20.85492781886197	0.0	1464921	6430.039059479737	0.004705182	2.85
5297.10277170795	2850	18.80036776838035	0.0	1483527	6054.560050481621	0.004705182	2.85
5302.665317976059	2850	17.23782150027096	0.0	1231456	5562.546268109387	0.004705182	2.85
5309.360853310447	2850	14.542286165881954	0.0	1364537	6695.535334389007	0.004705182	2.85

