12737.064808406945	750	4.0	4.955564253110452	450283	4955.564253110451	-20.55892628837494
12740.1666786038	300	4.898129803144833	0.0	155580	3101.870196855167	-0.15000000000000002
12744.69874785427	300	4.366060552675044	0.0	139857	4532.06925046979	0.3
12749.159305925938	300	4.0	0.09449751899309194	155432	4460.558071668135	-0.10633933167029536
12753.361880334061	300	4.0	0.20257440812354435	163442	4202.574408123544	-0.5710699549312408
12755.92351681463	300	5.4383635194307365	0.0	126289	2561.6364805692638	0.3
12759.468265210238	300	5.893615123821788	0.0	153295	3544.7483956089477	0.3
12763.642608412605	300	5.719271921455934	0.0	173849	4174.343202365854	0.3
12767.356296415397	300	6.005583918662889	0.0	150710	3713.6880027930442	0.3
12772.026424703668	300	5.335455630391578	0.0	139105	4670.128288271311	0.3
12777.562119064809	300	4.0	0.20023873074991025	141840	5535.694361141488	-0.5610265422246141
12780.980462616684	300	4.5816564481259725	0.0	156148	3418.343551874027	0.3
12783.630534884616	300	5.931584180193429	0.0	160746	2650.0722679325436	0.3
12785.807074621063	300	7.755044443746576	0.0	179801	2176.5397364468536	0.3
12787.922466589833	300	9.639652474976108	0.0	140051	2115.3919687704674	0.3
12790.541667185114	300	11.020451879694862	0.0	138313	2619.200595281248	0.3
12793.211930009178	300	12.350189055631322	0.0	143509	2670.2628240635395	0.3
12794.642853920086	300	14.919265144724124	0.0	150616	1430.9239109071982	0.3
12795.870939125209	300	17.691179939601383	0.0	165384	1228.0852051227403	0.3
12796.967563504915	300	20.594555559893635	0.0	140881	1096.6243797077523	0.3
12800.625745450785	750	20.936373614024685	0.0	386472	3658.1819458689506	0.3
12804.327665351282	750	21.234453713527824	0.0	399894	3701.9199004968605	0.75
12808.006753421108	750	21.555365643701666	0.0	401853	3679.088069826156	0.75
12810.405540440597	750	23.15657862421447	0.0	343800	2398.7870194871944	0.75
12818.39499046384	750	19.167128600970443	0.0	359903	7989.450023244031	0.75
12821.837044583637	300	19.72507448117237	0.0	153938	3442.054119798069	-0.15000000000000002
12826.175047140692	300	19.387071924119077	0.0	181901	4338.002557053292	0.3
12828.855220466088	300	20.706898598721533	0.0	111155	2680.1733253975435	0.3
12832.216690096455	300	21.345428968355108	0.0	153605	3361.4696303664273	0.3
12834.673975284635	300	22.88814378017421	0.0	149029	2457.2851881808956	0.3
12836.445175477102	300	25.116943587708363	0.0	157421	1771.2001924658468	0.3
12838.519101232343	300	27.04301783246753	0.0	157488	2073.9257552408358	0.3
12840.566267388667	300	28.995851676141395	0.0	143881	2047.1661563261325	0.3
12845.032290261988	750	28.52982880282136	0.0	412837	4466.022873320036	0.3
12849.238010973142	750	28.3241080916664	0.0	401088	4205.720711154962	0.75
12851.90625679221	750	29.65586227259848	0.0	365161	2668.2458190679195	0.75
12853.910203571648	750	31.651915493160384	0.0	321064	2003.9467794380957	0.75
12857.920734132042	1200	31.641384932765174	0.0	575591	4010.5305603952115	0.75
12865.260436867069	1200	28.301682197738295	0.0	605884	7339.702735026882	1.2
12869.106816431191	750	28.455302633617034	0.0	390680	3846.3795641212605	0.3
12871.334804940092	750	30.22731412471688	0.0	345516	2227.988508900155	0.75
12873.65685618884	750	31.905262875969232	0.0	384505	2322.051248747648	0.75
12876.846182009007	1200	32.71593705580166	0.0	599477	3189.325820167568	0.75
12881.603730959576	1200	31.958388105233226	0.0	634861	4757.548950568438	1.2
12885.804660263764	1200	31.757458801044347	0.0	630203	4200.929304188878	1.2
12890.22878395021	1200	31.333335114598256	0.0	638661	4424.123686446092	1.2
12893.668259607824	1200	31.89385945698415	0.0	538612	3439.4756576141085	1.2
12897.042890092	1200	32.51922897280754	0.0	550906	3374.630484176607	1.2

