10386.570792905015	750	4.0	3.5388403668140223	450283	3538.840366814022	0.5	-14.467013577300294
10390.155062273023	750	4.415730631991942	0.0	398865	3584.269368008057	0.5	0.75
10393.694248824397	750	4.876544080619018	0.0	350812	3539.186551372924	0.5	0.75
10397.614996329561	750	4.95579657545445	0.0	382355	3920.7475051645692	0.5	0.75
10401.869990896143	750	4.700802008871383	0.0	411561	4254.994566583066	0.5	0.75
10405.021987300206	750	5.54880560480811	0.0	318564	3151.996404063273	0.5	0.75
10409.536031041216	750	5.034761863798367	0.0	352642	4514.043741009743	0.5	0.75
10410.620126664315	300	7.950666240699693	0.0	173849	1084.0956230986735	0.5	-0.15000000000000002
10411.741616417643	300	10.829176487372244	0.0	150710	1121.4897533274493	0.5	0.3
10414.439648459747	750	12.131144445266905	0.0	362795	2698.032042105338	0.5	0.3
10417.313658497418	750	13.257134407597297	0.0	353220	2874.010037669608	0.5	0.75
10420.786871718268	750	13.783921186745461	0.0	405134	3473.213220851836	0.5	0.75
10424.900813171982	750	13.669979733031182	0.0	386351	4113.94145371428	0.5	0.75
10429.232009121746	750	13.338783783267653	0.0	434409	4331.195949763528	0.5	0.75
10431.913830001928	750	14.656962903085413	0.0	337059	2681.82088018224	0.5	0.75
10434.41592256174	750	16.154870343273483	0.0	366214	2502.0925598119275	0.5	0.75
10436.599549474207	750	17.971243430807004	0.0	360831	2183.626912466479	0.5	0.75
10438.866772288005	750	19.70402061700887	0.0	372963	2267.2228137981356	0.5	0.75
10441.42337239615	750	21.147420508864748	0.0	405596	2556.600108144121	0.5	0.75
10443.394668958397	750	23.176123946618695	0.0	350713	1971.296562246051	0.5	0.75
10449.71704306968	1850	20.853749835334607	0.0	891604	6322.374111284087	0.5	0.75
10454.77409528834	1850	19.79669761667593	0.0	955231	5057.052218658678	0.5	1.85
10463.600492785079	1850	14.970300119935828	0.0	968026	8826.397496740103	0.5	1.85
10470.161768583434	1200	12.409024321581255	0.0	536667	6561.275798354573	0.5	0.5499999999999999
10475.39077384032	750	11.1800190646952	0.0	359903	5229.005256886055	0.5	0.3
10480.520680431484	750	10.050112473531382	0.0	379700	5129.906591163818	0.5	0.75
10486.382414913634	750	8.188377991381277	0.0	425781	5861.734482150106	0.5	0.75
10490.233555883862	750	8.337237021152923	0.0	277716	3851.140970228354	0.5	0.75
10492.378684792797	300	10.192108112218834	0.0	153605	2145.1289089340876	0.5	-0.15000000000000002
10494.336674950657	300	12.23411795435808	0.0	149029	1957.9901578607548	0.5	0.3
10496.352642634156	300	14.218150270859802	0.0	157421	2015.9676834982788	0.5	0.3
10497.857417287005	300	16.71337561800919	0.0	157488	1504.7746528506102	0.5	0.3
10502.73363776269	750	15.837155142324631	0.0	369834	4876.2204756845595	0.5	0.3
10509.15141349649	750	13.419379408525751	0.0	412837	6417.7757337988805	0.5	0.75
10514.242173759558	750	12.328619145456237	0.0	401088	5090.760263069513	0.5	0.75
10517.068931865435	750	13.501861039577827	0.0	365161	2826.758105878411	0.5	0.75
10519.367167363594	750	15.20362554141817	0.0	321064	2298.2354981596573	0.5	0.75
10521.729629320114	750	16.84116358489821	0.0	361565	2362.4619565199564	0.5	0.75
10525.957840904772	1200	16.612952000240224	0.0	605884	4228.211584657987	0.5	0.75
10529.733985260193	1200	16.836807644819796	0.0	587506	3776.1443554204266	0.5	1.2
10533.840523488423	1200	16.73026941658894	0.0	566904	4106.5382282308565	0.5	1.2
10539.813935679862	1200	14.75685722514943	0.0	641452	5973.41219143951	0.5	1.2
10544.565926348627	1200	14.004866556385176	0.0	599477	4751.990668764255	0.5	1.2
10548.902453131772	1200	13.668339773239671	0.0	634861	4336.526783145504	0.5	1.2
10552.560017532727	1200	14.010775372285993	0.0	630203	3657.56440095368	0.5	1.2
10555.773717189146	1200	14.797075715866097	0.0	638661	3213.6996564198953	0.5	1.2
10561.049545267122	1850	13.52124763788953	0.0	830730	5275.8280779765655	0.5	1.2000000000000002
10566.882333517204	1850	11.688459387807983	0.0	846370	5832.788250081547	0.5	1.85

