179.46340649196458	750	4.0	1.4342768133466879	450283	1434.276813346688	-5.4173902973907575
180.00994215254698	300	7.453464339417617	0.0	155580	546.5356605823825	-0.15000000000000002
181.29810397218773	750	10.165302519776851	0.0	350812	1288.161819640765	0.3
183.5444116442063	1200	11.918994847758292	0.0	617681	2246.307672018561	0.75
187.09418041778946	1850	12.36922607417511	0.0	996749	3549.7687735831805	1.2000000000000002
190.67874241631594	1850	12.784664075648642	0.0	801058	3584.561998526467	1.85
194.81184176909218	1850	12.651564722872395	0.0	905515	4133.0993527762475	1.85
201.8990370150812	1850	9.564369476883385	0.0	1060487	7087.195245989011	1.85
206.23527355517183	1200	9.228132936792765	0.0	584846	4336.236540090621	0.5499999999999999
208.45363323994738	1200	11.0097732520172	0.0	560821	2218.3596847755643	1.2
212.26165058478261	1850	11.201755907181946	0.0	939819	3808.0173448352534	1.2000000000000002
216.930495546629	1850	10.532910945335557	0.0	917428	4668.84496184639	1.85
220.94990575507208	1200	10.513500736892503	0.0	624282	4019.4102084430533	0.5499999999999999
224.68030840428827	1200	10.783098087676317	0.0	687371	3730.4026492161856	1.2
227.0015115885683	1200	12.461894903396265	0.0	526950	2321.203184280051	1.2
231.65877639940732	1850	11.804630092557279	0.0	923170	4657.264810838985	1.2000000000000002
236.1765108068968	1850	11.28689568506776	0.0	966699	4517.73440748952	1.85
245.4505012947228	1850	6.012905197241771	0.0	885714	9273.99048782599	1.85
247.98485138525356	300	7.4785551067110125	0.0	165384	2534.3500905307583	-1.25
252.54563813162292	750	6.9177683603416495	0.0	350713	4560.786746369363	0.3
254.47444974716046	300	8.988956744804131	0.0	157671	1928.8116155375199	-0.15000000000000002
258.56956451736136	750	8.893841974603218	0.0	399894	4095.1147702009134	0.3
261.91614275227084	750	9.54726373969373	0.0	401853	3346.5782349094884	0.75
266.22496530205586	1200	9.23844118990871	0.0	536667	4308.822549785018	0.75
269.7272746857347	1200	9.736131806229888	0.0	587236	3502.309383678823	1.2
271.68245084099493	1200	11.780955650969641	0.0	590335	1955.1761552602463	1.2
275.0405114016619	1850	12.422895090302664	0.0	1076599	3358.060560666977	1.2000000000000002
277.97306142695385	1850	13.490345065010766	0.0	758197	2932.550025291898	1.85
282.67390567627587	2850	12.789500815688738	0.0	1498470	4700.844249322029	1.85
285.77963439802505	1850	13.683772093939501	0.0	975811	3105.7287217492367	0.8500000000000001
292.7325777956388	2850	10.730828696325764	0.0	1341201	6952.943397613738	1.85
296.3474634926137	1200	11.115942999350912	0.0	620283	3614.8856969748513	-0.44999999999999996
299.47578301624696	1850	11.987623475717653	0.0	885062	3128.319523633257	1.2000000000000002
305.303252859503	1850	10.16015363246161	0.0	1035329	5827.4698432560435	1.85
308.9744387281597	1200	10.488967763804954	0.0	690253	3671.185868656655	0.5499999999999999
312.58632175993694	1200	10.87708473202774	0.0	598727	3611.8830317772163	1.2
314.68587811614765	1200	12.777528375817022	0.0	487812	2099.5563562107172	1.2
318.26278434070787	1850	13.200622151256782	0.0	938587	3576.906224560239	1.2000000000000002
324.22456599670835	2850	11.238840495256293	0.0	1427478	5961.781656000491	1.85
328.27635458124365	1850	11.187051910721014	0.0	930577	4051.78858453528	0.8500000000000001
331.88219072694983	1850	11.581215765014846	0.0	858450	3605.836145706168	1.85
336.63214540526843	1850	10.831261086696292	0.0	1025005	4749.954678318553	1.85
342.6312298791696	1200	8.832176612795127	0.0	599477	5999.084473901166	0.5499999999999999
346.95644144487335	750	8.506965047091368	0.0	438281	4325.211565703759	0.3
349.07943944323546	750	10.383967048729238	0.0	398987	2122.9979983621306	0.75
351.6342038571213	1200	11.829202634843407	0.0	638661	2554.7644138858304	0.75
354.7349587941539	1850	12.728447697810843	0.0	830730	3100.754937032564	1.2000000000000002
358.0583446338938	1850	13.405061858070898	0.0	846370	3323.385839739945	1.85

