7777.6734550850315	750	4.0	4.746018619318359	450283	4746.018619318359	0.004705182	-19.65788006306894
7778.974610176023	300	6.698844909008274	0.0	155580	1301.1550909917264	0.022201372	-0.15000000000000002
7780.162497953446	300	9.510957131585016	0.0	139857	1187.8877774232599	0.10794186	0.3
7781.54837676544	300	12.125078319591939	0.0	155432	1385.8788119930766	0.008380797	0.3
7782.947589910419	300	14.725865174612448	0.0	163442	1399.2131449794917	0.0541389	0.3
7783.97541170447	300	17.698043380560325	0.0	126289	1027.8217940521236	0.12377003	0.3
7785.304566524339	300	20.368888560692216	0.0	153295	1329.1548198681082	0.037984446	0.3
7786.692087901859	300	22.981367183172257	0.0	173849	1387.5213775199597	0.026527705	0.3
7788.068384621564	300	25.6050704634665	0.0	150710	1376.2967197057546	0.07164977	0.3
7789.150713221072	300	28.52274186395854	0.0	139105	1082.3285995079596	0.16969527	0.3
7790.280251742856	300	31.393203342173912	0.0	141840	1129.5385217846303	0.34532258	0.3
7793.636490006691	750	32.0369650783399	0.0	405134	3356.2382638340146	0.57712734	0.3
7796.923055989169	750	32.750399095861	0.0	386351	3286.5659824789004	0.044856388	0.75
7801.55056718681	750	32.12288789822006	0.0	434409	4627.5111976409435	0.012565581	0.75
7805.010229789849	750	32.66322529518047	0.0	337059	3459.6626030395882	0.027249418	0.75
7808.1432230269875	750	33.530232058043055	0.0	366214	3132.9932371374125	0.009343233	0.75
7810.31401001794	750	35.35944506709063	0.0	360831	2170.7869909524215	0.004705182	0.75
7812.773191703676	750	36.900263381354534	0.0	372963	2459.1816857361	0.006883442	0.75
7815.805255055879	750	37.86820002915275	0.0	405596	3032.063352201782	0.010603805	0.75
7818.401280194598	750	39.272174890432595	0.0	350713	2596.0251387201606	0.012863796	0.75
7821.285125290203	750	40.38832979482818	0.0	386472	2883.84509560441	0.03644026	0.75
7824.618650871151	750	41.05480421387951	0.0	399894	3333.5255809486803	0.06757364	0.75
7827.546943933237	750	42.12651115179319	0.0	401853	2928.2930620863176	0.06766712	0.75
7832.21434045956	1200	41.45911462547058	0.0	536667	4667.396526322609	0.404954	0.75
7837.096974392224	1200	40.57648069280671	0.0	587236	4882.63393266387	0.157211	1.2
7843.974225101785	1200	37.69922998324643	0.0	590335	6877.250709560278	0.092241265	1.2
7849.149372123094	750	36.524082961938184	0.0	425781	5175.147021308247	0.67337006	0.3
7852.413201003125	750	37.26025408190655	0.0	277716	3263.8288800316263	0.026395243	0.75
7856.219471251103	750	37.45398383392881	0.0	400396	3806.270247977747	0.0131595535	0.75
7860.3575793433065	750	37.31587574172504	0.0	400508	4138.108092203773	0.07653427	0.75
7864.572316191731	750	37.10113889330089	0.0	358218	4214.736848424142	0.13378583	0.75
7870.099820516368	750	35.573634568664694	0.0	400322	5527.504324636201	0.056364812	0.75
7874.980125361659	750	34.69332972337351	0.0	369834	4880.3048452911935	0.022577437	0.75
7886.569024456797	750	27.104430628234624	0.0	412837	11588.899095138886	0.017595844	0.75
7901.025630128658	750	16.647824956373537	0.0	401088	14456.605671861085	0.15515934	0.75
7905.944119187366	300	15.72933589766667	0.0	159914	4918.489058706865	0.004705182	-0.15000000000000002
7909.452040343007	300	16.22141474202451	0.0	131610	3507.9211556421596	0.0050978228	0.3
7913.853873284428	300	15.819581800603165	0.0	124011	4401.832941421346	0.015683364	0.3
7918.225672918874	300	15.447782166157245	0.0	144254	4371.79963444592	0.0074848523	0.3
7920.9492467561395	300	16.724208328892296	0.0	149991	2723.573837264949	0.0078096953	0.3
7923.449472467973	300	18.22398261705822	0.0	147968	2500.225711834076	0.10401801	0.3
7931.564943616677	750	14.108511468354358	0.0	384505	8115.471148703863	0.20649004	0.3
7935.955397150349	300	13.71805793468283	0.0	145210	4390.453533671527	0.042791825	-0.15000000000000002
7940.339302234115	300	13.334152850916253	0.0	172312	4383.905083766577	0.016088473	0.3
7945.589051847476	300	12.084403237554431	0.0	167025	5249.749613361821	0.019876124	0.3
7947.674628643562	300	13.99882644146924	0.0	160064	2085.5767960851945	0.0075014904	0.3
7948.683122176279	300	16.99033290875305	0.0	137507	1008.4935327161871	0.08099624	0.3
7949.991043877432	750	19.68241120759961	0.0	314107	1307.9217011534417	0.053256568	0.3

