14143.58310736495	750	4.0	6.3928079957343495	450283	6392.80799573435	-26.7390743816577
14144.652194974688	300	6.93091239026107	0.0	155580	1069.0876097389298	-0.15000000000000002
14146.13796969117	300	9.445137673777062	0.0	139857	1485.7747164840077	0.3
14148.181529046953	300	11.40157831799436	0.0	155432	2043.559355782702	0.3
14150.217039900466	300	13.366067464480084	0.0	163442	2035.5108535142779	0.3
14151.188347926378	300	16.39475943856815	0.0	126289	971.3080259119344	0.3
14152.235357011337	300	19.347750353610195	0.0	153295	1047.009084957957	0.3
14153.6021325748	300	21.98097479014698	0.0	173849	1366.7755634632117	0.3
14156.429391537691	750	23.153715827257226	0.0	374758	2827.2589628897567	0.3
14159.11373367453	750	24.46937369041764	0.0	362795	2684.3421368395884	0.75
14162.903749557572	750	24.67935780737564	0.0	353220	3790.015883041999	0.75
14165.907269830575	750	25.675837534372434	0.0	405134	3003.5202730032083	0.75
14168.762512203946	750	26.820595161001243	0.0	386351	2855.242373371193	0.75
14171.755927237133	750	27.827180127815303	0.0	434409	2993.4150331859382	0.75
14175.125080446016	750	28.45802691893234	0.0	337059	3369.1532088829636	0.75
14178.336747028383	750	29.246360336566035	0.0	366214	3211.6665823663075	0.75
14180.589087215418	750	30.994020149530595	0.0	360831	2252.3401870354373	0.75
14182.611109730273	750	32.97199763467487	0.0	372963	2022.022514855723	0.75
14184.934199292888	750	34.64890807206117	0.0	405596	2323.0895626137053	0.75
14191.793272619854	1200	31.789834745092893	0.0	586839	6859.073326968273	0.75
14195.658697809862	750	31.924409555084782	0.0	386472	3865.4251900081117	0.3
14198.388287893364	750	33.194819471583045	0.0	399894	2729.590083501734	0.75
14201.061861326942	750	34.52124603800427	0.0	401853	2673.5734335787765	0.75
14203.216750194886	750	36.36635717006039	0.0	343800	2154.888867943883	0.75
14207.357059559705	1200	36.22604780524275	0.0	587236	4140.309364817633	0.75
14212.20323745439	1200	35.37986991055736	0.0	590335	4846.177894685393	1.2
14216.609872223911	1200	34.97323514103611	0.0	696376	4406.634769521243	1.2
14220.268588073526	1200	35.31451929142306	0.0	487160	3658.7158496130583	1.2
14223.718921289199	1200	35.86418607575	0.0	622896	3450.3332156730567	1.2
14227.568984302685	1200	36.014123062263415	0.0	641447	3850.0630134865764	1.2
14230.154958268055	1200	37.42814909689465	0.0	570392	2585.9739653687666	1.2
14239.695583526689	1850	31.88752383825967	0.0	954453	9540.62525863498	1.2000000000000002
14245.557741365183	1200	30.02536599976606	0.0	584349	5862.1578384936165	0.5499999999999999
14248.246043761625	750	31.337063603324715	0.0	412837	2688.302396441345	0.3
14250.519223743511	750	33.063883621437455	0.0	401088	2273.179981887261	0.75
14253.281145535384	750	34.30196182956574	0.0	365161	2761.921791871709	0.75
14256.979484766585	1200	34.6036225983638	0.0	487812	3698.3392312019423	0.75
14261.297014793428	1200	34.28609257152121	0.0	575591	4317.530026842588	1.2
14272.678214957523	1200	26.904892407427212	0.0	605884	11381.200164093996	1.2
14281.63270582119	750	21.9504015437597	0.0	390680	8954.49086366751	0.3
14283.525577975692	300	24.057529389256867	0.0	147968	1892.8721545028332	-0.15000000000000002
14285.060137710345	300	26.522969654604434	0.0	161857	1534.5597346524314	0.3
14286.456461836004	300	29.126645528945087	0.0	145210	1396.3241256593512	0.3
14288.190539521094	300	31.39256784385435	0.0	172312	1734.077685090735	0.3
14291.550733722393	750	32.032373642554006	0.0	398987	3360.1942013003454	0.3
14294.704946245276	750	32.878161119673635	0.0	393804	3154.2125228803707	0.75
14297.162631903273	750	34.420475461677405	0.0	331053	2457.6856579962264	0.75
14299.463081400892	750	36.120025964057504	0.0	314107	2300.449497619905	0.75

