23684.680317104754	750	4.0	4.955564253110452	450283	4955.564253110451	-20.55892628837494
23687.78218730161	300	4.898129803144833	0.0	155580	3101.870196855167	-0.15000000000000002
23698.12182591115	750	4.0	5.441508806395576	350812	10339.638609540409	-23.098487867500975
23701.842994940547	300	4.278830970603279	0.0	155432	3721.1690293967213	-0.15000000000000002
23705.209673156747	300	4.912152754402804	0.0	163442	3366.6782162004747	0.3
23712.73849385086	750	4.0	2.6166679397076003	318564	7528.8206941104045	-10.95167214074268
23717.300617227003	300	4.0	0.5621233761476596	153295	4562.12337614766	-2.567130517434937
23723.84429645822	300	4.0	2.543679231220286	173849	6543.679231220286	-10.637820694247228
23727.71419281348	300	4.130103644741528	0.0	150710	3869.8963552584723	0.3
23730.185311895886	300	5.6589845623388015	0.0	139105	2471.1190824027262	0.3
23732.295392927877	300	7.548903530344686	0.0	141840	2110.0810319941165	0.3
23733.944297381793	300	9.899999076430017	0.0	156148	1648.9044539146682	0.3
23736.836807833835	300	11.0074886243871	0.0	160746	2892.5104520429154	0.3
23740.420223573994	300	11.424072884230013	0.0	179801	3583.4157401570874	0.3
23741.756386562298	300	14.087909895925556	0.0	140051	1336.1629883044563	0.3
23742.85370514748	300	16.990591310740545	0.0	138313	1097.3185851850117	0.3
23745.97636378842	750	17.867932669800073	0.0	360831	3122.658640940471	0.3
23749.22722542524	750	18.617071032983294	0.0	372963	3250.8616368167764	0.75
23753.179233987023	750	18.66506247120095	0.0	405596	3952.0085617823424	0.75
23754.451114484957	300	21.393181973263943	0.0	140881	1271.8804979370118	-0.15000000000000002
23757.27354511231	750	22.570751345910125	0.0	386472	2822.430627353815	0.3
23765.123597980135	750	18.720698478089567	0.0	399894	7850.052867820558	0.75
23768.940510341326	300	18.903786116897013	0.0	163927	3816.912361192552	-0.15000000000000002
23772.213493020754	300	19.630803437468728	0.0	137654	3272.982679428283	0.3
23775.737271500664	300	20.107024957555854	0.0	146754	3523.7784799128694	0.3
23779.227264734694	300	20.6170317235275	0.0	153938	3489.9932340283567	0.3
23782.176068237142	300	21.66822822108121	0.0	181901	2948.803502446286	0.3
23783.41882113615	300	24.42547532207241	0.0	111155	1242.7528990088044	0.3
23788.588004567468	750	23.256291890755755	0.0	400396	5169.183431316656	0.3
23793.158888823506	750	22.685407634716977	0.0	400508	4570.8842560387775	0.75
23796.599326762233	750	23.244969695988935	0.0	358218	3440.4379387280437	0.75
23799.47859473234	750	24.36570172588084	0.0	400322	2879.267970108094	0.75
23801.89183950334	750	25.952456954879715	0.0	369834	2413.2447710011243	0.75
23806.569517876087	1200	25.274778582130747	0.0	670129	4677.678372748969	0.75
23815.62567474801	1200	20.21862171020917	0.0	690253	9056.156871921581	1.2
23819.367781746132	1200	20.476514712091454	0.0	598727	3742.1069981177134	1.2
23822.063175713414	1200	21.78112074480775	0.0	487812	2695.393967283703	1.2
23825.495520881203	1200	22.348775577019605	0.0	575591	3432.345167788146	1.2
23830.034618698886	1200	21.809677759335298	0.0	605884	4539.097817684308	1.2
23834.112377860456	1200	21.73191859776664	0.0	587506	4077.759161568657	1.2
23839.79916428762	1850	20.045132170603114	0.0	858450	5686.7864271635235	1.2000000000000002
23846.49809291366	1850	17.3462035445668	0.0	1025005	6698.928626036316	1.85
23860.615152442417	1850	7.22914401580625	0.0	886255	14117.05952876055	1.85
23872.652552675572	1850	4.0	4.808256217347424	973972	12037.400233153674	-18.82550173459392
23873.930089608508	300	6.722463067061244	0.0	167025	1277.5369329387563	-1.25
23878.818538513813	1200	5.834014161758453	0.0	638661	4888.448905302792	0.29999999999999993
23883.823592662047	1200	4.8289600135227655	0.0	538612	5005.054148235687	1.2
23887.909277876588	750	4.7432747989826956	0.0	314107	4085.68521454007	0.3

