2462.2140487116053	750	4.0	2.7931852023610926	450283	2793.1852023610927	-11.260696370152697
2462.853411364688	300	7.360637346917347	0.0	155580	639.3626530826534	-0.15000000000000002
2464.1549453621374	750	10.05910334946829	0.0	350812	1301.5339974490587	0.3
2465.4232180402482	750	12.790830671356966	0.0	382355	1268.2726781113224	0.75
2467.782033940831	1200	14.432014770774476	0.0	652874	2358.81590058249	0.75
2471.0942951010898	1850	15.119753610515124	0.0	801058	3312.261160259351	1.2000000000000002
2475.0564887385194	1850	15.157559973085387	0.0	905515	3962.193637429736	1.85
2477.899263389614	1200	16.314785321990943	0.0	709534	2842.774651094447	0.5499999999999999
2483.588606518	1850	14.625442193605132	0.0	852833	5689.34312838581	1.2000000000000002
2490.9281740521815	1200	11.285874659423381	0.0	560821	7339.5675341817505	0.5499999999999999
2496.625807520478	750	9.58824119112769	0.0	353220	5697.633468295692	0.3
2498.72105531514	300	11.492993396465515	0.0	156148	2095.2477946621752	-0.15000000000000002
2500.0015023051997	300	14.212546406405325	0.0	160746	1280.4469900601912	0.3
2501.4024993953203	300	16.811549316284953	0.0	179801	1400.9970901203715	0.3
2503.7303655112546	750	18.48368320035095	0.0	337059	2327.866115934004	0.3
2505.6650060429038	750	20.549042668701418	0.0	366214	1934.6405316495286	0.75
2509.0840675849136	1200	21.129981126691273	0.0	617242	3419.0615420101453	0.75
2512.9596408333537	1200	21.254407878251246	0.0	581493	3875.573248440026	1.2
2515.688782902236	1200	22.525265809368758	0.0	639204	2729.142068882491	1.2
2519.5612671804183	1850	22.65278153118688	0.0	923755	3872.484278181877	1.2000000000000002
2522.7422797117238	1850	23.471768999881377	0.0	891604	3181.012531305502	1.85
2525.403976380526	1850	24.810072331079574	0.0	955231	2661.696668801804	1.85
2528.6481760903466	1850	25.56587262125863	0.0	968026	3244.1997098209426	1.85
2533.1377874889963	2850	25.076261222608597	0.0	1323990	4489.611398650032	1.85
2537.8233463040233	2850	24.390702407581802	0.0	1383735	4685.558815026799	2.85
2544.2887239298016	2850	21.92532478180352	0.0	1480464	6465.37762577828	2.85
2551.056521735156	2850	19.157526976449205	0.0	1547572	6767.797805354314	2.85
2555.5674043995314	2850	18.646644312073953	0.0	1141971	4510.88266437525	2.85
2560.1141371711574	1850	18.099911540448034	0.0	972798	4546.73277162592	0.8500000000000001
2563.0187784611053	1850	19.195270250500005	0.0	975811	2904.6412899480288	1.85
2566.7950957228786	1850	19.418952988726303	0.0	873429	3776.317261773701	1.85
2570.8726410432146	1850	19.341407668390705	0.0	954453	4077.5453203355996	1.85
2574.3998910217056	1850	19.814157689899464	0.0	885062	3527.2499784912393	1.85
2578.370221770997	1850	19.84382694060781	0.0	1035329	3970.330749291658	1.85
2582.7243088277664	1850	19.489739883838777	0.0	1026056	4354.087056769029	1.85
2588.4587598859844	1850	17.75528882562035	0.0	943942	5734.451058218427	1.85
2590.8670861988053	1850	19.3469625127994	0.0	728962	2408.326312820952	1.85
2593.909378383896	1850	20.304670327708298	0.0	938587	3042.2921850911043	1.85
2596.858470436985	1850	21.355578274619646	0.0	908665	2949.0920530886515	1.85
2600.2414916459957	1850	21.972557065609184	0.0	930577	3383.021209010462	1.85
2603.997703070299	2850	22.216345641305786	0.0	1339500	3756.211424303398	1.85
2609.525859257637	2850	20.688189453967542	0.0	1527299	5528.156187338246	2.85
2617.1437627595437	2850	17.070285952060612	0.0	1343002	7617.903501906931	2.85
2623.4581484740015	1850	14.755900237603448	0.0	973972	6314.385714457164	0.8500000000000001
2626.10963149678	1200	16.10441721482472	0.0	630203	2651.483022778727	0.5499999999999999
2628.114708016858	1200	18.099340694746708	0.0	638661	2005.0765200780118	1.2
2630.4390167281845	1850	19.775031983420195	0.0	830730	2324.3087113265124	1.2000000000000002
2633.1107573647687	1850	21.10329134683625	0.0	846370	2671.7406365839443	1.85

