22105.534884089982	750	4.0	0.8872836624630916	450283	887.2836624630917	-3.065319748591294
22106.390125558384	750	7.144758531598576	0.0	398865	855.2414684014233	0.75
22107.16177502164	750	10.37310906834445	0.0	350812	771.6494632541267	0.75
22108.48382951238	1200	13.051054577601736	0.0	617681	1322.0544907427134	0.75
22110.754501444946	1850	14.780382645035749	0.0	996749	2270.6719325659865	1.2000000000000002
22113.23232773198	2850	16.302556358002473	0.0	1224260	2477.8262870332774	1.85
22115.878072710424	2850	17.656811379560175	0.0	1388403	2645.7449784422984	2.85
22119.572736346836	2850	17.96214774314874	0.0	1638769	3694.6636364114356	2.85
22122.505817654568	2850	19.029066435418766	0.0	1348011	2933.0813077299763	2.85
22125.72338182922	2850	19.811502260769046	0.0	1429765	3217.564174649717	2.85
22129.1386021905	2850	20.396281899486308	0.0	1354548	3415.2203612827407	2.85
22132.759896676456	2850	20.774987413530454	0.0	1519951	3621.2944859558543	2.85
22136.44794487548	2850	21.08693921450795	0.0	1422919	3688.048199022501	2.85
22139.79517037777	2850	21.739713712218524	0.0	1578343	3347.225502289427	2.85
22145.55032413879	2850	19.984559951194896	0.0	1231445	5755.153761023626	2.85
22163.987747779713	2850	5.547136310272472	0.0	1471065	18437.423640922425	2.85
22165.868193755006	1200	7.666690334978715	0.0	617242	1880.4459752937566	-0.44999999999999996
22167.410117691965	1200	10.124766398019434	0.0	581493	1541.9239369592824	1.2
22169.19450474749	1200	12.340379342492854	0.0	639204	1784.3870555265796	1.2
22170.925247181334	1200	14.609636908650367	0.0	586839	1730.742433842487	1.2
22172.853407275295	1200	16.681476814687244	0.0	601738	1928.160093963121	1.2
22175.927210670936	1850	17.607673419045604	0.0	955231	3073.8033956416402	1.2000000000000002
22178.382844755517	1850	19.15203933446775	0.0	968026	2455.634084577852	1.85
22181.16305882986	1850	20.37182526012222	0.0	874175	2780.2140743455325	1.85
22183.931914553057	1850	21.60296953692636	0.0	897976	2768.8557231958594	1.85
22188.70726032893	1850	20.827623761053367	0.0	905935	4775.345775872992	1.85
22193.767535768988	1850	19.767348320994078	0.0	1076599	5060.2754400592885	1.85
22196.160817791402	1850	21.37406629858103	0.0	758197	2393.2820224130473	1.85
22198.99924070218	1850	22.535643387804008	0.0	972798	2838.422910777023	1.85
22202.58996965392	1850	22.944914436062433	0.0	975811	3590.7289517415734	1.85
22206.109554213584	1850	23.425329876396763	0.0	873429	3519.584559665672	1.85
22209.27387371375	1850	24.261010376230747	0.0	954453	3164.3195001660124	1.85
22211.84508718883	1850	25.68979690114901	0.0	885062	2571.213475081737	1.85
22216.106451441032	1850	25.428432648948878	0.0	1035329	4261.364252200133	1.85
22218.38050768781	1850	27.154376402174538	0.0	1026056	2274.05624677434	1.85
22220.78773828292	1850	28.7471458070574	0.0	943942	2407.2305951171375	1.85
22222.441895111704	1850	31.09298897827925	0.0	728962	1654.1568287781474	1.85
22225.83692957138	2850	31.697954518603876	0.0	1499009	3395.0344596753794	1.85
22229.055059971997	2850	32.47982411798865	0.0	1427478	3218.1304006152295	2.85
22232.282874475295	2850	33.25200961468776	0.0	1402287	3227.814503300893	2.85
22235.52208669845	2850	34.012797391533866	0.0	1339500	3239.212223153884	2.85
22238.97842972717	2850	34.556454362812595	0.0	1527299	3456.3430287212686	2.85
22242.055293112848	2850	35.47959097713447	0.0	1343002	3076.8633856781253	2.85
22245.521482612243	2850	36.01340147774065	0.0	1587250	3466.1894993938245	2.85
22248.863097097703	2850	36.67178699228088	0.0	1464921	3341.614485459767	2.85
22252.09970543473	2850	37.43517865525258	0.0	1483527	3236.6083370283045	2.85
22254.8616850445	2850	38.67319904548507	0.0	1231456	2761.9796097675103	2.85
22258.203181307035	2850	39.331702782950344	0.0	1364537	3341.4962625347275	2.85

