2801.0239001952355	750	4.0	1.8471370276969283	450283	1847.1370276969283	-7.192689219096792
2802.9631105853728	750	6.060789609862291	0.0	398865	1939.2103901377081	0.75
2804.701756407785	750	8.322143787449836	0.0	350812	1738.6458224124558	0.75
2806.3616301738216	750	10.662270021413521	0.0	382355	1659.8737660363154	0.75
2808.174301040471	750	12.849599154763846	0.0	411561	1812.670866649674	0.75
2809.5586094092578	750	15.465290785977238	0.0	318564	1384.3083687866076	0.75
2811.3813435630736	750	17.64255663216143	0.0	352642	1822.7341538158068	0.75
2813.3036530576373	750	19.72024713759806	0.0	437162	1922.3094945633695	0.75
2816.221038021277	1850	20.80286217395851	0.0	852833	2917.3849636395507	0.75
2819.948574014221	1850	21.075326181014297	0.0	913888	3727.535992944214	1.85
2824.0798505164476	1850	20.944049678787675	0.0	939819	4131.276502226621	1.85
2828.7377743013317	1850	20.28612589390344	0.0	917428	4657.923784884237	1.85
2832.5879754588964	1850	20.435924736338645	0.0	946851	3850.201157564792	1.85
2836.791562543662	1850	20.232337651572813	0.0	1036454	4203.587084765833	1.85
2840.0432543922157	1850	20.98064580301973	0.0	821631	3251.691848553085	1.85
2843.042606745429	1850	21.981293449806014	0.0	923170	2999.352353213717	1.85
2846.926520026499	1850	22.097380168736542	0.0	966699	3883.9132810694737	1.85
2850.1972789137785	1850	22.826621281456728	0.0	885714	3270.758887279815	1.85
2853.813346281026	1850	23.21055391420921	0.0	987708	3616.0673672475154	1.85
2857.211585730893	1850	23.812314464341977	0.0	923755	3398.239449867233	1.85
2861.1872974784537	1850	23.836602716781098	0.0	891604	3975.71174756088	1.85
2865.4312777635446	1850	23.592622431690387	0.0	955231	4243.980285090711	1.85
2870.121671349245	1850	22.902228845990024	0.0	968026	4690.3935857003635	1.85
2874.2438221478146	1850	22.780078047420428	0.0	874175	4122.1507985695935	1.85
2878.326721051518	1850	22.697179143717126	0.0	897976	4082.8989037033016	1.85
2882.3931097086443	1850	22.630790486590328	0.0	905935	4066.388657126798	1.85
2886.93963783112	1850	22.084262364115173	0.0	1076599	4546.528122475157	1.85
2890.584189040884	1850	22.43971115435075	0.0	758197	3644.5512097644246	1.85
2895.0262282920235	1850	21.997671903212048	0.0	972798	4442.039251138701	1.85
2900.622673906113	1850	20.401226289122434	0.0	975811	5596.445614089615	1.85
2908.3028833628864	1850	16.721016832348763	0.0	873429	7680.20945677367	1.85
2922.9918323388574	1850	6.032067856377686	0.0	954453	14688.948975971078	1.85
2924.2024725488895	300	8.82142764634568	0.0	143881	1210.6402100320038	-1.25
2925.4865526186586	300	11.537347576576503	0.0	163444	1284.0800697691768	0.3
2926.9542831626086	300	14.069617032626242	0.0	179328	1467.730543950262	0.3
2930.189246636418	750	14.8346535588174	0.0	365161	3234.9634738088416	0.3
2934.661253240162	750	14.362646955073062	0.0	321064	4472.00660374434	0.75
2938.3165472388564	750	14.707352956378772	0.0	361565	3655.293998694289	0.75
2941.4928478470324	750	15.531052348202866	0.0	378327	3176.300608175907	0.75
2944.276439652955	750	16.74746054228017	0.0	390680	2783.591805922698	0.75
2946.9361509933246	750	18.087749201910498	0.0	345516	2659.711340369671	0.75
2950.1400412363055	750	18.883858958929842	0.0	384505	3203.8902429806562	0.75
2952.583146468601	750	20.440753726634224	0.0	372093	2443.1052322956198	0.75
2955.5221998008974	750	21.501700394338236	0.0	438281	2939.0533322959873	0.75
2958.2459981069287	750	22.77790208830718	0.0	398987	2723.7983060310585	0.75
2961.9870894151127	750	23.03681078012344	0.0	393804	3741.0913081837384	0.75
2964.942861209565	750	24.081038985670986	0.0	331053	2955.7717944524566	0.75
2967.9285694039268	750	25.0953307913091	0.0	314107	2985.708194361888	0.75

