11510.215507575791	750	4.0	6.835416697573638	450283	6835.416697573638	-28.642291799566642
11513.522045797854	300	4.693461777936518	0.0	155580	3306.5382220634815	-0.15000000000000002
11515.708363155798	300	6.507144419993679	0.0	139857	2186.3173579428385	0.3
11517.744178929643	300	8.471328646148999	0.0	155432	2035.8157738446798	0.3
11522.473083741339	750	7.742423834451726	0.0	411561	4728.904811697273	0.3
11525.149907405636	750	9.065600170155118	0.0	318564	2676.823664296609	0.75
11529.121702057226	1200	9.093805518563917	0.0	561791	3971.7946515912	0.75
11533.946202534096	1200	8.26930504169274	0.0	709534	4824.500476871177	1.2
11536.561130334232	750	9.654377241556812	0.0	374758	2614.9278001359266	0.3
11540.129795911333	1200	10.085711664456145	0.0	560821	3568.6655771006676	0.75
11543.832345899616	1200	10.383161676170626	0.0	607410	3702.549988285518	1.2
11547.965989498944	1200	10.249518076845707	0.0	594078	4133.643599324919	1.2
11552.735541668519	1200	9.479965907268898	0.0	624282	4769.552169576809	1.2
11558.556701765925	1200	7.658805809864331	0.0	687371	5821.160097404566	1.2
11561.13997933748	750	9.07552823830974	0.0	337059	2583.2775715545913	0.3
11564.726963005036	1200	9.48854457075292	0.0	587876	3586.98366755682	0.75
11568.725918168906	1200	9.489589406882947	0.0	617242	3998.9551638699727	1.2
11571.749039563994	1200	10.46646801179372	0.0	581493	3023.1213950892275	1.2
11575.1309770684	1200	11.084530507388793	0.0	639204	3381.9375044049257	1.2
11579.835915789561	1850	10.379591786227186	0.0	923755	4704.938721161609	1.2000000000000002
11583.450958785246	1200	10.764548790541404	0.0	601738	3615.0429956857797	0.5499999999999999
11588.320751434167	1200	9.89475614162285	0.0	616206	4869.792648918557	1.2
11593.334528247697	1200	8.880979328091744	0.0	656471	5013.776813531104	1.2
11597.33284823775	750	8.882659338039524	0.0	343800	3998.319990052219	0.3
11601.43102346056	750	8.784484115229414	0.0	359903	4098.17522281011	0.75
11604.102255516582	750	10.113252059207042	0.0	379700	2671.232056022373	0.75
11608.548346902266	1200	9.667160673522499	0.0	696376	4446.091385684543	0.75
11612.356529718285	1200	9.858977857504097	0.0	487160	3808.182816018402	1.2
11617.855406938374	1200	8.360100637414963	0.0	622896	5498.877220089137	1.2
11622.068764684112	750	8.14674289167695	0.0	400508	4213.357745738011	0.3
11626.034293557139	750	8.181214018650182	0.0	358218	3965.52887302677	0.75
11629.455497691852	750	8.760009883937865	0.0	400322	3421.2041347123168	0.75
11632.65562247469	750	9.55988510109905	0.0	369834	3200.124782838816	0.75
11639.096189574107	1200	7.119318001681225	0.0	670129	6440.567099417826	0.75
11642.500839487957	750	7.7146680878315745	0.0	401088	3404.6499138496497	0.3
11645.49496605716	750	8.720541518627888	0.0	365161	2994.1265692036877	0.75
11647.505887197964	750	10.709620377825429	0.0	321064	2010.921140802459	0.75
11651.3167219186	1200	10.898785657190507	0.0	575591	3810.834720634923	0.75
11657.303218188912	1200	8.91228938687939	0.0	605884	5986.496270311116	1.2
11661.498058003503	750	8.717449572289498	0.0	390680	4194.839814589893	0.3
11663.930210737262	750	10.285296838528899	0.0	345516	2432.1527337605994	0.75
11670.010521960934	1200	8.204985614856568	0.0	641452	6080.31122367233	0.75
11673.135779984903	750	9.079727590889174	0.0	372093	3125.2580239673957	0.3
11678.430488318965	1200	7.785019256827149	0.0	634861	5294.708334062025	0.75
11683.17672123361	750	7.038786342181594	0.0	398987	4746.232914645554	0.3
11688.122015801671	750	6.0934917741189425	0.0	393804	4945.294568062652	0.75
11690.322414177746	300	7.893093398045968	0.0	137507	2200.398376072975	-0.15000000000000002
11695.66449437014	750	6.551013205650526	0.0	314107	5342.080192395441	0.3

