2777.4865767821834	750	4.0	4.034106319630938	450283	4034.106319630938	-16.596657174413032
2780.1774439543547	750	5.309132827828838	0.0	398865	2690.8671721711617	0.75
2781.871381509832	750	7.615195272351266	0.0	350812	1693.9375554775727	0.75
2785.1220257901514	750	8.364550992031983	0.0	382355	3250.6442803192826	0.75
2787.7460562421156	750	9.740520540067463	0.0	411561	2624.030451964521	0.75
2789.5444974362767	750	11.942079345906812	0.0	318564	1798.441194160651	0.75
2792.2662073119695	1200	13.220369470213884	0.0	561791	2721.7098756929286	0.75
2796.482399612916	1200	13.00417716926721	0.0	709534	4216.192300946674	1.2
2800.115364296763	1200	13.371212485420804	0.0	584846	3632.9646838464064	1.2
2802.4956432652784	1200	14.990933516905036	0.0	560821	2380.2789685157686	1.2
2804.5507651800644	1200	16.935811602119028	0.0	607410	2055.1219147860047	1.2
2806.5125684023624	1200	18.97400837982109	0.0	594078	1961.8032222979366	1.2
2808.9171580695747	1200	20.5694187126089	0.0	624282	2404.5896672121908	1.2
2813.111415998871	1850	20.375160783312502	0.0	1036454	4194.257929296398	1.2000000000000002
2816.4201693003906	1850	21.06640748179327	0.0	821631	3308.7533015192316	1.85
2820.22104816669	1850	21.265528615493604	0.0	923170	3800.8788662996676	1.85
2826.9360391761816	1850	18.55053760600188	0.0	966699	6714.991009491725	1.85
2829.290892259551	1200	20.1956845226323	0.0	581493	2354.85308336958	0.5499999999999999
2831.8585036378854	1200	21.628073144298156	0.0	639204	2567.6113783341425	1.2
2833.955348758428	1200	23.531228023755393	0.0	586839	2096.845120542761	1.2
2836.1884502301123	1200	25.298126552070794	0.0	601738	2233.1014716846	1.2
2840.474792943553	1200	25.011783838629896	0.0	616206	4286.342713440898	1.2
2843.418893923788	1200	26.067682858395305	0.0	656471	2944.1009802345948	1.2
2845.557509552182	1200	27.929067230000843	0.0	536667	2138.615628394459	1.2
2848.0758280057676	1200	29.410748776415698	0.0	587236	2518.3184535851483	1.2
2850.342562685207	1200	31.144014096975923	0.0	590335	2266.7346794397745	1.2
2853.0856509433725	1200	32.40092583881039	0.0	696376	2743.0882581655396	1.2
2855.6585427077034	1850	33.82803407447914	0.0	758197	2572.891764331247	1.2000000000000002
2857.8468495084508	1850	35.63972727373204	0.0	972798	2188.3068007470915	1.85
2860.459470572669	1850	37.02710620951402	0.0	975811	2612.621064218029	1.85
2863.1094450820765	1850	38.37713170010674	0.0	873429	2649.9745094072814	1.85
2866.5062679468883	1850	38.98030883529474	0.0	954453	3396.8228648119893	1.85
2868.9639368269127	1850	40.522639955270094	0.0	885062	2457.668880024645	1.85
2872.8623285036997	2850	40.62424827848326	0.0	1587293	3898.391676786836	1.85
2875.144034385262	1850	42.3425423969208	0.0	1026056	2281.705881562459	0.8500000000000001
2877.8975307958285	2850	43.58904598635428	0.0	1439896	2753.4964105665204	1.85
2880.132427611582	2850	45.35414917060071	0.0	1139291	2234.896815753569	2.85
2883.9182633675805	2850	45.56831341460197	0.0	1499009	3785.835755998742	2.85
2888.587794419929	2850	44.898782362253115	0.0	1427478	4669.531052348855	2.85
2894.4478522081436	2850	43.03872457403885	0.0	1402287	5860.05778821426	2.85
2899.953478410032	2850	41.53309837215024	0.0	1339500	5505.626201888613	2.85
2902.2620639893908	1850	43.22451279279184	0.0	1025005	2308.5855793583996	0.8500000000000001
2904.0909529548176	1850	45.39562382736489	0.0	886255	1828.8889654269517	1.85
2906.542702759764	1850	46.94387402241867	0.0	973972	2451.749804946224	1.85
2908.765912674405	1850	48.72066410777701	0.0	958994	2223.209914641658	1.85
2912.439767767829	2850	49.04680901435347	0.0	1483527	3673.8550934235363	1.85
2915.546169697468	2850	49.94040708471432	0.0	1231456	3106.401929639148	2.85
2919.1551884581263	2850	50.33138832405601	0.0	1364537	3609.018760658313	2.85

