3535.5435123804778	750	4.0	4.127748728925795	450283	4127.748728925795	0.5	-16.999319534380916
3538.1674521145906	300	5.376060265887466	0.0	155580	2623.939734112534	0.5	-0.15000000000000002
3539.2840456008507	300	8.259466779627365	0.0	139857	1116.593486260102	0.5	0.3
3540.352406331876	300	11.19110604860217	0.0	155432	1068.3607310251944	0.5	0.3
3541.388864614898	300	14.154647765580098	0.0	163442	1036.4582830220731	0.5	0.3
3542.126890239473	300	17.416622141005092	0.0	126289	738.0256245750018	0.5	0.3
3544.058670026428	750	19.48484235405008	0.0	352642	1931.779786955014	0.5	0.3
3546.7374254120987	750	20.806086968379237	0.0	437162	2678.755385670844	0.5	0.75
3549.2966878826464	750	22.246824497831525	0.0	374758	2559.26247054771	0.5	0.75
3553.4166566609447	1200	22.126855719533395	0.0	560821	4119.968778298131	0.5	0.75
3559.2938981845205	1200	20.24961419595759	0.0	607410	5877.241523575805	0.5	1.2
3568.3955201558783	1200	15.14799222460004	0.0	594078	9101.62197135755	0.5	1.2
3571.2976651220474	750	16.245847258431	0.0	386351	2902.14496616904	0.5	0.3
3574.561555212996	750	16.981957167482488	0.0	434409	3263.8900909485137	0.5	0.75
3576.6200856066393	750	18.923426773839	0.0	337059	2058.530393643487	0.5	0.75
3579.2793093814525	750	20.264202999026004	0.0	366214	2659.223774812997	0.5	0.75
3580.934342438943	750	22.609169941535256	0.0	360831	1655.0330574907475	0.5	0.75
3582.621117952944	750	24.922394427534446	0.0	372963	1686.7755140008087	0.5	0.75
3585.0873457067883	1200	26.456166673690237	0.0	639204	2466.2277538442104	0.5	0.75
3587.4141062873105	1200	28.129406093168207	0.0	586839	2326.760580522031	0.5	1.2
3590.7453811838523	1850	28.798131196626205	0.0	891604	3331.2748965420024	0.5	1.2000000000000002
3595.907912666782	2850	27.635599713696603	0.0	1468126	5162.5314829295985	0.5	1.85
3600.204237815651	2850	27.339274564827555	0.0	1505760	4296.325148869048	0.5	2.85
3603.999635976589	2850	27.54387640388956	0.0	1323990	3795.398160937997	0.5	2.85
3608.8254710067476	2850	26.718041373731115	0.0	1383735	4825.835030158446	0.5	2.85
3615.7453334058127	2850	23.7981789746663	0.0	1480464	6919.862399064815	0.5	2.85
3620.0524484444004	2850	23.49106393607838	0.0	1547572	4307.115038587918	0.5	2.85
3623.778244524467	2850	23.765267856011796	0.0	1141971	3725.7960800665824	0.5	2.85
3632.6256631203273	2850	18.917849260150884	0.0	1498470	8847.41859586091	0.5	2.85
3637.889285102557	1850	17.65422727792166	0.0	975811	5263.621982229226	0.5	0.8500000000000001
3644.1357402803646	1850	15.40777210011396	0.0	873429	6246.455177807698	0.5	1.85
3648.7119583764056	1850	14.831554004072892	0.0	954453	4576.218096041067	0.5	1.85
3654.3221419953366	1850	13.221370385142135	0.0	885062	5610.183618930756	0.5	1.85
3657.541444093903	1200	14.002068286575478	0.0	670129	3219.302098566659	0.5	0.5499999999999999
3659.89170950165	1200	15.65180287882836	0.0	690253	2350.2654077471175	0.5	1.2
3661.8524194454417	1200	17.691092935037172	0.0	598727	1960.7099437911859	0.5	1.2
3663.738849729756	1200	19.80466265072263	0.0	487812	1886.4302843145447	0.5	1.2
3666.0924983407504	1200	21.45101403972812	0.0	575591	2353.6486109945113	0.5	1.2
3669.701177189538	1850	21.84233519094044	0.0	908665	3608.678848787681	0.5	1.2000000000000002
3675.3612146890646	2850	20.182297691413897	0.0	1402287	5660.03749952654	0.5	1.85
3683.667324393522	2850	15.87618798695689	0.0	1339500	8306.109704457007	0.5	2.85
3689.4135504117303	2850	14.129961968749038	0.0	1527299	5746.226018207852	0.5	2.85
3696.5780957102734	2850	10.965416670205926	0.0	1343002	7164.545298543112	0.5	2.85
3700.4835227704884	1850	11.059989609990525	0.0	973972	3905.427060215401	0.5	0.8500000000000001
3703.1205657184123	1200	12.422946662066561	0.0	630203	2637.042947923965	0.5	0.5499999999999999
3705.5882953162645	1200	13.95521706421459	0.0	638661	2467.7295978519705	0.5	1.2
3710.2257851138816	2850	13.317727266597933	0.0	1231456	4637.489797616658	0.5	1.2000000000000002
3713.249031369287	2850	14.294481011192314	0.0	1364537	3023.246255405618	0.5	2.85

