7938.335906131858	750	4.0	9.971750996673139	450283	9971.75099667314	-42.1285292856945
7941.81953004109	300	4.516376090767351	0.0	155580	3483.623909232648	-0.15000000000000002
7944.104528256638	300	6.23137787521933	0.0	139857	2284.998215548021	0.3
7945.905613942492	300	8.430292189365248	0.0	155432	1801.085685854082	0.3
7947.39249938938	300	10.943406742477846	0.0	163442	1486.8854468874028	0.3
7948.491027950911	300	13.844878180946663	0.0	126289	1098.5285615311818	0.3
7949.71250059811	300	16.623405533748365	0.0	153295	1221.4726471982992	0.3
7950.945524982685	300	19.390381149172665	0.0	173849	1233.0243845756975	0.3
7953.441391865612	750	20.894514266245718	0.0	374758	2495.8668829269486	0.3
7957.064751727092	1200	21.27115440476577	0.0	560821	3623.359861479948	0.75
7960.738834987325	1200	21.597071144532084	0.0	607410	3674.0832602336836	1.2
7964.0411622549345	1200	22.294743876923853	0.0	594078	3302.3272676082306	1.2
7969.965640198212	1200	20.3702659336455	0.0	624282	5924.477943278355	1.2
7974.982066131357	1200	19.353840000500202	0.0	687371	5016.425933145294	1.2
7980.120667204443	1200	18.215238927415143	0.0	526950	5138.601073085061	1.2
7986.220389300695	1200	16.115516831162406	0.0	587876	6099.722096252736	1.2
7988.733287894591	750	17.602618237267208	0.0	360831	2512.8985938952	0.3
7992.498361041666	750	17.83754509019237	0.0	372963	3765.073147074837	0.75
7995.141475193185	750	19.194430938674003	0.0	405596	2643.114151518371	0.75
7999.570037952964	750	18.76586817889477	0.0	350713	4428.562759779233	0.75
8004.819494283022	750	17.516411848836476	0.0	386472	5249.456330058294	0.75
8012.715231581945	750	13.620674549913563	0.0	399894	7895.737298922913	0.75
8015.2414798175705	300	15.094426314288018	0.0	163927	2526.2482356255446	-0.15000000000000002
8017.278961296077	300	17.05694483578103	0.0	137654	2037.4814785069873	0.3
8019.995697439883	300	18.340208691975445	0.0	146754	2716.736143805587	0.3
8023.102925277107	300	19.232980854752054	0.0	153938	3107.227837223388	0.3
8026.7312634857	300	19.60464264615879	0.0	181901	3628.338208593264	0.3
8028.048870525593	300	22.287035606265416	0.0	111155	1317.6070398933725	0.3
8029.347007021711	300	24.988899110146743	0.0	153605	1298.1364961186723	0.3
8030.420724930839	300	27.91518120101871	0.0	149029	1073.7179091280304	0.3
8032.897188675656	750	29.438717456202234	0.0	358218	2476.4637448164794	0.3
8036.741012590665	1200	29.594893541192867	0.0	620283	3843.823915009363	0.75
8043.637412106922	1850	26.69849402493616	0.0	885062	6896.399516256706	1.2000000000000002
8049.698726101946	1200	24.637180029911544	0.0	670129	6061.313995024615	0.5499999999999999
8055.175029838405	1200	23.160876293453097	0.0	690253	5476.303736458449	1.2
8060.326214343967	1200	22.009691787891185	0.0	598727	5151.1845055619115	1.2
8066.2774237647345	1200	20.05848236712323	0.0	487812	5951.209420767956	1.2
8069.060729864621	750	21.275176267237075	0.0	361565	2783.3060998861542	0.3
8070.972469071876	750	23.363437059981855	0.0	378327	1911.7392072552204	0.75
8073.347461453357	1200	24.988444678501217	0.0	587506	2374.9923814806352	0.75
8075.874282770081	1200	26.461623361777047	0.0	566904	2526.8213167241684	1.2
8079.775317591643	1200	26.56058854021447	0.0	641452	3901.03482156258	1.2
8086.4360729628315	1850	23.899833169025907	0.0	886255	6660.755371188561	1.2000000000000002
8095.333576243722	1850	19.00232988813554	0.0	973972	8897.503280890367	1.85
8101.393315421939	1200	16.94259070991736	0.0	630203	6059.739178218181	0.5499999999999999
8105.082161070888	750	17.253745060969152	0.0	393804	3688.8456489482096	0.3
8112.963865753937	750	13.372040377919122	0.0	331053	7881.7046830500285	0.75
8116.767917498992	300	13.56798863286488	0.0	118421	3804.0517450542416	-0.15000000000000002

