5914.837093075699	750	4.0	2.572266498290951	450283	2572.266498290951	-10.310745942651089
5915.84616323339	300	6.990929842309494	0.0	155580	1009.0701576905071	-0.15000000000000002
5916.599029526805	300	10.238063548894877	0.0	139857	752.8662934146156	0.3
5926.479755817048	1200	4.35733725865196	0.0	617681	9880.726290242917	0.29999999999999993
5929.405590551331	300	5.431502524367698	0.0	163442	2925.834734284262	-0.6000000000000001
5931.600166710596	300	7.236926365103916	0.0	126289	2194.5761592637814	0.3
5938.803170297047	750	4.033922778653576	0.0	352642	7203.003586450341	0.3
5942.050726638931	300	4.786366436767573	0.0	173849	3247.5563418860015	-0.15000000000000002
5945.312160758576	300	5.524932317122917	0.0	150710	3261.4341196446567	0.3
5948.438119725605	300	6.398973350093911	0.0	139105	3125.9589670290065	0.3
5951.056550842915	300	7.780542232784056	0.0	141840	2618.431117309855	0.3
5956.161520681227	750	6.675572394473153	0.0	405134	5104.9698383109035	0.3
5958.242496112108	300	8.594596963591295	0.0	160746	2080.9754308818583	-0.15000000000000002
5962.87274649136	750	7.964346584339849	0.0	434409	4630.250379251446	0.3
5965.363263229469	750	9.473829846229274	0.0	337059	2490.516738110575	0.75
5968.548115462223	1200	10.288977613476414	0.0	587876	3184.85223275286	0.75
5971.21578609884	1200	11.621306976860017	0.0	617242	2667.670636616397	1.2
5980.421138831026	1850	6.415954244673593	0.0	885714	9205.352732186426	1.2000000000000002
5983.927373547899	300	6.909719527799813	0.0	165384	3506.2347168737797	-1.25
5985.917985850309	300	8.919107225390622	0.0	140881	1990.61230240919	0.3
5992.184933391337	750	6.6521596843619815	0.0	386472	6266.94754102864	0.3
5995.771379295627	300	7.065713780071739	0.0	157812	3586.445904290243	-0.15000000000000002
6002.706347487555	750	4.130745588144741	0.0	401853	6934.968191926998	0.3
6004.658236219926	300	6.1788568557737245	0.0	137654	1951.8887323710167	-0.15000000000000002
6006.56349438922	300	8.273598686479357	0.0	146754	1905.2581692943681	0.3
6011.055399163737	750	7.781693911962094	0.0	379700	4491.904774517262	0.3
6015.164222360405	750	7.672870715294337	0.0	425781	4108.823196667757	0.75
6017.497466703037	750	9.339626372661632	0.0	277716	2333.2443426327045	0.75
6025.900041466173	1200	4.937051609526681	0.0	622896	8402.574763134951	0.75
6027.567169654481	300	7.269923421218636	0.0	149029	1667.1281883080442	-0.6000000000000001
6030.405871388412	750	8.431221687288126	0.0	358218	2838.701733930511	0.3
6035.774174948985	750	7.062918126715614	0.0	400322	5368.303560572512	0.75
6038.748470173577	750	8.088622902123818	0.0	369834	2974.2952245917963	0.75
6041.3869546854485	750	9.45013839025169	0.0	412837	2638.484511872128	0.75
6046.224558972433	1200	8.612534103267576	0.0	690253	4837.604286984115	0.75
6048.75131352259	750	10.085779553110294	0.0	365161	2526.7545501572804	0.3
6052.489456527903	1200	10.347636547797993	0.0	487812	3738.1430053123026	0.75
6055.794103218895	1200	11.042989856806447	0.0	575591	3304.6466909915457	1.2
6061.070196936993	1850	9.766896138707803	0.0	908665	5276.093718098644	1.2000000000000002
6065.319951154791	1200	9.517141920909944	0.0	587506	4249.754217797859	0.5499999999999999
6071.017603378815	1200	7.8194896968857135	0.0	566904	5697.65222402423	1.2
6080.090785551957	750	4.0	1.2536924762565942	384505	9073.182173142308	-5.090877647903355
6082.234531755582	300	5.856253796375046	0.0	145210	2143.746203624954	-0.15000000000000002
6085.215861863812	300	6.874923688143994	0.0	172312	2981.3301082310513	0.3
6088.308359535009	300	7.782426016947952	0.0	167025	3092.4976711960417	0.3
6092.599438714852	750	7.49134683710428	0.0	393804	4291.079179843672	0.3
6095.403430965047	750	8.687354586909773	0.0	331053	2803.992250194508	0.75
6098.442896095192	750	9.647889456765428	0.0	314107	3039.4651301443446	0.75

