13178.4546469681	750	4.0	1.4342768133466879	450283	1434.276813346688	-5.4173902973907575
13180.593489544677	1200	5.861157423423616	0.0	611087	2138.8425765763845	0.75
13182.634568865786	1200	7.820078102314801	0.0	571051	2041.0793211088148	1.2
13184.646190317326	1200	9.808456650775735	0.0	617681	2011.6214515390654	1.2
13187.456267343225	1200	10.998379624876318	0.0	652874	2810.0770258994185	1.2
13189.887575443581	1200	12.56707152451971	0.0	520315	2431.308100356608	1.2
13192.621479859139	1200	13.833167108961096	0.0	561791	2733.9044155586143	1.2
13194.499380814577	750	15.955266153524233	0.0	437162	1877.900955436863	0.3
13197.034120102786	750	17.420526865316003	0.0	374758	2534.7392882082304	0.75
13199.876084409054	750	18.57856255904668	0.0	362795	2841.9643062693194	0.75
13203.730631193737	750	18.72401577436357	0.0	353220	3854.5467846831125	0.75
13205.4488560776	750	21.005790890499007	0.0	405134	1718.224883864562	0.75
13206.958656560628	750	23.49599040747189	0.0	386351	1509.8004830271177	0.75
13208.795757915826	750	25.65888905227359	0.0	434409	1837.101355198303	0.75
13210.205903422986	750	28.24874354511527	0.0	337059	1410.1455071583177	0.75
13212.645725214416	1200	29.808921753684128	0.0	587876	2439.821791431144	0.75
13215.812741564989	1200	30.641905403110584	0.0	617242	3167.016350573543	1.2
13219.636641368717	1200	30.8180055993833	0.0	581493	3823.8998037272827	1.2
13223.31326887303	1200	31.141378095072334	0.0	639204	3676.627504310966	1.2
13226.014630681164	1200	32.44001628693567	0.0	586839	2701.361808136661	1.2
13229.138568597147	1200	33.31607837095387	0.0	601738	3123.937915981804	1.2
13231.981609570583	1200	34.47303739751743	0.0	616206	2843.0409734364416	1.2
13235.109859853621	1200	35.34478711447827	0.0	656471	3128.2502830391613	1.2
13243.180527365977	1850	31.27411960212249	0.0	874175	8070.667512355782	1.2000000000000002
13251.469319221053	1200	26.985327747045392	0.0	587236	8288.791855077096	0.5499999999999999
13256.036439445483	750	26.418207522615308	0.0	379700	4567.120224430088	0.3
13259.532902664787	750	26.921744303312	0.0	425781	3496.4632193033067	0.75
13262.012153817384	750	28.442493150714963	0.0	277716	2479.2511525970363	0.75
13265.295570956188	750	29.159076011908688	0.0	400396	3283.4171388062755	0.75
13267.94768318147	750	30.506963786628244	0.0	400508	2652.1122252804466	0.75
13269.579771775387	750	32.874875192711784	0.0	358218	1632.0885939164596	0.75
13270.935072669763	750	35.51957429833668	0.0	400322	1355.3008943751051	0.75
13272.597623011156	1200	37.85702395694553	0.0	584349	1662.5503413911533	0.75
13276.290963836784	1850	38.16368313131698	0.0	1035329	3693.340825628545	1.2000000000000002
13281.364101236995	2850	37.09054573110443	0.0	1492672	5073.137400212552	1.85
13285.886604737207	2850	36.56804223089262	0.0	1439896	4522.503500211812	2.85
13292.018037884842	2850	34.43660908325648	0.0	1139291	6131.433147636139	2.85
13296.820204097194	1850	33.63444287090421	0.0	938587	4802.1662123522665	0.8500000000000001
13300.193382219024	1850	34.26126474907469	0.0	908665	3373.178121829526	1.85
13305.871859603021	1850	32.582787365077586	0.0	930577	5678.4773839971	1.85
13308.905212976502	1200	33.549433991597525	0.0	566904	3033.3533734800644	0.5499999999999999
13312.61859612452	1200	33.83605084358076	0.0	641452	3713.3831480167637	1.2
13315.110378181516	1200	35.34426878658267	0.0	599477	2491.782056998092	1.2
13317.506174507678	1200	36.94847246042231	0.0	634861	2395.7963261603595	1.2
13321.334232518058	1850	37.12041445004236	0.0	958994	3828.058010379946	1.2000000000000002
13325.523351386244	1850	36.931295581856396	0.0	982064	4189.118868185972	1.85
13330.821901480942	2850	35.63274548715833	0.0	1231456	5298.550094698063	1.85
13337.56075843866	2850	32.89388852944022	0.0	1364537	6738.85695771811	2.85

