17834.424542807443	750	4.0	3.995068697861578	450283	3995.068697861578	-16.428795400804784
17837.993611616697	750	4.43093119074429	0.0	398865	3569.0688092557107	0.75
17841.02360711328	750	5.400935694161105	0.0	350812	3029.995496583185	0.75
17844.128352562442	750	6.296190244999893	0.0	382355	3104.7454491612116	0.75
17847.51726469242	750	6.907278115025396	0.0	411561	3388.912129974497	0.75
17851.11590779527	750	7.308635012175868	0.0	318564	3598.643102849528	0.75
17857.196127256004	750	5.22841555144371	0.0	352642	6080.219460732157	0.75
17864.0333128631	750	4.0	1.60877005565338	437162	6837.185607097091	-6.167711239309534
17866.532366632793	300	5.500946230306916	0.0	150710	2499.053769693084	-0.15000000000000002
17868.38694221248	300	7.646370650618703	0.0	139105	1854.575579688213	0.3
17870.206593478943	300	9.826719384156048	0.0	141840	1819.6512664626562	0.3
17872.210317645226	300	11.822995217876178	0.0	156148	2003.7241662798704	0.3
17873.99156600672	300	14.041746856380694	0.0	160746	1781.2483614954826	0.3
17876.18180664297	300	15.851506220130718	0.0	179801	2190.2406362499773	0.3
17877.584486770764	300	18.448826092334997	0.0	140051	1402.6801277957234	0.3
17879.04080717302	300	20.992505690077206	0.0	138313	1456.3204022577886	0.3
17880.462602682797	300	23.570710180299397	0.0	143509	1421.7955097778097	0.3
17883.883241537656	750	24.150071325442685	0.0	372963	3420.6388548567115	0.3
17888.49494173448	750	23.538371128622654	0.0	405596	4611.700196820031	0.75
17893.231937598885	750	22.801375264215764	0.0	350713	4736.99586440689	0.75
17900.474127587826	750	19.55918527527532	0.0	386472	7242.189988940443	0.75
17903.630959518694	300	20.402353344407814	0.0	157812	3156.831930867504	-0.15000000000000002
17905.727804324608	300	22.305508538492603	0.0	163927	2096.8448059152106	0.3
17907.988111968876	300	24.045200894226895	0.0	137654	2260.307644265708	0.3
17909.96526756202	300	26.06804530107955	0.0	146754	1977.1555931473454	0.3
17912.329301536032	300	27.70401132707042	0.0	153938	2364.033974009132	0.3
17916.574261113117	300	27.459051749984965	0.0	181901	4244.959577085451	0.3
17919.933248874968	300	28.10006398813785	0.0	111155	3358.987761847116	0.3
17924.684503376317	300	27.34880948678854	0.0	153605	4751.25450134931	0.3
17928.289191054482	300	27.744121808623007	0.0	149029	3604.6876781655324	0.3
17932.652844802127	300	27.380468060980043	0.0	157421	4363.653747642964	0.3
17936.218071415045	300	27.81524144806359	0.0	157488	3565.2266129164514	0.3
17939.0092402645	300	29.024072598612076	0.0	143881	2791.168849451515	0.3
17942.728535599716	300	29.304777263393422	0.0	163444	3719.295335218651	0.3
17946.901409846123	300	29.13190301698572	0.0	179328	4172.874246407699	0.3
17950.8794889167	300	29.153823946411865	0.0	159914	3978.079070573855	0.3
17954.450962833595	300	29.58235002951671	0.0	131610	3571.4739168951573	0.3
17957.446120895842	300	30.58719196727222	0.0	124011	2995.158062244493	0.3
17960.00553458691	300	32.02777827620351	0.0	144254	2559.4136910687052	0.3
17962.984456137383	300	33.04885672573352	0.0	149991	2978.9215504699937	0.3
17965.46020936071	300	34.57310350240233	0.0	147968	2475.7532233311968	0.3
17967.874303727036	300	36.15900913608071	0.0	161857	2414.0943663216203	0.3
17970.17030208787	300	37.86301077524522	0.0	145210	2295.99836083549	0.3
17973.53169311282	300	38.50161975029582	0.0	172312	3361.3910249493965	0.3
17978.48124414869	300	37.55206871442553	0.0	167025	4949.551035870295	0.3
17981.59594716759	300	38.43736569552688	0.0	160064	3114.7030188986478	0.3
17983.716709817865	300	40.316603045253665	0.0	137507	2120.7626502732155	0.3
17985.437131722763	300	42.59618114035369	0.0	118421	1720.421904899974	0.3

