16272.869296522382	750	4.0	5.127185897414645	450283	5127.185897414644	0.5	-21.29689935888297
16274.762578023638	300	6.106718498746048	0.0	155580	1893.2815012539522	0.5	-0.15000000000000002
16276.40553992594	300	8.463756596441497	0.0	139857	1642.961902304551	0.5	0.3
16278.2444965731	300	10.624799949282068	0.0	155432	1838.9566471594298	0.5	0.3
16280.27075676983	300	12.598539752552488	0.0	163442	2026.2601967295793	0.5	0.3
16283.820257381827	750	13.049039140556447	0.0	318564	3549.500611996041	0.5	0.3
16288.181007183552	750	12.688289338830781	0.0	352642	4360.749801725666	0.5	0.75
16291.991407471283	750	12.877889051100693	0.0	437162	3810.400287730088	0.5	0.75
16296.0116740657	750	12.857622456683192	0.0	374758	4020.2665944175014	0.5	0.75
16299.988961129262	750	12.88033539312233	0.0	362795	3977.287063560862	0.5	0.75
16304.358704506	750	12.510592016384232	0.0	353220	4369.7433767381	0.5	0.75
16309.88429178561	750	10.985004736774256	0.0	405134	5525.587279609976	0.5	0.75
16313.697911131434	750	11.171385390949107	0.0	386351	3813.6193458251487	0.5	0.75
16317.081909821383	750	11.787386700999376	0.0	434409	3383.9986899497303	0.5	0.75
16319.11437359185	750	13.754922930533615	0.0	337059	2032.4637704657591	0.5	0.75
16321.996102290617	750	14.87319423176601	0.0	366214	2881.728698767606	0.5	0.75
16324.620154126473	750	16.249142395910404	0.0	360831	2624.0518358556083	0.5	0.75
16327.430806426353	750	17.438490096029344	0.0	372963	2810.652299881057	0.5	0.75
16332.801292929184	1200	16.068003593198863	0.0	639204	5370.48650283048	0.5	0.75
16337.580269705975	1200	15.289026816407409	0.0	586839	4778.9767767914545	0.5	1.2
16346.029368655392	1200	10.839927866989575	0.0	601738	8449.098949417836	0.5	1.2
16353.629209778712	750	7.24008674367105	0.0	399894	7599.841123318524	0.5	0.3
16356.411638998463	300	8.457657523919158	0.0	163927	2782.4292197518903	0.5	-0.15000000000000002
16359.323967601864	300	9.54532892051899	0.0	137654	2912.328603400168	0.5	0.3
16362.828677170837	300	10.040619351545642	0.0	146754	3504.7095689733483	0.5	0.3
16365.348311378903	300	11.520985143481935	0.0	153938	2519.6342080637055	0.5	0.3
16368.838947868131	300	12.030348654251753	0.0	181901	3490.6364892301826	0.5	0.3
16370.987965523696	300	13.88133099868764	0.0	111155	2149.0176555641137	0.5	0.3
16373.950947169173	300	14.91834935320995	0.0	153605	2962.98164547769	0.5	0.3
16376.604319199701	300	16.264977322682117	0.0	149029	2653.372030527834	0.5	0.3
16379.071412532227	300	17.797883990155956	0.0	157421	2467.0933325261612	0.5	0.3
16381.753928826942	300	19.115367695441513	0.0	157488	2682.516294714441	0.5	0.3
16384.830916685714	300	20.038379836668593	0.0	143881	3076.9878587729218	0.5	0.3
16389.715796668414	300	19.15349985396725	0.0	163444	4884.879982701341	0.5	0.3
16396.00229016607	300	16.867006356311755	0.0	179328	6286.493497655497	0.5	0.3
16400.512263715194	300	16.357032807188364	0.0	159914	4509.973549123392	0.5	0.3
16403.807374938064	300	17.061921584318508	0.0	131610	3295.111222869855	0.5	0.3
16406.417743813592	300	18.451552708791045	0.0	124011	2610.368875527462	0.5	0.3
16408.863484792757	300	20.0058117296251	0.0	144254	2445.7409791659466	0.5	0.3
16410.778471798105	300	22.090824724276988	0.0	149991	1914.9870053481138	0.5	0.3
16412.683826063043	300	24.185470459337704	0.0	147968	1905.3542649392828	0.5	0.3
16415.25545757874	300	25.613838943641497	0.0	161857	2571.6315156962037	0.5	0.3
16417.542972337902	300	27.326324184481553	0.0	145210	2287.514759159946	0.5	0.3
16425.859684794203	750	23.009611728178893	0.0	438281	8316.71245630266	0.5	0.3
16433.05608351803	750	19.813213004355656	0.0	398987	7196.398723823237	0.5	0.75
16437.624200874263	750	19.24509564812184	0.0	393804	4568.117356233821	0.5	0.75
16440.671473019338	750	20.197823503046813	0.0	331053	3047.272145075025	0.5	0.75
16446.578898375665	1200	18.29039814671971	0.0	550906	5907.425356327107	0.5	0.75

