3891.3664121168085	750	4.0	1.9120480482224669	450283	1912.0480482224668	0.004705182	-7.471806607356607
3893.2158377585997	750	6.150574358208762	0.0	398865	1849.425641791238	0.004705182	0.75
3894.742231375735	750	8.62418074107329	0.0	350812	1526.3936171354708	0.004705182	0.75
3898.224226454038	750	9.142185662770313	0.0	382355	3481.995078302978	0.006214522	0.75
3905.610449270755	750	5.755962846053477	0.0	411561	7386.222816716835	0.2294585	0.75
3906.6565813887846	300	8.709830728024041	0.0	126289	1046.1321180294372	0.004705182	-0.15000000000000002
3907.9072606176464	300	11.45915149916207	0.0	153295	1250.6792288619713	0.053756006	0.3
3909.108611046024	300	14.257801070784405	0.0	173849	1201.3504283776654	0.01143436	0.3
3910.4246134137916	300	16.941798703017017	0.0	150710	1316.0023677673832	0.13771804	0.3
3911.8242627106756	300	19.542149406133184	0.0	139105	1399.649296883835	0.091081135	0.3
3913.417299198529	300	21.949112918279944	0.0	141840	1593.0364878532375	0.011125439	0.3
3915.2577664004384	300	24.108645716370656	0.0	156148	1840.4672019092895	0.0106054535	0.3
3916.1430167727153	300	27.22339534409336	0.0	160746	885.2503722772951	0.01160801	0.3
3917.2424873639934	300	30.123924752815636	0.0	179801	1099.4705912777204	0.69150627	0.3
3919.2257710951576	750	32.1406410216511	0.0	337059	1983.28373116454	0.54474825	0.3
3921.410925241069	750	33.9554868757396	0.0	366214	2185.1541459114924	0.005200705	0.75
3923.064148639952	750	36.302263476856766	0.0	360831	1653.2233988828402	0.008405319	0.75
3924.95780013604	750	38.40861198076883	0.0	372963	1893.651496087934	0.3733177	0.75
3927.0219311116307	750	40.34448100517822	0.0	405596	2064.1309755906113	0.5233155	0.75
3930.1209642278845	1200	41.24544788892407	0.0	586839	3099.0331162541493	0.44823954	0.75
3935.6070203547924	1200	39.75939176201613	0.0	601738	5486.056126907939	0.0050713173	1.2
3942.0470451123356	1200	37.31936700447299	0.0	616206	6440.02475754314	0.110383995	1.2
3949.641854485854	750	33.724557630954564	0.0	401853	7594.809373518425	0.5179097	0.3
3957.1687071929728	750	30.197704923835722	0.0	343800	7526.852707118842	0.0047104266	0.75
3961.5842661026804	750	29.78214601412799	0.0	359903	4415.558909707732	0.005929029	0.75
3964.321696365553	750	31.044715751255737	0.0	379700	2737.4302628722553	0.004705182	0.75
3967.310864306741	750	32.055547810067104	0.0	425781	2989.167941188633	0.012449607	0.75
3970.190715072016	750	33.17569704479256	0.0	277716	2879.8507652745507	0.0871996	0.75
3975.8135630632473	750	31.552849053561083	0.0	400396	5622.847991231472	0.012067636	0.75
3980.8621767114596	750	30.504235405348574	0.0	400508	5048.61364821251	0.004705182	0.75
3984.5495473099672	750	30.81686480684117	0.0	358218	3687.370598507402	0.0049632117	0.75
3987.408275309044	750	31.95813680776455	0.0	400322	2858.7279990766224	0.0061244867	0.75
3989.241127217993	750	34.125284898815416	0.0	369834	1832.8519089491363	0.104800954	0.75
3992.0662058209664	1200	35.30020629584209	0.0	670129	2825.0786029733267	0.13384642	0.75
3995.596303517024	1200	35.77010859978448	0.0	690253	3530.0976960576086	0.007629658	1.2
3998.3812150766776	1200	36.98519704013103	0.0	598727	2784.9115596534516	0.0104531525	1.2
4000.341319553837	1200	39.02509256297187	0.0	487812	1960.1044771591523	0.094397634	1.2
4006.4495034528645	2850	36.91690866394403	0.0	1499009	6108.183899027842	0.7667001	1.2000000000000002
4012.5554721930716	2850	34.810939923736875	0.0	1427478	6105.968740207155	0.004705182	2.85
4019.1292800685455	2850	32.23713204826278	0.0	1402287	6573.807875474099	0.005180603	2.85
4037.5715650373127	2850	17.794847079495955	0.0	1339500	18442.284968766824	0.004705182	2.85
4039.691512610822	750	19.674899505986325	0.0	384505	2119.947573509627	0.693761	-1.35
4042.8530053636896	1200	20.513406753118726	0.0	599477	3161.4927528676	0.03580579	0.75
4046.373778161061	1200	20.992633955747348	0.0	634861	3520.7727973713763	0.004705182	1.2
4049.473817049947	1200	21.892595066861734	0.0	630203	3100.0388888856132	0.004705182	1.2
4052.692578883316	1200	22.673833233492292	0.0	638661	3218.76183336944	0.05487923	1.2
4059.1838094824693	2850	20.182602634338842	0.0	1231456	6491.230599153453	0.6729623	1.2000000000000002
4066.6006826638445	2850	16.765729452963512	0.0	1364537	7416.873181375328	0.0049552415	2.85

