5400.682512225419	750	4.0	2.7720774829579558	450283	2772.077482957956	0.5	-11.169933176719208
5401.766535950045	300	6.915976275372986	0.0	155580	1084.0237246270135	0.5	-0.15000000000000002
5404.874336012966	1200	7.808176212451722	0.0	571051	3107.8000629212634	0.5	0.29999999999999993
5407.054586791755	1200	9.627925433661705	0.0	617681	2180.250778790017	0.5	1.2
5409.718651165709	1200	10.963861059708568	0.0	652874	2664.064373953136	0.5	1.2
5411.531599743479	1200	13.15091248193896	0.0	520315	1812.9485777696088	0.5	1.2
5413.577190238429	1200	15.105321986989594	0.0	561791	2045.590494949365	0.5	1.2
5419.126210870123	1850	13.556301355294407	0.0	1060487	5549.020631695187	0.5	1.2000000000000002
5424.867621452525	1850	11.814890772892916	0.0	852833	5741.4105824014905	0.5	1.85
5432.321038307014	1850	8.361473918404037	0.0	913888	7453.416854488879	0.5	1.85
5436.729121335078	1200	7.953390890340289	0.0	607410	4408.083028063748	0.5	0.5499999999999999
5446.347379047648	1200	4.0	1.6648668222300047	594078	9618.257712570294	0.5	-5.95892733558902
5448.729043414832	300	5.618335632815797	0.0	160746	2381.6643671842025	0.5	-0.6000000000000001
5450.00876145632	300	8.338617591327566	0.0	179801	1279.7180414882318	0.5	0.3
5450.899435397312	300	11.447943650335962	0.0	140051	890.6739409916033	0.5	0.3
5451.746961815898	300	14.600417231749788	0.0	138313	847.526418586174	0.5	0.3
5452.508415492629	300	17.838963555019127	0.0	143509	761.4536767306593	0.5	0.3
5454.04961565268	750	20.297763394967944	0.0	372963	1541.2001600511812	0.5	0.3
5455.879887441524	750	22.467491606123392	0.0	405596	1830.2717888445497	0.5	0.75
5458.517909399601	1850	23.829469648045798	0.0	923755	2638.0219580775965	0.5	0.75
5466.946624299664	1850	19.400754747983555	0.0	891604	8428.714900062241	0.5	1.85
5468.802633855382	1200	21.544745192265466	0.0	616206	1856.0095557180903	0.5	0.5499999999999999
5470.632698761383	1200	23.71468028626468	0.0	656471	1830.064906000786	0.5	1.2
5472.206508263852	1200	26.140870783796007	0.0	536667	1573.809502468674	0.5	1.2
5474.427733726147	1850	27.919645321500056	0.0	897976	2221.2254622959526	0.5	1.2000000000000002
5476.966841578609	1850	29.380537469038433	0.0	905935	2539.1078524616214	0.5	1.85
5494.401609448022	4300	15.945769599625732	0.0	2395588	17434.767869412703	0.5	1.8499999999999996
5505.868420719422	1850	8.478958328226684	0.0	758197	11466.811271399049	0.5	-0.6000000000000001
5510.862362994313	300	7.485016053334774	0.0	153605	4993.94227489191	0.5	-1.25
5512.62387982443	300	9.723499223216935	0.0	149029	1761.5168301178394	0.5	0.3
5514.0284699523445	300	12.318909095302736	0.0	157421	1404.5901279141995	0.5	0.3
5515.1353129245	300	15.212066123147848	0.0	157488	1106.8429721548875	0.5	0.3
5516.099795835879	300	18.247583211768184	0.0	143881	964.4829113796609	0.5	0.3
5517.124361024046	300	21.22301802360192	0.0	163444	1024.5651881662686	0.5	0.3
5519.072150150987	750	23.275228896661183	0.0	401088	1947.7891269407387	0.5	0.3
5520.592386157159	750	25.754992890490016	0.0	365161	1520.2360061711659	0.5	0.75
5523.347456991652	1850	26.99992205599714	0.0	728962	2755.070834492875	0.5	0.75
5526.638817350469	1850	27.708561697179647	0.0	938587	3291.3603588174938	0.5	1.85
5531.518140562951	1850	26.829238484698596	0.0	908665	4879.323212481054	0.5	1.85
5535.609332931644	1850	26.738046116005727	0.0	930577	4091.1923686928676	0.5	1.85
5539.1037949687825	1850	27.24358407886637	0.0	858450	3494.462037139357	0.5	1.85
5544.90942306407	2850	25.437955983578913	0.0	1527299	5805.62809528746	0.5	1.85
5551.413719470754	2850	22.933659576896343	0.0	1343002	6504.296406682569	0.5	2.85
5557.123182031746	2850	21.224197015903844	0.0	1587250	5709.462560992498	0.5	2.85
5561.986477507018	2850	20.360901540631414	0.0	1464921	4863.295475272428	0.5	2.85
5568.318398128967	2850	18.028980918683388	0.0	1483527	6331.9206219480275	0.5	2.85
5574.695985164129	2850	15.65139388352203	0.0	1231456	6377.5870351613585	0.5	2.85
5579.819720860501	2850	14.527658187149594	0.0	1364537	5123.735696372435	0.5	2.85

