17223.802734484587	750	4.0	6.240793125191714	450283	6240.793125191714	-26.08541043832437
17226.41094801698	300	5.39178646760646	0.0	155580	2608.2135323935404	-0.15000000000000002
17228.939127307982	300	6.863607176602174	0.0	139857	2528.179291004286	0.3
17231.22458426439	300	8.578150220191981	0.0	155432	2285.456956410193	0.3
17234.737405184213	300	9.065329300370701	0.0	163442	3512.820919821281	0.3
17237.098692783973	300	10.704041700610226	0.0	126289	2361.2875997604747	0.3
17239.645758350987	300	12.156976133596313	0.0	153295	2547.065567013914	0.3
17242.5837825493	300	13.218951935283304	0.0	173849	2938.024198313009	0.3
17245.671631494348	300	14.131102990237448	0.0	150710	3087.848945045855	0.3
17248.64003230957	300	15.162702175014754	0.0	139105	2968.400815222695	0.3
17251.44041921722	300	16.362315267365	0.0	141840	2800.3869076497554	0.3
17254.26348055699	300	17.539253927590405	0.0	156148	2823.0613397745915	0.3
17257.32218101408	300	18.480553470501146	0.0	160746	3058.7004570892605	0.3
17261.39047925949	300	18.412255225090572	0.0	179801	4068.2982454105727	0.3
17264.568042722985	300	19.234691761596945	0.0	140051	3177.563463493625	0.3
17267.162449419808	300	20.6402850647763	0.0	138313	2594.4066968206475	0.3
17269.495552422355	300	22.30718206222974	0.0	143509	2333.1030025465607	0.3
17271.708732598236	300	24.094001886351908	0.0	150616	2213.1801758778292	0.3
17274.162152027304	300	25.640582457281866	0.0	165384	2453.419429070041	0.3
17276.506035995604	300	27.296698488985843	0.0	140881	2343.8839682960256	0.3
17279.29817567952	300	28.50455880507028	0.0	157671	2792.139683915566	0.3
17281.54819773245	300	30.254536752140773	0.0	157812	2250.022052929507	0.3
17283.850864308828	300	31.951870175764178	0.0	163927	2302.6665763765927	0.3
17285.960128451567	300	33.84260603302477	0.0	137654	2109.264142739405	0.3
17287.78695300438	300	36.015781480212475	0.0	146754	1826.8245528122943	0.3
17289.780803024027	300	38.02193146056379	0.0	153938	1993.8500196486864	0.3
17292.636387737537	300	39.16634674705273	0.0	181901	2855.5847135110685	0.3
17297.562446146087	750	38.24028833850443	0.0	277716	4926.058408548302	0.3
17299.606034648787	300	40.196699835801795	0.0	153605	2043.5885027026302	-0.15000000000000002
17301.123630762035	300	42.67910372255564	0.0	149029	1517.5961132461623	0.3
17304.299633871273	750	43.50310061331498	0.0	358218	3176.003109240657	0.3
17307.8592321016	750	43.94350238298833	0.0	400322	3559.5982303266474	0.75
17311.91075340501	750	43.89198107957978	0.0	369834	4051.521303408545	0.75
17318.00533245651	750	41.797402028077585	0.0	412837	6094.579051502191	0.75
17325.385162076644	750	38.41757240794207	0.0	401088	7379.829620135519	0.75
17331.790477208462	750	36.01225727612556	0.0	365161	6405.315131816509	0.75
17334.862819704245	300	36.93991478034181	0.0	131610	3072.342495783748	-0.15000000000000002
17338.210832178986	300	37.59190230560502	0.0	124011	3348.0124747367877	0.3
17343.014246805593	300	36.788487678995075	0.0	144254	4803.41462660995	0.3
17348.010336564388	300	35.792397920199676	0.0	149991	4996.089758795396	0.3
17352.307818047528	300	35.494916437061825	0.0	147968	4297.481483137851	0.3
17356.813420598064	300	34.989313886525956	0.0	161857	4505.6025505358675	0.3
17361.793207599487	300	34.0095268851026	0.0	145210	4979.787001423349	0.3
17367.84360633622	300	31.9591281483683	0.0	172312	6050.398736734304	0.3
17372.065372047564	300	31.737362437028075	0.0	167025	4221.7657113402265	0.3
17375.970742494548	300	31.831991990041963	0.0	160064	3905.370446986112	0.3
17379.311881570284	300	32.49085291430692	0.0	137507	3341.1390757350437	0.3
17381.570418840667	300	34.232315643924316	0.0	118421	2258.5372703826	0.3

