20071.32868546988	750	4.0	3.995068697861578	450283	3995.068697861578	-16.428795400804784
20072.82095755721	300	6.507727912669612	0.0	155580	1492.2720873303876	-0.15000000000000002
20074.093053611276	300	9.235631858607427	0.0	139857	1272.0960540621852	0.3
20075.50783656281	300	11.820848907070088	0.0	155432	1414.7829515373378	0.3
20077.053257973104	300	14.27542749677892	0.0	163442	1545.4214102911674	0.3
20079.572358977784	750	15.756326492100275	0.0	318564	2519.1010046786455	0.3
20082.4969156229	750	16.831769846981796	0.0	352642	2924.55664511848	0.75
20086.478260224285	750	16.8504252455962	0.0	437162	3981.3446013855996	0.75
20091.626903852055	750	15.7017816178268	0.0	374758	5148.643627769397	0.75
20098.66317692996	750	12.665508539923213	0.0	362795	7036.273077903587	0.75
20100.71692380895	300	14.611761660938885	0.0	141840	2053.7468789843265	-0.15000000000000002
20102.8879439825	300	16.440741487383708	0.0	156148	2171.0201735551777	0.3
20105.26456220098	300	18.06412326890337	0.0	160746	2376.6182184803397	0.3
20107.5446205275	300	19.784064942387275	0.0	179801	2280.0583265160926	0.3
20109.344578808184	300	21.984106661702732	0.0	140051	1799.9582806845417	0.3
20113.474111230833	750	21.854574239054315	0.0	366214	4129.532422648415	0.3
20117.03130834412	750	22.29737712576268	0.0	360831	3557.197113291636	0.75
20120.42385453601	750	22.9048309338768	0.0	372963	3392.5461918858814	0.75
20125.015707549403	750	22.312977920479703	0.0	405596	4591.853013397098	0.75
20129.548708051752	750	21.779977418132557	0.0	350713	4533.000502347145	0.75
20136.614537148984	750	18.71414832090402	0.0	386472	7065.829097228536	0.75
20140.012899754074	300	19.31578571581245	0.0	157812	3398.3626050915705	-0.15000000000000002
20142.167319209442	300	21.161366260443383	0.0	163927	2154.419455369065	0.3
20144.31696474546	300	23.011720724427704	0.0	137654	2149.645536015679	0.3
20146.40671996588	300	24.921965504005243	0.0	146754	2089.7552204224635	0.3
20148.6369221023	300	26.69176336758295	0.0	153938	2230.2021364222946	0.3
20152.436565153457	300	26.892120316428194	0.0	181901	3799.643051154754	0.3
20160.921000688177	750	22.407684781707655	0.0	277716	8484.435534720538	0.3
20164.66895472501	300	22.659730744877564	0.0	153605	3747.9540368300927	-0.15000000000000002
20168.733282417845	300	22.595403052039853	0.0	149029	4064.327692837713	0.3
20172.47666500272	300	22.852020467166685	0.0	157421	3743.3825848731663	0.3
20175.590519513065	300	23.73816595681722	0.0	157488	3113.8545103494685	0.3
20178.710797991593	300	24.61788747829165	0.0	143881	3120.2784785255676	0.3
20182.704617529052	300	24.624067940829956	0.0	163444	3993.8195374616967	0.3
20186.86684150922	300	24.461843960660655	0.0	179328	4162.223980169301	0.3
20191.242621116362	300	24.086064353519497	0.0	159914	4375.779607141157	0.3
20194.37732657129	300	24.951358898588563	0.0	131610	3134.7054549309346	0.3
20196.588806954805	300	26.739878515076693	0.0	124011	2211.48038351187	0.3
20199.419243453074	300	27.90944201680662	0.0	144254	2830.436498270074	0.3
20202.015045273423	300	29.313640196458746	0.0	149991	2595.801820347872	0.3
20207.297064954437	750	28.031620515444644	0.0	345516	5282.019681014101	0.3
20210.575137142903	300	28.753548326977413	0.0	161857	3278.0721884672307	-0.15000000000000002
20219.149340370925	750	24.179345098958493	0.0	372093	8574.20322801892	0.3
20221.642115090184	300	25.686570379699063	0.0	172312	2492.7747192594297	-0.15000000000000002
20224.002626249352	300	27.326059220531892	0.0	167025	2360.511159167169	0.3
20225.57770438659	300	29.750981083292714	0.0	160064	1575.0781372391777	0.3
20228.706070807602	750	30.62261466228048	0.0	331053	3128.3664210122324	0.3
20231.548395479786	750	31.78028999009425	0.0	314107	2842.32467218623	0.75

