19539.075873220332	750	4.0	1.8710689380755445	450283	1871.0689380755446	0.010060381	-7.295596433724841
19540.678887132126	750	6.396986088206931	0.0	398865	1603.0139117930696	0.004705182	0.75
19541.811639910582	750	9.264233309752525	0.0	350812	1132.7527784544063	0.004705182	0.75
19542.875089755704	750	12.200783464630447	0.0	382355	1063.449845122077	0.004705182	0.75
19544.032490073718	750	15.043383146614369	0.0	411561	1157.400318016078	0.28862295	0.75
19545.392166213307	1200	17.683707007023585	0.0	520315	1359.676139590782	0.65914935	0.75
19546.992683675355	1200	20.08318954497318	0.0	561791	1600.5174620504024	0.006803788	1.2
19549.12550521963	1200	21.950368000700763	0.0	709534	2132.8215442724168	0.005215421	1.2
19551.165797962727	1200	23.910075257600447	0.0	584846	2040.2927431003197	0.004705182	1.2
19554.62208991421	1200	24.45378330611972	0.0	560821	3456.2919514807268	0.004705182	1.2
19556.56611370311	1200	26.509759517221223	0.0	607410	1944.023788898497	0.1351713	1.2
19558.376167578353	1200	28.69970564197631	0.0	594078	1810.0538752449168	0.004705182	1.2
19560.24623969197	1200	30.829633528362642	0.0	624282	1870.0721136136633	0.004705182	1.2
19562.057084073993	1200	33.01878914633598	0.0	687371	1810.8443820266625	0.004705182	1.2
19563.64898340234	1200	35.42688981798712	0.0	526950	1591.8993283488633	0.012462662	1.2
19565.72076978027	1200	37.355103440057405	0.0	587876	2071.786377929714	0.012620757	1.2
19567.906882445797	1200	39.16899077453148	0.0	617242	2186.11266552593	0.008184548	1.2
19569.852987105958	1200	41.222886114370326	0.0	581493	1946.1046601611536	0.017605968	1.2
19571.721373659075	1200	43.354499561253135	0.0	639204	1868.3865531171868	0.10553256	1.2
19575.536095133422	2850	43.53977808690237	0.0	1336050	3814.7214743507675	0.40829006	1.2000000000000002
19580.494590674152	2850	42.581282546175636	0.0	1415116	4958.495540726732	0.004705182	2.85
19586.245550033582	2850	40.83032318674658	0.0	1468126	5750.959359429054	0.004705182	2.85
19592.571625560246	2850	38.50424766007902	0.0	1505760	6326.075526667561	0.004705182	2.85
19600.164322190423	2850	34.91155102990345	0.0	1323990	7592.69663017557	0.004705182	2.85
19610.692517101	2850	28.3833561193258	0.0	1383735	10528.194910577651	0.069019206	2.85
19618.51282389934	1200	24.563049320985755	0.0	590335	7820.306798340044	0.0048483526	-0.44999999999999996
19624.057752903853	1200	23.018120316471705	0.0	696376	5544.929004514052	0.1880712	1.2
19628.66341039692	1200	22.412462823406518	0.0	487160	4605.657493065189	0.059687514	1.2
19632.005161142613	750	23.070712077709924	0.0	400396	3341.7507456965927	0.63407016	0.3
19635.403201245586	750	23.67267197473647	0.0	400508	3398.0401029734544	0.045265526	0.75
19638.765976805407	750	24.309896414914625	0.0	358218	3362.7755598218423	0.032748044	0.75
19642.591369681388	750	24.484503538932195	0.0	400322	3825.392875982429	0.013654191	0.75
19646.272315494956	750	24.80355772536593	0.0	369834	3680.9458135662653	0.0068787877	0.75
19651.559252378916	750	23.516620841403608	0.0	412837	5286.936883962326	0.0062065697	0.75
19655.330405864617	750	23.745467355702683	0.0	401088	3771.153485700925	0.004705182	0.75
19658.381164504364	750	24.694708715955624	0.0	365161	3050.7586397470586	0.011223079	0.75
19660.723703261174	750	26.35216995914511	0.0	321064	2342.538756810513	0.059690196	0.75
19663.71431602147	750	27.361557198849056	0.0	361565	2990.6127602960555	0.24358076	0.75
19668.462503539457	1200	26.61336968085908	0.0	605884	4748.187517989976	0.41356537	0.75
19673.325452029752	1200	25.75042119056516	0.0	587506	4862.948490293917	0.030925062	1.2
19677.76063348356	1200	25.315239736758137	0.0	566904	4435.181453807025	0.018667635	1.2
19682.952379552426	1200	24.123493667892628	0.0	641452	5191.746068865509	0.01275322	1.2
19687.986822666422	1200	23.08905055389609	0.0	599477	5034.443113996537	0.009612205	1.2
19694.64158598028	1200	20.434287240037726	0.0	634861	6654.763313858363	0.008384239	1.2
19699.705469479093	1200	19.370403741227506	0.0	630203	5063.883498810221	0.033585332	1.2
19703.714017440107	1200	19.361855780213112	0.0	638661	4008.547961014395	0.008064361	1.2
19707.69865333565	1200	19.377219884670417	0.0	538612	3984.6358955426954	0.004705182	1.2
19711.850146150195	1200	19.225727070126943	0.0	550906	4151.492814543473	0.0051597	1.2

