23772.861969760273	750	4.0	11.415819972284071	450283	11415.81997228407	-48.338025880821505
23775.685058832645	300	5.176910927625635	0.0	155580	2823.0890723743646	-0.15000000000000002
23777.98146134457	300	6.880508415700065	0.0	139857	2296.4025119255693	0.3
23780.063795698177	300	8.798174062092835	0.0	155432	2082.334353607229	0.3
23783.026972032043	300	9.834997728226448	0.0	163442	2963.1763338663886	0.3
23786.267420105716	300	10.594549654555204	0.0	126289	3240.4480736712444	0.3
23788.933228371094	300	11.928741389173108	0.0	153295	2665.8082653820957	0.3
23793.42533850158	300	11.436631258687633	0.0	173849	4492.110130485475	0.3
23798.0728927964	300	10.78907696386657	0.0	150710	4647.554294821064	0.3
23802.824793766373	300	10.037175993896167	0.0	139105	4751.900969970405	0.3
23807.781037935354	300	9.080931824913973	0.0	141840	4956.244168982194	0.3
23812.872117022154	300	7.9898527381139415	0.0	156148	5091.079086800031	0.3
23817.176004668232	300	7.685965092034298	0.0	160746	4303.887646079643	0.3
23823.29897591717	300	5.562993843097569	0.0	179801	6122.971248936729	0.3
23828.067802436493	300	4.794167323771426	0.0	140051	4768.826519326142	0.3
23832.666493445442	300	4.195476314822005	0.0	138313	4598.691008949421	0.3
23836.0509169023	300	4.811052857963363	0.0	143509	3384.423456858642	0.3
23838.314463465893	300	6.547506294370085	0.0	150616	2263.5465635932774	0.3
23839.901643193803	300	8.960326566457432	0.0	165384	1587.179727912654	0.3
23841.26184274584	300	11.600127014419334	0.0	140881	1360.1995520380992	0.3
23842.56165676876	300	14.30031299149726	0.0	157671	1299.814022922074	0.3
23843.741637300805	300	17.120332459452786	0.0	157812	1179.9805320444698	0.3
23846.568803725255	750	18.293166035003043	0.0	401853	2827.166424449744	0.3
23850.00269292646	1200	18.859276833796525	0.0	536667	3433.8892012065203	0.75
23853.793860837883	1200	19.068108922371763	0.0	587236	3791.1679114247618	1.2
23858.15938558027	1200	18.702584179985518	0.0	590335	4365.524742386244	1.2
23861.117433898566	750	19.744535861691354	0.0	425781	2958.0483182941653	0.3
23863.94277031729	1200	20.919199442964118	0.0	487160	2825.3364187272387	0.75
23866.82984029624	1200	22.03212946401466	0.0	622896	2887.0699789494574	1.2
23870.024033291917	1200	22.837936468335432	0.0	641447	3194.192995679226	1.2
23874.59032591187	1850	22.271643848381448	0.0	873429	4566.292619953984	1.2000000000000002
23879.22991752701	1850	21.632052233245965	0.0	954453	4639.591615135481	1.85
23883.10543280504	1850	21.756536955213196	0.0	885062	3875.5152780327694	1.85
23887.48621693172	1850	21.375752828537987	0.0	1035329	4380.7841266752075	1.85
23891.849885727624	1850	21.012084032632966	0.0	1026056	4363.668795905022	1.85
23896.22527278951	1850	20.636696970746257	0.0	943942	4375.38706188671	1.85
23901.565476657364	2850	19.296493102893894	0.0	1139291	5340.203867852362	1.85
23907.126830183035	1850	17.735139577221286	0.0	938587	5561.353525672611	0.8500000000000001
23913.961852722667	1850	14.900117037592539	0.0	908665	6835.022539628745	1.85
23915.957731125876	1200	16.904238634381873	0.0	587506	1995.8784032106653	0.5499999999999999
23918.47127175495	1200	18.390698005313155	0.0	566904	2513.540629068719	1.2
23921.29242367204	1200	19.569546088218882	0.0	641452	2821.151917094274	1.2
23925.10302680884	1850	19.758942951418643	0.0	886255	3810.6031368002427	1.2000000000000002
23929.308169662978	1850	19.553800097280096	0.0	973972	4205.1428541385485	1.85
23933.453427995802	1850	19.408541764456395	0.0	958994	4145.2583328237015	1.85
23937.62011659073	1850	19.241853169526777	0.0	982064	4166.688594929617	1.85
23941.40744767066	1850	19.454522089597695	0.0	830730	3787.331079929082	1.85
23945.438380767293	1850	19.4235889929643	0.0	846370	4030.9330966333932	1.85

