23455.558822689814	750	4.0	9.971750996673139	450283	9971.75099667314	-42.1285292856945
23459.042446599044	300	4.516376090767351	0.0	155580	3483.623909232648	-0.15000000000000002
23461.327444814593	300	6.23137787521933	0.0	139857	2284.998215548021	0.3
23463.128530500446	300	8.430292189365248	0.0	155432	1801.085685854082	0.3
23464.615415947334	300	10.943406742477846	0.0	163442	1486.8854468874028	0.3
23465.713944508865	300	13.844878180946663	0.0	126289	1098.5285615311818	0.3
23466.935417156063	300	16.623405533748365	0.0	153295	1221.4726471982992	0.3
23469.84502603129	750	17.713796658521918	0.0	437162	2909.608875226446	0.3
23472.43506589919	750	19.12375679062223	0.0	374758	2590.0398678996867	0.75
23474.640526658808	750	20.9182960310042	0.0	362795	2205.4607596180326	0.75
23478.328265862474	1200	21.230556827340592	0.0	607410	3687.7392036636074	0.75
23481.61177034556	1200	21.947052344250576	0.0	594078	3283.504483090014	1.2
23487.77083485786	1200	19.78798783195193	0.0	624282	6159.064512298647	1.2
23490.75255294885	750	20.80626974096356	0.0	434409	2981.7180909883696	0.3
23493.56215489996	750	21.996667789852875	0.0	337059	2809.601951110686	0.75
23497.275951089126	750	22.282871600685134	0.0	366214	3713.7961891677414	0.75
23501.725813315992	750	21.833009373818626	0.0	360831	4449.862226866509	0.75
23504.33701594473	750	23.221806745080716	0.0	372963	2611.202628737908	0.75
23508.27891326796	750	23.279909421849926	0.0	405596	3941.897323230791	0.75
23510.74822733023	750	24.810595359583907	0.0	350713	2469.314062266021	0.75
23513.913238620687	750	25.645584069125547	0.0	386472	3165.0112904583575	0.75
23519.382070344705	750	24.176752345109012	0.0	399894	5468.831724016535	0.75
23526.089454273944	750	21.469368415872296	0.0	401853	6707.383929236716	0.75
23528.78639838446	300	22.772424305351645	0.0	137654	2696.9441105206524	-0.15000000000000002
23531.757498218885	300	23.80132447092947	0.0	146754	2971.0998344221734	0.3
23533.593237878962	300	25.96558481085402	0.0	153938	1835.739660075452	0.3
23536.884745814987	300	26.674076874829037	0.0	181901	3291.507936024982	0.3
23539.12065508982	300	28.438167599995257	0.0	111155	2235.9092748337794	0.3
23542.394462961493	300	29.164359728324733	0.0	153605	3273.8078716705245	0.3
23544.778573734475	300	30.780248955340706	0.0	149029	2384.110772984027	0.3
23547.7037402462	750	31.855082443611394	0.0	358218	2925.166511729313	0.3
23550.470935878082	750	33.0878868117323	0.0	400322	2767.1956318790917	0.75
23552.966686262957	750	34.592136426858985	0.0	369834	2495.750384873317	0.75
23556.660603422148	1200	34.89821926767169	0.0	670129	3693.9171591872882	0.75
23563.54605660438	1200	32.01276608543744	0.0	690253	6885.453182234252	1.2
23568.383013736835	1200	31.17580895298149	0.0	598727	4836.957132455952	1.2
23572.43776805258	1200	31.12105463724171	0.0	487812	4054.7543157397818	1.2
23577.355764930668	1200	30.20305775915153	0.0	575591	4917.9968780901745	1.2
23584.616117890357	1200	26.94270479946333	0.0	605884	7260.352959688204	1.2
23587.077319992066	750	28.48150269775499	0.0	390680	2461.2021017083375	0.3
23588.682087620426	750	30.87673506939377	0.0	345516	1604.7676283612193	0.75
23591.205842638257	1200	32.35298005156364	0.0	641452	2523.755017830131	0.75
23594.091514462998	1200	33.46730822682622	0.0	599477	2885.67182473742	1.2
23600.527957296305	1850	31.030865393517917	0.0	973972	6436.442833308305	1.2000000000000002
23609.088065374304	1850	26.470757315518604	0.0	958994	8560.108077999312	1.85
23614.280648633005	1200	25.27817405682047	0.0	638661	5192.583258698134	0.5499999999999999
23618.18237023059	750	25.376452459235338	0.0	331053	3901.7215975851336	0.3
23620.97545843813	750	26.583364251697073	0.0	314107	2793.0882075382665	0.75

