10178.491362650242	750	4.0	3.998697299309292	450283	3998.697299309292	-16.444398387029956
10182.07169556497	750	4.419667085270441	0.0	398865	3580.332914729559	0.75
10184.664066714571	750	5.8272959356697775	0.0	350812	2592.371149600663	0.75
10192.409501041186	750	4.0	1.9181383909439664	382355	7745.434326613744	-7.497995081059056
10200.772491173062	750	4.0	4.362990131876475	411561	8362.990131876475	-18.010857567068843
10202.486650180412	300	6.28584099264958	0.0	126289	1714.1590073504203	-0.15000000000000002
10204.570339407055	300	8.202151766007267	0.0	153295	2083.689226642311	0.3
10207.082704450379	300	9.6897867226841	0.0	173849	2512.365043323166	0.3
10209.157956533787	300	11.61453463927404	0.0	150710	2075.2520834100596	0.3
10210.802053669486	300	13.970437503576115	0.0	139105	1644.0971356979267	0.3
10212.474376001821	300	16.298115171240138	0.0	141840	1672.322332335979	0.3
10214.631807411783	300	18.140683761278726	0.0	156148	2157.4314099614116	0.3
10216.688877467357	300	20.08361370570438	0.0	160746	2057.0700555743456	0.3
10218.485273576332	300	22.28721759672943	0.0	179801	1796.3961089749482	0.3
10219.668048400654	300	25.10444277240803	0.0	140051	1182.7748243214028	0.3
10221.083100741953	300	27.689390431109093	0.0	138313	1415.052341298939	0.3
10222.870629601799	300	29.90186157126219	0.0	143509	1787.5288598468996	0.3
10226.044453198998	750	30.728037974064048	0.0	372963	3173.823597198143	0.3
10229.932194538174	750	30.840296634888038	0.0	405596	3887.7413391760133	0.75
10233.754473848992	750	31.01801732406873	0.0	350713	3822.2793108193055	0.75
10237.944735469415	750	30.827755703648116	0.0	386472	4190.261620420615	0.75
10242.114833304908	750	30.657657868153585	0.0	399894	4170.097835494529	0.75
10246.564620830472	750	30.207870342590766	0.0	401853	4449.78752556282	0.75
10251.514008736658	750	29.2584824364018	0.0	343800	4949.3879061889675	0.75
10254.401018536628	300	30.371472636433197	0.0	146754	2887.009799968602	-0.15000000000000002
10257.51141726934	300	31.26107390372019	0.0	153938	3110.398732713004	0.3
10260.783826772573	300	31.98866440048662	0.0	181901	3272.409503233573	0.3
10262.523108595702	300	34.24938257735589	0.0	111155	1739.281823130734	0.3
10264.656258506295	300	36.11623266676439	0.0	153605	2133.1499105915	0.3
10266.221152042748	300	38.55133913031102	0.0	149029	1564.893536453366	0.3
10267.91002646269	300	40.86246471036812	0.0	157421	1688.8744199429016	0.3
10270.63089041889	300	42.141600754167904	0.0	157488	2720.8639562002154	0.3
10273.562041046254	300	43.21045012680521	0.0	143881	2931.1506273626956	0.3
10275.86560151232	300	44.90688966073972	0.0	163444	2303.5604660654853	0.3
10277.790121947452	300	46.98236922560842	0.0	179328	1924.5204351313016	0.3
10279.527074550151	300	49.24541662290974	0.0	159914	1736.9526026986882	0.3
10281.34238261459	300	51.43010855847146	0.0	131610	1815.3080644382762	0.3
10282.912678120536	300	53.85981305252516	0.0	124011	1570.295505946299	0.3
10284.449688493849	300	56.32280267921256	0.0	144254	1537.0103733125982	0.3
10285.815725755354	300	58.956765417708695	0.0	149991	1366.0372615038625	0.3
10287.853375998764	300	59.56947051271462	0.0	147968	1387.294904994077	0.3
10290.599162701381	300	59.971754840113185	0.0	161857	1597.7156726014325	0.3
10295.627418223716	750	58.943499317777956	0.0	372093	5028.255522335228	0.3
10301.948057237629	750	56.622860303865814	0.0	438281	6320.63901391214	0.75
10303.324059305914	300	59.24685823558088	0.0	167025	1376.002068284927	-0.15000000000000002
10306.050400980435	300	59.97017115809472	0.0	160064	1276.68707748616	0.3
10308.866949778107	750	59.54672412927694	0.0	331053	2423.447028817782	0.3
10311.457647537825	750	59.5079260388434	0.0	314107	2038.7980904335452	0.75

