14962.075875631721	750	4.0	3.252274383373264	450283	3252.2743833732643	-13.234779848505035
14963.049735550881	300	7.026140080838887	0.0	155580	973.8599191611128	-0.15000000000000002
14964.805658703131	750	9.270216928590129	0.0	350812	1755.923152248758	0.3
14966.25881301102	750	11.817062620701272	0.0	382355	1453.154307888858	0.75
14967.97462996507	750	14.101245666650582	0.0	411561	1715.8169540506892	0.75
14969.085539793015	750	16.99033583870658	0.0	318564	1110.9098279440013	0.75
14971.040447905643	1200	19.03542772607728	0.0	561791	1954.9081126293001	0.75
14973.813331843277	1200	20.262543788442915	0.0	709534	2772.883937634363	1.2
14976.497183305937	1200	21.578692325782395	0.0	584846	2683.8514626605197	1.2
14979.214222174694	1200	22.86165345702523	0.0	560821	2717.0388687571653	1.2
14981.842034761314	1200	24.233840870407132	0.0	607410	2627.8125866180967	1.2
14983.908973077096	1200	26.16690255462515	0.0	594078	2066.9383157819843	1.2
14986.44287928177	1200	27.632996349950503	0.0	624282	2533.9062046746462	1.2
14989.980521533658	1200	28.095354098062742	0.0	687371	3537.6422518877575	1.2
14993.53639334191	1200	28.539482289811286	0.0	526950	3555.871808251457	1.2
14995.966757422917	1200	30.109118208804244	0.0	587876	2430.364081007042	1.2
14998.458679744119	1200	31.617195887602396	0.0	617242	2491.9223212018464	1.2
15000.94153667451	1200	33.13433895721019	0.0	581493	2482.856930392213	1.2
15003.47967264536	1200	34.59620298636127	0.0	639204	2538.13597084892	1.2
15006.97387158313	1850	35.102004048591915	0.0	923755	3494.1989377693553	1.2000000000000002
15010.896948605658	1850	35.17892702606277	0.0	891604	3923.0770225291426	1.85
15016.293511237996	1850	33.78236439372623	0.0	955231	5396.562632336542	1.85
15023.178376524169	1850	30.897499107553777	0.0	968026	6884.865286172455	1.85
15027.277713974321	1200	30.79816165740067	0.0	536667	4099.337450153105	0.5499999999999999
15031.203448146038	1200	30.872427485683534	0.0	587236	3925.7341717171375	1.2
15032.855487927729	750	33.22038770399228	0.0	379700	1652.0397816912523	0.3
15036.094226969268	1200	33.98164866245429	0.0	696376	3238.739041537992	0.75
15038.536974995404	1200	35.53890063631725	0.0	487160	2442.7480261370324	1.2
15045.957166926457	1850	32.11870870526591	0.0	972798	7420.191931051339	1.2000000000000002
15051.02741395004	1200	31.048461681684234	0.0	641447	5070.247023581675	0.5499999999999999
15053.123440170002	1200	32.9524354617225	0.0	570392	2096.0262199617273	1.2
15055.202724838406	1200	34.873150793317606	0.0	620283	2079.2846684048964	1.2
15058.59948526	1200	35.4763903717235	0.0	584349	3396.760421594113	1.2
15063.00546977876	1850	35.07040585296511	0.0	1035329	4405.984518758387	1.2000000000000002
15067.525895919878	1850	34.54997971184628	0.0	1026056	4520.426141118834	1.85
15074.47943580657	1850	31.596439825154416	0.0	943942	6953.5398866918595	1.85
15077.304785424378	1200	32.77109020734775	0.0	487812	2825.3496178066634	0.5499999999999999
15081.644907034803	1200	32.43096859692276	0.0	575591	4340.1216104249925	1.2
15085.434662749576	1200	32.6412128821508	0.0	605884	3789.755714771953	1.2
15088.06649709775	1200	34.00937853397546	0.0	587506	2631.834348175352	1.2
15089.914089928701	1200	36.16178570302554	0.0	566904	1847.592830949919	1.2
15094.616494598891	1850	35.459381032834834	0.0	1025005	4702.404670190711	1.2000000000000002
15097.744019163001	1850	36.3318564687254	0.0	886255	3127.5245641094325	1.85
15102.251010159353	2850	35.824865472373034	0.0	1587250	4506.990996352361	1.85
15115.048448274858	4300	27.027427356868138	0.0	2124950	12797.4381155049	2.8499999999999996
15121.12430150647	1200	24.951574125256016	0.0	638661	6075.853231612123	-1.9000000000000001
15124.22451177392	1200	25.851363857807275	0.0	538612	3100.2102674487396	1.2
15128.650631264489	1200	25.425244367237692	0.0	550906	4426.119490569587	1.2

