13741.081870024165	750	4.0	4.010168074006698	450283	4010.168074006698	-16.4937227182288
13742.25578811681	300	6.8260819073535774	0.0	155580	1173.9180926464226	-0.15000000000000002
13743.260802297415	300	9.821067726748996	0.0	139857	1005.0141806045834	0.3
13744.389021185949	300	12.692848838215301	0.0	155432	1128.218888533694	0.3
13746.793950150073	750	14.287919874092832	0.0	411561	2404.9289641224673	0.3
13748.528740395152	750	16.553129629014798	0.0	318564	1734.7902450780355	0.75
13751.37413479711	1200	17.70773522705677	0.0	561791	2845.3944019580313	0.75
13755.056511851159	1200	18.025358173007312	0.0	709534	3682.377054049456	1.2
13758.148961948538	1200	18.932908075627193	0.0	584846	3092.4500973801187	1.2
13760.466442590114	1200	20.615427434051988	0.0	560821	2317.4806415752073	1.2
13762.985312109146	1200	22.096557915019748	0.0	607410	2518.8695190322383	1.2
13766.45195109289	1200	22.629918931276944	0.0	594078	3466.6389837428032	1.2
13770.263605457852	1200	22.81826456631456	0.0	624282	3811.654364962386	1.2
13773.805429924625	1200	23.2764400995403	0.0	687371	3541.824466774261	1.2
13776.366984812468	1200	24.714885211698107	0.0	526950	2561.554887842191	1.2
13779.038498556396	1200	26.043371467770307	0.0	587876	2671.5137439278	1.2
13781.897100589102	1200	27.184769435064503	0.0	617242	2858.602032705802	1.2
13784.563285146933	1200	28.518584877233646	0.0	581493	2666.1845578308585	1.2
13789.172713256752	1850	27.90915676741531	0.0	987708	4609.428109818335	1.2000000000000002
13793.633599156195	1850	27.448270867971885	0.0	923755	4460.885899443426	1.85
13798.403260788276	1850	26.678609235889827	0.0	891604	4769.6616320820585	1.85
13801.722342154637	1200	27.35952786953005	0.0	616206	3319.081366359775	0.5499999999999999
13806.03917245695	1200	27.042697567217118	0.0	656471	4316.830302312933	1.2
13809.329784991236	1200	27.752085032931376	0.0	536667	3290.6125342857404	1.2
13812.584996426927	1200	28.49687359724058	0.0	587236	3255.2114356907937	1.2
13816.31836634146	1200	28.763503682707285	0.0	590335	3733.369914533297	1.2
13820.419866640574	1200	28.6620033835939	0.0	696376	4101.500299113385	1.2
13823.080044894832	1200	30.00182512933683	0.0	487160	2660.1782542570686	1.2
13826.823790390674	1200	30.258079633494948	0.0	622896	3743.745495841883	1.2
13831.595330735672	1200	29.486539288496502	0.0	641447	4771.540344998449	1.2
13837.51923075189	1200	27.562639272278968	0.0	570392	5923.900016217532	1.2
13842.009842709862	1200	27.07202731430877	0.0	620283	4490.611957970197	1.2
13846.505582957774	750	26.5762870663966	0.0	369834	4495.740247912171	0.3
13853.934295320032	750	23.14757470413843	0.0	412837	7428.712362258166	0.75
13856.311479202712	300	24.770390821459166	0.0	179328	2377.1838826792655	-0.15000000000000002
13858.120231486453	300	26.96163853771774	0.0	159914	1808.7522837414251	0.3
13859.481637157714	300	29.60023286645713	0.0	131610	1361.4056712606096	0.3
13862.765750845658	750	30.316119178512714	0.0	361565	3284.113687944412	0.3
13866.216601665537	750	30.865268358633035	0.0	378327	3450.850819879681	0.75
13870.992391885646	750	30.089478138525976	0.0	390680	4775.790220107059	0.75
13873.790181255237	750	31.291688768933586	0.0	345516	2797.7893695923935	0.75
13877.352290119088	750	31.729579905084137	0.0	384505	3562.108863849448	0.75
13881.1866496806	750	31.89522034357121	0.0	372093	3834.3595615129284	0.75
13885.592666017763	750	31.489204006406815	0.0	438281	4406.016337164394	0.75
13893.100811772629	1200	27.98105825154137	0.0	630203	7508.145754865445	0.75
13896.798230022392	750	28.283640001780128	0.0	393804	3697.418249761241	0.3
13899.40721213543	750	29.674657888743422	0.0	331053	2608.9821130367045	0.75
13902.4201111568	750	30.661758867371013	0.0	314107	3012.8990213724096	0.75

