7623.787236620949	750	4.0	2.752351768226307	450283	2752.351768226307	-11.085112603373119
7624.807136399643	300	6.980100221306277	0.0	155580	1019.8997786937232	-0.15000000000000002
7625.9290954627295	300	9.858141158220798	0.0	139857	1121.959063085479	0.3
7627.160039009729	300	12.627197611221074	0.0	155432	1230.943546999725	0.3
7629.453670787302	750	14.33356583364831	0.0	411561	2293.6317775727634	0.3
7630.215642176684	750	17.571594444266378	0.0	318564	761.9713893819307	0.75
7639.111856566778	1850	12.675380054171857	0.0	905515	8896.214390094521	0.75
7644.897459769458	750	10.889776851492554	0.0	437162	5785.603202679304	-0.3500000000000001
7647.49252727303	750	12.294709347919927	0.0	374758	2595.067503572627	0.75
7651.246683652774	750	12.540552968176033	0.0	362795	3754.1563797438944	0.75
7655.931239121272	750	11.855997499678681	0.0	353220	4684.555468497353	0.75
7661.598534582297	750	10.188702038652668	0.0	405134	5667.295461026013	0.75
7662.494131237284	300	13.293105383665514	0.0	160746	895.596654987154	-0.15000000000000002
7663.994747466326	750	15.792489154624054	0.0	434409	1500.61622904146	0.3
7668.180426659458	1850	15.606809961491777	0.0	821631	4185.679193132277	0.75
7675.469595243934	1850	12.317641377015214	0.0	923170	7289.1685844765625	1.85
7679.24147718604	750	12.545759434909646	0.0	360831	3771.8819421055664	-0.3500000000000001
7681.70900921622	750	14.078227404729345	0.0	372963	2467.5320301803026	0.75
7687.925006938959	750	11.862229681990389	0.0	405596	6215.9977227389545	0.75
7691.624036319289	750	12.163200301660355	0.0	350713	3699.0293803300337	0.75
7693.884855782618	750	13.90238083833231	0.0	386472	2260.8194633280477	0.75
7699.763316163904	750	12.023920457045813	0.0	399894	5878.460381286494	0.75
7704.359797379107	750	11.427439241843269	0.0	401853	4596.481215202544	0.75
7709.092161052881	750	10.69507556806859	0.0	343800	4732.363673774678	0.75
7711.710797985728	300	12.076438635221045	0.0	146754	2618.636932847544	-0.15000000000000002
7713.327312041284	300	14.459924579664232	0.0	153938	1616.5140555568132	0.3
7714.760545236936	300	17.026691384013255	0.0	181901	1433.2331956509745	0.3
7718.2834662514715	750	17.50377036947797	0.0	277716	3522.921014535284	0.3
7721.105678083734	750	18.6815585372143	0.0	400396	2822.2118322636697	0.75
7724.049969730984	750	19.737266889964605	0.0	400508	2944.2916472496936	0.75
7726.66089797553	750	21.126338645418844	0.0	358218	2610.9282445457593	0.75
7729.056153438824	750	22.731083182125555	0.0	400322	2395.255463293289	0.75
7736.700618996323	1850	19.086617624627007	0.0	885062	7644.465557498547	0.75
7744.982972136954	1850	14.804264483995988	0.0	1035329	8282.35314063102	1.85
7748.122952190039	750	15.664284430911527	0.0	401088	3139.98005308446	-0.3500000000000001
7751.798146783635	750	15.989089837315326	0.0	365161	3675.194593596201	0.75
7754.767351849514	750	17.019884771436285	0.0	321064	2969.2050658790404	0.75
7757.302541464879	750	18.484695156071474	0.0	361565	2535.189615364813	0.75
7760.432261322171	750	19.35497529877905	0.0	378327	3129.7198572924244	0.75
7763.0484203795095	750	20.738816241441654	0.0	390680	2616.1590573373933	0.75
7770.625969582865	1850	17.16126703808596	0.0	858450	7577.549203355696	0.75
7780.396032435001	1850	11.39120418594997	0.0	1025005	9770.06285213599	1.85
7783.863124162353	750	11.924112458597207	0.0	372093	3467.0917273527634	-0.3500000000000001
7787.959325903456	750	11.82791071749388	0.0	438281	4096.201741103327	0.75
7793.817714928962	750	9.969521691988112	0.0	398987	5858.389025505769	0.75
7797.591076430723	300	10.19616019022772	0.0	160064	3773.361501760391	-0.15000000000000002
7799.796328140419	300	11.990908480531878	0.0	137507	2205.251709695842	0.3
7800.753304601723	300	15.03393201922788	0.0	118421	956.9764613039979	0.3

