1776.2605519878355	750	4.0	7.571061952176263	450283	7571.061952176264	0.004705182	-31.805566394357932
1778.2403464109964	300	6.020205576839139	0.0	155580	1979.794423160861	0.004705182	-0.15000000000000002
1779.3333583923093	300	8.927193595526365	0.0	139857	1093.0119813127735	0.004705182	0.3
1780.2645493783568	300	11.996002609478529	0.0	155432	931.1909860478366	0.004705182	0.3
1791.2243434865331	2850	5.03620850130229	0.0	1472558	10959.794108176238	0.10909324	0.30000000000000027
1792.1661533769568	300	8.094398610878613	0.0	126289	941.8098904236763	0.0049369265	-2.25
1793.3254030692588	300	10.93514891857658	0.0	153295	1159.2496923020337	0.0053687254	0.3
1796.1766804127965	300	12.08387157503879	0.0	173849	2851.27734353779	0.004705182	0.3
1797.854979574825	300	14.405572413010319	0.0	150710	1678.2991620284718	0.004705182	0.3
1799.3915030096812	300	16.86904897815422	0.0	139105	1536.5234348560966	0.01660482	0.3
1801.954745266797	300	18.305806721038397	0.0	141840	2563.2422571158218	0.004705182	0.3
1804.8817340208361	300	19.37881796699918	0.0	156148	2926.988754039215	0.004705182	0.3
1808.7053838972165	300	19.555168090618867	0.0	160746	3823.649876380314	0.004705182	0.3
1813.6261571245927	300	18.634394863242697	0.0	179801	4920.773227376167	0.004705182	0.3
1816.9193088003647	300	19.341243187470816	0.0	140051	3293.151675771882	0.004705182	0.3
1819.1687804252708	300	21.09177156256458	0.0	138313	2249.4716249062367	0.004705182	0.3
1820.5671877978152	300	23.69336419002011	0.0	143509	1398.4073725444712	0.004705182	0.3
1821.6996638940875	300	26.560888093747767	0.0	150616	1132.4760962723415	0.0069118515	0.3
1823.1226551683114	300	29.137896819523842	0.0	165384	1422.9912742239235	0.091741696	0.3
1824.400288549117	300	31.8602634387182	0.0	140881	1277.6333808056397	0.30635536	0.3
1825.7220494019527	300	34.53850258588255	0.0	157671	1321.7608528356538	0.69400376	0.3
1828.677289445499	750	35.58326254233618	0.0	399894	2955.240043546364	0.10128519	0.3
1831.8795679128425	750	36.380984074992426	0.0	401853	3202.278467343755	0.0059722983	0.75
1834.4889135979092	750	37.771638389925755	0.0	343800	2609.345685066672	0.0107052615	0.75
1838.294986105423	750	37.96556588241218	0.0	359903	3806.0725075135774	0.031762816	0.75
1842.324308380635	750	37.936243607200105	0.0	379700	4029.322275212071	0.013429349	0.75
1849.5743192800123	750	34.68623270782276	0.0	425781	7250.010899377347	0.013673983	0.75
1854.1265689950928	750	34.13398299274217	0.0	277716	4552.24971508059	0.004705182	0.75
1858.2839474063499	750	33.976604581484914	0.0	400396	4157.378411257256	0.004705182	0.75
1862.1549907873575	750	34.10556120047728	0.0	400508	3871.0433810076256	0.0066178753	0.75
1865.0421027635948	750	35.21844922424006	0.0	358218	2887.1119762372296	0.020133661	0.75
1867.8112020708475	750	36.4493499169876	0.0	400322	2769.0993072524575	0.15651146	0.75
1871.6695178776226	1200	36.591034110212334	0.0	584349	3858.3158067752693	0.69601935	0.75
1878.530549196953	1200	33.73000279088215	0.0	670129	6861.031319330188	0.006802278	1.2
1887.6824127592035	1200	28.578139228631635	0.0	690253	9151.863562250519	0.080350064	1.2
1892.6672361977894	1200	27.593315790045683	0.0	598727	4984.8234385859505	0.6011051	1.2
1896.4943207605866	1200	27.76623122724862	0.0	487812	3827.0845627970625	0.073677026	1.2
1900.8673596274564	1200	27.39319236037864	0.0	575591	4373.038866869978	0.06092578	1.2
1905.2482885964448	1200	27.012263391390178	0.0	605884	4380.928968988465	0.013230523	1.2
1913.9705381212966	1200	22.29001386653844	0.0	587506	8722.249524851737	0.005108599	1.2
1927.3502250664976	1200	12.910326921337337	0.0	566904	13379.686945201103	0.545941	1.2
1929.8337911922251	300	14.426760795609866	0.0	161857	2483.566125727471	0.020149007	-0.6000000000000001
1932.8667343320542	750	15.393817655780964	0.0	372093	3032.9431398289025	0.6968284	0.3
1936.4550189412266	750	15.80553304660853	0.0	438281	3588.2846091724327	0.009596571	0.75
1939.5243891992639	750	16.736162788571267	0.0	398987	3069.3702580372624	0.13553995	0.75
1942.5880537535807	750	17.67249823425451	0.0	393804	3063.6645543167588	0.44679034	0.75
1945.0895152675862	750	19.171036720249077	0.0	331053	2501.46151400543	0.69249463	0.75
1948.5898694178925	750	19.67068256994266	0.0	314107	3500.35415030642	0.67952394	0.75

