685.0358550390014	750	4.0	2.8275693741498356	450283	2827.5693741498358	-11.408548308844292
685.8684554355242	300	7.167399603477153	0.0	155580	832.600396522847	-0.15000000000000002
686.5837064771199	300	10.452148561881389	0.0	139857	715.2510415957636	0.3
690.1125404568378	1200	10.923314582163568	0.0	617681	3528.833979717821	0.29999999999999993
701.3745627761585	1200	4.0	0.3387077371572614	652874	11262.02231932083	-0.256443269776224
703.9584608521455	300	5.416101924013002	0.0	126289	2583.8980759869974	-0.6000000000000001
706.4929349334883	300	6.881627842670255	0.0	153295	2534.4740813427475	0.3
709.4780034790617	300	7.896559297096772	0.0	173849	2985.0685455734833	0.3
713.7183512102969	300	7.656211565861717	0.0	150710	4240.347731235054	0.3
718.1945697982163	300	7.17999297794218	0.0	139105	4476.218587919538	0.3
721.7952730352729	300	7.57928974088569	0.0	141840	3600.7032370564903	0.3
725.2762196567754	300	8.098343119383106	0.0	156148	3480.946621502583	0.3
728.2427947302862	300	9.131768045872503	0.0	160746	2966.5750735106035	0.3
731.451479696102	300	9.92308308005659	0.0	179801	3208.6849658159117	0.3
734.1673230524015	300	11.207239723757105	0.0	140051	2715.843356299485	0.3
736.917700795426	300	12.456861980732636	0.0	138313	2750.3777430244695	0.3
740.4829710513235	300	12.891591724835122	0.0	143509	3565.2702558975143	0.3
743.9711089651247	300	13.403453811033925	0.0	150616	3488.137913801196	0.3
747.163217577057	300	14.211345199101508	0.0	165384	3192.108611932417	0.3
749.6164055805019	300	15.758157195656684	0.0	140881	2453.188003444823	0.3
752.5377642224647	300	16.836798553693843	0.0	157671	2921.358641962839	0.3
755.4916693447108	300	17.882893431447847	0.0	157812	2953.905122245995	0.3
759.0404500478412	300	18.33411272831743	0.0	163927	3548.7807031304196	0.3
763.273172181205	300	18.10139059495361	0.0	137654	4232.722133363818	0.3
767.6758605943073	300	17.69870218185126	0.0	146754	4402.68841310235	0.3
769.1591739551333	300	20.21538882102526	0.0	153938	1483.3133608259946	0.3
770.7345113400239	300	22.64005143613466	0.0	181901	1575.337384890605	0.3
771.7756196432701	300	25.59894313288851	0.0	111155	1041.108303246147	0.3
773.2776270139033	300	28.096935762255445	0.0	153605	1502.007370633065	0.3
776.7304990329272	750	28.644063743231424	0.0	400508	3452.8720190240188	0.3
781.2052911727062	750	28.169271603452465	0.0	358218	4474.792139778963	0.75
786.9564670045984	750	26.418095771560314	0.0	400322	5751.1758318921475	0.75
788.3422743274632	300	29.032288448695372	0.0	143881	1385.8073228649403	-0.15000000000000002
791.4816626021407	750	29.89290017401787	0.0	412837	3139.388274677503	0.3
794.1023779281473	750	31.27218484801126	0.0	401088	2620.715326006613	0.75
796.9952175950436	750	32.37934518111504	0.0	365161	2892.8396668962205	0.75
801.7400339301636	1200	31.634528845995067	0.0	487812	4744.816335119973	0.75
812.8213469511793	1200	24.553215824979375	0.0	575591	11081.313021015692	1.2
815.3274673498935	300	26.0470954262652	0.0	144254	2506.120398714176	-0.6000000000000001
817.5149067764268	300	27.859655999732052	0.0	149991	2187.4394265331493	0.3
819.1462466457407	300	30.228316130418015	0.0	147968	1631.3398693140364	0.3
822.6943089377876	750	30.680253838371115	0.0	384505	3548.0622920468995	0.3
825.3407229394534	750	32.03383983670537	0.0	372093	2646.4140016657484	0.75
829.1080471688355	1200	32.2665156073233	0.0	634861	3767.3242293820667	0.75
832.1107491258288	1200	33.26381365033003	0.0	630203	3002.7019569932727	1.2
843.057844693714	1200	26.31671808244478	0.0	638661	10947.095567885248	1.2
849.0457955289095	750	24.32876724724925	0.0	331053	5987.950835195529	0.3
855.604843136337	750	21.76971963982163	0.0	314107	6559.04760742762	0.75

