7194.782300018059	750	4.0	0.8872836624630916	450283	887.2836624630917	-3.065319748591294
7196.739975267434	1850	6.042324750625549	0.0	957685	1957.6752493744507	0.75
7198.698756852421	1850	8.083543165637957	0.0	877771	1958.7815849875915	1.85
7200.718678754076	1850	10.063621263983215	0.0	933276	2019.921901654742	1.85
7202.727691950106	1850	12.054608067952206	0.0	996749	2009.013196031011	1.85
7204.280775491416	1850	14.501524526642832	0.0	801058	1553.0835413093735	1.85
7206.034598591467	1850	16.747701426590645	0.0	905515	1753.8231000521891	1.85
7209.790125468942	2850	16.992174549115656	0.0	1638769	3755.526877474986	1.85
7212.791177910916	2850	17.991122107141496	0.0	1348011	3001.052441974164	2.85
7216.137284007047	2850	18.645016011010323	0.0	1429765	3346.106096131171	2.85
7218.557707525919	1850	20.224592492138893	0.0	939819	2420.4235188714283	0.8500000000000001
7220.660389785601	1850	22.121910232457534	0.0	917428	2102.6822596813613	1.85
7223.171147176082	1850	23.61115284197605	0.0	946851	2510.7573904814813	1.85
7225.865270943252	1850	24.91702907480672	0.0	1036454	2694.1237671693316	1.85
7227.63756001228	1850	27.144740005778086	0.0	821631	1772.2890690286335	1.85
7231.273307570123	2850	27.508992447936212	0.0	1471065	3635.7475578418757	1.85
7249.3220813645885	2850	13.460218653469324	0.0	1491626	18048.773794466888	2.85
7253.026809111605	750	13.755490906452813	0.0	372963	3704.7277470165122	-1.35
7254.432020980715	750	16.350279037343803	0.0	405596	1405.2118691090116	0.75
7255.490835431674	750	19.291464586385036	0.0	350713	1058.8144509587667	0.75
7255.965936858329	300	22.816363159729455	0.0	157671	475.10142665557805	-0.15000000000000002
7257.054151347372	750	25.728148670686462	0.0	399894	1088.2144890429931	0.3
7259.751890934859	1850	27.030409083198688	0.0	968026	2697.739587487775	0.75
7262.483330025605	1850	28.298969992453223	0.0	874175	2731.4390907454667	1.85
7265.382110640508	1850	29.400189377550806	0.0	897976	2898.7806149024145	1.85
7267.668133044709	1850	31.114166973348677	0.0	905935	2286.0224042021305	1.85
7271.005617777765	1850	31.776682240292992	0.0	1076599	3337.484733055686	1.85
7273.370648342378	1850	33.411651675679735	0.0	758197	2365.0305646132515	1.85
7278.550665304381	1850	32.231634713676634	0.0	972798	5180.016962003105	1.85
7283.089586207711	1850	31.69271381034656	0.0	975811	4538.920903330067	1.85
7285.105976070244	1200	33.676323947813785	0.0	570392	2016.3898625327795	0.5499999999999999
7286.672684374518	1200	36.10961564354	0.0	620283	1566.7083042737786	1.2
7288.559225648846	1200	38.223074369210956	0.0	584349	1886.5412743290476	1.2
7292.378210124678	1850	38.40408989337912	0.0	1035329	3818.984475831829	1.2000000000000002
7297.903282169661	2850	36.87901784839669	0.0	1492672	5525.0720449824275	1.85
7300.557617923543	1850	38.22468209451459	0.0	943942	2654.3357538821106	0.8500000000000001
7303.4121644834895	1850	39.37013553456799	0.0	728962	2854.5465599465974	1.85
7307.737912690328	2850	39.044387327729545	0.0	1499009	4325.748206838447	1.85
7311.202034115281	2850	39.580265902776254	0.0	1427478	3464.121424953284	2.85
7315.981105846989	4300	38.80119417106857	0.0	2146120	4779.071731707687	2.8499999999999996
7320.781437017457	4300	38.00086300059955	0.0	2108491	4800.331170469023	4.3
7325.882455553515	4300	36.899844464542504	0.0	2184571	5101.0185360570495	4.3
7330.715828752777	4300	36.066471265279866	0.0	2121928	4833.373199262637	4.3
7335.557546043988	4300	35.22475397407042	0.0	2219102	4841.717291209446	4.3
7340.284276055177	4300	34.49802396288105	0.0	2124950	4726.730011189362	4.3
7345.212547902051	4300	33.569752116007194	0.0	2246506	4928.2718468738585	4.3
7350.78165047474	4300	32.000649543317486	0.0	1961140	5569.102572689707	4.3
7355.854106393572	4300	30.928193624485917	0.0	2155012	5072.455918831569	4.3

