23017.44726224446	750	4.0	5.84241140162946	450283	5842.41140162946	-24.372369027006677
23019.18054299019	300	6.266719254268797	0.0	155580	1733.2807457312028	-0.15000000000000002
23020.38183105927	300	9.065431185188647	0.0	139857	1201.2880690801505	0.3
23021.683045034053	300	11.76421721040178	0.0	155432	1301.2139747868682	0.3
23023.023113210944	300	14.424149033514515	0.0	163442	1340.0681768872635	0.3
23025.38856409614	750	16.058698148316054	0.0	318564	2365.450885198462	0.3
23027.77293761538	750	17.674324629076867	0.0	352642	2384.3735192391878	0.75
23030.7429392377	750	18.704323006754894	0.0	437162	2970.00162232197	0.75
23033.094982938863	750	20.35227930559364	0.0	374758	2352.0437011612544	0.75
23035.32865485321	750	22.118607391247252	0.0	362795	2233.671914346389	0.75
23037.397938531023	750	24.049323713435793	0.0	353220	2069.2836778114593	0.75
23040.14010903633	750	25.30715320812794	0.0	405134	2742.170505307854	0.75
23045.55358476896	1850	23.893677475497103	0.0	946851	5413.475732630834	0.75
23054.926244937375	1850	18.52101730708541	0.0	1036454	9372.660168411698	1.85
23067.101152961506	1850	10.3461092829541	0.0	821631	12174.908024131308	1.85
23073.641799251025	750	7.805462993436262	0.0	366214	6540.646289517837	-0.3500000000000001
23075.216194461344	300	10.231067783116826	0.0	143509	1574.3952103194356	-0.15000000000000002
23076.7067426366	300	12.740519607854635	0.0	150616	1490.5481752621931	0.3
23078.181587268733	300	15.265674975723602	0.0	165384	1474.8446321310307	0.3
23081.87700652473	750	15.57025571972632	0.0	350713	3695.4192559972817	0.3
23085.80852463587	750	15.638737608585272	0.0	386472	3931.518111141049	0.75
23089.678598972077	750	15.768663272378534	0.0	399894	3870.0743362067383	0.75
23092.462320518698	750	16.984941725758734	0.0	401853	2783.7215466198004	0.75
23094.533828203308	750	18.913434041146946	0.0	343800	2071.5076846117868	0.75
23096.903348921183	750	20.54391332327282	0.0	359903	2369.520717874124	0.75
23099.16445963431	750	22.28280261014438	0.0	379700	2261.1107131284393	0.75
23102.318786940872	750	23.12847530358333	0.0	425781	3154.3273065610524	0.75
23106.33038976443	1850	23.116872480028128	0.0	758197	4011.6028235552	0.75
23112.35497900857	1850	21.092283235885652	0.0	972798	6024.589244142475	1.85
23119.812531849315	1850	17.63473039514165	0.0	975811	7457.552840744007	1.85
23126.314940106964	1850	15.13232213748981	0.0	873429	6502.408257651837	1.85
23134.264502928338	1850	11.182759316117588	0.0	954453	7949.562821372221	1.85
23136.866077737024	750	12.581184507429953	0.0	369834	2601.574808687635	-0.3500000000000001
23139.263066908807	750	14.184195335647653	0.0	412837	2396.9891717822998	0.75
23142.254343460863	750	15.192918783591878	0.0	401088	2991.276552055774	0.75
23145.126984727427	750	16.320277517027456	0.0	365161	2872.641266564421	0.75
23147.359003692334	750	18.088258552121893	0.0	321064	2232.0189649055646	0.75
23149.39792049431	750	20.049341750143743	0.0	361565	2038.916801978151	0.75
23156.743857821908	1850	16.70340442254694	0.0	908665	7345.937327596807	0.75
23166.585728830265	1850	10.861533414186185	0.0	930577	9841.871008360751	1.85
23168.734343943983	750	12.7129183004713	0.0	345516	2148.615113714886	-0.3500000000000001
23170.989400849594	750	14.457861394857598	0.0	384505	2255.056905613702	0.75
23173.1905372943	750	16.25672495015316	0.0	372093	2201.1364447044393	0.75
23175.844281292208	750	17.602980952242422	0.0	438281	2653.7439979107357	0.75
23178.021319800668	750	19.425942443783672	0.0	398987	2177.038508458751	0.75
23180.309009294746	750	21.138252949705326	0.0	393804	2287.6894940783463	0.75
23185.63579207484	1850	19.81147016960864	0.0	830730	5326.782780096683	0.75
23194.60944949143	1850	14.837812753017982	0.0	846370	8973.65741659066	1.85

