20175.641079966088	750	4.0	6.212365695121308	450283	6212.365695121308	-25.963172489021623
20177.1481692201	300	6.492910745984942	0.0	155580	1507.089254015058	-0.15000000000000002
20178.7177167207	300	8.923363245387266	0.0	139857	1569.547500597674	0.3
20185.09110757826	750	6.549972387829626	0.0	382355	6373.3908575576415	0.3
20186.89721728332	300	8.743862682769413	0.0	163442	1806.109705060213	-0.15000000000000002
20191.360361535433	750	8.280718430655625	0.0	318564	4463.144252113789	0.3
20195.57107966196	750	8.070000304126074	0.0	352642	4210.71812652955	0.75
20199.856403379974	750	7.78467658611389	0.0	437162	4285.323718012184	0.75
20202.235172651974	750	9.405907314114577	0.0	374758	2378.769271999314	0.75
20206.591755968755	1200	9.049323997335438	0.0	560821	4356.583316779137	0.75
20215.714982268542	1200	4.0	0.07390230245197017	607410	9123.22629978741	0.8822200994565282
20218.21396660781	300	5.501015660728619	0.0	156148	2498.9843392713815	-0.6000000000000001
20221.44165936858	300	6.2733228999625865	0.0	160746	3227.6927607660327	0.3
20225.924459542573	300	5.790522725968792	0.0	179801	4482.8001739937945	0.3
20229.44047096757	300	6.274511300972236	0.0	140051	3516.0114249965554	0.3
20233.08863918702	300	6.626343081521862	0.0	138313	3648.168219450375	0.3
20236.910107842912	300	6.804874425628884	0.0	143509	3821.468655892978	0.3
20239.725319665245	300	7.989662603295305	0.0	150616	2815.2118223335783	0.3
20243.210186538206	750	8.504795730331187	0.0	405596	3484.866872964118	0.3
20246.366086163816	750	9.348896104723542	0.0	350713	3155.8996256076434	0.75
20251.47277919531	1200	8.242203073229774	0.0	601738	5106.693031493769	0.75
20254.719944573386	750	8.995037695152456	0.0	399894	3247.1653780773177	0.3
20258.185386727655	750	9.529595540885275	0.0	401853	3465.44215426718	0.75
20263.390443112654	1200	8.324539155886098	0.0	536667	5205.056384999176	0.75
20269.819620271843	750	5.8953619966955175	0.0	359903	6429.177159190582	0.3
20274.23326495298	300	5.4817173155602275	0.0	153938	4413.64468113529	-0.15000000000000002
20279.638783802184	300	4.076198466356595	0.0	181901	5405.518849203633	0.3
20283.3593470235	300	4.355635245044497	0.0	111155	3720.563221312097	0.3
20288.11715559213	300	4.0	0.40217332358491875	153605	4757.808568629416	-1.4293452914151505
20292.22527183111	300	4.0	0.10811623898143716	149029	4108.116238981437	-0.1648998276201798
20295.7404768865	300	4.4847949446079864	0.0	157421	3515.2050553920135	0.3
20298.30198833428	300	5.923283496833505	0.0	157488	2561.511447774482	0.3
20300.46259632297	300	7.762675508144619	0.0	143881	2160.607988688885	0.3
20306.93589200363	750	5.2893798274854715	0.0	412837	6473.295680659147	0.3
20310.628955714456	300	5.596316116656952	0.0	179328	3693.063710828519	-0.15000000000000002
20313.242387128732	300	6.982884702380826	0.0	159914	2613.431414276127	0.3
20315.138254569298	300	9.087017261815502	0.0	131610	1895.8674405653232	0.3
20324.89332737703	1200	4.0	0.6680555459170646	575591	9755.072807732568	-2.572638847443378
20327.229156402704	300	5.664170974329429	0.0	144254	2335.829025670572	-0.6000000000000001
20329.654700036775	300	7.238627340257898	0.0	149991	2425.5436340715314	0.3
20332.92628428637	750	7.967043090662408	0.0	345516	3271.584249595489	0.3
20336.38102719383	750	8.512300183204037	0.0	384505	3454.742907458371	0.75
20340.289035093458	750	8.604292283577223	0.0	372093	3908.007899626814	0.75
20344.008959700914	750	8.884367676121599	0.0	438281	3719.924607455623	0.75
20350.650431328646	750	6.2428960483862985	0.0	398987	6641.471627735301	0.75
20352.502767092068	300	8.390560284963914	0.0	160064	1852.3357634223844	-0.15000000000000002
20355.219555121246	750	9.673772255785254	0.0	331053	2716.7880291786596	0.3
20359.854514186332	1200	9.038813190697795	0.0	550906	4634.95906508746	0.75

