9703.781233500325	750	4.0	0.8872836624630916	450283	887.2836624630917	-3.065319748591294
9704.161017123328	300	7.620216376998051	0.0	155580	379.78362300194965	-0.15000000000000002
9704.513243961153	300	11.26798953917365	0.0	139857	352.22683782440106	0.3
9707.73285631746	2850	12.048377182867428	0.0	1520281	3219.61235630622	0.30000000000000027
9710.830481151626	2850	12.950752348702233	0.0	1472558	3097.624834165195	2.85
9713.178881335103	2850	14.60235216522334	0.0	1224260	2348.400183478893	2.85
9716.096554145655	2850	15.684679354671808	0.0	1388403	2917.672810551535	2.85
9719.712894737653	2850	16.06833876267294	0.0	1638769	3616.3405919988645	2.85
9722.686303830973	2850	17.094929669352293	0.0	1348011	2973.409093320651	2.85
9726.175660326864	2850	17.605573173462226	0.0	1429765	3489.3564958900674	2.85
9729.391224763263	2850	18.39000873706398	0.0	1354548	3215.564436398242	2.85
9733.366782981397	2850	18.41445051892983	0.0	1519951	3975.558218134153	2.85
9736.600830393218	2850	19.180403107109058	0.0	1422919	3234.0474118207712	2.85
9741.096494694062	2850	18.68473880626459	0.0	1578343	4495.664300844467	2.85
9756.964430702215	2850	6.816802798111377	0.0	1231445	15867.936008153214	2.85
9758.908561704748	300	8.87267179557847	0.0	138313	1944.1310025329071	-2.25
9760.666052490125	300	11.11518101020167	0.0	143509	1757.4907853768	0.3
9762.742221012606	750	13.039012487721628	0.0	372963	2076.1685224800417	0.3
9763.305782090465	300	16.475451409862778	0.0	165384	563.5610778588491	-0.15000000000000002
9764.371457356578	750	19.409776143749312	0.0	350713	1065.675266113464	0.3
9765.96542024656	1200	21.815813253766887	0.0	601738	1593.9628899824265	0.75
9768.62625819195	1850	23.154975308378454	0.0	955231	2660.837945388433	1.2000000000000002
9773.454622024114	2850	22.32661147621458	0.0	1505760	4828.363832163871	1.85
9775.70772553461	1850	24.07350796571828	0.0	874175	2253.103510496298	0.8500000000000001
9779.825580510353	2850	23.955652989977555	0.0	1383735	4117.854975740725	1.85
9782.76772341676	1850	25.013510083568175	0.0	905935	2942.1429064093827	0.8500000000000001
9788.838678434638	1850	22.9425550656911	0.0	1076599	6070.955017877075	1.85
9792.02553778384	1850	23.755695716489477	0.0	758197	3186.8593492016216	1.85
9794.92218892333	1850	24.859044576999157	0.0	972798	2896.6511394903223	1.85
9798.003177920145	1850	25.778055580184024	0.0	975811	3080.988996815131	1.85
9801.286594021325	1850	26.494639479004224	0.0	873429	3283.4161011797974	1.85
9805.038112432398	1850	26.743121067931746	0.0	954453	3751.518411072481	1.85
9807.894036743104	1850	27.887196757225976	0.0	885062	2855.9243107057687	1.85
9811.20130665847	1850	28.57992684186092	0.0	1035329	3307.269915365052	1.85
9814.985330960599	1850	28.7959025397327	0.0	1026056	3784.024302128218	1.85
9817.11802440086	1850	30.66320909946992	0.0	943942	2132.693440262781	1.85
9819.88852135918	2850	31.89271214114878	0.0	1139291	2770.4969583211378	1.85
9823.227532657582	2850	32.553700842748206	0.0	1499009	3339.011298400577	2.85
9826.460698608154	2850	33.320534892176255	0.0	1427478	3233.1659505719513	2.85
9831.397187475872	4300	32.384046024459316	0.0	2146120	4936.48886771694	2.8499999999999996
9836.316956136603	4300	31.464277363728083	0.0	2108491	4919.768660731232	4.3
9841.186345122142	4300	30.594888378189076	0.0	2184571	4869.388985539008	4.3
9845.918212722194	4300	29.86302077813763	0.0	2121928	4731.867600051446	4.3
9850.786101067653	4300	28.995132432677835	0.0	2219102	4867.888345459798	4.3
9855.55926701744	4300	28.221966482891634	0.0	2124950	4773.165949786199	4.3
9860.117597761919	2850	27.663635738413245	0.0	1483527	4558.3307444783895	1.4000000000000001
9863.197717312145	2850	28.58351618818738	0.0	1231456	3080.1195502258624	2.85
9866.1264341899	2850	29.65479931043106	0.0	1364537	2928.7168777563224	2.85

