19271.64559205383	750	4.0	7.947206251782381	450283	7947.2062517823815	-33.42298688266424
19274.403984577995	300	5.241607475832228	0.0	155580	2758.392524167771	-0.15000000000000002
19277.571033219978	300	6.07455883384848	0.0	139857	3167.048641983749	0.3
19282.096912212462	300	5.548679841364558	0.0	155432	4525.878992483921	0.3
19284.811352231776	300	6.834239822051922	0.0	163442	2714.4400193126367	0.3
19287.35258064024	300	8.293011413587552	0.0	126289	2541.2284084643697	0.3
19290.5938020838	300	9.051789970024087	0.0	153295	3241.2214435634646	0.3
19293.978184227926	300	9.667407825900725	0.0	173849	3384.3821441233636	0.3
19296.760665532223	300	10.88492652160276	0.0	150710	2782.481304297964	0.3
19300.176058751073	300	11.469533302755298	0.0	139105	3415.39321884746	0.3
19304.7619214878	300	10.883670566026595	0.0	141840	4585.862736728704	0.3
19309.04529280858	300	10.600299245246603	0.0	156148	4283.371320779992	0.3
19314.165494455327	300	9.48009759850249	0.0	160746	5120.2016467441135	0.3
19319.160944495296	300	8.484647558536341	0.0	179801	4995.4500399661465	0.3
19322.370851465894	300	9.274740587940252	0.0	140051	3209.9069705960896	0.3
19324.662889366806	300	10.982702687027935	0.0	138313	2292.037900912317	0.3
19326.14645142885	300	13.499140624984948	0.0	143509	1483.5620620429872	0.3
19328.126496390465	300	15.51909566336796	0.0	150616	1980.0449616169876	0.3
19331.30652006224	300	16.339071991592878	0.0	165384	3180.0236717750818	0.3
19334.277558859943	300	17.36803319389052	0.0	140881	2971.0387977023593	0.3
19337.54350304442	300	18.102089009415828	0.0	157671	3265.9441844746907	0.3
19340.599223447276	300	19.04636860655997	0.0	157812	3055.7204028558604	0.3
19343.3074187884	300	20.338173265434783	0.0	163927	2708.1953411251857	0.3
19344.918956990547	300	22.726635063288555	0.0	137654	1611.5382021462294	0.3
19346.45975078948	300	25.1858412643585	0.0	146754	1540.793798930055	0.3
19347.93845014129	300	27.707141912550142	0.0	153938	1478.6993518083589	0.3
19349.66817471405	300	29.97741733978669	0.0	181901	1729.7245727634518	0.3
19352.237229236383	750	31.408362817456126	0.0	277716	2569.054522330565	0.3
19356.22016226548	750	31.425429788360027	0.0	400396	3982.9330290961007	0.75
19361.275055488128	750	30.37053656571292	0.0	400508	5054.893222647106	0.75
19365.231622251686	750	30.41396980215556	0.0	358218	3956.5667635573623	0.75
19371.42939325242	750	28.216198801420386	0.0	400322	6197.771000735174	0.75
19374.531606882152	300	29.11398517168946	0.0	143881	3102.213629730925	-0.15000000000000002
19379.521571808247	750	28.124020245590756	0.0	412837	4989.964926098701	0.3
19381.687687782545	300	29.957904271294737	0.0	179328	2166.1159742960185	-0.15000000000000002
19384.660962659273	750	30.984629394565605	0.0	365161	2973.2748767291346	0.3
19387.66332840855	750	31.982263645287713	0.0	321064	3002.365749277891	0.75
19392.569928529807	750	31.075663524031718	0.0	361565	4906.600121255995	0.75
19398.272948688817	750	29.372643365022892	0.0	378327	5703.020159008824	0.75
19403.223375061807	750	28.42221699203315	0.0	390680	4950.426372989745	0.75
19405.075612884062	300	30.569979169777447	0.0	147968	1852.2378222557036	-0.15000000000000002
19408.68452842827	750	30.961063625569288	0.0	384505	3608.91554420816	0.3
19412.080932633242	750	31.564659420595547	0.0	372093	3396.4042049737395	0.75
19415.081536695572	750	32.56405535826663	0.0	438281	3000.60406232892	0.75
19422.675957787873	1200	28.969634265967287	0.0	630203	7594.421092299342	0.75
19429.76467311383	750	25.880918940008637	0.0	393804	7088.715325958652	0.3
19433.427659913075	300	26.217932140763587	0.0	137507	3662.9867992450477	-0.15000000000000002
19436.350511738437	300	27.29508031540114	0.0	118421	2922.8518253624475	0.3

