8811.810424469353	750	4.0	1.7282306058808998	450283	1728.2306058809	-6.681391605287869
8813.604616753872	750	6.205807715481606	0.0	398865	1794.1922845183947	0.75
8815.355660909534	750	8.454763559820275	0.0	350812	1751.0441556613293	0.75
8817.013794174763	750	10.796630294589859	0.0	382355	1658.1332652304168	0.75
8818.803278277388	750	13.007146191966463	0.0	411561	1789.4841026233955	0.75
8819.938241722066	750	15.872182747288894	0.0	318564	1134.9634446775688	0.75
8820.733325848092	750	19.07709862126419	0.0	352642	795.0841260247032	0.75
8822.138194043542	1200	21.672230425814703	0.0	709534	1404.8681954494855	0.75
8823.259481483346	1200	24.550942986009424	0.0	584846	1121.2874398052813	1.2
8825.324447295628	1850	26.485977173727232	0.0	913888	2064.965812282191	1.2000000000000002
8828.341230082864	2850	27.46919438649086	0.0	1354548	3016.7827872363746	1.85
8831.584161498515	2850	28.226262970840114	0.0	1519951	3242.931415650744	2.85
8834.125906770869	2850	29.684517698487262	0.0	1422919	2541.745272352851	2.85
8837.082754972049	2850	30.727669497307318	0.0	1578343	2956.8482011799474	2.85
8839.524700523853	2850	32.28572394550173	0.0	1231445	2441.9455518055884	2.85
8844.191660265336	4300	31.618764204018596	0.0	2152483	4666.959741483134	2.8499999999999996
8850.136761758158	4300	29.6736627111971	0.0	2289689	5945.101492821496	4.3
8853.66875120543	2850	30.14167326392437	0.0	1358801	3531.989447272728	1.4000000000000001
8857.470419264473	2850	30.340005204882893	0.0	1537156	3801.668059041479	2.85
8861.402394225226	2850	30.40803024413008	0.0	1336050	3931.974960752812	2.85
8863.967568771268	1850	31.842855698089792	0.0	891604	2565.174546040288	0.8500000000000001
8866.291407851011	1850	33.51901661834642	0.0	955231	2323.839079743371	1.85
8869.712143994993	2850	34.09828047436373	0.0	1505760	3420.7361439826836	1.85
8873.984517449366	2850	33.82590701998985	0.0	1323990	4272.373454373881	2.85
8879.162985077108	2850	32.64743939224932	0.0	1383735	5178.467627740532	2.85
8882.039637750135	1850	33.77078671922325	0.0	905935	2876.652673026064	0.8500000000000001
8884.383112108979	1850	35.42731236037833	0.0	1076599	2343.4743588449205	1.85
8886.198758384993	1850	37.61166608436417	0.0	758197	1815.6462760141637	1.85
8889.58611587429	2850	38.22430859506738	0.0	1498470	3387.3574892967868	1.85
8894.002325522626	4300	37.8080989467326	0.0	2164140	4416.2096483347805	2.8499999999999996
8898.31992256476	4300	37.490501904597714	0.0	2113193	4317.597042134883	4.3
8904.388906159154	4300	35.421518310203	0.0	2147852	6068.983594394723	4.3
8910.5408545816	4300	33.26956988775716	0.0	2191074	6151.948422445839	4.3
8914.134597730537	2850	33.67582673881909	0.0	1587293	3593.7431489380688	1.4000000000000001
8918.221489101295	2850	33.58893536806016	0.0	1492672	4086.8913707589236	2.85
8921.647469185315	2850	34.16295528404174	0.0	1439896	3425.9800840184153	2.85
8925.812282523828	2850	33.99814194552833	0.0	1139291	4164.813338513413	2.85
8932.413047940803	2850	31.397376528551636	0.0	1499009	6600.765416976696	2.85
8937.391249533732	1850	30.419174935623698	0.0	908665	4978.201592927939	0.8500000000000001
8939.737392089175	1200	32.07303238018066	0.0	587506	2346.142555443036	0.5499999999999999
8941.59736172606	1200	34.21306274329555	0.0	566904	1859.9696368851144	1.2
8943.364580680527	1200	36.445843788828846	0.0	641452	1767.218954466706	1.2
8945.441848292889	1850	38.368576176467016	0.0	886255	2077.267612361831	1.2000000000000002
8950.161047725886	2850	37.64937674347057	0.0	1587250	4719.199432996452	1.85
8959.754532498377	2850	32.05589197097947	0.0	1464921	9593.484772491101	2.85
8965.7705805261	1200	30.039843943256702	0.0	638661	6016.0480277227625	-0.44999999999999996
8968.000921246103	1200	31.809503223252914	0.0	538612	2230.340720003787	1.2
8970.606770327755	1200	33.20365414160006	0.0	550906	2605.849081652852	1.2

