13138.318713569011	750	4.0	1.26305294249572	450283	1263.05294249572	-4.681127652731596
13139.311097716996	750	7.00761585201587	0.0	398865	992.3841479841305	0.75
13140.296209579825	750	10.022503989186353	0.0	350812	985.1118628295166	0.75
13144.211512016433	1850	10.107201552578783	0.0	933276	3915.3024366075692	0.75
13147.84353385782	1850	10.475179711190744	0.0	996749	3632.0218413880384	1.85
13150.53428753218	1850	11.784426036830055	0.0	801058	2690.7536743606884	1.85
13153.902872519007	1850	12.415841050003731	0.0	905515	3368.584986826324	1.85
13157.451711895306	1850	12.86700167370497	0.0	1060487	3548.839376298761	1.85
13160.66691526391	1850	13.651798305100892	0.0	852833	3215.203368604077	1.85
13164.250065648961	1850	14.068647920049546	0.0	913888	3583.1503850513454	1.85
13168.19325473753	1850	14.125458831479639	0.0	939819	3943.189088569908	1.85
13171.951439146422	1850	14.367274422590107	0.0	917428	3758.1844088895314	1.85
13175.699005795012	1850	14.61970777400066	0.0	946851	3747.5666485894494	1.85
13179.378282722557	1850	14.940430846454827	0.0	1036454	3679.2769275458313	1.85
13182.65543950764	1850	15.663274061371482	0.0	821631	3277.156785083345	1.85
13185.871555823847	1850	16.447157745165125	0.0	923170	3216.1163162063567	1.85
13189.332085360858	1850	16.98662820815346	0.0	966699	3460.5295370116633	1.85
13192.209778239572	1850	18.108935329440325	0.0	885714	2877.6928787131314	1.85
13196.427432987586	1850	17.89128058142674	0.0	987708	4217.654748013587	1.85
13200.742279387352	1850	17.57643418166194	0.0	923755	4314.8463997648	1.85
13203.79136532567	1850	18.52734824334509	0.0	891604	3049.085938316851	1.85
13206.85191314584	1850	19.466800423173154	0.0	955231	3060.547820171938	1.85
13209.896598877349	1850	20.422114691665307	0.0	968026	3044.68573150785	1.85
13212.991267634588	1850	21.32744593442402	0.0	874175	3094.6687572412843	1.85
13217.753095889597	1850	20.56561767941651	0.0	897976	4761.828255007512	1.85
13221.389443112648	1850	20.929270456364144	0.0	905935	3636.3472230523644	1.85
13225.431025102349	1850	20.88768846666504	0.0	1076599	4041.581989699101	1.85
13229.475375221828	1850	20.84333834718679	0.0	758197	4044.350119478252	1.85
13234.468037964785	1850	19.850675604229405	0.0	972798	4992.662742957385	1.85
13239.282224000775	1850	19.036489568239098	0.0	975811	4814.186035990306	1.85
13242.655491545478	1850	19.663222023537884	0.0	873429	3373.2675447012166	1.85
13246.808386834735	1850	19.510326734279936	0.0	954453	4152.8952892579455	1.85
13251.463133982357	1850	18.855579586658177	0.0	885062	4654.747147621761	1.85
13255.816672480032	1850	18.502041088983557	0.0	1035329	4353.538497674617	1.85
13259.541000037147	1850	18.777713531868073	0.0	1026056	3724.327557115484	1.85
13262.824662913756	1850	19.494050655258064	0.0	943942	3283.66287661001	1.85
13265.398318846379	1850	20.92039472263526	0.0	728962	2573.6559326228044	1.85
13268.82251429549	1850	21.496199273523604	0.0	938587	3424.1954491116503	1.85
13272.746280640615	1850	21.572432928398673	0.0	908665	3923.7663451249337	1.85
13277.688723080211	1850	20.629990488803266	0.0	930577	4942.442439595409	1.85
13281.333094063548	1850	20.98561950546541	0.0	858450	3644.370983337852	1.85
13285.293706287186	1850	21.025007281826888	0.0	1025005	3960.612223638522	1.85
13288.693362101976	1850	21.625351467038417	0.0	886255	3399.6558147884725	1.85
13291.718582198948	1850	22.600131370066695	0.0	973972	3025.220096971725	1.85
13294.542587222322	1850	23.776126346692266	0.0	958994	2824.0050233744296	1.85
13297.361745102111	1850	24.956968466904364	0.0	982064	2819.157879787902	1.85
13299.85411449514	1850	26.464599073876816	0.0	830730	2492.369393027547	1.85
13302.457345046245	1850	27.861368522772118	0.0	846370	2603.2305511046993	1.85

