1785.1425414149599	750	4.0	2.993897582587049	450283	2993.897582587049	-12.12375960512431
1788.5031005732062	1200	4.639440841753496	0.0	611087	3360.559158246504	0.75
1790.4144573095928	1200	6.728084105366979	0.0	571051	1911.3567363865168	1.2
1792.211706682061	1200	8.930834732898761	0.0	617681	1797.2493724682172	1.2
1794.308070305002	1200	10.834471109957738	0.0	652874	2096.363622941024	1.2
1796.8135860187792	1850	12.328955396180637	0.0	801058	2505.5157137770993	1.2000000000000002
1799.4599770710115	1850	13.682564343948409	0.0	905515	2646.3910522322303	1.85
1802.8343962334316	1850	14.30814518152825	0.0	1060487	3374.4191624201576	1.85
1805.6766897280036	1850	15.465851686956348	0.0	852833	2842.293494571902	1.85
1808.875460968747	1850	16.26708044621296	0.0	913888	3198.7712407433874	1.85
1812.1229429073449	1850	17.01959850761501	0.0	939819	3247.481938597951	1.85
1815.396655248578	1850	17.745886166381595	0.0	917428	3273.712341233415	1.85
1819.3319394847338	1850	17.8106019302258	0.0	946851	3935.2842361557946	1.85
1823.255810695829	1850	17.886730719130647	0.0	1036454	3923.871211095152	1.85
1826.7167433130226	1850	18.425798101937048	0.0	821631	3460.932617193595	1.85
1830.5282438397014	1850	18.614297575258327	0.0	923170	3811.5005266787225	1.85
1833.9217368707882	1850	19.220804544171532	0.0	966699	3393.493031086794	1.85
1837.5086486701498	1850	19.633892744810183	0.0	885714	3586.911799361349	1.85
1841.2147862603529	1850	19.92775515460692	0.0	987708	3706.1375902032637	1.85
1844.746430732107	1850	20.396110682852793	0.0	923755	3531.644471754129	1.85
1848.7205074566712	1850	20.422033958288544	0.0	891604	3974.0767245642505	1.85
1852.7428996250662	1850	20.399641789893575	0.0	955231	4022.3921683949648	1.85
1856.5822405160543	1850	20.560300898905588	0.0	968026	3839.3408909879854	1.85
1860.280953262667	1850	20.86158815229289	0.0	874175	3698.7127466127004	1.85
1864.0642280605164	1850	21.07831335444352	0.0	897976	3783.2747978493717	1.85
1868.3243774305	1850	20.818163984459773	0.0	905935	4260.149369983743	1.85
1874.9275102995618	1850	18.215031115398055	0.0	1076599	6603.132869061719	1.85
1878.2402811743227	1200	18.902260240636917	0.0	487160	3312.77087476114	0.5499999999999999
1881.4234945683722	1200	19.719046846587517	0.0	622896	3183.213394049401	1.2
1885.017199145734	1200	20.12534226922588	0.0	641447	3593.7045773616364	1.2
1888.7250117894175	1200	20.417529625542198	0.0	570392	3707.8126436836837	1.2
1894.9312653149561	1200	18.211276100003573	0.0	620283	6206.253525538625	1.2
1898.514288138592	1200	18.628253276367587	0.0	584349	3583.0228236359835	1.2
1900.9758434123762	1200	20.166698002583416	0.0	670129	2461.5552737841713	1.2
1903.6871699193316	1200	21.455371495628057	0.0	690253	2711.3265069553586	1.2
1906.0381257232914	1200	23.104415691668102	0.0	598727	2350.955803959953	1.2
1908.0168842541075	1200	25.125657160852082	0.0	487812	1978.75853081602	1.2
1911.9169214210528	1850	25.225619993906786	0.0	938587	3900.037166945299	1.2000000000000002
1915.9162908799428	1850	25.22625053501672	0.0	908665	3999.369458890066	1.85
1919.7550755621544	1850	25.38746585280523	0.0	930577	3838.7846822114893	1.85
1923.0701608485513	1850	26.072380566408466	0.0	858450	3315.0852863967675	1.85
1927.1986799261006	1850	25.94386148885894	0.0	1025005	4128.519077549526	1.85
1931.3161428792723	1850	25.826398535687204	0.0	886255	4117.462953171736	1.85
1936.0218002036527	1850	25.120741211306893	0.0	973972	4705.657324380312	1.85
1939.736143974707	1850	25.406397440252494	0.0	958994	3714.3437710544	1.85
1943.715152224888	1850	25.42738919007133	0.0	982064	3979.0082501811617	1.85
1946.6018338815861	1850	26.540707533373265	0.0	830730	2886.6816566980665	1.85
1949.9599688025885	1850	27.182572612370933	0.0	846370	3358.1349210023327	1.85

