8127.641492275513	750	4.0	2.287148895543779	450283	2287.148895543779	-9.084740250838248
8128.668167552476	300	6.973324723036945	0.0	155580	1026.6752769630546	-0.15000000000000002
8129.5496919413	300	10.09180033421328	0.0	139857	881.5243888236656	0.3
8132.792501456483	1200	10.848990819030567	0.0	617681	3242.8095151827124	0.29999999999999993
8135.941905843409	1200	11.699586432103798	0.0	652874	3149.4043869267684	1.2
8140.20089178112	1850	11.440600494392486	0.0	801058	4258.9859377113125	1.2000000000000002
8150.19104894585	1850	5.450443329661978	0.0	905515	9990.157164730508	1.85
8153.288744647771	300	6.352747627741039	0.0	173849	3097.695701920939	-1.25
8156.214635064207	300	7.426857211304781	0.0	150710	2925.890416436257	0.3
8164.6736859591165	750	4.0	1.0321936836047663	362795	8459.050894909547	-4.138432839500495
8167.400057312097	300	5.273628647020248	0.0	141840	2726.3713529797524	-0.15000000000000002
8170.14972952454	300	6.523956434576679	0.0	156148	2749.672212443569	0.3
8172.794000683335	300	7.879685275781827	0.0	160746	2644.271158794852	0.3
8179.082696895357	750	5.5909890637588875	0.0	434409	6288.696212022939	0.3
8181.025981936246	300	7.6477040228700846	0.0	140051	1943.2850408888035	-0.15000000000000002
8185.6626928826945	750	7.01099307642213	0.0	366214	4636.7109464479545	0.3
8192.356456491103	750	4.317229468014404	0.0	360831	6693.763608407726	0.75
8195.150495055848	300	5.5231909032685165	0.0	150616	2794.0385647458875	-0.15000000000000002
8199.630637194909	300	5.0430487642081285	0.0	165384	4480.142139060387	0.3
8202.634192951204	300	6.039493007914274	0.0	140881	3003.5557562938548	0.3
8205.675643229655	300	6.998042729461758	0.0	157671	3041.4502784525157	0.3
8209.500743695051	300	7.172942264066618	0.0	157812	3825.100465395141	0.3
8218.362315186176	750	4.0	1.6886292270585017	401853	8861.57149112512	-6.961105676351557
8219.771068636743	300	6.5912465494331745	0.0	137654	1408.7534505668257	-0.15000000000000002
8221.108846278226	300	9.253468907950133	0.0	146754	1337.7776414830425	0.3
8225.532858275681	1200	8.829456910495054	0.0	590335	4424.011997455079	0.29999999999999993
8228.405564193234	750	9.956750992943185	0.0	425781	2872.705917551868	0.3
8231.345636106747	1200	11.016679079427647	0.0	487160	2940.071913515539	0.75
8237.073584120628	1850	9.288731065547177	0.0	972798	5727.948013880468	1.2000000000000002
8242.238321516525	1200	8.123993669651126	0.0	641447	5164.737395896051	0.5499999999999999
8245.396068881166	750	8.966246305010394	0.0	358218	3157.7473646407325	0.3
8248.50551636775	750	9.856798818425071	0.0	400322	3109.447486585323	0.75
8253.87600119776	1200	8.486313988415102	0.0	584349	5370.484830009969	0.75
8259.05496853291	750	7.307346653265697	0.0	412837	5178.967335149405	0.3
8261.559455150666	750	8.802860035509845	0.0	401088	2504.4866177558533	0.75
8265.193266282675	750	9.169048903502043	0.0	365161	3633.8111320078015	0.75
8268.597850801794	1200	9.764464384381808	0.0	487812	3404.584519120236	0.75
8275.587176234058	1200	6.775138952118849	0.0	575591	6989.32543226296	1.2
8277.378514803408	300	8.983800382768537	0.0	144254	1791.3385693503114	-0.6000000000000001
8284.474463738035	750	5.8878514481412845	0.0	390680	7095.948934627252	0.3
8287.259874561818	300	7.102440624359395	0.0	147968	2785.41082378189	-0.15000000000000002
8293.626078992642	750	4.736236193535482	0.0	384505	6366.204430823913	0.3
8296.461010261974	300	5.901304924203491	0.0	145210	2834.9312693319907	-0.15000000000000002
8300.151316304902	300	6.210998881275189	0.0	172312	3690.3060429283023	0.3
8302.10126368173	300	8.261051504445478	0.0	167025	1949.947376829713	0.3
8304.956345417624	750	9.405969768553197	0.0	393804	2855.0817358922795	0.3
8308.679185320856	1200	9.68312986532014	0.0	538612	3722.8399032330576	0.75
8311.514940641684	1200	10.847374544491325	0.0	550906	2835.7553208288127	1.2

