4438.068620749058	750	4.0	5.259051639025879	450283	5259.051639025879	-21.86392204781128
4439.613846811707	300	6.454773937350686	0.0	155580	1545.2260626493135	-0.15000000000000002
4441.076757478406	300	8.991863270652232	0.0	139857	1462.9106666984549	0.3
4442.431281913016	300	11.637338836041588	0.0	155432	1354.5244346106435	0.3
4443.844688647929	300	14.223932101129046	0.0	163442	1413.4067349125414	0.3
4446.8876690866955	750	15.180951662361833	0.0	318564	3042.980438767214	0.3
4450.185418768469	750	15.88320198058864	0.0	352642	3297.749681773193	0.75
4453.771228509659	750	16.297392239398565	0.0	437162	3585.8097411900735	0.75
4457.071454285807	750	16.9971664632506	0.0	374758	3300.2257761479646	0.75
4459.498807745248	750	18.569813003809205	0.0	362795	2427.353459441392	0.75
4461.266733711915	750	20.801887037142574	0.0	353220	1767.9259666666323	0.75
4463.65069434485	750	22.41792640420757	0.0	405134	2383.960632935003	0.75
4466.1287252262055	750	23.939895522851824	0.0	386351	2478.0308813557444	0.75
4469.7985825578535	1200	24.270038191203824	0.0	687371	3669.8573316479983	0.75
4472.932707482028	1200	25.135913267029075	0.0	526950	3134.1249241747514	1.2
4477.276476694048	1200	24.79214405500854	0.0	587876	4343.769212020535	1.2
4480.510220198404	1200	25.55840055065243	0.0	617242	3233.7435043561077	1.2
4483.394829149078	1200	26.673791599978482	0.0	581493	2884.6089506739477	1.2
4487.640925321395	1200	26.42769542766083	0.0	639204	4246.096172317651	1.2
4490.523553230771	1200	27.545067518285773	0.0	586839	2882.6279093750577	1.2
4493.570794118766	1200	28.497826630291126	0.0	601738	3047.240887994648	1.2
4496.73016041542	1200	29.33846033363658	0.0	616206	3159.3662966545457	1.2
4499.8727893121795	1200	30.195831436877786	0.0	656471	3142.6288967587934	1.2
4503.0478920421665	1200	31.020728706890427	0.0	536667	3175.1027299873604	1.2
4507.185859551949	1200	30.882761197108753	0.0	587236	4137.967509781672	1.2
4511.2979736433335	1200	30.770647105723185	0.0	590335	4112.114091385567	1.2
4516.498652741894	1200	29.569968007162583	0.0	696376	5200.679098560604	1.2
4519.982913725018	1200	30.085707024038307	0.0	487160	3484.2609831242776	1.2
4523.013297471947	750	31.055323277110226	0.0	400396	3030.3837469280793	0.3
4526.150326911107	750	31.918293837949335	0.0	400508	3137.0294391608913	0.75
4528.712845499099	750	33.355775249957745	0.0	358218	2562.518587991591	0.75
4531.1207838589435	750	34.94783689011285	0.0	400322	2407.938359844891	0.75
4533.658610517346	750	36.410010231711446	0.0	369834	2537.8266584014127	0.75
4535.6839325889	750	38.384688160157246	0.0	412837	2025.3220715541988	0.75
4539.301279260217	1200	38.76734148884075	0.0	690253	3617.346671316494	0.75
4543.732321771794	1200	38.336298977263255	0.0	598727	4431.042511577492	1.2
4546.971576071567	1200	39.097044677490494	0.0	487812	3239.2542997727674	1.2
4551.738202090118	1200	38.33041865893955	0.0	575591	4766.626018550943	1.2
4556.887139831619	1200	37.18148091743966	0.0	605884	5148.93774149989	1.2
4561.20375083298	750	36.86486991607712	0.0	390680	4316.611001362538	0.3
4563.934975569101	750	38.13364517995618	0.0	345516	2731.2247361209406	0.75
4567.565855978894	750	38.50276477016357	0.0	384505	3630.8804097926104	0.75
4571.057864935955	750	39.01075581310241	0.0	372093	3492.0089570611563	0.75
4575.130639989355	750	38.937980759702576	0.0	438281	4072.775053399831	0.75
4578.938232172207	750	39.13038857685021	0.0	398987	3807.59218285237	0.75
4582.526948221921	750	39.541672527136	0.0	393804	3588.7160497142104	0.75
4586.260774326219	750	39.807846422837976	0.0	331053	3733.8261042980234	0.75
4589.412235524476	750	40.656385224581065	0.0	314107	3151.4611982569095	0.75

