18834.252782977226	750	4.0	3.252274383373264	450283	3252.2743833732643	0.11175534	-13.234779848505035
18836.520772611322	750	5.732010365904043	0.0	398865	2267.989634095957	0.47634232	0.75
18837.835830684013	750	8.41695229321333	0.0	350812	1315.058072690713	0.030117722	0.75
18839.390899205555	750	10.861883771671835	0.0	382355	1555.0685215414942	0.0072062006	0.75
18840.9564357891	750	13.296347188125658	0.0	411561	1565.5365835461778	0.008091605	0.75
18841.951323410798	750	16.301459566429546	0.0	318564	994.8876216961118	0.0071969833	0.75
18843.34721658682	750	18.905566390410684	0.0	352642	1395.893176018863	0.11710987	0.75
18844.966818486773	750	21.285964490454937	0.0	437162	1619.6018999557464	0.02776569	0.75
18846.756415895743	750	23.496367081484845	0.0	374758	1789.5974089700921	0.17681019	0.75
18848.40286850133	750	25.84991447589972	0.0	362795	1646.4526055851245	0.048255198	0.75
18850.147034849368	750	28.10574812785805	0.0	353220	1744.1663480416703	0.21624756	0.75
18852.056752696346	750	30.196030280878805	0.0	405134	1909.7178469792445	0.107665904	0.75
18853.8413382812	750	32.411444696026315	0.0	386351	1784.5855848524884	0.46260446	0.75
18855.27826866194	750	34.97451431528764	0.0	434409	1436.9303807386723	0.65756404	0.75
18857.393248140288	1200	36.8595348369396	0.0	526950	2114.9794783480424	0.019660521	0.75
18859.57808523248	1200	38.67469774474761	0.0	587876	2184.8370921919955	0.004705182	1.2
18863.7431528811	1200	38.509630096126074	0.0	617242	4165.06764862154	0.004705182	1.2
18866.74391375817	1200	39.508869219058305	0.0	581493	3000.7608770677716	0.007445839	1.2
18869.47480887502	1200	40.77797410220715	0.0	639204	2730.895116851149	0.004705182	1.2
18871.84546530893	1200	42.40731766830089	0.0	586839	2370.6564339062643	0.004705182	1.2
18874.397141244055	1200	43.85564173317292	0.0	601738	2551.6759351279757	0.004705182	1.2
18876.738051382916	1200	45.514731594312174	0.0	616206	2340.9101388607432	0.0055050277	1.2
18879.19762141238	1200	47.05516156484983	0.0	656471	2459.5700294623402	0.014823205	1.2
18881.635407517126	1200	48.617375460104824	0.0	536667	2437.786104745006	0.060002215	1.2
18884.268577916504	1200	49.984205060727106	0.0	587236	2633.170399377719	0.021896541	1.2
18887.62851760889	1200	50.624265368341526	0.0	590335	3359.939692385585	0.073267005	1.2
18892.74390172382	1200	49.50888125340928	0.0	696376	5115.384114932246	0.024406945	1.2
18896.10090471175	1200	50.15187826547701	0.0	487160	3357.002987932269	0.009639769	1.2
18900.824614915127	1200	49.4281680621	0.0	622896	4723.71020337701	0.0061379108	1.2
18904.55901382515	1200	49.693769152079334	0.0	641447	3734.398910020668	0.0056766863	1.2
18907.05559339994	1200	51.19718957729089	0.0	570392	2496.579574788444	0.008912854	1.2
18910.046136280176	1200	52.20664669705325	0.0	620283	2990.5428802376377	0.052135166	1.2
18913.1851408314	1200	53.06764214583	0.0	584349	3139.0045512232477	0.4073073	1.2
18919.02325067643	1200	51.229532300800244	0.0	670129	5838.109845029756	0.3686363	1.2
18924.186855380307	1200	50.065927596924084	0.0	690253	5163.604703876157	0.014982937	1.2
18926.293736037864	1200	51.95904693936707	0.0	598727	2106.8806575570125	0.03202512	1.2
18931.56151204916	2850	50.691270928073	0.0	1139291	5267.776011294067	0.07480571	1.2000000000000002
18938.207152870265	2850	48.04563010697139	0.0	1499009	6645.640821101617	0.004705182	2.85
18947.101212009307	2850	43.15157096792856	0.0	1427478	8894.059139042824	0.004705182	2.85
18956.153914611386	2850	38.098868365846094	0.0	1402287	9052.702602082474	0.004705182	2.85
18961.91713438526	2850	36.3356485919706	0.0	1339500	5763.219773875491	0.004705182	2.85
18968.252969583944	2850	33.99981339328728	0.0	1527299	6335.835198683321	0.004705182	2.85
18972.614188770032	2850	33.638594207198466	0.0	1343002	4361.219186088814	0.004705182	2.85
18977.129574358172	2850	33.123208619060094	0.0	1587250	4515.385588138367	0.004705182	2.85
18989.661392452563	2850	24.59139052466987	0.0	1464921	12531.818094390228	0.008550706	2.85
19000.62144514817	2850	17.63133782906579	0.0	1483527	10960.052695604081	0.5827945	2.85
19008.575843308307	2850	13.676939668929121	0.0	1231456	7954.398160136668	0.69340414	2.85
19011.200743665664	1200	15.052039311569867	0.0	550906	2624.9003573592527	0.62792414	-0.44999999999999996

