19340.462057928504	750	4.0	6.08032816050688	450283	6080.3281605068805	-25.395411090179586
19342.817009428898	300	5.645048499601703	0.0	155580	2354.951500398297	-0.15000000000000002
19345.090088242545	300	7.371969685954002	0.0	139857	2273.078813647701	0.3
19347.64952703739	300	8.81253089110955	0.0	155432	2559.4387948444523	0.3
19350.61122981076	300	9.85082811774056	0.0	163442	2961.702773368989	0.3
19352.64718078041	300	11.814877148093101	0.0	126289	2035.95096964746	0.3
19355.784427223345	300	12.677630705156039	0.0	153295	3137.2464429370616	0.3
19358.46789506184	300	13.994162866660107	0.0	173849	2683.4678384959343	0.3
19360.273767084764	300	16.188290843738397	0.0	150710	1805.8720229217085	0.3
19361.815661637444	300	18.646396291056924	0.0	139105	1541.894552681473	0.3
19363.272013691196	300	21.190044237308346	0.0	141840	1456.3520537485779	0.3
19364.799397481973	300	23.66266044652786	0.0	156148	1527.3837907804875	0.3
19366.357981557336	300	26.104076371164727	0.0	160746	1558.58407536313	0.3
19369.995269077437	750	26.46678885106173	0.0	434409	3637.2875201029974	0.3
19372.851454387695	750	27.61060354080565	0.0	337059	2856.185310256082	0.75
19376.189014619256	750	28.27304330924276	0.0	366214	3337.56023156289	0.75
19380.04018406421	750	28.42187386428865	0.0	360831	3851.1694449541096	0.75
19383.830545706525	750	28.63151222197766	0.0	372963	3790.361642310994	0.75
19390.621248581207	750	25.840809347296588	0.0	405596	6790.702874681068	0.75
19392.732320172894	300	27.72973775561111	0.0	140881	2111.0715916854765	-0.15000000000000002
19395.233870955395	300	29.228186973110382	0.0	157671	2501.5507825007285	0.3
19397.242520967702	300	31.219536960802007	0.0	157812	2008.6500123083747	0.3
19399.5772638891	300	32.88479403940348	0.0	163927	2334.742921398522	0.3
19401.88719177504	300	34.57486615346388	0.0	137654	2309.927885939601	0.3
19404.770897925253	300	35.69116000324803	0.0	146754	2883.706150215855	0.3
19407.527717755424	300	36.93434017308116	0.0	153938	2756.819830166869	0.3
19409.551190947917	300	38.91086698058854	0.0	181901	2023.473192492624	0.3
19410.934460152253	300	41.52759777625045	0.0	111155	1383.2692043380794	0.3
19418.075412520157	750	38.38664540834705	0.0	400396	7140.952367903405	0.3
19420.243826145394	300	40.21823178311075	0.0	149029	2168.4136252363037	-0.15000000000000002
19425.755094664728	750	38.706963263776224	0.0	358218	5511.268519334522	0.3
19430.31990439841	750	38.14215353009345	0.0	400322	4564.809733682772	0.75
19433.72741175378	750	38.73464617472003	0.0	369834	3407.5073553734255	0.75
19438.50392470998	750	37.95813321852108	0.0	412837	4776.512956198955	0.75
19446.544356228278	750	33.91770170022472	0.0	401088	8040.431518296361	0.75
19454.330884536314	750	30.131173392187005	0.0	365161	7786.528308037713	0.75
19456.965208938505	300	31.496848989994795	0.0	131610	2634.3244021922055	-0.15000000000000002
19459.70926080923	300	32.75279711926947	0.0	124011	2744.0518707253304	0.3
19463.14762922467	300	33.31442870383331	0.0	144254	3438.3684154361636	0.3
19466.825189787185	300	33.6368681413154	0.0	149991	3677.560562517904	0.3
19469.638918383007	300	34.82313954549582	0.0	147968	2813.728595819579	0.3
19472.587200116355	300	35.874857812148655	0.0	161857	2948.281733347163	0.3
19475.108535653355	300	37.35352227514545	0.0	145210	2521.335537003205	0.3
19478.542768222473	300	37.919289706028714	0.0	172312	3434.2325691167357	0.3
19482.003246334734	300	38.45881159376782	0.0	167025	3460.4781122608933	0.3
19484.967819719095	300	39.49423820940755	0.0	160064	2964.5733843602693	0.3
19486.848779479264	300	41.61327844923801	0.0	137507	1880.9597601695416	0.3
19491.17245261776	750	41.289605310741564	0.0	314107	4323.673138496444	0.3

