9981.391341051072	750	4.0	3.5388403668140223	450283	3538.840366814022	-14.467013577300294
9982.843740121221	300	6.5476009298498035	0.0	155580	1452.399070150196	-0.15000000000000002
9984.182244203113	300	9.209096847957815	0.0	139857	1338.5040818919888	0.3
9985.552078750841	300	11.83926230022871	0.0	155432	1369.8345477291064	0.3
9989.897102510015	750	11.494238541055406	0.0	411561	4345.023759173304	0.3
9993.236842700542	750	12.154498350526824	0.0	318564	3339.7401905285806	0.75
9996.759866467914	750	12.631474583156047	0.0	352642	3523.023767370778	0.75
10001.15773227399	750	12.233608777080219	0.0	437162	4397.865806075829	0.75
10005.231158490215	750	12.160182560855244	0.0	374758	4073.4262162249747	0.75
10007.924632468117	750	13.466708582951812	0.0	362795	2693.4739779034344	0.75
10010.510269502312	750	14.881071548756664	0.0	353220	2585.6370341951474	0.75
10014.05302371128	750	15.33831733978947	0.0	405134	3542.754208967194	0.75
10017.757859261836	750	15.633481789233667	0.0	386351	3704.8355505558025	0.75
10022.085242331706	750	15.306098719362911	0.0	434409	4327.383069870756	0.75
10025.350340606585	750	16.041000444483846	0.0	337059	3265.0982748790652	0.75
10027.98903276917	750	17.40230828189952	0.0	366214	2638.69216258433	0.75
10030.265981777971	750	19.125359273098308	0.0	360831	2276.9490088012076	0.75
10032.577275607411	750	20.81406544365987	0.0	372963	2311.2938294384358	0.75
10035.01406604078	750	22.377275010289836	0.0	405596	2436.790433370037	0.75
10037.222931193932	750	24.168409857140123	0.0	350713	2208.865153149712	0.75
10039.355788292332	750	26.035552758739932	0.0	386472	2132.8570984001894	0.75
10042.544404175704	750	26.846936875366872	0.0	399894	3188.6158833730615	0.75
10048.097249434499	1850	25.29409161657214	0.0	968026	5552.845258794732	0.75
10055.06310272478	1850	22.32823832629229	0.0	874175	6965.853290279852	1.85
10064.807239492433	1850	16.584101558638007	0.0	897976	9744.136767654281	1.85
10077.344760943168	1850	8.04658010790484	0.0	905935	12537.52145073317	1.85
10079.894817812867	300	9.49652323820519	0.0	181901	2550.0568696996493	-1.25
10081.484205729104	300	11.907135321967981	0.0	111155	1589.3879162372086	0.3
10083.650027607326	300	13.74131344374733	0.0	153605	2165.821878220651	0.3
10085.753711398149	300	15.637629652924472	0.0	149029	2103.68379082286	0.3
10090.419221670207	750	14.97211938086641	0.0	358218	4665.510272058063	0.3
10094.628201142774	750	14.763139908300618	0.0	400322	4208.979472565791	0.75
10100.37134974389	750	13.019991307184643	0.0	369834	5743.148601115974	0.75
10107.146104082549	750	10.24523696852576	0.0	412837	6774.754338658884	0.75
10108.752932093714	300	12.63840895736165	0.0	179328	1606.8280111641104	-0.15000000000000002
10111.585896055827	750	13.80544499524903	0.0	365161	2832.963962112621	0.3
10113.920582107823	750	15.470758943253283	0.0	321064	2334.6860519957436	0.75
10116.322041825199	750	17.069299225878417	0.0	361565	2401.459717374866	0.75
10118.874949555116	750	18.51639149596102	0.0	378327	2552.9077299173982	0.75
10121.653341907711	750	19.737999143365982	0.0	390680	2778.3923525950377	0.75
10123.951199298577	750	21.44014175249957	0.0	345516	2297.8573908664107	0.75
10132.506227491458	1850	16.885113559618727	0.0	1025005	8555.028192880844	0.75
10139.27544663715	1850	14.115894413927522	0.0	886255	6769.219145691203	1.85
10145.33036273906	1850	12.060978312016696	0.0	973972	6054.916101910827	1.85
10147.821311157026	750	13.570029894050476	0.0	398987	2490.9484179662204	-0.3500000000000001
10149.822022624556	750	15.569318426519102	0.0	393804	2000.711467531375	0.75
10151.74955351465	750	17.641787536425625	0.0	331053	1927.5308900934758	0.75
10153.747896480909	750	19.64344457016704	0.0	314107	1998.3429662585866	0.75

