23892.055688583256	750	4.0	4.146410706663652	450283	4146.4107066636525	-17.079566038653706
23893.17599108541	300	6.879697497844862	0.0	155580	1120.3025021551377	-0.15000000000000002
23897.055659964666	1200	7.000028618588805	0.0	571051	3879.668879256057	0.29999999999999993
23901.825287840064	1200	6.230400743191102	0.0	617681	4769.627875397703	1.2
23906.813040018336	1200	5.2426485649194055	0.0	652874	4987.752178271697	1.2
23910.405129388066	750	5.650559195189424	0.0	318564	3592.089369729982	0.3
23920.815835054902	1200	4.0	4.76014647164726	561791	10410.705666836684	-19.718629828083216
23924.334980603417	300	4.480854451483595	0.0	173849	3519.145548516405	-0.6000000000000001
23926.45244355139	300	6.3633915035132675	0.0	150710	2117.462947970327	0.3
23928.57672742006	300	8.239107634842423	0.0	139105	2124.283868670845	0.3
23931.033460784183	300	9.782374270717792	0.0	141840	2456.733364124632	0.3
23932.89055157969	300	11.925283475207817	0.0	156148	1857.0907955099756	0.3
23936.286278825675	750	12.529556229223388	0.0	386351	3395.7272459844276	0.3
23938.048842769207	300	14.766992285692146	0.0	179801	1762.563943531242	-0.15000000000000002
23941.041252640574	750	15.774582414321259	0.0	337059	2992.4098713708872	0.3
23944.234271039786	750	16.581564015110605	0.0	366214	3193.0183992106545	0.75
23949.219338876046	750	15.596496178852046	0.0	360831	4985.067836258559	0.75
23951.76309913545	300	17.052735919449685	0.0	150616	2543.76025940236	-0.15000000000000002
23955.470507379912	300	17.3453276749843	0.0	165384	3707.408244465389	0.3
23957.321192105494	300	19.494642949400703	0.0	140881	1850.684725583599	0.3
23959.559943939024	300	21.255891115870845	0.0	157671	2238.7518335298555	0.3
23961.534048763584	300	23.281786291308773	0.0	157812	1974.1048245620716	0.3
23966.81188054267	750	22.003954512222275	0.0	401853	5277.831779086498	0.3
23968.493031626724	300	24.322803428169326	0.0	137654	1681.1510840529515	-0.15000000000000002
23971.202192846504	300	25.613642208390456	0.0	146754	2709.161219778872	0.3
23976.71024979916	750	24.10558525573501	0.0	379700	5508.056952655444	0.3
23986.82628567994	750	17.98954937495329	0.0	425781	10116.03588078172	0.75
23989.87413489717	300	18.941700157720632	0.0	111155	3047.849217232658	-0.15000000000000002
23993.445020868574	300	19.37081418631877	0.0	153605	3570.88597140186	0.3
23995.737598359763	300	21.07823669513002	0.0	149029	2292.577491188748	0.3
24000.060170038967	750	20.755665015926176	0.0	358218	4322.571679203845	0.3
24004.644837808646	750	20.17099724624892	0.0	400322	4584.667769677257	0.75
24009.610742677985	750	19.20509237690837	0.0	369834	4965.90486934055	0.75
24013.6987628395	750	19.117072215394657	0.0	412837	4088.0201615137134	0.75
24018.240412542633	750	18.57542251226146	0.0	401088	4541.649703133192	0.75
24023.635063742757	750	17.180771312137185	0.0	365161	5394.651200124278	0.75
24027.327374304154	750	17.48846075074139	0.0	321064	3692.3105613957937	0.75
24032.111051680975	750	16.704783373919003	0.0	361565	4783.6773768223875	0.75
24037.255276210413	750	15.560558844479955	0.0	378327	5144.224529439049	0.75
24041.7140089333	750	15.10182612158963	0.0	390680	4458.732722890325	0.75
24044.581906039177	750	16.233929015711976	0.0	345516	2867.8971058776556	0.75
24047.034004962537	750	17.781830092352457	0.0	384505	2452.0989233595137	0.75
24050.21188888413	750	18.603946170764136	0.0	372093	3177.883921588324	0.75
24055.44187383584	1200	17.373961219051868	0.0	634861	5229.984951712267	0.75
24060.37444704906	1200	16.441388005831854	0.0	630203	4932.573213220014	1.2
24066.372560278487	1200	14.443274776404927	0.0	638661	5998.1132294269255	1.2
24071.58658660613	1200	13.229248448762918	0.0	538612	5214.026327642009	1.2
24075.998224695482	1200	12.817610359412985	0.0	550906	4411.638089349934	1.2

