20248.234744942696	750	4.0	5.057839080863765	450283	5057.839080863765	0.6004099	-20.99870804771419
20249.66548245775	300	6.569262484946178	0.0	155580	1430.7375150538228	0.0104488	-0.15000000000000002
20251.06407069359	300	9.170674249107659	0.0	139857	1398.5882358385181	0.03548017	0.3
20252.50904870625	300	11.72569623644636	0.0	155432	1444.9780126612982	0.004705182	0.3
20254.157288834343	300	14.077456108354035	0.0	163442	1648.2401280923232	0.03012217	0.3
20255.436090560263	300	16.798654382437846	0.0	126289	1278.8017259161916	0.05353695	0.3
20256.763423430497	300	19.471321512200717	0.0	153295	1327.332870237129	0.00971674	0.3
20258.408151173007	300	21.826593769691208	0.0	173849	1644.7277425095092	0.015716001	0.3
20259.848466665924	300	24.386278276774544	0.0	150710	1440.3154929166644	0.022336097	0.3
20261.08859696965	300	27.14614797304884	0.0	139105	1240.1303037257042	0.06779246	0.3
20262.328381624986	300	29.90636331771098	0.0	141840	1239.7846553378602	0.109366	0.3
20263.738937558006	300	32.4958073846902	0.0	156148	1410.555933020776	0.21926583	0.3
20267.18853971145	750	33.046205231248706	0.0	386351	3449.602153441496	0.51031524	0.3
20270.81041783823	750	33.42432710446657	0.0	434409	3621.878126782139	0.033234883	0.75
20274.28356428646	750	33.95118065623881	0.0	337059	3473.1464482277597	0.00859517	0.75
20279.160199113358	750	33.07454582934139	0.0	366214	4876.634826897416	0.008882428	0.75
20282.47486868255	750	33.75987626014656	0.0	360831	3314.6695691948266	0.013509668	0.75
20285.68129977837	750	34.55344516432505	0.0	372963	3206.4310958215096	0.00473532	0.75
20289.708477182172	750	34.52626776052586	0.0	405596	4027.1774037991845	0.004705182	0.75
20292.91459784443	750	35.32014709826719	0.0	350713	3206.1206622586737	0.004705182	0.75
20297.182554088926	750	35.05219085377321	0.0	386472	4267.956244493978	0.004705182	0.75
20302.449860971246	750	33.784883971452295	0.0	399894	5267.306882320912	0.004705182	0.75
20308.247422360888	750	31.987322581808975	0.0	401853	5797.561389643323	0.004705182	0.75
20312.682547894063	750	31.552197048635783	0.0	343800	4435.125533173194	0.004705182	0.75
20316.472816088222	750	31.761928854479393	0.0	359903	3790.2681941563887	0.004705182	0.75
20319.458383229205	750	32.77636171349739	0.0	379700	2985.567140982007	0.004705182	0.75
20323.061242329783	750	33.17350261291891	0.0	425781	3602.8591005784865	0.007494484	0.75
20326.458438991238	750	33.776305951465524	0.0	277716	3397.196661453382	0.019601194	0.75
20330.22522137087	750	34.009523571832126	0.0	400396	3766.7823796333996	0.0056537264	0.75
20333.859485579284	750	34.375259363420774	0.0	400508	3634.264208411353	0.017537713	0.75
20338.167364002573	750	34.06738094012777	0.0	358218	4307.878423293001	0.047456708	0.75
20341.258230880718	750	34.97651406198241	0.0	400322	3090.8668781453575	0.0138592385	0.75
20344.402648227486	750	35.832096715215116	0.0	369834	3144.417346767299	0.3488674	0.75
20347.254816957236	750	36.979927985466254	0.0	412837	2852.1687297488593	0.5584795	0.75
20353.46213851314	1200	34.772606429561584	0.0	690253	6207.321555904665	0.4053178	0.75
20364.047545389632	1200	28.18719955306995	0.0	598727	10585.406876491637	0.023468524	1.2
20368.116153867184	750	28.118591075516814	0.0	321064	4068.608477553136	0.58169895	0.3
20372.226022334104	750	28.00872260859836	0.0	361565	4109.868466918455	0.01926046	0.75
20377.450807225414	750	26.78393771728799	0.0	378327	5224.78489131037	0.0436359	0.75
20382.067780476857	750	26.16696446584315	0.0	390680	4616.97325144484	0.03255371	0.75
20387.28115674807	750	24.953588194629468	0.0	345516	5213.3762712136795	0.06557145	0.75
20390.99454080969	750	25.24020413300897	0.0	384505	3713.3840616204966	0.017069824	0.75
20395.356107502215	750	24.878637440486326	0.0	372093	4361.566692522643	0.21204072	0.75
20402.549153612043	750	21.685591330656187	0.0	438281	7193.0461098301375	0.03771834	0.75
20408.59231554745	750	19.642429395252577	0.0	398987	6043.161935403611	0.0125037255	0.75
20414.906558991013	750	17.328185951686848	0.0	393804	6314.24344356573	0.011218235	0.75
20420.00731380819	750	16.227431134508745	0.0	331053	5100.754817178102	0.0062736813	0.75
20425.507085117784	750	14.727659824916904	0.0	314107	5499.77130959184	0.004705182	0.75

