7407.1689318129675	750	4.0	1.1823497891980714	450283	1182.3497891980714	-4.334104093551707
7407.593832104066	300	7.575099708901448	0.0	155580	424.9002910985534	-0.15000000000000002
7407.983723963711	300	11.185207849256075	0.0	139857	389.8918596453704	0.3
7409.664614388748	1200	13.504317424218664	0.0	617681	1680.8904250374133	0.29999999999999993
7411.3613632414545	1200	15.807568571511867	0.0	652874	1696.7488527067965	1.2
7414.177036609972	2850	16.991895202994602	0.0	1224260	2815.6733685172653	1.2000000000000002
7417.461076705654	2850	17.707855107311957	0.0	1388403	3284.0400956826456	2.85
7421.922981542879	2850	17.245950270086908	0.0	1638769	4461.904837225048	2.85
7425.077247874158	2850	18.09168393880696	0.0	1348011	3154.266331279948	2.85
7428.585659226282	2850	18.583272586684203	0.0	1429765	3508.411352122761	2.85
7432.830261827373	2850	18.338669985592393	0.0	1354548	4244.602601091807	2.85
7437.286569331225	2850	17.882362481740067	0.0	1519951	4456.307503852327	2.85
7440.995829766508	2850	18.17310204645684	0.0	1422919	3709.260435283227	2.85
7444.8253108169865	2850	18.34362099597847	0.0	1578343	3829.481050478373	2.85
7448.163405609349	2850	19.005526203616203	0.0	1231445	3338.094792362268	2.85
7452.797598992009	2850	18.371332820956727	0.0	1471065	4634.193382659475	2.85
7456.221453231731	2850	18.947478581234456	0.0	1491626	3423.854239722271	2.85
7459.877346163622	2850	19.291585649343514	0.0	1358801	3655.8929318909436	2.85
7464.037937031777	2850	19.130994781189315	0.0	1537156	4160.590868154197	2.85
7467.695442811408	2850	19.473489001557887	0.0	1336050	3657.505779631431	2.85
7471.742711582296	2850	19.42622023067022	0.0	1415116	4047.2687708876656	2.85
7476.310916911723	2850	18.85801490124243	0.0	1468126	4568.2053294277885	2.85
7479.62349131338	2850	19.545440499585254	0.0	1505760	3312.5744016571784	2.85
7482.631281589583	2850	20.537650223383082	0.0	1323990	3007.7902762021677	2.85
7485.875790918428	2850	21.293140894537995	0.0	1383735	3244.5093288450867	2.85
7489.546631066115	2850	21.62230074685101	0.0	1480464	3670.840147686982	2.85
7493.105339488921	2850	22.063592324044354	0.0	1547572	3558.7084228066556	2.85
7497.360839976547	4300	21.808091836418818	0.0	1972048	4255.500487625538	2.8499999999999996
7501.838606880147	4300	21.33032493281864	0.0	2134614	4477.766903600178	4.3
7507.859860728922	4300	19.30907108404346	0.0	2164140	6021.253848775182	4.3
7512.2209467152215	2850	18.94798509774387	0.0	1341201	4361.0859862995885	1.4000000000000001
7518.894197562926	2850	16.274734250039835	0.0	1497683	6673.250847704034	2.85
7524.228809559478	2850	14.940122253487957	0.0	1358081	5334.611996551878	2.85
7527.7270278984415	1850	15.441903914524039	0.0	1035329	3498.2183389639167	0.8500000000000001
7530.779838832083	1850	16.3890929808823	0.0	1026056	3052.810933641739	1.85
7533.836045017027	1850	17.33288679593891	0.0	943942	3056.2061849433894	1.85
7538.798867437141	2850	16.370064375824196	0.0	1139291	4962.822420114715	1.85
7542.3383360596845	1850	16.830595753280697	0.0	938587	3539.468622543499	0.8500000000000001
7546.103470708436	1850	17.06546110452945	0.0	908665	3765.1346487512437	1.85
7550.66667740463	1850	16.502254408335723	0.0	930577	4563.206696193728	1.85
7553.74690952871	1850	17.422022284255462	0.0	858450	3080.2321240802626	1.85
7556.783695726984	1850	18.385236085981333	0.0	1025005	3036.7861982741256	1.85
7559.705844844274	1850	19.463086968690913	0.0	886255	2922.1491172904202	1.85
7562.1778992968	1850	20.991032516164065	0.0	973972	2472.0544525268474	1.85
7565.654675583486	2850	21.514256229478633	0.0	1464921	3476.7762866854323	1.85
7569.245594605001	2850	21.92333720796369	0.0	1483527	3590.9190215149424	2.85
7574.3971048325775	4300	20.77182698038753	0.0	1961140	5151.510227576158	2.8499999999999996
7577.564752555999	2850	21.6041792569657	0.0	1364537	3167.6477234218282	1.4000000000000001

