6737.513365133915	750	4.0	4.043612194844198	450283	4043.6121948441983	0.004705182	-16.63753243783005
6739.169823541027	300	6.343541592888147	0.0	155580	1656.458407111853	0.21825795	-0.15000000000000002
6740.438514668766	300	9.07485046514876	0.0	139857	1268.6911277393874	0.038657468	0.3
6741.616479389576	300	11.896885744338519	0.0	155432	1177.9647208102417	0.008861968	0.3
6742.726601399263	300	14.786763734651103	0.0	163442	1110.122009687414	0.16739286	0.3
6743.501467164819	300	18.011897969094953	0.0	126289	774.8657655561504	0.39017904	0.3
6744.518633365796	300	20.99473176811839	0.0	153295	1017.1662009765631	0.17875977	0.3
6745.960990460148	300	23.552374673766554	0.0	173849	1442.3570943518337	0.15362933	0.3
6747.678753786496	300	25.83461134741873	0.0	150710	1717.763326347823	0.15902889	0.3
6749.319129293864	300	28.194235840051057	0.0	139105	1640.3755073676718	0.1564697	0.3
6750.87820974054	300	30.63515539337508	0.0	141840	1559.0804466759766	0.16394217	0.3
6752.381880779433	300	33.13148435448211	0.0	156148	1503.6710388929696	0.23049037	0.3
6754.3918754403585	300	35.12148969355655	0.0	160746	2009.9946609255603	0.5810843	0.3
6756.900265664485	300	36.6130994694294	0.0	179801	2508.390224127149	0.55362254	0.3
6761.271693800959	750	36.24167133295597	0.0	337059	4371.428136473433	0.6152905	0.3
6764.160237686575	750	37.35312744734067	0.0	366214	2888.543885615301	0.042790383	0.75
6766.398678270459	750	39.11468686345626	0.0	360831	2238.4405838844127	0.004705182	0.75
6769.275125479845	750	40.23823965406974	0.0	372963	2876.447209386515	0.005735543	0.75
6772.3700271551115	750	41.14333797880398	0.0	405596	3094.9016752657653	0.005972888	0.75
6776.556671385783	750	40.956693748131556	0.0	350713	4186.644230672423	0.019010445	0.75
6779.265759599375	750	42.247605534539886	0.0	386472	2709.088213591668	0.0053591738	0.75
6781.964234662126	750	43.549130471789326	0.0	399894	2698.475062750559	0.09697981	0.75
6787.224581660636	750	42.28878347327817	0.0	401853	5260.346998511157	0.27012536	0.75
6792.293160300214	750	41.22020483370033	0.0	343800	5068.5786395778405	0.0209714	0.75
6796.4043182099485	750	41.10904692396591	0.0	359903	4111.157909734413	0.007969102	0.75
6800.3011275889885	750	41.21223754492621	0.0	379700	3896.8093790397065	0.019881446	0.75
6803.5074260535475	750	42.005939080367256	0.0	425781	3206.2984645589536	0.029319309	0.75
6807.013055542332	750	42.50030959158226	0.0	277716	3505.6294887850045	0.40939686	0.75
6813.076319077087	750	40.43704605682775	0.0	400396	6063.263534754506	0.08885977	0.75
6817.847266800161	750	39.66609833375251	0.0	400508	4770.947723075238	0.01994468	0.75
6826.46136253647	750	35.052002597443696	0.0	358218	8614.095736308816	0.07783512	0.75
6830.285835804342	750	35.22752932957203	0.0	400322	3824.473267871668	0.004705182	0.75
6833.341547666798	750	36.17181746711732	0.0	369834	3055.711862454708	0.029863698	0.75
6837.816439292853	750	35.69692584106242	0.0	412837	4474.891626054895	0.26831657	0.75
6847.841314915576	1200	29.67205021833909	0.0	690253	10024.87562272333	0.21699224	0.75
6850.7155557280275	1200	30.797809405887538	0.0	598727	2874.240812451553	0.62118185	1.2
6852.654975906689	1200	32.8583892272254	0.0	487812	1939.4201786621327	0.004705182	1.2
6855.026257362025	1200	34.48710777189054	0.0	575591	2371.281455334856	0.004705182	1.2
6857.893225293425	1200	35.6201398404904	0.0	605884	2866.9679314001382	0.01061025	1.2
6860.337155724101	1200	37.17620940981439	0.0	587506	2443.9304306760087	0.5018983	1.2
6864.947568765644	2850	36.565796368270824	0.0	1339500	4610.413041543568	0.042202853	1.2000000000000002
6870.942228219073	2850	34.571136914842256	0.0	1527299	5994.659453428567	0.013710547	2.85
6884.804326513863	2850	24.7090386200516	0.0	1343002	13862.098294790652	0.014633992	2.85
6887.395991076204	1200	26.117374057710467	0.0	634861	2591.664562341132	0.004705182	-0.44999999999999996
6890.023775226834	1200	27.48958990708068	0.0	630203	2627.784150629789	0.0057190955	1.2
6892.355412867373	1200	29.15795226654209	0.0	638661	2331.6376405385945	0.12628831	1.2
6896.931815765569	2850	28.58154936834618	0.0	1231456	4576.402898195905	0.025634462	1.2000000000000002
6903.45620231326	2850	26.057162820654643	0.0	1364537	6524.386547691542	0.008730548	2.85

