20787.423316934834	750	4.0	3.383176362969059	450283	3383.176362969059	-13.797658360766953
20789.548648872038	300	5.874668062799087	0.0	155580	2125.331937200913	-0.15000000000000002
20791.88889192028	300	7.534425014556251	0.0	139857	2340.2430482428354	0.3
20793.71693766897	300	9.706379265862852	0.0	155432	1828.0457486933983	0.3
20794.917135334763	300	12.506181600070137	0.0	163442	1200.1976657927155	0.3
20795.91613191828	300	15.507185016555857	0.0	126289	998.9965835142789	0.3
20797.072335797908	300	18.350981136927512	0.0	153295	1156.203879628345	0.3
20800.244589931805	750	19.178727003027646	0.0	437162	3172.2541338998676	0.3
20803.285835151557	750	20.137481783276375	0.0	374758	3041.2452197512744	0.75
20806.45085337991	750	20.97246355492571	0.0	362795	3165.018228350661	0.75
20809.409945790576	750	22.013371144255352	0.0	353220	2959.092410670361	0.75
20815.498057423323	750	19.925259511508767	0.0	405134	6088.111632746583	0.75
20819.323832906248	750	20.099484028587423	0.0	386351	3825.7754829213445	0.75
20822.42769552435	750	20.995621410484446	0.0	434409	3103.8626181029776	0.75
20824.687131076105	750	22.73618585873077	0.0	337059	2259.435551753677	0.75
20827.020453313504	750	24.40286362133076	0.0	366214	2333.3222374000147	0.75
20829.79281974632	750	25.630497188515402	0.0	360831	2772.3664328153586	0.75
20834.67564916208	1200	24.74766777275615	0.0	581493	4882.829415759252	0.75
20837.253044226087	750	26.1702727087477	0.0	405596	2577.3950640084463	0.3
20839.361980485144	750	28.061336449690586	0.0	350713	2108.9362590571127	0.75
20843.49350488551	1200	27.9298120493259	0.0	601738	4131.524400364684	0.75
20847.741663501052	1200	27.681653433782582	0.0	616206	4248.158615543317	1.2
20852.148221769956	1200	27.275095164881048	0.0	656471	4406.558268901535	1.2
20855.936330277495	1200	27.486986657342044	0.0	536667	3788.1085075390038	1.2
20860.285930771166	1200	27.13738616367282	0.0	587236	4349.600493669225	1.2
20864.427665448173	1200	26.99565148666478	0.0	590335	4141.734677008037	1.2
20872.667062627588	1200	22.756254307250323	0.0	696376	8239.397179414456	1.2
20875.386330612986	750	24.036986321851195	0.0	277716	2719.267985399129	0.3
20880.61200201943	750	22.81131491541054	0.0	400396	5225.671406440656	0.75
20883.510223132886	750	23.913093801952947	0.0	400508	2898.2211134575964	0.75
20886.07539022403	750	25.347926710810437	0.0	358218	2565.167091142511	0.75
20889.335557397113	750	26.0877595377278	0.0	400322	3260.167173082639	0.75
20892.530977516308	750	26.892339418532547	0.0	369834	3195.4201191952498	0.75
20896.10596993267	750	27.317347002174053	0.0	412837	3574.9924163584933	0.75
20902.314281595052	750	25.10903533979223	0.0	401088	6208.311662381824	0.75
20905.692111304605	750	25.731205630239188	0.0	365161	3377.829709553043	0.75
20908.032991678738	750	27.39032525610611	0.0	321064	2340.8803741330776	0.75
20910.469427846983	750	28.953889087860517	0.0	361565	2436.4361682455938	0.75
20912.86977774135	750	30.553539193492476	0.0	378327	2400.3498943680383	0.75
20917.29643862468	1200	30.126878310161413	0.0	587506	4426.660883331063	0.75
20921.957382979497	1200	29.465933955345555	0.0	566904	4660.944354815859	1.2
20925.758796569975	1200	29.664520364869798	0.0	641452	3801.4135904757563	1.2
20929.88252608823	1200	29.540790846613127	0.0	599477	4123.72951825667	1.2
20934.232890482897	1200	29.190426451942887	0.0	634861	4350.364394670239	1.2
20938.49665683813	1200	28.92666009671085	0.0	630203	4263.766355232036	1.2
20942.957162160426	1200	28.466154774415685	0.0	638661	4460.505322295165	1.2
20947.092764681463	1200	28.33055225338105	0.0	538612	4135.602521034634	1.2
20951.120616505457	1200	28.302700429385503	0.0	550906	4027.8518239955492	1.2

