10265.46921313822	750	4.0	0.8872836624630916	450283	887.2836624630917	0.03161093	-3.065319748591294
10266.32445460662	750	7.144758531598576	0.0	398865	855.2414684014233	0.032058984	0.75
10267.096104069875	750	10.37310906834445	0.0	350812	771.6494632541267	0.21090657	0.75
10268.418158560618	1200	13.051054577601736	0.0	617681	1322.0544907427134	0.22443391	0.75
10269.959450199114	1200	15.509762939105451	0.0	652874	1541.2916384962837	0.004705182	1.2
10271.120434186058	1200	18.34877895216072	0.0	520315	1160.9839869447278	0.004705182	1.2
10272.309333366893	1200	21.159879771325144	0.0	561791	1188.899180835579	0.004705182	1.2
10273.74038588134	1200	23.72882725687763	0.0	709534	1431.0525144475146	0.004705182	1.2
10274.893587544846	1200	26.575625593371974	0.0	584846	1153.2016635056557	0.11388437	1.2
10277.832386512617	2850	27.636826625600488	0.0	1429765	2938.7989677714872	0.6384653	1.2000000000000002
10280.85587787652	2850	28.613335261696285	0.0	1354548	3023.491363904201	0.004705182	2.85
10284.204317143105	2850	29.264895995112106	0.0	1519951	3348.439266584176	0.004705182	2.85
10287.62607652104	2850	29.84313661717573	0.0	1422919	3421.7593779363783	0.004814305	2.85
10291.3961929402	2850	30.07302019801759	0.0	1578343	3770.1164191581393	0.004705182	2.85
10294.63391790502	2850	30.83529523319738	0.0	1231445	3237.7249648202073	0.0048511554	2.85
10298.121452809803	2850	31.34776032841316	0.0	1471065	3487.5349047842237	0.004705182	2.85
10301.510848183556	2850	31.958364954660677	0.0	1491626	3389.395373752484	0.004705182	2.85
10316.85982164911	2850	20.60939148910664	0.0	1358801	15348.97346555404	0.004705182	2.85
10318.916815129349	300	22.552398008868497	0.0	165384	2056.9934802381395	0.5483408	-2.25
10323.34096920235	750	22.128243935865807	0.0	350713	4424.15407300269	0.5741681	0.3
10324.922620181329	750	24.54659295688662	0.0	386472	1581.6509789791887	0.035394397	0.75
10326.124312225049	750	27.344900913166402	0.0	399894	1201.6920437202166	0.29798627	0.75
10327.856334324004	1200	29.61287881421136	0.0	656471	1732.0220989550442	0.004705182	0.75
10329.369984135395	1200	32.09922900282123	0.0	536667	1513.6498113901291	0.02533359	1.2
10331.08909362419	1200	34.38011951402574	0.0	587236	1719.1094887954891	0.13471144	1.2
10333.974603446277	1850	35.49460969193852	0.0	905935	2885.509822087216	0.5152614	1.2000000000000002
10338.286972436379	2850	35.18224070183587	0.0	1547572	4312.36899010265	0.004705182	1.85
10341.801711309516	2850	35.66750182870034	0.0	1141971	3514.738873135533	0.0417921	2.85
10347.789055070194	2850	33.68015806802241	0.0	1498470	5987.343760677934	0.032248326	2.85
10355.082923017284	2850	30.38629012093159	0.0	1561263	7293.867947090819	0.004843198	2.85
10358.846971885248	2850	30.622241252967015	0.0	1341201	3764.0488679645746	0.004705182	2.85
10364.440818546778	2850	29.028394591438094	0.0	1497683	5593.846661528923	0.004705182	2.85
10369.229883300834	2850	28.23932983738282	0.0	1358081	4789.064754055274	0.004705182	2.85
10374.98036757132	2850	26.488845566897385	0.0	1587293	5750.484270485435	0.004705182	2.85
10378.595079311865	2850	26.874133826351216	0.0	1492672	3614.7117405461704	0.004705182	2.85
10382.040877288535	2850	27.428335849680145	0.0	1439896	3445.79797667107	0.0065843128	2.85
10384.61042196175	2850	28.858791176464155	0.0	1139291	2569.5446732159926	0.026114972	2.85
10387.973963097831	2850	29.49525004038451	0.0	1499009	3363.5411360796465	0.20024213	2.85
10392.876448685982	4300	28.592764452235176	0.0	2133870	4902.485588149332	0.62028474	2.8499999999999996
10397.890722641441	4300	27.578490496774105	0.0	2146120	5014.27395546107	0.004705182	4.3
10402.602624853624	4300	26.866588284591796	0.0	2108491	4711.902212182311	0.004705182	4.3
10407.459517676956	4300	26.009695461258858	0.0	2184571	4856.892823332938	0.004705182	4.3
10412.100715108274	4300	25.368498029942057	0.0	2121928	4641.1974313167975	0.004705182	4.3
10417.065611605902	4300	24.403601532314593	0.0	2219102	4964.896497627465	0.004705182	4.3
10423.52206553315	4300	21.947147605066593	0.0	2124950	6456.453927247997	0.004705182	4.3
10428.225699360873	4300	21.24351377734276	0.0	2246506	4703.633827723836	0.004705182	4.3
10432.124284887821	4300	21.344928250396688	0.0	1961140	3898.5855269460735	0.004705182	4.3
10436.689997150512	4300	20.77921598770427	0.0	2155012	4565.712262692418	0.004705182	4.3

