12970.834214108094	750	4.0	3.974865311257283	450283	3974.865311257283	0.5	-16.341920838406317
12973.422377275308	750	5.411836832786868	0.0	398865	2588.163167213131	0.5	0.75
12975.414602585339	750	7.419611522757528	0.0	350812	1992.2253100293408	0.5	0.75
12977.187301721598	750	9.64691238649601	0.0	382355	1772.6991362615167	0.5	0.75
12979.077349124318	750	11.756864983776255	0.0	411561	1890.047402719756	0.5	0.75
12980.551472252771	750	14.28274185532262	0.0	318564	1474.1231284536343	0.5	0.75
12982.033770610855	750	16.800443497239968	0.0	352642	1482.2983580826508	0.5	0.75
12988.083221869085	1850	14.750992239009145	0.0	1060487	6049.451258230824	0.5	0.75
12992.165515390443	1850	14.668698717651466	0.0	852833	4082.293521357678	0.5	1.85
12996.667141224896	1850	14.167072883198136	0.0	913888	4501.625834453332	0.5	1.85
13001.546119338254	1850	13.28809476984203	0.0	939819	4878.978113356106	0.5	1.85
13006.335064645242	1850	12.499149462854154	0.0	917428	4788.945306987874	0.5	1.85
13011.107862593177	1850	11.726351514918354	0.0	946851	4772.797947935801	0.5	1.85
13015.536130924791	1850	11.298083183305694	0.0	1036454	4428.26833161266	0.5	1.85
13019.344767227654	1850	11.489446880443735	0.0	821631	3808.6363028619594	0.5	1.85
13024.432690089305	1850	10.401524018792724	0.0	923170	5087.92286165101	0.5	1.85
13029.147966224667	1850	9.686247883429846	0.0	966699	4715.2761353628775	0.5	1.85
13032.895305200793	1850	9.938908907303363	0.0	885714	3747.338976126485	0.5	1.85
13036.38351020744	1850	10.450703900654773	0.0	987708	3488.2050066485904	0.5	1.85
13039.624431227452	1850	11.209782880644406	0.0	923755	3240.9210200103666	0.5	1.85
13042.937517936816	1850	11.896696171279794	0.0	891604	3313.0867093646116	0.5	1.85
13046.918500774513	1850	11.915713333583831	0.0	955231	3980.982837695963	0.5	1.85
13051.089641536728	1850	11.744572571367668	0.0	968026	4171.140762216164	0.5	1.85
13055.654598840025	1850	11.179615268070553	0.0	874175	4564.957303297115	0.5	1.85
13059.732481294719	1850	11.10173281337474	0.0	897976	4077.882454695814	0.5	1.85
13063.936156688182	1850	10.898057419913417	0.0	905935	4203.675393461323	0.5	1.85
13068.281347471744	1850	10.55286663635084	0.0	1076599	4345.190783562577	0.5	1.85
13077.237647739803	1850	5.596566368291638	0.0	758197	8956.300268059202	0.5	1.85
13078.47097955584	300	8.363234552254887	0.0	153605	1233.3318160367503	0.5	-1.25
13079.510715647757	300	11.323498460336769	0.0	149029	1039.7360919181194	0.5	0.3
13080.376528355742	300	14.457685752352868	0.0	157421	865.8127079839019	0.5	0.3
13081.178816364569	300	17.655397743524613	0.0	157488	802.2880088282537	0.5	0.3
13082.1026413529	300	20.73157275519564	0.0	143881	923.8249883289701	0.5	0.3
13084.871678287944	750	21.962535820151203	0.0	412837	2769.036935044439	0.5	0.3
13090.551648617085	1850	20.282565491010015	0.0	1026056	5679.970329141186	0.5	0.75
13096.643088089213	1850	18.19112601888305	0.0	943942	6091.4394721269655	0.5	1.85
13102.687315869289	1850	16.14689823880799	0.0	728962	6044.227780075061	0.5	1.85
13113.520827943572	1850	9.313386164522955	0.0	938587	10833.512074285034	0.5	1.85
13116.681846542124	750	10.152367565972892	0.0	378327	3161.0185985500634	0.5	-0.3500000000000001
13119.364168257049	750	11.470045851048951	0.0	390680	2682.3217149239413	0.5	0.75
13124.100782857677	750	10.733431250420526	0.0	345516	4736.614600628424	0.5	0.75
13128.656707884666	750	10.177506223431676	0.0	384505	4555.925026988852	0.5	0.75
13132.992232120781	750	9.841981987315101	0.0	372093	4335.524236116575	0.5	0.75
13136.208511511488	750	10.625702596609495	0.0	438281	3216.279390705605	0.5	0.75
13138.906916127768	750	11.927297980330314	0.0	398987	2698.404616279183	0.5	0.75
13141.417034196966	750	13.41717991113213	0.0	393804	2510.1180691981817	0.5	0.75
13144.887557160642	1200	13.946656947455113	0.0	538612	3470.5229636770177	0.5	0.75
13152.434496997055	1850	10.399717111043179	0.0	846370	7546.939836411933	0.5	1.2000000000000002

