2732.826641546895	750	4.0	3.7572090788844412	450283	3757.209078884441	-15.405999039203095
2734.0573761608202	300	6.76926538607515	0.0	155580	1230.7346139248493	-0.15000000000000002
2735.1226911888157	300	9.703950358079696	0.0	139857	1065.3150279954539	0.3
2736.4044211501364	300	12.422220396759094	0.0	155432	1281.729961320603	0.3
2737.9894618884778	300	14.837179658417623	0.0	163442	1585.0407383414722	0.3
2739.824316350226	300	17.002325196669013	0.0	126289	1834.854461748612	0.3
2742.396020155103	300	18.430621391792354	0.0	153295	2571.70380487666	0.3
2745.174945301262	300	19.65169624563326	0.0	173849	2778.9251461590893	0.3
2746.974589557278	300	21.852051989617394	0.0	150710	1799.6442560158698	0.3
2747.975813085497	300	24.85082846139826	0.0	139105	1001.2235282191332	0.3
2748.9428895397446	300	27.883752007150445	0.0	141840	967.0764542478173	0.3
2750.312224088331	300	30.514417458564274	0.0	156148	1369.3345485861669	0.3
2751.730165004933	300	33.09647654196163	0.0	160746	1417.9409166026505	0.3
2753.276478765556	300	35.550162781338905	0.0	179801	1546.3137606227199	0.3
2755.587233897757	300	37.23940764913827	0.0	140051	2310.7551322006307	0.3
2757.773166131783	300	39.0534754151124	0.0	138313	2185.932234025872	0.3
2759.415073772236	300	41.41156777465877	0.0	143509	1641.9076404536333	0.3
2760.7691417633578	300	44.05749978353698	0.0	150616	1354.0679911217896	0.3
2762.1705378339248	300	46.65610371297001	0.0	165384	1401.3960705669724	0.3
2763.3273927684427	300	49.49924877845208	0.0	140881	1156.8549345179288	0.3
2765.1154319904276	300	51.711209556467466	0.0	157671	1788.0392219846133	0.3
2766.7263761671925	300	54.100265379702364	0.0	157812	1610.944176765099	0.3
2770.6997890202088	300	54.1268525266865	0.0	163927	3973.41285301587	0.3
2774.4117068621235	300	54.41493468477125	0.0	137654	3711.917841915251	0.3
2777.459926701284	300	55.36671484561072	0.0	146754	3048.2198391605175	0.3
2782.164381730484	300	54.66225981641095	0.0	153938	4704.455029199777	0.3
2787.316532218424	300	53.51010932847084	0.0	181901	5152.150487940114	0.3
2789.8031496838234	300	55.02349186307178	0.0	111155	2486.6174653990574	0.3
2792.987994258222	300	55.8386472886731	0.0	153605	3184.8445743986786	0.3
2797.406601635784	300	55.42003991111074	0.0	149029	4418.607377562356	0.3
2802.85805905494	300	53.96858249195493	0.0	157421	5451.4574191558095	0.3
2808.534522902879	300	52.29211864401593	0.0	157488	5676.463847939006	0.3
2813.364870818241	300	51.4617707286536	0.0	143881	4830.347915362332	0.3
2817.5616279813025	300	51.26501356559211	0.0	163444	4196.757163061483	0.3
2821.198204784017	300	51.62843676287753	0.0	179328	3636.576802714583	0.3
2824.4673820827784	300	52.35925946411601	0.0	159914	3269.1772987615177	0.3
2826.093910567495	300	54.73273097939951	0.0	131610	1626.5284847164933	0.3
2827.734413168206	300	57.09222837868801	0.0	124011	1640.5026007115034	0.3
2830.114786941082	300	58.711854605812114	0.0	144254	2380.3737728759033	0.3
2833.8823704118117	300	58.94427113508228	0.0	149991	3767.5834707298372	0.3
2836.6662986709475	300	59.88877591041572	0.0	147968	2555.495224666562	0.3
2841.04791681453	300	59.507157766833444	0.0	161857	4381.618143582272	0.3
2845.7442992614256	300	58.81077531993755	0.0	145210	4696.382446895894	0.3
2851.0426852414253	300	57.512389339937556	0.0	172312	5298.385979999994	0.3
2857.387779090487	300	55.167295490876214	0.0	167025	6345.093849061348	0.3
2861.716225653056	300	54.83884892830725	0.0	160064	4328.446562568965	0.3
2865.6615967768034	300	54.89347780455972	0.0	137507	3945.3711237475272	0.3
2869.8086961426716	300	54.746378438691636	0.0	118421	4147.09936586808	0.3

