15801.65577808781	750	4.0	2.005422751396268	450283	2005.4227513962683	0.004705182	-7.873317831003952
15803.889815610324	750	5.765962477485412	0.0	398865	2234.037522514588	0.004705182	0.75
15805.992504391144	750	7.663273696664623	0.0	350812	2102.6887808207885	0.0072365445	0.75
15808.203165199657	750	9.452612888153697	0.0	382355	2210.6608085109256	0.14902344	0.75
15810.521620933767	750	11.134157154042203	0.0	411561	2318.4557341114946	0.032286465	0.75
15812.234128830134	750	13.421649257674977	0.0	318564	1712.507896367226	0.018696819	0.75
15814.3130912129	750	15.34268687491009	0.0	352642	2078.9623827648857	0.06738893	0.75
15816.78761795548	750	16.868160132330654	0.0	437162	2474.526742579435	0.20903067	0.75
15818.506767413586	750	19.149010674224325	0.0	374758	1719.1494581063273	0.08499218	0.75
15821.306002496154	750	20.349775591656204	0.0	362795	2799.2350825681206	0.01982211	0.75
15823.571208023499	750	22.08457006431217	0.0	353220	2265.205527344036	0.23277764	0.75
15825.728256139071	750	23.92752194874061	0.0	405134	2157.048115571564	0.05183161	0.75
15827.433987429687	750	26.221790658124554	0.0	386351	1705.731290616053	0.006409373	0.75
15829.455375396597	750	28.200402691213533	0.0	434409	2021.3879669110195	0.011971886	0.75
15830.978128972809	750	30.677649115002424	0.0	337059	1522.753576211112	0.030568685	0.75
15832.830489844353	750	32.82528824345901	0.0	366214	1852.3608715434068	0.2965378	0.75
15834.331545653944	750	35.32423243386867	0.0	360831	1501.0558095903432	0.34012154	0.75
15836.989859599034	1200	36.66591848877753	0.0	581493	2658.313945091147	0.31392312	0.75
15840.055412581847	1200	37.60036550596427	0.0	639204	3065.5529828132535	0.00539775	1.2
15843.083830423097	1200	38.571947664716205	0.0	586839	3028.417841248065	0.004705182	1.2
15846.511960815567	1200	39.14381727224406	0.0	601738	3428.1303924721506	0.004705182	1.2
15850.114058658868	1200	39.541719428944354	0.0	616206	3602.0978432997003	0.004705182	1.2
15854.113277494902	1200	39.54250059291064	0.0	656471	3999.21883603372	0.004705182	1.2
15857.389401832776	1200	40.266376255035745	0.0	536667	3276.1243378748977	0.004705182	1.2
15860.46640662513	1200	41.189371462682836	0.0	587236	3077.0047923529028	0.004705182	1.2
15864.644525911242	1200	41.01125217656982	0.0	590335	4178.119286113022	0.004705182	1.2
15871.533163345115	1200	38.12261474269566	0.0	696376	6888.6374338741625	0.004705182	1.2
15878.601682739321	1200	35.05409534848954	0.0	487160	7068.519394206121	0.015981097	1.2
15886.394751867472	1200	31.261026220337357	0.0	622896	7793.069128152178	0.37854362	1.2
15891.581271306577	1200	30.074506781234458	0.0	641447	5186.519439102898	0.671435	1.2
15896.556086858549	1200	29.099691229262046	0.0	570392	4974.815551972409	0.26643634	1.2
15903.784315430446	1200	25.87146265736455	0.0	620283	7228.228571897495	0.2607959	1.2
15909.582604647994	1200	24.07317343981562	0.0	584349	5798.289217548931	0.6963106	1.2
15915.570438099647	1200	22.085339988162275	0.0	670129	5987.833451653342	0.6076906	1.2
15922.508263580128	1200	19.14751450768081	0.0	690253	6937.825480481463	0.6127246	1.2
15928.951646280533	750	16.704131807276017	0.0	365161	6443.382700404794	0.5771718	0.3
15935.13823407079	750	14.517544017019212	0.0	321064	6186.587790256805	0.004957793	0.75
15943.640282996423	750	10.015495091385048	0.0	361565	8502.048925634164	0.02393388	0.75
15945.437955583184	300	12.217822504624957	0.0	144254	1797.67258676009	0.009684152	-0.15000000000000002
15948.592913200435	750	13.062864887373237	0.0	390680	3154.9576172517186	0.06438648	0.3
15951.301703170888	750	14.354074916918883	0.0	345516	2708.789970454357	0.010708867	0.75
15954.015645492675	750	15.640132595132435	0.0	384505	2713.9423217864464	0.008170778	0.75
15956.776974617858	750	16.878803469950064	0.0	372093	2761.329125182373	0.050396793	0.75
15960.580601924239	750	17.07517616356934	0.0	438281	3803.627306380722	0.1263012	0.75
15964.124512262568	750	17.531265825239686	0.0	398987	3543.910338329654	0.15383582	0.75
15969.473420375101	1200	16.18235771270691	0.0	638661	5348.9081125327775	0.17351958	0.75
15972.255967586974	750	17.39981050083503	0.0	331053	2782.5472118718785	0.1276299	0.3
15975.334984512281	750	18.320793575527247	0.0	314107	3079.0169253077847	0.43919528	0.75

