17712.688735295742	750	4.0	1.9602828539084163	450283	1960.2828539084162	-7.67921627180619
17714.87342341451	750	5.815311881233627	0.0	398865	2184.6881187663726	0.75
17716.43493460889	750	8.253800686855161	0.0	350812	1561.5111943784655	0.75
17717.875369808342	750	10.813365487401867	0.0	382355	1440.4351994532958	0.75
17719.65102556591	750	13.037709729836955	0.0	411561	1775.655757564912	0.75
17721.05693156397	750	15.631803731775761	0.0	318564	1405.9059980611946	0.75
17724.00061296522	1200	16.688122330521782	0.0	561791	2943.681401253979	0.75
17725.970030701792	750	18.71870459395109	0.0	437162	1969.4177365706919	0.3
17727.141211582937	750	21.54752371280917	0.0	374758	1171.1808811419196	0.75
17729.02909187397	1200	23.659643421775186	0.0	560821	1887.8802910339823	0.75
17732.061689992064	1200	24.627045303682713	0.0	607410	3032.598118092473	1.2
17736.501512771178	1200	24.187222524568757	0.0	594078	4439.822779113959	1.2
17741.91782500563	1200	22.77091029011941	0.0	624282	5416.312234449345	1.2
17745.37579767597	750	23.312937619776335	0.0	434409	3457.972670343077	0.3
17748.041057233804	750	24.647678061946134	0.0	337059	2665.259557830198	0.75
17751.08290119668	750	25.605834099067106	0.0	366214	3041.843962879029	0.75
17754.41869930415	750	26.270035991594174	0.0	360831	3335.7981074729328	0.75
17758.160183480773	750	26.528551814974065	0.0	372963	3741.484176620111	0.75
17761.282127881936	750	27.406607413809397	0.0	405596	3121.944401164668	0.75
17763.527322199494	750	29.161413096253064	0.0	350713	2245.194317556331	0.75
17765.957618343557	750	30.73111695218883	0.0	386472	2430.296144064236	0.75
17767.570954174644	750	33.11778112110324	0.0	399894	1613.3358310855951	0.75
17770.47330390222	1200	34.21543139352881	0.0	656471	2902.349727574428	0.75
17773.22299743296	1200	35.4657378627884	0.0	536667	2749.693530740409	1.2
17775.99689124094	1200	36.691844054810076	0.0	587236	2773.893807978329	1.2
17780.849506389506	1850	35.83922890624349	0.0	905935	4852.615148566582	1.2000000000000002
17784.370593970998	1200	36.318141324750584	0.0	696376	3521.0875814929145	0.5499999999999999
17787.33728935814	1200	37.351445937608965	0.0	487160	2966.6953871416204	1.2
17790.232209106183	1200	38.45652618956451	0.0	622896	2894.9197480444545	1.2
17794.413263235943	1850	38.27547205980755	0.0	975811	4181.054129756955	1.2000000000000002
17798.186700245547	1850	38.50203505020149	0.0	873429	3773.4370096060575	1.85
17804.20698911792	1850	36.48174617782832	0.0	954453	6020.288872373169	1.85
17809.167375580604	1850	35.521359715144094	0.0	885062	4960.386462684227	1.85
17811.763967970353	1200	36.924767325395074	0.0	670129	2596.592389749022	0.5499999999999999
17815.702649244686	1850	36.986086051064795	0.0	1026056	3938.681274330273	1.2000000000000002
17819.21678392008	1850	37.47195137566903	0.0	943942	3514.134675395773	1.85
17821.347443636812	1850	39.341291658935475	0.0	728962	2130.659716733558	1.85
17829.781497282514	4300	34.907238013230895	0.0	2147467	8434.053645704575	1.8499999999999996
17832.791303207858	2850	35.89743208788616	0.0	1427478	3009.8059253447373	1.4000000000000001
17836.208256516824	2850	36.48047877892068	0.0	1402287	3416.9533089654833	2.85
17841.928754058852	4300	34.75998123689286	0.0	2108491	5720.497542027812	2.8499999999999996
17848.081601823265	4300	32.607133472477344	0.0	2184571	6152.847764415521	4.3
17853.37240770175	4300	31.316327593993236	0.0	2121928	5290.805878484105	4.3
17858.574628162536	4300	30.11410713320732	0.0	2219102	5202.220460785916	4.3
17863.437876756903	4300	29.250858538841978	0.0	2124950	4863.24859436534	4.3
17870.65162996685	4300	26.03710532889495	0.0	2246506	7213.753209947028	4.3
17873.021001980254	2850	27.667733315493464	0.0	1231456	2369.3720134014843	1.4000000000000001
17878.07262833321	2850	26.616106962535028	0.0	1364537	5051.626352958437	2.85

