19494.09550705989	750	4.0	4.955564253110452	450283	4955.564253110451	-20.55892628837494
19504.62450945808	750	4.0	6.5290023981878225	398865	10529.002398187822	-27.324710312207635
19508.344543323852	300	4.279966134227669	0.0	139857	3720.033865772332	-0.15000000000000002
19511.888578269165	300	4.73593118891477	0.0	155432	3544.034945312899	0.3
19515.432347954877	300	5.192161503204536	0.0	163442	3543.7696857102337	0.3
19518.666584061786	300	5.957925396293641	0.0	126289	3234.2361069108956	0.3
19522.090313076507	300	6.534196381574206	0.0	153295	3423.7290147194353	0.3
19527.235669947717	300	5.388839510366005	0.0	173849	5145.356871208201	0.3
19532.98427393857	300	4.0	0.35976448048675863	150710	5748.603990852764	-1.246987266093062
19536.81441882683	300	4.169855111741903	0.0	139105	3830.144888258097	0.3
19539.412785160614	300	5.571488777957753	0.0	141840	2598.36633378415	0.3
19541.754540921702	300	7.229733016866321	0.0	156148	2341.7557610914314	0.3
19543.453502123444	300	9.530771815125037	0.0	160746	1698.961201741283	0.3
19546.705200012537	300	10.279073926030518	0.0	179801	3251.697889094519	0.3
19549.608521117214	300	11.375752821353425	0.0	140051	2903.3211046770934	0.3
19551.05755207089	300	13.926721867673512	0.0	138313	1449.0309536799123	0.3
19552.23678104301	300	16.74749289555481	0.0	143509	1179.2289721187033	0.3
19553.383786370254	300	19.600487568309607	0.0	150616	1147.0053272452026	0.3
19554.891956805965	300	22.092317132601455	0.0	165384	1508.170435708152	0.3
19556.36632087538	300	24.617953063183396	0.0	140881	1474.3640694180606	0.3
19559.73075253527	750	25.253521403294485	0.0	386472	3364.4316598889104	0.3
19563.55003288222	750	25.434241056342405	0.0	399894	3819.28034695208	0.75
19566.539214185115	750	26.445059753449474	0.0	401853	2989.1813028929323	0.75
19571.70639244465	750	25.277881493917054	0.0	343800	5167.178259532419	0.75
19580.86331255318	750	20.12096138538313	0.0	359903	9156.920108533926	0.75
19584.562164316314	300	20.42210962224981	0.0	153938	3698.85176313332	-0.15000000000000002
19588.710085830466	300	20.27418810809911	0.0	181901	4147.9215141506975	0.3
19590.743012766638	300	22.24126117192545	0.0	111155	2032.9269361736585	0.3
19592.610652411324	300	24.3736215272386	0.0	153605	1867.6396446868523	0.3
19594.482981979836	300	26.501291958724664	0.0	149029	1872.3295685139365	0.3
19596.642826837186	300	28.341447101373166	0.0	157421	2159.844857351499	0.3
19598.558718929897	300	30.425555008661515	0.0	157488	1915.8920927116515	0.3
19599.99064950976	300	32.993624428798384	0.0	143881	1431.9305798631267	0.3
19601.9663582849	300	35.01791565366259	0.0	163444	1975.708775135798	0.3
19604.77496692369	300	36.20930701486976	0.0	179328	2808.608638792828	0.3
19605.88962490372	300	39.094649034841744	0.0	159914	1114.657980028018	0.3
19606.862220564995	300	42.12205337356848	0.0	131610	972.5956612732643	0.3
19609.46788093806	750	43.516393000503804	0.0	361565	2605.6603730646725	0.3
19611.960984125795	750	45.023289812766244	0.0	378327	2493.1031877375613	0.75
19614.652319942434	750	46.3319539961278	0.0	390680	2691.3358166384396	0.75
19617.202929344494	750	47.78134459406803	0.0	345516	2550.609402059764	0.75
19623.79957279295	750	45.18470114561322	0.0	384505	6596.643448454817	0.75
19626.606356040702	750	46.37791789785829	0.0	372093	2806.783247754934	0.75
19629.396716427746	750	47.587557510812196	0.0	438281	2790.360387046087	0.75
19631.619715300865	750	49.36455863769419	0.0	398987	2222.998873118015	0.75
19633.728236408424	750	51.25603753013633	0.0	393804	2108.5211075578536	0.75
19636.006035456037	750	52.978238482519146	0.0	331053	2277.799047617186	0.75
19640.17643793226	1200	52.80783600629898	0.0	550906	4170.402476220172	0.75

