12193.278790768705	750	4.0	3.5013497766476167	450283	3501.3497766476166	-14.305804039584752
12194.247049059008	300	7.031741709697546	0.0	155580	968.258290302454	-0.15000000000000002
12195.80940214384	750	9.469388624865182	0.0	350812	1562.3530848323649	0.3
12197.508160130697	750	11.770630638007107	0.0	382355	1698.757986858073	0.75
12199.35581268753	750	13.922978081173683	0.0	411561	1847.6525568334232	0.75
12201.29876714509	1200	15.980023623615153	0.0	520315	1942.9544575585287	0.75
12203.660105340288	1200	17.618685428416565	0.0	561791	2361.3381951985907	1.2
12206.777902974894	1200	18.500887793810435	0.0	709534	3117.7976346061305	1.2
12212.337615239354	1850	16.94117552935118	0.0	852833	5559.712264459255	1.2000000000000002
12216.176464451986	1200	17.102326316719786	0.0	560821	3838.8492126313945	0.5499999999999999
12220.4777143174	1200	16.80107645130441	0.0	607410	4301.249865415373	1.2
12224.313427924586	1200	16.96536284411871	0.0	594078	3835.7136071857017	1.2
12227.939640122588	1200	17.33915064611793	0.0	624282	3626.212198000781	1.2
12230.35922236831	750	18.919568400395043	0.0	434409	2419.5822457228855	0.3
12234.45001370096	1200	18.828777067743868	0.0	526950	4090.791332651179	0.75
12241.1447069539	1200	16.134083814803862	0.0	587876	6694.693252940006	1.2
12244.450032424273	750	16.82875834443109	0.0	360831	3305.325470372771	0.3
12248.903914308672	750	16.374876460031288	0.0	372963	4453.881884399803	0.75
12254.148219771465	750	15.130570997237955	0.0	405596	5244.305462793333	0.75
12257.767642060398	750	15.51114870830398	0.0	350713	3619.422288933977	0.75
12258.914683937486	300	18.364106831217672	0.0	157671	1147.0418770863096	-0.15000000000000002
12261.262199510298	750	20.016591258404382	0.0	399894	2347.5155728132895	0.3
12263.338085449259	750	21.940705319442728	0.0	401853	2075.8859389616564	0.75
12266.34737034827	1200	22.93142042043059	0.0	536667	3009.284899012139	0.75
12269.008375166437	1200	24.270415602264585	0.0	587236	2661.004818166005	1.2
12273.794392490498	1850	23.484398278204583	0.0	905935	4786.017324060002	1.2000000000000002
12284.198093720082	1850	17.080697048620024	0.0	1076599	10403.701229584558	1.85
12287.20250053457	1200	18.0762902341331	0.0	487160	3004.406814486925	0.5499999999999999
12290.509382642435	1200	18.76940812626723	0.0	622896	3306.8821078658684	1.2
12294.3012646079	1200	18.97752616080099	0.0	641447	3791.8819654662384	1.2
12297.538746191502	1200	19.74004457719926	0.0	570392	3237.481583601732	1.2
12299.927979850318	1200	21.350810918382546	0.0	620283	2389.233658816712	1.2
12303.13215436763	1850	22.146636401071763	0.0	885062	3204.174517310786	1.2000000000000002
12307.340362987496	1850	21.938427781204993	0.0	1035329	4208.20861986677	1.85
12311.924995850079	1850	21.35379491862231	0.0	1026056	4584.632862582684	1.85
12315.527217670127	1850	21.751573098572468	0.0	943942	3602.2218200498382	1.85
12320.133706678082	2850	21.14508409061957	0.0	1139291	4606.4890079529	1.85
12323.507341073482	1850	21.77144969521868	0.0	938587	3373.634395400887	0.8500000000000001
12326.68466884503	1850	22.594121923671054	0.0	908665	3177.32777154763	1.85
12331.859095358936	2850	21.41969540976394	0.0	1402287	5174.426513907114	1.85
12336.082627770204	2850	21.196162998496085	0.0	1339500	4223.532411267854	2.85
12339.768442654118	1850	21.510348114581735	0.0	1025005	3685.814883914352	0.8500000000000001
12344.873116921053	2850	20.405673847647844	0.0	1343002	5104.674266933893	1.85
12348.266732589907	1850	21.01205817879263	0.0	973972	3393.6156688552132	0.8500000000000001
12353.045306354596	2850	20.23348441410548	0.0	1464921	4778.573764687148	1.85
12355.899935151825	1850	21.378855616876276	0.0	982064	2854.6287972292025	0.8500000000000001
12359.696014715923	2850	21.58277605277883	0.0	1231456	3796.0795640974457	1.85
12364.378800732931	2850	20.89999003577119	0.0	1364537	4682.786017007641	2.85

