13652.665143369204	750	4.0	2.731225734575557	450283	2731.225734575557	-10.994270658674894
13653.62860026334	300	7.036543105862896	0.0	155580	963.4568941371031	-0.15000000000000002
13654.540120331107	300	10.125023038096328	0.0	139857	911.5200677665691	0.3
13655.5722578501	300	13.092885519102305	0.0	155432	1032.1375189940231	0.3
13660.533120518487	750	12.132022850717114	0.0	411561	4960.862668385191	0.3
13664.978692179637	750	11.686451189567732	0.0	318564	4445.571661149382	0.75
13666.800447702994	300	13.864695666212228	0.0	153295	1821.7555233555036	-0.15000000000000002
13673.244418388138	750	11.420724981067776	0.0	437162	6443.970685144452	0.3
13676.512779121495	750	12.15236424771146	0.0	374758	3268.3607333563164	0.75
13679.227262968876	750	13.437880400330396	0.0	362795	2714.4838473810655	0.75
13681.519174790008	750	15.145968579197797	0.0	353220	2291.911821132598	0.75
13684.444197299987	750	16.220946069218616	0.0	405134	2925.0225099791833	0.75
13688.003060928075	750	16.662082441130924	0.0	386351	3558.863628087693	0.75
13691.280462362975	750	17.384681006231492	0.0	434409	3277.401434899432	0.75
13693.51787957996	750	19.147263789247702	0.0	337059	2237.417216983787	0.75
13697.148000727015	750	19.51714264219257	0.0	366214	3630.1211470551298	0.75
13701.036069523907	750	19.62907384530015	0.0	360831	3888.0687968924212	0.75
13703.585351671127	750	21.07979169807879	0.0	372963	2549.282147221362	0.75
13706.073027009295	750	22.592116359911692	0.0	405596	2487.675338167096	0.75
13708.426296459793	750	24.238846909415123	0.0	350713	2353.2694504965707	0.75
13710.882800715679	750	25.782342653528477	0.0	386472	2456.504255886645	0.75
13715.866522214727	1850	24.798621154481932	0.0	955231	4983.721499046547	0.75
13721.566637581343	1850	23.098505787865086	0.0	968026	5700.115366616842	1.85
13727.150837098543	1850	21.51430627066624	0.0	874175	5584.199517198847	1.85
13732.03739668023	1850	20.627746688978565	0.0	897976	4886.559581687676	1.85
13736.98947224736	1850	19.675671121847643	0.0	905935	4952.075567130923	1.85
13741.676019764014	1850	18.98912360519469	0.0	1076599	4686.547516652954	1.85
13745.313538640736	1850	19.351604728473315	0.0	758197	3637.518876721371	1.85
13749.299508039589	1850	19.36563532962065	0.0	972798	3985.969398852667	1.85
13753.174980969976	1850	19.490162399232535	0.0	975811	3875.4729303881127	1.85
13756.621632413293	1850	20.04351095591618	0.0	873429	3446.6514433163547	1.85
13760.683473094512	1850	19.981670274696206	0.0	954453	4061.840681219973	1.85
13763.81880677002	1850	20.846336599189474	0.0	885062	3135.3336755067326	1.85
13767.544667724302	1850	21.120475644907376	0.0	1035329	3725.8609542820996	1.85
13772.215951309574	1850	20.449192059634907	0.0	1026056	4671.283585272468	1.85
13776.749923471525	1850	19.91521989768445	0.0	943942	4533.972161950457	1.85
13781.309085654753	1850	19.35605771445604	0.0	728962	4559.162183228415	1.85
13785.845259639238	1850	18.819883729971448	0.0	938587	4536.17398448459	1.85
13790.557815527232	1850	18.10732784197729	0.0	908665	4712.555887994158	1.85
13794.537715624076	1850	18.127427745134117	0.0	930577	3979.9000968431733	1.85
13800.58146133044	1850	16.083682038768885	0.0	858450	6043.745706365235	1.85
13806.046052831689	1850	14.619090537519137	0.0	1025005	5464.591501249747	1.85
13810.276368339879	1850	14.38877502932854	0.0	886255	4230.315508190595	1.85
13815.128685423984	1850	13.536457945223754	0.0	973972	4852.317084104787	1.85
13820.393397361164	1850	12.271746008046604	0.0	958994	5264.71193717715	1.85
13825.699083881425	1850	10.96605948778422	0.0	982064	5305.686520262384	1.85
13829.847776282864	1850	10.817367086345222	0.0	830730	4148.692401438998	1.85
13832.931587547535	1850	11.733555821674164	0.0	846370	3083.8112646710565	1.85

