26680.501461844855	750	4.0	0.8872836624630916	450283	887.2836624630917	-3.065319748591294
26680.881245467855	300	7.620216376998051	0.0	155580	379.78362300194965	-0.15000000000000002
26681.648225774286	750	10.853236070566433	0.0	350812	766.9803064316163	0.3
26682.956614155264	1200	13.544847689592281	0.0	617681	1308.388380974153	0.75
26686.181834926156	2850	14.319626918701006	0.0	1472558	3225.2207708912756	1.2000000000000002
26688.62931146787	2850	15.872150376985378	0.0	1224260	2447.4765417156277	2.85
26693.015618304133	4300	15.485843540723323	0.0	2157535	4386.306836262055	2.8499999999999996
26698.050932532977	4300	14.450529311881008	0.0	2290172	5035.314228842314	4.3
26701.161159671814	2850	15.340302173044606	0.0	1348011	3110.2271388364015	1.4000000000000001
26706.321390946916	4300	14.180070897939792	0.0	2169201	5160.231275104812	2.8499999999999996
26709.87431143036	2850	14.627150414495198	0.0	1354548	3552.9204834445954	1.4000000000000001
26713.328912806683	2850	15.172549038172614	0.0	1519951	3454.6013763225837	2.85
26724.346549404756	4300	8.154912440098625	0.0	2209463	11017.636598073988	2.8499999999999996
26732.144147789342	750	4.357314055512755	0.0	434409	7797.598384585871	-2.8
26733.948038830647	300	6.553423014204594	0.0	140051	1803.8910413081605	-0.15000000000000002
26735.87658704016	300	8.624874804695606	0.0	138313	1928.548209508989	0.3
26738.920004935946	750	9.581456908910953	0.0	360831	3043.4178957846525	0.3
26740.745116044734	1200	11.756345800124542	0.0	581493	1825.1111087864124	0.75
26743.355934874882	1850	13.14552696997873	0.0	987708	2610.8188301458104	1.2000000000000002
26747.25793886862	2850	13.243522976241692	0.0	1336050	3902.003993737039	1.85
26751.551559841653	2850	12.949902003208921	0.0	1415116	4293.620973032771	2.85
26754.105726248294	1850	14.395735596565261	0.0	955231	2554.1664066436606	0.8500000000000001
26758.862154128663	2850	13.639307716194555	0.0	1505760	4756.427880370707	1.85
26765.98968196781	2850	10.5117798770472	0.0	1323990	7127.527839147354	2.85
26768.43069204962	1200	12.070769795239585	0.0	587236	2441.0100818076153	-0.44999999999999996
26771.20686796509	1850	13.294593879765545	0.0	905935	2776.175915474039	1.2000000000000002
26776.142819825123	2850	12.358642019732455	0.0	1547572	4935.951860033091	1.85
26779.216093110594	1850	13.285368734260615	0.0	758197	3073.2732854718392	0.8500000000000001
26784.36685340105	2850	12.134608443806112	0.0	1498470	5150.760290454503	1.85
26787.469230640378	1850	13.032231204479602	0.0	975811	3102.3772393265103	0.8500000000000001
26791.977230649492	2850	12.524231195363209	0.0	1341201	4508.000009116392	1.85
26794.264744067197	1850	14.236717777661683	0.0	954453	2287.5134177015266	0.8500000000000001
26797.394081612303	2850	15.107380232553012	0.0	1358081	3129.3375451086695	1.85
26802.488918623643	4300	14.012543221210395	0.0	2286761	5094.837011342617	2.8499999999999996
26805.949311239405	2850	14.552150605450143	0.0	1492672	3460.3926157602527	1.4000000000000001
26809.392494450512	2850	15.108967394342852	0.0	1439896	3443.183211107291	2.85
26813.74464379216	4300	14.756818052697245	0.0	1919781	4352.149341645607	2.8499999999999996
26817.138013180353	2850	15.363448664505569	0.0	1499009	3393.3693881916756	1.4000000000000001
26821.845420380705	4300	14.656041464153233	0.0	2133870	4707.407200352335	2.8499999999999996
26824.98590364754	2850	15.515558197319065	0.0	1402287	3140.483266834169	1.4000000000000001
26829.60665196165	4300	14.894809883204841	0.0	2108491	4620.748314114221	2.8499999999999996
26833.47564295993	2850	15.025818884927347	0.0	1527299	3868.9909982774943	1.4000000000000001
26839.397189072028	4300	13.104272772830114	0.0	2121928	5921.546112097231	2.8499999999999996
26842.798786740266	2850	13.702675104591428	0.0	1587250	3401.5976682386868	1.4000000000000001
26845.822438141084	2850	14.679023703771488	0.0	1464921	3023.651400819939	2.85
26848.647212795455	2850	15.854249049400474	0.0	1483527	2824.774654371014	2.85
26852.965447703238	4300	15.53601414161508	0.0	1961140	4318.234907785395	2.8499999999999996
26857.643307861006	4300	14.858153983845249	0.0	2155012	4677.860157769833	4.3

