20286.95009159062	750	4.0	4.8551176236478435	450283	4855.117623647843	-20.127005781685725
20288.44730369163	300	6.502787898988277	0.0	155580	1497.2121010117223	-0.15000000000000002
20289.734608676474	300	9.215482914147731	0.0	139857	1287.3049848405465	0.3
20290.953934335295	300	11.996157255325587	0.0	155432	1219.3256588221457	0.3
20293.681274651197	750	13.268816939424614	0.0	411561	2727.3403159009717	0.3
20295.566328421086	750	15.383763169534628	0.0	318564	1885.053769889986	0.75
20297.798485742856	750	17.151605847763307	0.0	352642	2232.1573217713235	0.75
20302.73898998014	1200	16.211101610479513	0.0	709534	4940.504237283792	0.75
20305.865955436067	1200	17.08413615455269	0.0	584846	3126.96545592682	1.2
20308.624877106835	1200	18.325214483784595	0.0	560821	2758.921670768098	1.2
20313.20023005662	1200	17.74986153399622	0.0	607410	4575.352949788374	1.2
20317.68375396321	1200	17.266337627406017	0.0	594078	4483.523906590202	1.2
20321.967068157886	1200	16.983023432728817	0.0	624282	4283.314194677202	1.2
20325.78607197083	750	17.16401961978538	0.0	434409	3819.0038129434392	0.3
20328.16808884387	750	18.782002746743885	0.0	337059	2382.0168730414925	0.75
20331.880743418642	750	19.06934817197389	0.0	366214	3712.654574769997	0.75
20334.570986989125	750	20.379104601491505	0.0	360831	2690.243570482386	0.75
20337.173726409354	750	21.776365181262463	0.0	372963	2602.739420229042	0.75
20339.529796859875	750	23.420294730738995	0.0	405596	2356.0704505234685	0.75
20342.206666340586	750	24.743425250029198	0.0	350713	2676.8694807097945	0.75
20346.691727024485	1200	24.25836456613193	0.0	601738	4485.060683897266	0.75
20349.039027433584	750	25.91106415703132	0.0	399894	2347.3004091006114	0.3
20353.88183614257	1200	25.068255448046813	0.0	656471	4842.808708984507	0.75
20357.043706265154	750	25.906385325463052	0.0	343800	3161.8701225837603	0.3
20360.915264701554	750	26.03482688906412	0.0	359903	3871.5584363989337	0.75
20365.89599854797	750	25.054093042646514	0.0	379700	4980.733846417605	0.75
20368.32149710937	750	26.628594481249333	0.0	425781	2425.4985613971803	0.75
20369.95790303891	750	28.992188551705073	0.0	277716	1636.4059295442592	0.75
20372.408240670156	750	30.54185092045943	0.0	400396	2450.3376312456417	0.75
20376.19333847386	1200	30.75675311675618	0.0	641447	3785.097803703252	0.75
20379.31998787989	1200	31.630103710727088	0.0	570392	3126.649406029089	1.2
20385.172562841504	1850	29.77752874911172	0.0	954453	5852.574961615371	1.2000000000000002
20389.84217411432	1200	29.10791747629475	0.0	584349	4669.611272816966	0.5499999999999999
20398.51417859885	1200	24.435912991767697	0.0	670129	8672.004484527051	1.2
20401.85927963066	750	25.090811959956092	0.0	401088	3345.1010318116055	0.3
20408.163863654932	750	22.786227935679957	0.0	365161	6304.584024276139	0.75
20409.340179793388	300	25.609911797227923	0.0	131610	1176.3161384520308	-0.15000000000000002
20410.198739656887	300	28.751351933729204	0.0	124011	858.5598634987181	0.3
20413.39745321493	750	29.552638375690073	0.0	378327	3198.713558039132	0.3
20416.96712204513	750	29.982969545488064	0.0	390680	3569.6688302020098	0.75
20421.850280449205	1200	29.09981114141331	0.0	566904	4883.158404074755	0.75
20427.730872247095	1200	27.219219343522955	0.0	641452	5880.591797890351	1.2
20433.865780928612	750	25.08431066200649	0.0	372093	6134.9086815164665	0.3
20441.94108693417	750	21.00900465644782	0.0	438281	8075.306005558668	0.75
20446.44046553142	300	20.509626059197707	0.0	167025	4499.378597250113	-0.15000000000000002
20449.310115370994	300	21.639976219626554	0.0	160064	2869.649839571154	0.3
20451.979075958905	300	22.971015631714867	0.0	137507	2668.9605879116903	0.3
20454.85518684816	300	24.094904742457896	0.0	118421	2876.110889256969	0.3

