3922.19639578869	750	4.0	1.384287999087403	450283	1384.287999087403	-5.202438396075833
3922.717324003065	300	7.479071785625267	0.0	155580	520.9282143747322	-0.15000000000000002
3923.9618166628134	750	10.23457912587675	0.0	350812	1244.4926597485185	0.3
3925.5848356274123	750	12.611560161278037	0.0	382355	1623.0189645987118	0.75
3927.7989961071667	1200	14.397399681523689	0.0	652874	2214.160479754347	0.75
3930.503904037384	1850	15.69249175130645	0.0	801058	2704.9079302172404	1.2000000000000002
3933.302951346042	1850	16.893444442648253	0.0	905515	2799.0473086581987	1.85
3936.7726603099986	1850	17.423735478691654	0.0	1060487	3469.708963956597	1.85
3939.5263379136786	1850	18.670057875011896	0.0	852833	2753.6776036797605	1.85
3942.5160179074715	1850	19.68037788121878	0.0	913888	2989.679993793114	1.85
3945.9125049937466	1850	20.283890794943815	0.0	939819	3396.4870862749685	1.85
3950.168872695298	1850	20.02752309339254	0.0	917428	4256.367701551276	1.85
3953.380352278767	1850	20.816043509923226	0.0	946851	3211.479583469311	1.85
3959.9219853489863	1850	18.274410439703743	0.0	1036454	6541.633070219485	1.85
3967.974626739226	1850	14.221769049463777	0.0	821631	8052.641390239967	1.85
3975.3720552717873	1200	10.8243405169028	0.0	587876	7397.428532560976	0.5499999999999999
3978.850160874228	750	11.346234914461869	0.0	360831	3478.1056024409313	0.3
3983.278477807068	750	10.917917981621748	0.0	372963	4428.31693284012	0.75
3987.0295570683033	750	11.166838720386895	0.0	405596	3751.0792612348537	0.75
3991.1092888853627	750	11.087106903327014	0.0	350713	4079.7318170598805	0.75
3992.9511363196825	300	13.245259469007431	0.0	157671	1841.8474343195835	-0.15000000000000002
3995.8797521642873	750	14.316643624402595	0.0	399894	2928.6158446048353	0.3
3998.6567173545623	750	15.539678434127934	0.0	401853	2776.96519027466	0.75
4001.2533911883625	750	16.94300460032758	0.0	343800	2596.6738338003574	0.75
4003.453382738807	750	18.743013049883643	0.0	359903	2199.9915504439364	0.75
4005.9401693720342	750	20.25622641665624	0.0	379700	2486.7866332274016	0.75
4008.070590164848	750	22.125805623842183	0.0	425781	2130.4207928140613	0.75
4011.260042180395	1200	22.936353608295597	0.0	487160	3189.452015546582	0.75
4015.3395994230373	1200	22.856796365653175	0.0	622896	4079.5572426424214	1.2
4020.4908585144294	1200	21.705537274260834	0.0	641447	5151.259091392342	1.2
4024.5909731248803	1200	21.60542266380998	0.0	570392	4100.114610450853	1.2
4030.594513420731	1200	19.601882367959387	0.0	620283	6003.540295850591	1.2
4033.638673889972	750	20.557721898718576	0.0	369834	3044.160469240809	0.3
4036.7226768198248	750	21.473718968865878	0.0	412837	3084.0029298527024	0.75
4039.6249572032007	750	22.57143858549014	0.0	401088	2902.2803833757403	0.75
4041.6290498332305	750	24.567345955459956	0.0	365161	2004.0926300301785	0.75
4043.6854133273473	750	26.510982461343218	0.0	321064	2056.3634941167393	0.75
4045.811685265574	750	28.38471052311678	0.0	361565	2126.2719382264386	0.75
4048.9696733820174	1200	29.22672240667377	0.0	605884	3157.9881164430103	0.75
4052.108364558704	1200	30.08803122998679	0.0	587506	3138.6911766869766	1.2
4055.4702923642994	1200	30.72610342439156	0.0	566904	3361.9278055952323	1.2
4058.432378254851	1200	31.764017533840182	0.0	641452	2962.085890551376	1.2
4061.997641369195	1200	32.19875441949596	0.0	599477	3565.2631143442222	1.2
4066.592932174427	1200	31.60346361426427	0.0	634861	4595.29080523169	1.2
4069.488554908833	1200	32.70784087985811	0.0	630203	2895.622734406162	1.2
4073.304304204258	1200	32.892091584433	0.0	638661	3815.749295425114	1.2
4077.199642168499	1200	32.99675362019187	0.0	538612	3895.33796424112	1.2
4080.885333228846	1200	33.31106255984484	0.0	550906	3685.691060347027	1.2

