4245.068178828391	750	4.0	2.566216384271528	450283	2566.216384271528	0.004705182	-10.28473045236757
4246.976945525241	750	6.09123330315046	0.0	398865	1908.7666968495396	0.017584449	0.75
4248.19477174652	750	8.873407081871683	0.0	350812	1217.8262212787765	0.004705182	0.75
4249.544710122373	750	11.523468706018921	0.0	382355	1349.938375852762	0.004705182	0.75
4250.949400957362	750	14.118777871030293	0.0	411561	1404.6908349886276	0.0052489256	0.75
4251.949380702431	750	17.118798125961007	0.0	318564	999.9797450692872	0.053911183	0.75
4253.084551162428	750	19.983627665964015	0.0	352642	1135.1704599969912	0.42423064	0.75
4254.555192701903	750	22.512986126489025	0.0	437162	1470.6415394749904	0.69104743	0.75
4256.795075216617	1200	24.27310361177501	0.0	584846	2239.882514714012	0.4005575	0.75
4258.560194265633	1200	26.507984562759543	0.0	560821	1765.1190490154706	0.014355187	1.2
4260.520042536093	1200	28.54813629229931	0.0	607410	1959.8482704602325	0.004705182	1.2
4262.634980659535	1200	30.433198168857356	0.0	594078	2114.9381234419548	0.004705182	1.2
4265.864770386023	1200	31.203408442368666	0.0	624282	3229.7897264886897	0.004705182	1.2
4268.909208107593	1200	32.15897072079844	0.0	687371	3044.43772157022	0.0059226365	1.2
4270.992904827201	1200	34.07527400119138	0.0	526950	2083.696719607062	0.004705182	1.2
4273.350926735727	1200	35.71725209266518	0.0	587876	2358.021908526203	0.004705182	1.2
4275.837610995105	1200	37.230567833287054	0.0	617242	2486.684259378127	0.004705182	1.2
4278.281764514378	1200	38.78641431401513	0.0	581493	2444.153519271919	0.004705182	1.2
4280.683405506538	1200	40.384773321854446	0.0	639204	2401.6409921606864	0.004705182	1.2
4283.444455123327	1200	41.62372370506517	0.0	586839	2761.0496167892757	0.0058165784	1.2
4286.289364961827	1200	42.778813866565685	0.0	601738	2844.909838499476	0.004705182	1.2
4289.892175778748	1200	43.17600304964485	0.0	616206	3602.810816920844	0.0049674115	1.2
4293.364536751416	1200	43.703642076976564	0.0	656471	3472.3609726682816	0.004705182	1.2
4296.387246978012	1200	44.68093185038122	0.0	536667	3022.7102265953426	0.0049281986	1.2
4301.905232148375	1200	43.16294668001814	0.0	587236	5517.985170363075	0.004705182	1.2
4308.196565243898	1200	40.87161358449564	0.0	590335	6291.333095522498	0.004705182	1.2
4314.56902732366	1200	38.49915150473373	0.0	696376	6372.46207976191	0.014481806	1.2
4320.468240668652	1200	36.59993815974132	0.0	487160	5899.213344992408	0.01434294	1.2
4325.162042703751	1200	35.90613612464284	0.0	622896	4693.802035098477	0.24502571	1.2
4328.955923252902	1200	36.11225557549104	0.0	641447	3793.8805491518037	0.028118433	1.2
4331.910259206394	1200	37.15791962199901	0.0	570392	2954.335953492036	0.004705182	1.2
4334.919372615083	1200	38.148806213309705	0.0	620283	3009.1134086893003	0.004705182	1.2
4337.892722869024	1200	39.175455959369124	0.0	584349	2973.35025394058	0.005083558	1.2
4340.737376971408	1200	40.33080185698521	0.0	670129	2844.654102383911	0.007242606	1.2
4344.641728194212	1200	40.4264506341806	0.0	690253	3904.351222804613	0.06167094	1.2
4348.232802854043	1200	40.83537597434989	0.0	598727	3591.0746598307105	0.029599387	1.2
4351.303726009154	1200	41.76445281924003	0.0	487812	3070.9231551098655	0.0879723	1.2
4354.91469488995	1200	42.153483938444474	0.0	575591	3610.9688807955536	0.059585657	1.2
4360.0027774324	1200	41.06540139599384	0.0	605884	5088.082542450631	0.19310427	1.2
4367.730338952977	1200	37.33783987541637	0.0	587506	7727.561520577464	0.023344247	1.2
4371.6285933390345	1200	37.43958548935884	0.0	566904	3898.2543860575315	0.004705182	1.2
4375.64649377517	1200	37.421685053223726	0.0	641452	4017.900436135108	0.0052704755	1.2
4380.431123130208	1200	36.6370556981854	0.0	599477	4784.629355038331	0.013410973	1.2
4385.477515320784	1200	35.59066350761015	0.0	634861	5046.392190575252	0.008947758	1.2
4390.479333443635	1200	34.58884538475884	0.0	630203	5001.818122851312	0.017083252	1.2
4396.813088450939	1200	32.25509037745424	0.0	638661	6333.755007304599	0.036689572	1.2
4403.177446623269	1200	29.89073220512371	0.0	538612	6364.358172330524	0.00830521	1.2
4406.744438836617	1200	30.323739991776762	0.0	550906	3566.9922133469513	0.004705182	1.2

