1371.1570725282966	750	4.0	1.7227784527213061	450283	1722.7784527213062	-6.657947346701616
1371.8596535642027	300	7.297418964093769	0.0	155580	702.5810359062316	-0.15000000000000002
1372.5553955054324	300	10.601677022864166	0.0	139857	695.7419412296033	0.3
1373.3735584607703	300	13.783514067526463	0.0	155432	818.162955337702	0.3
1374.2715324246128	300	16.88554010368383	0.0	163442	897.9739638426336	0.3
1374.9017170258314	300	20.255355502465427	0.0	126289	630.184601218403	0.3
1375.572671808992	300	23.584400719304828	0.0	153295	670.9547831605996	0.3
1376.2572988215607	300	26.89977370673641	0.0	173849	684.6270125684167	0.3
1376.8460395680665	300	30.311032960230392	0.0	150710	588.7407465060176	0.3
1377.3970585295024	300	33.76001399879448	0.0	139105	551.0189614359158	0.3
1377.964855602905	300	37.19221692539196	0.0	141840	567.7970734025166	0.3
1378.5849071370812	300	40.572165391215535	0.0	156148	620.0515341764243	0.3
1379.1889638156827	300	43.968108712614296	0.0	160746	604.0566786012425	0.3
1379.8239906180515	300	47.33308191024545	0.0	179801	635.0268023688456	0.3
1380.4323494729942	300	50.724723055302626	0.0	140051	608.3588549428218	0.3
1381.1259037119607	300	54.03116881633626	0.0	138313	693.5542389663575	0.3
1381.8469650777554	300	57.310107450541715	0.0	143509	721.0613657945491	0.3
1382.8881950870064	300	59.57582801855599	0.0	150616	734.2794319857302	0.3
1384.2740964551165	300	59.77135259928348	0.0	165384	804.4754192725043	0.3
1386.4957570491147	300	59.96623522425336	0.0	140881	1305.1173750301243	0.3
1387.8432167428477	300	59.62577706792083	0.0	157671	840.4581563325311	0.3
1389.4654198682026	300	59.74817618334366	0.0	157812	877.6008845771677	0.3
1390.6015469869947	300	59.817413811086475	0.0	163927	930.7623722571885	0.3
1392.1526927179148	300	59.859523314143864	0.0	137654	957.8904969426104	0.3
1394.4293119111092	300	59.922841267785344	0.0	146754	936.6820463585257	0.3
1395.9763526808902	300	59.57428953256285	0.0	153938	1348.5517352224913	0.3
1397.8646382360669	300	59.50439121030371	0.0	181901	1069.8983222591423	0.3
1399.3186969953167	300	59.61655547573754	0.0	111155	887.8357345661666	0.3
1400.8145805788467	300	59.96672521536431	0.0	153605	1149.8302603732322	0.3
1403.2138633395557	300	59.96011043938833	0.0	149029	1506.6147759759874	0.3
1404.7104305957926	300	59.528160889486344	0.0	157421	1431.9495499019795	0.3
1408.27443601062	300	59.964155474658774	0.0	157488	1564.0054148275713	0.3
1412.3033462123801	300	59.90901183896005	0.0	143881	1555.1436356987285	0.3
1416.3342064378573	300	59.85546511415203	0.0	163444	1053.546724808015	0.3
1421.1221275269236	300	59.06754402508585	0.0	179328	4787.921089066177	0.3
1424.578314529286	300	59.61135702272342	0.0	159914	2956.1870023624383	0.3
1427.9283259914982	300	59.692062073366266	0.0	131610	1919.2949493571514	0.3
1431.9993459877107	300	59.621042077153916	0.0	124011	2571.019996212354	0.3
1435.6308786878199	300	59.989509377044655	0.0	144254	2631.532700109256	0.3
1437.8718566391074	300	59.870654953539244	0.0	149991	1618.8544235054108	0.3
1438.8002794384686	300	59.94750529844976	0.0	147968	923.1496550894828	0.3
1440.5044940713285	300	59.758034602155625	0.0	161857	1189.4706962941318	0.3
1442.2421455589654	300	59.81658086462009	0.0	145210	941.4537375355349	0.3
1444.6794756505758	300	59.74101466036564	0.0	172312	1075.566204254447	0.3
1446.5403003905792	300	59.56148424854175	0.0	167025	1679.5304118238823	0.3
1449.1467268803835	300	59.788918186729454	0.0	160064	1272.5660618123	0.3
1450.6740430335199	300	59.677190300157235	0.0	137507	1111.7278865722183	0.3
1451.7760020164899	300	59.56400492295424	0.0	118421	613.1853772029928	0.3

