2411.4569645784777	750	4.0	4.717391294739914	450283	4717.391294739914	-19.53478256738163
2412.9118947150064	300	6.545069863471299	0.0	155580	1454.9301365287008	-0.15000000000000002
2414.1627766311144	300	9.294187947363007	0.0	139857	1250.881916108293	0.3
2415.6593015697836	300	11.797663008694082	0.0	155432	1496.524938668925	0.3
2417.5532966535347	300	13.903667924942715	0.0	163442	1893.9950837513672	0.3
2418.889281928536	300	16.56768264994145	0.0	126289	1335.9852750012644	0.3
2420.612426614289	300	18.844537964188603	0.0	153295	1723.1446857528465	0.3
2422.875789303403	300	20.581175275074614	0.0	173849	2263.3626891139893	0.3
2424.888139255515	300	22.56882532296255	0.0	150710	2012.3499521120632	0.3
2426.6988373530435	300	24.758127225433896	0.0	139105	1810.6980975286533	0.3
2428.453870229346	300	27.003094349131096	0.0	141840	1755.032876302796	0.3
2430.0315494650313	300	29.42541511344605	0.0	156148	1577.6792356850463	0.3
2431.517796082041	300	31.93916849643605	0.0	160746	1486.2466170100017	0.3
2433.1222863838348	300	34.33467819464281	0.0	179801	1604.4903017932422	0.3
2434.5625714952935	300	36.89439308318388	0.0	140051	1440.285111458925	0.3
2435.986162542296	300	39.470802036181595	0.0	138313	1423.591047002283	0.3
2437.2768431181944	300	42.180121460283125	0.0	143509	1290.6805758984701	0.3
2438.878570508954	300	44.57839406952333	0.0	150616	1601.7273907597976	0.3
2440.201133778325	300	47.25583080015229	0.0	165384	1322.563269371036	0.3
2441.74309796757	300	49.71386661090738	0.0	140881	1541.964189244907	0.3
2443.5220034506096	300	51.93496112786773	0.0	157671	1778.9054830396497	0.3
2445.0540503285683	300	54.40291424990885	0.0	157812	1532.0468779588857	0.3
2446.7494937927618	300	56.70747078571605	0.0	163927	1695.4434641928005	0.3
2448.3250948831906	300	59.131869695287314	0.0	137654	1575.6010904287357	0.3
2451.166984840577	300	59.523685497270336	0.0	146754	1608.1841980169795	0.3
2453.775140126375	300	59.876460657756255	0.0	153938	1647.2248395140866	0.3
2457.5346843767934	300	59.89715379383886	0.0	181901	1979.3068639173948	0.3
2460.1858707266506	300	59.721679264460676	0.0	111155	1675.474529378181	0.3
2464.310438197005	300	59.5971117941064	0.0	153605	3124.5674703542827	0.3
2468.0655025980823	300	59.842047393029254	0.0	149029	2755.064401077137	0.3
2471.795540831806	300	59.664700236572514	0.0	157421	2677.3471564567435	0.3
2475.508827740094	300	59.951413328284296	0.0	157488	2713.28690828822	0.3
2478.52631951202	300	59.52065641124886	0.0	143881	1930.7569170354368	0.3
2480.324082337637	300	59.53014239728605	0.0	163444	1490.5140139628083	0.3
2482.658086936868	300	59.95676452254734	0.0	179328	1573.3778747387137	0.3
2484.2040146341233	300	59.93911399801613	0.0	159914	1517.6505245312082	0.3
2487.862129556349	300	59.83919511851514	0.0	131610	1599.9188795009898	0.3
2489.6067458636303	300	59.88598505298664	0.0	124011	1453.2100655285044	0.3
2492.075324696757	300	59.75739875729991	0.0	144254	1128.5862956867243	0.3
2495.9201482853546	300	59.634983188821046	0.0	149991	1622.4155684788643	0.3
2499.3584482558795	300	59.71703723251806	0.0	147968	1917.9459563029889	0.3
2501.590364929976	300	59.53625593608024	0.0	161857	1180.7812964378202	0.3
2504.075008937747	300	59.68450159252468	0.0	145210	1351.7543435555547	0.3
2506.910420572057	300	59.61824053597742	0.0	172312	2066.2610565472655	0.3
2509.4907083299827	300	59.707672031395866	0.0	167025	1410.5685045815565	0.3
2510.9516333155275	300	59.902069160795435	0.0	160064	1305.6028706004295	0.3
2512.803392081272	300	59.92885079739531	0.0	137507	1473.218363400121	0.3
2515.690201589843	300	59.7097162917819	0.0	118421	1219.1345056134137	0.3

