189.54306740077152	750	4.0	6.865112348267744	450283	6865.112348267744	-28.7699830975513
191.60364331833543	300	5.939424082436076	0.0	155580	2060.575917563924	-0.15000000000000002
193.38719752262148	300	8.155869878150016	0.0	139857	1783.5542042860604	0.3
195.24513521729213	300	10.297932183479393	0.0	155432	1857.9376946706218	0.3
197.10235851365192	300	12.440708887119614	0.0	163442	1857.2232963597808	0.3
198.41245821877007	300	15.130609182001447	0.0	126289	1310.099705118168	0.3
199.8455777822684	300	17.697489618503123	0.0	153295	1433.11956349832	0.3
201.668676838499	300	19.874390562272517	0.0	173849	1823.0990562306067	0.3
203.21205782200704	300	22.331009578764466	0.0	150710	1543.3809835080526	0.3
204.757896061351	300	24.78517133942052	0.0	139105	1545.8382393439476	0.3
206.4650841070653	300	27.077983293706218	0.0	141840	1707.1880457143025	0.3
208.41519024905492	300	29.12787715171659	0.0	156148	1950.1061419896282	0.3
210.21785762060475	300	31.32520978016678	0.0	160746	1802.6673715498073	0.3
213.01063582914196	300	32.532431571629544	0.0	179801	2792.7782085372332	0.3
214.92527556403758	300	34.61779183673394	0.0	140051	1914.6397348955984	0.3
216.85049201247827	300	36.69257538829326	0.0	138313	1925.2164484406876	0.3
218.85865411222895	300	38.68441328854258	0.0	143509	2008.1620997506793	0.3
221.27214160793187	300	40.270925792839655	0.0	150616	2413.487495702923	0.3
224.98877973248793	300	40.5542876682836	0.0	165384	3716.6381245560574	0.3
229.28217610000044	300	40.260891300771064	0.0	140881	4293.396367512537	0.3
235.40781011801982	300	38.13525728275169	0.0	157671	6125.634018019377	0.3
241.17732756978995	300	36.36573983098153	0.0	157812	5769.517451770152	0.3
246.85453564127968	300	34.6885317594918	0.0	163927	5677.208071489736	0.3
250.9414092236231	300	34.60165817714836	0.0	137654	4086.8735823434363	0.3
255.05766802038514	300	34.48539938038631	0.0	146754	4116.258796762047	0.3
260.6332450776036	300	32.90982232316786	0.0	153938	5575.57705721846	0.3
264.7023606050338	300	32.840706795737624	0.0	181901	4069.1155274302246	0.3
266.5777858014882	300	34.96528159928326	0.0	111155	1875.425196454361	0.3
269.3314913960387	300	36.21157600473273	0.0	153605	2753.705594550534	0.3
272.0980013983703	300	37.44506600240109	0.0	149029	2766.510002331635	0.3
275.8758827444884	300	37.667184656282984	0.0	157421	3777.881346118112	0.3
280.287212100672	300	37.25585530009944	0.0	157488	4411.329356183534	0.3
283.91474289032465	300	37.628324510446795	0.0	143881	3627.5307896526506	0.3
288.1251229930106	300	37.41794440776081	0.0	163444	4210.380102685985	0.3
292.2884301946896	300	37.25463720608184	0.0	179328	4163.30720167897	0.3
293.8199070063096	300	39.72316039446186	0.0	159914	1531.476811619987	0.3
294.4484003714386	300	43.09466702933284	0.0	131610	628.4933651290148	0.3
294.97177316436637	300	46.57129423640508	0.0	124011	523.3727929277616	0.3
295.4789362457265	300	50.06413115504489	0.0	144254	507.1630813601935	0.3
295.91191560104755	300	53.63115179972384	0.0	149991	432.97935532104566	0.3
296.3298782970156	300	57.213189103755816	0.0	147968	417.9626959680226	0.3
296.9997110315183	300	59.77923435376041	0.0	161857	433.95474999540346	0.3
297.51881349587967	300	59.847622113833395	0.0	145210	431.6122399270174	0.3
298.21623250098713	300	59.89265770949682	0.0	172312	454.96440433657494	0.3
298.77980776361704	300	59.92209739756731	0.0	167025	470.5603119295042	0.3
299.457390691413	300	59.96481340901951	0.0	160064	457.28398854779243	0.3
299.8931394988194	300	59.60708855594044	0.0	137507	357.72485307907544	0.3
300.4992779902876	300	59.778031191869914	0.0	118421	329.0573640705252	0.3

