4039.0716708629175	750	4.0	1.256359210868177	450283	1256.359210868177	-4.652344606733161
4039.6070032657835	300	7.464667597133497	0.0	155580	535.3324028665032	-0.15000000000000002
4040.8066183165206	750	10.265052546396651	0.0	350812	1199.6150507368461	0.3
4042.857562448301	1200	12.214108414616025	0.0	617681	2050.944131780627	0.75
4044.648984018756	1200	14.422686844160737	0.0	652874	1791.4215704552873	1.2
4048.5657216266773	1850	14.505949236239829	0.0	801058	3916.7376079209075	1.2000000000000002
4051.6695435748493	1850	15.40212728806786	0.0	905515	3103.8219481719707	1.85
4056.0691196316393	1850	15.002551231277982	0.0	1060487	4399.576056789875	1.85
4059.9666201276477	1850	15.105050735269522	0.0	852833	3897.5004960084607	1.85
4062.8872276107886	1850	16.18444325212849	0.0	913888	2920.607483141036	1.85
4066.460544712534	1850	16.611126150383043	0.0	939819	3573.3171017454433	1.85
4069.9265328349275	1850	17.145138027989532	0.0	917428	3465.988122393511	1.85
4072.3732217324964	1850	18.698449130420634	0.0	946851	2446.6888975688967	1.85
4074.761564575588	1850	20.310106287328605	0.0	1036454	2388.3428430920276	1.85
4077.6148721930585	2850	21.456798669858284	0.0	1231445	2853.307617470322	1.85
4081.7525645820383	2850	21.31910628087854	0.0	1471065	4137.692388979744	2.85
4086.479851151977	2850	20.59181971093972	0.0	1491626	4727.28656993882	2.85
4090.7140697160194	2850	20.357601146897252	0.0	1358801	4234.218564042466	2.85
4094.8648448794484	2850	20.20682598346855	0.0	1537156	4150.7751634287015	2.85
4098.46627242754	2850	20.605398435376483	0.0	1336050	3601.4275480920705	2.85
4102.170039451334	2850	20.90163141158357	0.0	1415116	3703.767023792911	2.85
4110.227527674285	2850	16.844143188631673	0.0	1468126	8057.4882229519	2.85
4113.110011605835	1850	17.96165925708182	0.0	968026	2882.48393154985	0.8500000000000001
4127.885297726892	2850	7.1863731360252805	0.0	1323990	14775.28612105654	1.85
4137.160182848736	750	4.0	2.0885119858197814	359903	9274.885121845062	-10.330601539025059
4140.638455319467	300	4.521727529269956	0.0	153938	3478.2724707300436	-0.15000000000000002
4144.019641661386	300	5.1405411873501	0.0	181901	3381.1863419198557	0.3
4146.043432672442	300	7.116750176294765	0.0	111155	2023.7910110553346	0.3
4148.752877644667	300	8.40730520406986	0.0	153605	2709.444972224904	0.3
4149.87167448627	300	11.288508362466036	0.0	149029	1118.7968416038243	0.3
4150.99794036563	300	14.162242483106418	0.0	157421	1126.2658793596188	0.3
4152.122905076042	300	17.037277772694512	0.0	157488	1124.9647104119051	0.3
4153.116859314456	300	20.043323534281264	0.0	143881	993.954238413253	0.3
4155.289111213978	750	21.87107163475921	0.0	412837	2172.251899522052	0.3
4158.239306832578	1200	22.920876016158775	0.0	690253	2950.195618600437	0.75
4161.497064782905	1200	23.66311806583171	0.0	598727	3257.7579503270654	1.2
4165.464704770056	1850	23.69547807868076	0.0	728962	3967.639987150949	1.2000000000000002
4172.012601095079	1850	21.14758175365824	0.0	938587	6547.896325022521	1.85
4179.026222300839	1850	18.133960547898177	0.0	908665	7013.621205760066	1.85
4183.92350477453	1200	17.236678074207948	0.0	587506	4897.282473690229	0.5499999999999999
4187.776915015844	1200	17.383267832893758	0.0	566904	3853.410241314189	1.2
4189.950770645819	750	19.20941220291856	0.0	384505	2173.8556299751976	0.3
4196.716998152376	1200	16.443184696361175	0.0	599477	6766.227506557385	0.75
4201.601074387304	750	15.559108461433345	0.0	438281	4884.076234927831	0.3
4206.908942927176	750	14.251239921560511	0.0	398987	5307.868539872835	0.75
4209.429749978841	300	15.730432869894997	0.0	160064	2520.8070516655134	-0.15000000000000002
4214.464271289847	750	14.69591155888941	0.0	331053	5034.521311005589	0.3
4216.061877233535	300	17.098305615201358	0.0	118421	1597.6059436880503	-0.15000000000000002

