19655.222663720488	750	4.0	4.492096968258112	450283	4492.096968258112	-18.56601696350988
19656.621140560015	300	6.6015231604739535	0.0	155580	1398.4768395260464	-0.15000000000000002
19657.804479447157	300	9.418184273333548	0.0	139857	1183.3388871404063	0.3
19659.123494795273	300	12.09916892521706	0.0	155432	1319.0153481164841	0.3
19660.53074759473	300	14.69191612576039	0.0	163442	1407.2527994566724	0.3
19661.701605262544	300	17.521058457947184	0.0	126289	1170.857667813207	0.3
19664.91231631296	750	18.31034740753465	0.0	352642	3210.7110504125335	0.3
19668.66488035662	750	18.557783363872236	0.0	437162	3752.5640436624117	0.75
19671.92871428817	750	19.293949432324123	0.0	374758	3263.8339315481153	0.75
19675.126040318693	750	20.096623401796297	0.0	362795	3197.3260305278272	0.75
19678.070523927177	750	21.152139793312113	0.0	353220	2944.4836084841854	0.75
19682.261657043324	750	20.96100667716805	0.0	405134	4191.133116144063	0.75
19686.53855647322	750	20.684107247270916	0.0	386351	4276.899429897135	0.75
19688.82296836553	300	22.39969535496233	0.0	179801	2284.4118923085894	-0.15000000000000002
19690.60010813973	300	24.622555580762068	0.0	140051	1777.1397742002584	0.3
19692.43764644686	300	26.78501727363667	0.0	138313	1837.5383071253996	0.3
19694.025717524615	300	29.19694619587874	0.0	143509	1588.071077757929	0.3
19696.07988037672	300	31.142783343768865	0.0	150616	2054.1628521098764	0.3
19699.071857612867	300	32.15080610762286	0.0	165384	2991.9772361460036	0.3
19702.079436868924	300	33.14322685156661	0.0	140881	3007.579256056253	0.3
19705.021145006245	300	34.20151871424624	0.0	157671	2941.7081373203646	0.3
19706.947161344524	300	36.27550237596988	0.0	157812	1926.0163382763528	0.3
19708.72420090427	300	38.49846281622358	0.0	163927	1777.0395597463023	0.3
19710.194396843566	300	41.028266876929	0.0	137654	1470.1959392945796	0.3
19714.21341189644	750	41.00925182405965	0.0	359903	4019.015052869351	0.3
19719.230707509432	750	39.99195621106452	0.0	379700	5017.295612995133	0.75
19725.357041670202	750	37.86562205029376	0.0	425781	6126.334160770765	0.75
19729.823760533258	750	37.39890318723757	0.0	277716	4466.718863056187	0.75
19736.88359624712	750	34.339067473372914	0.0	400396	7059.835713864655	0.75
19739.57165972838	300	35.65100399211714	0.0	149029	2688.0634812557723	-0.15000000000000002
19741.530593590214	300	37.69207013028035	0.0	157421	1958.9338618367929	0.3
19745.600121373405	750	37.62254234709165	0.0	400322	4069.5277831886997	0.3
19748.941413796023	750	38.281249924473364	0.0	369834	3341.2924226182854	0.75
19752.443224691757	750	38.77943902873907	0.0	412837	3501.8108957342897	0.75
19755.87875953915	750	39.34390418134588	0.0	401088	3435.5348473931986	0.75
19761.942751679795	1200	37.27991204069923	0.0	598727	6063.992140646645	0.75
19765.024053142595	750	38.19861057790091	0.0	321064	3081.3014627983225	0.3
19768.495350916644	750	38.727312803852676	0.0	361565	3471.2977740482343	0.75
19773.54912776431	1200	37.67353595618789	0.0	605884	5053.776847664786	0.75
19777.119316005035	750	38.10334771546029	0.0	390680	3570.188240727609	0.3
19781.942150757426	1200	37.28051296307378	0.0	566904	4822.834752386511	0.75
19787.480709563046	1200	35.741954157451964	0.0	641452	5538.558805621819	1.2
19793.127609320112	1200	34.09505440038627	0.0	599477	5646.899757065693	1.2
19798.01089158898	750	33.21177213151897	0.0	438281	4883.2822688673	0.3
19803.01664615768	750	32.206017562815575	0.0	398987	5005.754568703395	0.75
19808.03225893072	750	31.190404789775386	0.0	393804	5015.612773040188	0.75
19814.841630157778	750	28.381033562714098	0.0	331053	6809.371227061284	0.75
19816.481286492442	300	30.741377228053107	0.0	118421	1639.6563346609923	-0.15000000000000002

