3164.086831923101	750	4.0	2.3226168467032533	450283	2322.6168467032535	-9.237252440823989
3165.102679212348	300	6.984152710752376	0.0	155580	1015.8472892476235	-0.15000000000000002
3166.240751044448	300	9.84608087865267	0.0	139857	1138.0718320997075	0.3
3168.8307120708405	750	11.256119852260184	0.0	382355	2589.9610263924833	0.3
3171.551522626562	750	12.535309296538404	0.0	411561	2720.810555721781	0.75
3174.2987776365558	750	13.788054286544398	0.0	318564	2747.2550099940054	0.75
3177.7365107588116	750	14.350321164288932	0.0	352642	3437.733122255466	0.75
3184.0317572267436	750	12.05507469635674	0.0	437162	6295.246467932193	0.75
3189.263606898078	300	10.823225025022628	0.0	150710	5231.849671334113	-0.15000000000000002
3190.610226865534	300	13.476605057566118	0.0	139105	1346.619967456511	0.3
3191.9774732029705	300	16.10935872013002	0.0	141840	1367.2463374360939	0.3
3193.3761298035574	300	18.710702119542876	0.0	156148	1398.6566005871468	0.3
3194.6753151928465	300	21.41151673025353	0.0	160746	1299.1853892893437	0.3
3196.145469198084	300	23.941362725016297	0.0	179801	1470.1540052372332	0.3
3200.984527180965	1200	23.1023047421351	0.0	526950	4839.057982881197	0.29999999999999993
3207.904613873132	1200	20.1822180499682	0.0	587876	6920.086692166902	1.2
3210.988771001502	750	21.098060921598506	0.0	360831	3084.157128369695	0.3
3213.5104339776344	750	22.576397945465633	0.0	372963	2521.662976132873	0.75
3216.71266181517	750	23.374170107930162	0.0	405596	3202.2278375354676	0.75
3221.2498435260936	1200	22.836988397006518	0.0	586839	4537.181710923648	0.75
3225.1636037356984	1200	22.92322818740166	0.0	601738	3913.7602096048577	1.2
3230.0660812738943	1200	22.020750649205755	0.0	616206	4902.477538195905	1.2
3235.972894813982	1200	20.113937109118087	0.0	656471	5906.813540087666	1.2
3242.0960792569663	1200	17.990752666133552	0.0	536667	6123.184442984533	1.2
3246.7757999379824	750	17.311031985117065	0.0	359903	4679.720681016488	0.3
3250.3653767759124	750	17.72145514718694	0.0	379700	3589.576837930123	0.75
3254.593629241372	750	17.49320268172761	0.0	425781	4228.252465459332	0.75
3258.0848549948955	750	18.001976928204222	0.0	277716	3491.2257535233884	0.75
3259.6974304668106	300	20.38940145628912	0.0	153605	1612.5754719151016	-0.15000000000000002
3262.940867656207	750	21.145964266892648	0.0	400508	3243.437189396475	0.3
3264.87198828284	750	23.214843640259957	0.0	358218	1931.1206266326878	0.75
3268.573926026335	1200	23.51290589676483	0.0	620283	3701.9377434951266	0.75
3272.1765798036945	1200	23.910252119405474	0.0	584349	3602.6537773593564	1.2
3278.244242486279	1200	21.842589436821164	0.0	670129	6067.662682584311	1.2
3283.999225766678	1200	20.087606156421963	0.0	690253	5754.9832803991985	1.2
3289.211973740124	1200	18.874858182976077	0.0	598727	5212.747973445886	1.2
3292.8972181956196	1200	19.189613727480857	0.0	487812	3685.2444554952185	1.2
3296.7112623091502	1200	19.37556961394998	0.0	575591	3814.044113530875	1.2
3299.084035160255	750	21.00279676284517	0.0	378327	2372.772851104813	0.3
3303.138064060963	1200	20.948767862137327	0.0	587506	4054.028900707843	0.75
3306.7062755222264	1200	21.38055640087425	0.0	566904	3568.211461263075	1.2
3311.0131083461542	1200	21.07372357694625	0.0	641452	4306.832823928002	1.2
3314.0427504289282	1200	22.044081494172588	0.0	599477	3029.6420827736624	1.2
3317.6131892997414	1200	22.473642623359446	0.0	634861	3570.438870813139	1.2
3321.2320009629525	1200	22.854830960148156	0.0	630203	3618.811663211289	1.2
3324.790783211755	1200	23.29604871134591	0.0	638661	3558.7822488022475	1.2
3330.7841331425575	1850	21.302698780543224	0.0	830730	5993.349930802685	1.2000000000000002
3340.341745739016	1850	15.74508618408455	0.0	846370	9557.612596458675	1.85

