2520.949253228869	750	4.0	5.259051639025879	450283	5259.051639025879	-21.86392204781128
2522.4944792915185	300	6.454773937350686	0.0	155580	1545.2260626493135	-0.15000000000000002
2523.9573899582174	300	8.991863270652232	0.0	139857	1462.9106666984549	0.3
2525.311914392828	300	11.637338836041588	0.0	155432	1354.5244346106435	0.3
2526.7253211277407	300	14.223932101129046	0.0	163442	1413.4067349125414	0.3
2527.995962147468	300	16.953291081401293	0.0	126289	1270.6410197277503	0.3
2529.5333046491833	300	19.41594857968636	0.0	153295	1537.3425017149304	0.3
2531.042451086926	300	21.90680214194333	0.0	173849	1509.1464377430323	0.3
2532.5713498255345	300	24.37790340333504	0.0	150710	1528.898738608293	0.3
2534.0160924584407	300	26.933160770428977	0.0	139105	1444.7426329060604	0.3
2535.3424339811977	300	29.606819247671588	0.0	141840	1326.3415227573894	0.3
2536.5343376183314	300	32.41491561053786	0.0	156148	1191.9036371337295	0.3
2537.6830670885056	300	35.26618614036368	0.0	160746	1148.729470174182	0.3
2539.187108131355	300	37.762145097514484	0.0	179801	1504.0410428491957	0.3
2540.877050828012	300	40.07220240085768	0.0	140051	1689.9426966568092	0.3
2541.8882575431726	300	43.060995685697165	0.0	138313	1011.2067151605135	0.3
2542.7254517515066	300	46.22380147736342	0.0	143509	837.1942083337397	0.3
2543.552301547138	300	49.39695168173197	0.0	150616	826.8497956314565	0.3
2544.4134176530124	300	52.535835575857604	0.0	165384	861.1161058743588	0.3
2545.156212445523	300	55.793040783346925	0.0	140881	742.7947925106861	0.3
2547.5623584055156	750	57.386894823354424	0.0	386472	2406.145959992502	0.3
2549.255680231966	300	59.69357299690375	0.0	157812	1193.3218264506754	-0.15000000000000002
2550.9785748611325	300	59.80986501293148	0.0	163927	883.7079839722672	0.3
2552.456559590302	300	59.89046590894417	0.0	137654	919.399103987318	0.3
2555.0174166737525	300	59.639330260859786	0.0	146754	1751.1356480843851	0.3
2556.7036811809453	300	59.701058686796486	0.0	153938	938.2715740633004	0.3
2558.40408318004	300	59.80485415861392	0.0	181901	896.2045281825712	0.3
2559.2407015223303	300	59.978643741974466	0.0	111155	826.2104166394475	0.3
2560.7866124964544	300	59.66589222248804	0.0	153605	812.7515194864294	0.3
2563.1221701317195	750	59.514693070224396	0.0	400508	2151.1991522636413	0.3
2564.9966773919327	750	59.81461874356865	0.0	358218	1700.0743266557467	0.75
2568.554885773366	750	59.93773103873044	0.0	400322	2376.88770483821	0.75
2572.610621606866	750	59.88199520523078	0.0	369834	2555.7358334996593	0.75
2576.2579423886436	750	59.9668630741395	0.0	412837	2915.1321310912776	0.75
2579.7431427486003	750	59.71535718135422	0.0	401088	3251.5058927852774	0.75
2582.049203947132	300	59.544173787074236	0.0	159914	1171.1833942799885	-0.15000000000000002
2583.4170726962675	300	59.902678300332276	0.0	131610	1141.4954867419578	0.3
2584.737704834547	300	59.600548948239485	0.0	124011	802.1293520927953	0.3
2586.698611722704	300	59.76434684955419	0.0	144254	836.2020986852975	0.3
2588.283616112487	300	59.89919702089873	0.0	149991	865.1498286554573	0.3
2590.4027444375542	750	59.9145601339285	0.0	345516	1984.6368869702378	0.3
2593.514839893509	750	59.86575814400002	0.0	384505	3048.8019899284805	0.75
2596.493136949251	750	59.908256311141834	0.0	372093	2457.5018328581878	0.75
2600.746365688975	750	59.655027571417925	0.0	438281	3753.2287397239133	0.75
2602.3340319090194	300	59.96820651419982	0.0	167025	1186.8210572181076	-0.15000000000000002
2604.713671311966	300	59.99380934163954	0.0	160064	1974.3971725602728	0.3
2607.5449277252023	300	59.835802278714695	0.0	137507	1158.007062924843	0.3
2609.590716605131	300	59.68453256190598	0.0	118421	1151.269716808716	0.3

