6758.665893616797	750	4.0	5.105653885378062	450283	5105.653885378062	-21.204311707125665
6762.821595356457	300	4.0	0.15570173966025685	155580	4155.701739660257	-0.8195174805391044
6765.278228786425	300	5.543366570032065	0.0	139857	2456.6334299679343	0.3
6767.706933884999	750	7.114661471458387	0.0	382355	2428.705098573679	0.3
6769.345499949958	750	9.476095406499244	0.0	411561	1638.5660649591423	0.75
6770.698467267324	750	12.123128089133042	0.0	318564	1352.9673173662009	0.75
6772.350689199001	750	14.470906157456717	0.0	352642	1652.2219316763267	0.75
6775.597898282515	1200	15.223697073941464	0.0	709534	3247.209083515253	0.75
6778.551115288084	1850	16.270480068373548	0.0	852833	2953.2170055679176	1.2000000000000002
6783.48566670334	2850	15.335928653117698	0.0	1429765	4934.551415255847	1.85
6787.80083157508	2850	15.020763781376441	0.0	1354548	4315.164871741257	2.85
6792.723524301546	2850	14.098071054911372	0.0	1519951	4922.6927264650685	2.85
6794.981769896478	1200	15.839825459978417	0.0	624282	2258.245594932954	-0.44999999999999996
6798.916719405052	1200	15.904875951404357	0.0	687371	3934.949508574062	1.2
6800.634243736011	750	18.187351620445913	0.0	337059	1717.5243309584437	0.3
6802.719559371787	1200	20.1020359846701	0.0	587876	2085.3156357758126	0.75
6804.881860610618	1200	21.93973474583863	0.0	617242	2162.301238831467	1.2
6807.960337533417	1850	22.8612578230395	0.0	885714	3078.47692279913	1.2000000000000002
6810.402034952777	1200	24.419560403678837	0.0	639204	2441.697419360667	0.5499999999999999
6812.879164481847	1200	25.942430874609204	0.0	586839	2477.1295290696335	1.2
6817.422479376536	1200	25.399115979920232	0.0	601738	4543.314894688971	1.2
6820.758947235813	750	26.062648120642745	0.0	399894	3336.467859277486	0.3
6823.958469249326	750	26.863126107129762	0.0	401853	3199.5220135129803	0.75
6826.261860169536	750	28.55973518692057	0.0	343800	2303.3909202091922	0.75
6829.377453293709	750	29.44414206274659	0.0	359903	3115.5931241739827	0.75
6832.3612221110025	750	30.46037324545276	0.0	379700	2983.7688172938283	0.75
6839.548645250348	1200	27.27295010610727	0.0	696376	7187.42313934549	0.75
6846.092881295091	1200	24.72871406136496	0.0	487160	6544.236044742309	1.2
6850.107768693493	750	24.713826662962383	0.0	400396	4014.887398402576	0.3
6855.978062720071	1200	22.843532636384772	0.0	641447	5870.294026577611	0.75
6861.58178286979	1200	21.239812486665333	0.0	570392	5603.720149719436	1.2
6864.841556474962	750	21.980038881492526	0.0	400322	3259.7736051728098	0.3
6870.437035189876	1200	20.38456016657883	0.0	584349	5595.478714913694	0.75
6875.535278490564	1200	19.286316865890214	0.0	670129	5098.243300688615	1.2
6881.187222005528	1200	17.63437335092658	0.0	690253	5651.943514963634	1.2
6885.845918810534	1200	16.97567654592083	0.0	598727	4658.696805005751	1.2
6891.031472094605	1200	15.790123261849141	0.0	487812	5185.553284071687	1.2
6898.527314948819	1200	12.294280407635197	0.0	575591	7495.842854213945	1.2
6903.120837702681	1200	11.700757653774719	0.0	605884	4593.522753860478	1.2
6907.336729093804	1200	11.484866262650838	0.0	587506	4215.891391123882	1.2
6912.97640278225	1200	9.845192574204686	0.0	566904	5639.673688446152	1.2
6917.605230470653	1200	9.21636488580247	0.0	641452	4628.827688402216	1.2
6923.342676502419	1200	7.478918854036164	0.0	599477	5737.446031766306	1.2
6932.419984662769	1200	4.0	1.5983893063145034	634861	9077.308160350667	-5.673074017152364
6934.104197179167	300	6.315787483601409	0.0	167025	1684.2125163985916	-0.6000000000000001
6940.06684178072	1200	4.353142882048819	0.0	638661	5962.64460155259	0.29999999999999993
6941.09436026436	300	7.325624398408917	0.0	137507	1027.5184836399021	-0.6000000000000001
6949.185178832315	1200	4.0	0.7651941695459064	550906	8090.818567954823	-2.9903349290473975

