11257.600283903563	750	4.0	3.3429362672757508	450283	3342.9362672757507	-13.624625949285727
11258.788405560681	300	6.811878342882704	0.0	155580	1188.1216571172963	-0.15000000000000002
11261.568281042404	750	8.032002861160601	0.0	350812	2779.8754817221034	0.3
11262.832588599624	300	10.767695303940352	0.0	155432	1264.3075572202479	-0.15000000000000002
11265.75659963007	750	11.843684273495082	0.0	411561	2924.0110304452705	0.3
11268.204307572667	750	13.395976330897007	0.0	318564	2447.7079425980764	0.75
11270.291225104558	750	15.309058799006074	0.0	352642	2086.917531890933	0.75
11272.514753222977	750	17.085530680587503	0.0	437162	2223.5281184185696	0.75
11274.86120808004	750	18.739075823524004	0.0	374758	2346.4548570635025	0.75
11276.712881840214	750	20.887402063350713	0.0	362795	1851.6737601732896	0.75
11278.18850266621	750	23.411781237355807	0.0	353220	1475.6208259949044	0.75
11280.12393669844	750	25.476347205125723	0.0	405134	1935.4340322300852	0.75
11282.92603659455	1200	26.674247309013825	0.0	624282	2802.099896111896	0.75
11285.764122642542	1200	27.836161261024458	0.0	687371	2838.0860479893663	1.2
11288.21492755619	1200	29.385356347377805	0.0	526950	2450.8049136466525	1.2
11291.20968392501	1200	30.390599978555933	0.0	587876	2994.7563688218715	1.2
11295.452694237583	1200	30.147589665984693	0.0	617242	4243.010312571238	1.2
11301.179230108088	1200	28.421053795478322	0.0	581493	5726.5358705063745	1.2
11306.272334830079	750	27.327949073486494	0.0	405596	5093.10472199183	0.3
11309.597173994614	750	28.003109908952144	0.0	350713	3324.8391645343468	0.75
11313.820797776843	750	27.77948612672327	0.0	386472	4223.623782228874	0.75
11319.258292574645	750	26.341991328922425	0.0	399894	5437.494797800847	0.75
11321.212101866415	300	28.388182037151587	0.0	163927	1953.809291770838	-0.15000000000000002
11323.34804373963	300	30.252240163936932	0.0	137654	2135.9418732146564	0.3
11325.736849442468	300	31.863434461097846	0.0	146754	2388.805702839088	0.3
11328.368730278266	300	33.231553625301665	0.0	153938	2631.880835796185	0.3
11331.51582848326	300	34.084455420308004	0.0	181901	3147.098204993655	0.3
11333.33934932857	300	36.26093457499676	0.0	111155	1823.5208453112416	0.3
11334.405088542942	300	39.195195360625625	0.0	153605	1065.7392143711336	0.3
11336.73425740503	750	40.86602649853521	0.0	400508	2329.16886209042	0.3
11339.03399568659	750	42.56628821697686	0.0	358218	2299.738281558357	0.75
11342.977436334384	1200	42.6228475691825	0.0	620283	3943.4406477943635	0.75
11348.635320502335	1850	40.964963401231486	0.0	885062	5657.88416795101	1.2000000000000002
11353.86810827762	1850	39.732175625946155	0.0	1035329	5232.787775285332	1.85
11358.23725826121	1850	39.363025642357385	0.0	1026056	4369.149983588763	1.85
11362.896586957264	1850	38.70369694630157	0.0	943942	4659.328696055818	1.85
11366.278826835072	1850	39.32145706849439	0.0	728962	3382.2398778071797	1.85
11380.192622846065	2850	29.40766105750052	0.0	1499009	13913.796010993874	1.85
11388.742750046564	1200	24.857533857001094	0.0	605884	8550.127200499426	-0.44999999999999996
11395.00601044075	750	22.594273462816215	0.0	390680	6263.260394184881	0.3
11399.50084196965	750	22.099441933915717	0.0	345516	4494.831528900495	0.75
11401.128331109534	300	24.471952794033392	0.0	161857	1627.4891398823272	-0.15000000000000002
11402.948312121121	300	26.6519717824444	0.0	145210	1819.9810115889927	0.3
11406.124076785309	300	27.476207118257115	0.0	172312	3175.764664187282	0.3
11407.796340767452	300	29.803943136114693	0.0	167025	1672.263982142424	0.3
11409.227107956334	300	32.37317594723292	0.0	160064	1430.7671888817677	0.3
11411.755962450434	750	33.84432145313389	0.0	331053	2528.8544940990314	0.3
11414.2606188382	750	35.33966506536695	0.0	314107	2504.6563877669355	0.75

