4212.357405444231	750	4.0	1.384287999087403	450283	1384.287999087403	-5.202438396075833
4213.631626454548	750	6.725778989683334	0.0	398865	1274.2210103166653	0.75
4215.121007593914	750	9.236397850317369	0.0	350812	1489.3811393659653	0.75
4216.5628337000935	750	11.794571744137407	0.0	382355	1441.8261061799628	0.75
4217.966667305698	750	14.390738138532942	0.0	411561	1403.8336056044654	0.75
4219.1312878072795	750	17.226117636951464	0.0	318564	1164.6205015814764	0.75
4220.349379863773	750	20.008025580458074	0.0	352642	1218.0920564933938	0.75
4223.615888352474	1850	20.741517091756208	0.0	1060487	3266.508488701866	0.75
4226.571048144446	1850	21.786357299784562	0.0	852833	2955.159791971645	1.85
4229.439500321948	1850	22.9179051222827	0.0	913888	2868.452177501861	1.85
4232.4165770872405	1850	23.94082835699018	0.0	939819	2977.076765292519	1.85
4235.637337356411	1850	24.72006808781983	0.0	917428	3220.76026917035	1.85
4240.141192995832	1850	24.216212448398466	0.0	946851	4503.855639421361	1.85
4243.634405242045	1850	24.723000202185197	0.0	1036454	3493.212246213269	1.85
4248.663423160624	1850	23.693982283606505	0.0	821631	5029.01791857869	1.85
4257.48543756176	1850	18.871967882470592	0.0	923170	8822.014401135913	1.85
4268.169108446103	1850	12.188296998128102	0.0	966699	10683.67088434249	1.85
4272.122685346132	750	12.234720098098103	0.0	372963	3953.576900029999	-0.3500000000000001
4276.143699672578	750	12.213705771652352	0.0	405596	4021.0143264457515	0.75
4280.3025442038615	750	12.054861240369036	0.0	350713	4158.844531283317	0.75
4284.145943479142	750	12.211461965088107	0.0	386472	3843.399275280927	0.75
4286.909116316087	750	13.448289128142902	0.0	399894	2763.1728369452044	0.75
4289.911899620388	750	14.445505823842941	0.0	401853	3002.78330429996	0.75
4292.2014280302155	750	16.155977414015428	0.0	343800	2289.528409827512	0.75
4294.552796954414	750	17.804608489817046	0.0	359903	2351.3689241983852	0.75
4296.811161275524	750	19.546244168707105	0.0	379700	2258.36432110994	0.75
4298.977988069698	750	21.37941737453254	0.0	425781	2166.8267941745644	0.75
4304.092553517943	1850	20.264851926287417	0.0	758197	5114.565448245122	0.75
4311.2347976357205	1850	17.122607808510956	0.0	972798	7142.244117776463	1.85
4319.543115016366	1850	12.814290427865362	0.0	975811	8308.317380645592	1.85
4322.9916533400765	750	13.365752104154977	0.0	358218	3448.5383237103856	-0.3500000000000001
4325.945525689834	750	14.411879754397463	0.0	400322	2953.8723497575143	0.75
4328.546413032534	750	15.810992411697399	0.0	369834	2600.8873427000653	0.75
4331.040935519352	750	17.31646992487798	0.0	412837	2494.522486819418	0.75
4333.556037767607	750	18.80136767662288	0.0	401088	2515.102248255096	0.75
4335.659259701134	750	20.698145743097307	0.0	365161	2103.221933525577	0.75
4339.459945724604	1850	20.897459719627467	0.0	728962	3800.686023469839	0.75
4344.848403055307	1850	19.509002388923378	0.0	938587	5388.457330704086	1.85
4349.226836252634	1850	19.13056919159742	0.0	908665	4378.433197325958	1.85
4355.244785257037	1850	17.112620187194473	0.0	930577	6017.949004402947	1.85
4359.725756033686	1850	16.63164941054556	0.0	858450	4480.970776648912	1.85
4366.3833883203715	1850	13.974017123860088	0.0	1025005	6657.632286685472	1.85
4373.424765619658	1850	10.93263982457334	0.0	886255	7041.377299286749	1.85
4376.2586953083955	750	12.098710135835171	0.0	438281	2833.929688738168	-0.3500000000000001
4378.577240624874	750	13.780164819356632	0.0	398987	2318.5453164785417	0.75
4380.536616055278	750	15.820789388953804	0.0	393804	1959.375430402826	0.75
4381.983460559526	750	18.373944884704844	0.0	331053	1446.8445042489593	0.75
4383.42458520221	750	20.932820242020576	0.0	314107	1441.1246426842708	0.75

