11890.947247194847	750	4.0	4.316718207694552	450283	4316.718207694552	-17.81188829308657
11891.742655223252	300	7.204591971595131	0.0	155580	795.4080284048688	-0.15000000000000002
11892.755396109496	300	10.191851085350168	0.0	139857	1012.740886244963	0.3
11893.69007619981	300	13.257170995038038	0.0	155432	934.6800903121318	0.3
11896.442445094128	750	14.504802100720099	0.0	411561	2752.368894317938	0.3
11899.0213804835	750	15.925866711346083	0.0	318564	2578.9353893740163	0.75
11902.574393790348	750	16.372853404499093	0.0	352642	3553.013306846992	0.75
11906.392851581046	750	16.554395613799795	0.0	437162	3818.4577906992986	0.75
11911.585700806152	750	15.361546388694045	0.0	374758	5192.849225105751	0.75
11913.911861246572	300	17.0353859482756	0.0	139105	2326.160440418446	-0.15000000000000002
11916.433461618828	300	18.513785576018567	0.0	141840	2521.600372257034	0.3
11918.565307239174	300	20.381939955671694	0.0	156148	2131.8456203468745	0.3
11920.730698973239	300	22.21654822160854	0.0	160746	2165.3917340631524	0.3
11922.748054629357	300	24.199192565488783	0.0	179801	2017.3556561197568	0.3
11924.163442855002	300	26.783804339843865	0.0	140051	1415.3882256449178	0.3
11925.562720552645	300	29.384526642200573	0.0	138313	1399.2776976432906	0.3
11927.01927510054	300	31.9279720943052	0.0	143509	1456.554547895372	0.3
11930.574260365835	750	32.37298682901095	0.0	372963	3554.985265294255	0.3
11934.273968395635	750	32.67327879921076	0.0	405596	3699.708029800186	0.75
11937.76770625634	750	33.179540938506264	0.0	350713	3493.7378607044952	0.75
11942.73990900915	750	32.20733818569691	0.0	386472	4972.202752809357	0.75
11948.620539820255	750	30.326707374593056	0.0	399894	5880.630811103853	0.75
11950.487187323773	300	32.46005987107445	0.0	163927	1866.6475035186045	-0.15000000000000002
11952.443083301185	300	34.50416389366339	0.0	137654	1955.8959774110635	0.3
11954.47681739999	300	36.470429794857516	0.0	146754	2033.7340988058722	0.3
11960.37504383178	750	34.57220336306628	0.0	379700	5898.226431791244	0.3
11963.361984455853	300	35.585262738995375	0.0	181901	2986.9406240708986	-0.15000000000000002
11966.236341345017	300	36.71090584983221	0.0	111155	2874.356889163169	0.3
11968.370870762472	300	38.576376432376215	0.0	153605	2134.5294174559963	0.3
11970.161536681846	300	40.78571051300146	0.0	149029	1790.6659193747541	0.3
11974.420182024505	750	40.52706517034274	0.0	358218	4258.645342658725	0.3
11979.498250815263	750	39.44899637958406	0.0	400322	5078.068790758678	0.75
11983.711404479825	750	39.23584271502155	0.0	369834	4213.153664562512	0.75
11987.165265441457	750	39.781981753391385	0.0	412837	3453.8609616301605	0.75
11990.165750687953	750	40.78149650689523	0.0	401088	3000.485246496161	0.75
11994.138503578864	750	40.80874361598369	0.0	365161	3972.7528909115435	0.75
11997.336431164209	1200	41.61081603063886	0.0	487812	3197.9275853448294	0.75
12002.144506593475	1200	40.802740601372896	0.0	575591	4808.075429265962	1.2
12006.016991636578	1200	40.93025555826909	0.0	605884	3872.4850431038044	1.2
12009.809719797	1200	41.13752739784759	0.0	587506	3792.7281604215036	1.2
12014.898537165687	1850	40.04871002916221	0.0	858450	5088.817368685378	1.2000000000000002
12021.397074111375	1850	37.55017308347343	0.0	1025005	6498.536945688779	1.85
12026.267201862578	1850	36.68004533227231	0.0	886255	4870.127751201134	1.85
12031.30258306574	1850	35.64466412910975	0.0	973972	5035.381203162554	1.85
12036.139981194618	1850	34.80726600023414	0.0	958994	4837.398128875611	1.85
12040.706396846965	1850	34.240850347886834	0.0	982064	4566.415652347302	1.85
12045.037505446213	1850	33.90974174863926	0.0	830730	4331.1085992475755	1.85
12049.957241512067	1850	32.9900056827831	0.0	846370	4919.736065856168	1.85

