10333.035480237402	750	4.0	4.316718207694552	450283	4316.718207694552	-17.81188829308657
10333.830888265808	300	7.204591971595131	0.0	155580	795.4080284048688	-0.15000000000000002
10334.843629152052	300	10.191851085350168	0.0	139857	1012.740886244963	0.3
10335.778309242363	300	13.257170995038038	0.0	155432	934.6800903121318	0.3
10338.530678136682	750	14.504802100720099	0.0	411561	2752.368894317938	0.3
10341.109613526056	750	15.925866711346083	0.0	318564	2578.9353893740163	0.75
10344.662626832902	750	16.372853404499093	0.0	352642	3553.013306846992	0.75
10348.481084623601	750	16.554395613799795	0.0	437162	3818.4577906992986	0.75
10353.673933848708	750	15.361546388694045	0.0	374758	5192.849225105751	0.75
10359.626214026479	750	13.409266210922448	0.0	362795	5952.280177771597	0.75
10363.97593091015	750	13.059549327251494	0.0	353220	4349.716883670954	0.75
10367.957316708735	750	13.078163528666165	0.0	405134	3981.385798585328	0.75
10371.676561663575	750	13.358918573825578	0.0	386351	3719.244954840588	0.75
10375.623778661902	750	13.411701575498281	0.0	434409	3947.2169983272975	0.75
10378.988136394119	750	14.047343843281864	0.0	337059	3364.3577322164165	0.75
10383.02183153916	750	14.0136486982404	0.0	366214	4033.6951450414635	0.75
10389.231383667346	750	11.80409657005387	0.0	360831	6209.552128186529	0.75
10393.53924275965	750	11.4962374777495	0.0	372963	4307.859092304373	0.75
10399.923027973151	750	9.11245226424833	0.0	405596	6383.785213501169	0.75
10401.718739456795	300	11.31674078060413	0.0	140881	1795.711483644199	-0.15000000000000002
10404.16950109044	300	12.865979146958132	0.0	157671	2450.761633645997	0.3
10407.96257817721	300	13.07290206018952	0.0	157812	3793.0770867686124	0.3
10410.149094667897	300	14.886385569502071	0.0	163927	2186.51649068745	0.3
10411.812134174215	300	17.22334606318355	0.0	137654	1663.0395063185208	0.3
10416.084391982386	750	16.95108825501228	0.0	359903	4272.257808171268	0.3
10420.814244224726	750	16.22123601267137	0.0	379700	4729.852242340911	0.75
10425.647632948583	750	15.387847288814903	0.0	425781	4833.388723856466	0.75
10427.925065786476	750	17.110414450921752	0.0	277716	2277.4328378931527	0.75
10431.10648206437	750	17.928998173027146	0.0	400396	3181.416277894606	0.75
10435.368859694396	750	17.666620543001926	0.0	400508	4262.377630025219	0.75
10437.837001834361	750	19.198478403036802	0.0	358218	2468.1421399651226	0.75
10440.532938830172	750	20.502541407225383	0.0	400322	2695.9369958114203	0.75
10443.882950262236	750	21.152529975162558	0.0	369834	3350.0114320628286	0.75
10446.49671708461	750	22.538763152788036	0.0	412837	2613.7668223745186	0.75
10449.186012865945	750	23.849467371454946	0.0	401088	2689.2957813330913	0.75
10451.525065101787	750	25.51041513561118	0.0	365161	2339.0522358437656	0.75
10453.449848745291	750	27.585631492108604	0.0	321064	1924.783643502575	0.75
10459.411835796036	1850	25.623644441363126	0.0	938587	5961.987050745478	0.75
10464.885777281865	1850	24.14970295553327	0.0	908665	5473.941485829854	1.85
10469.729195601529	1850	23.306284635869964	0.0	930577	4843.418319663307	1.85
10474.131514926145	1850	22.90396531125417	0.0	858450	4402.319324615796	1.85
10479.138697131848	1850	21.89678310555171	0.0	1025005	5007.182205702457	1.85
10483.304250852827	1850	21.731229384573556	0.0	886255	4165.553720978154	1.85
10488.571279683434	1850	20.46420055396645	0.0	973972	5267.028830607106	1.85
10494.745749837286	1850	18.28973040011234	0.0	958994	6174.4701538541085	1.85
10504.78348161449	1850	12.251998622910925	0.0	982064	10037.731777201416	1.85
10506.707104702216	750	14.328375535184128	0.0	331053	1923.6230877267974	-0.3500000000000001
10508.44692520732	750	16.588555030081377	0.0	314107	1739.820505102752	0.75

