19027.86311700273	750	4.0	4.665178135276565	450283	4665.178135276565	-19.31026598168923
19029.36195157062	300	6.501165432110702	0.0	155580	1498.8345678892972	-0.15000000000000002
19030.80348055253	300	9.059636450196395	0.0	139857	1441.5289819143081	0.3
19033.862763060355	300	10.000353942372927	0.0	155432	3059.282507823468	0.3
19037.927763566888	300	9.935353435839435	0.0	163442	4065.000506533491	0.3
19040.851303562875	300	11.011813439851737	0.0	126289	2923.539995987698	0.3
19043.713011654174	300	12.15010534855435	0.0	153295	2861.708091297388	0.3
19047.11607428701	300	12.747042715718758	0.0	173849	3403.0626328355916	0.3
19050.033840839733	300	13.829276162996456	0.0	150710	2917.766552722302	0.3
19052.62981012439	300	15.233306878338324	0.0	139105	2595.969284658131	0.3
19056.067809009153	300	15.795307993574422	0.0	141840	3437.9988847639015	0.3
19061.26319059567	300	14.599926407058215	0.0	156148	5195.381586516208	0.3
19065.4932980768	300	14.369818925929478	0.0	160746	4230.107481128735	0.3
19069.274226890244	300	14.588890112485023	0.0	179801	3780.9288134444546	0.3
19072.76063150889	300	15.102485493839552	0.0	140051	3486.404618645471	0.3
19077.04333674553	300	14.819780257200604	0.0	138313	4282.705236638948	0.3
19082.126465503807	300	13.736651498923296	0.0	143509	5083.128758277308	0.3
19085.467407689608	300	14.395709313123865	0.0	150616	3340.942185799432	0.3
19086.974887597735	300	16.88822940499606	0.0	165384	1507.4799081278047	0.3
19087.87246360249	300	19.990653400240554	0.0	140881	897.5760047555111	0.3
19088.765646741052	300	23.09747026167943	0.0	157671	893.1831385611233	0.3
19089.60402621335	300	26.259090789380675	0.0	157812	838.3794722987542	0.3
19091.626749545467	750	28.236367457267576	0.0	401853	2022.7233321131005	0.3
19094.441258769883	1200	29.42185823285244	0.0	536667	2814.509224415137	0.75
19096.84163165572	1200	31.021485347014902	0.0	587236	2400.372885837538	1.2
19099.936277084664	1200	31.92683991807082	0.0	590335	3094.645428944086	1.2
19103.48000039769	1200	32.38311660504338	0.0	696376	3543.7233130274412	1.2
19106.003536652785	1200	33.859580349946825	0.0	487160	2523.5362550965556	1.2
19109.962486089455	1200	33.90063091327924	0.0	622896	3958.9494366675817	1.2
19115.524775015332	1200	32.33834198740171	0.0	641447	5562.2889258775285	1.2
19120.125434721376	1200	31.737682281356694	0.0	570392	4600.659706045015	1.2
19125.62927616027	1200	30.233840842462563	0.0	620283	5503.841438894131	1.2
19128.632429573332	750	31.23068742939997	0.0	369834	3003.1534130625923	0.3
19132.013541283206	750	31.849575719524708	0.0	412837	3381.1117098752607	0.75
19135.457630166216	750	32.4054868365119	0.0	401088	3444.088883012815	0.75
19138.43778261254	750	33.42533439019001	0.0	365161	2980.1524463218857	0.75
19140.77650873713	750	35.08660826560317	0.0	321064	2338.726124586845	0.75
19143.38492880232	750	36.478188200411694	0.0	361565	2608.4200651914707	0.75
19146.021874074413	750	37.8412429283151	0.0	378327	2636.945272096589	0.75
19148.774020666035	750	39.08909633669461	0.0	390680	2752.1465916204875	0.75
19151.171912407095	750	40.69120459563109	0.0	345516	2397.891741063516	0.75
19153.318008062848	750	42.545108939879746	0.0	384505	2146.095655751345	0.75
19156.449623005843	1200	43.41349399688073	0.0	599477	3131.6149429990146	0.75
19159.68448006167	1200	44.17863694105257	0.0	634861	3234.857055828164	1.2
19162.963789329395	1200	44.89932767333213	0.0	630203	3279.30926772043	1.2
19166.062564950713	1200	45.80055205201399	0.0	638661	3098.7756213181397	1.2
19168.070702573663	1200	47.79241442906089	0.0	538612	2008.1376229531013	1.2
19170.565535668844	1200	49.297581333881176	0.0	550906	2494.833095179708	1.2

