26958.942156884186	750	4.0	0.8872836624630916	450283	887.2836624630917	-3.065319748591294
26959.321940507187	300	7.620216376998051	0.0	155580	379.78362300194965	-0.15000000000000002
26961.13344426732	1850	9.808712616863625	0.0	877771	1811.5037601344277	0.30000000000000004
26963.23656299781	1850	11.70559388637932	0.0	933276	2103.1187304843033	1.85
26966.27999703187	2850	12.662159852314526	0.0	1472558	3043.434034064793	1.85
26969.947139732612	4300	12.995017151573444	0.0	1941625	3667.142700741083	2.8499999999999996
26974.790629108753	4300	12.151527775436012	0.0	2157535	4843.4893761374315	4.3
26980.002225083357	4300	10.93993180083114	0.0	2290172	5211.595974604872	4.3
26984.932265610554	4300	10.009891273637592	0.0	2055469	4930.040527193549	4.3
26986.46187893842	1200	12.4802779457742	0.0	560821	1529.613327863392	-1.9000000000000001
26988.94339759999	1850	13.998759284202789	0.0	939819	2481.51866157141	1.2000000000000002
26991.075967197314	1850	15.866189686878082	0.0	917428	2132.569597324707	1.85
26994.25848812837	2850	16.683668755825128	0.0	1422919	3182.520931052952	1.85
27001.47457657453	1850	13.467580309668058	0.0	1036454	7216.08844615707	0.8500000000000001
27003.374722612898	300	15.567434271296497	0.0	140051	1900.146038371561	-1.25
27010.318831941448	750	12.62332494274556	0.0	366214	6944.109328550939	0.3
27012.1035543775	300	14.838602506693855	0.0	143509	1784.7224360517055	-0.15000000000000002
27014.21350062317	300	16.728656261022827	0.0	150616	2109.9462456710244	0.3
27016.225579170954	300	18.716577713241318	0.0	165384	2012.0785477815123	0.3
27017.26478083565	300	21.6773760485477	0.0	140881	1039.2016646936163	0.3
27018.652430913706	750	24.28972597048916	0.0	386472	1387.6500780585368	0.3
27019.840043836946	750	27.102113047245393	0.0	399894	1187.6129232437713	0.75
27021.576598836822	1200	29.36555804737214	0.0	656471	1736.5549998732524	0.75
27023.104207152213	1200	31.837949731980572	0.0	536667	1527.6083153915674	1.2
27024.84672565148	1200	34.09543123271506	0.0	587236	1742.5184992655209	1.2
27027.755208197843	1850	35.18694868635156	0.0	905935	2908.482546363489	1.2000000000000002
27032.021025700407	2850	34.92113118378434	0.0	1547572	4265.817502567224	1.85
27035.522949559054	2850	35.4192073251388	0.0	1141971	3501.9238586455376	2.85
27041.89349106924	2850	33.048665814952884	0.0	1498470	6370.541510185918	2.85
27048.852901572882	2850	30.089255311313966	0.0	1561263	6959.410503638914	2.85
27052.648685614833	2850	30.29347126936664	0.0	1341201	3795.7840419473255	2.85
27058.310322410947	2850	28.63183447324856	0.0	1497683	5661.6367961180795	2.85
27062.972239547074	2850	27.969917337123412	0.0	1358081	4661.9171361251465	2.85
27068.854417407452	2850	26.087739476743593	0.0	1587293	5882.177860379818	2.85
27072.303946868986	2850	26.63821001520913	0.0	1492672	3449.5294615344637	2.85
27075.719998447443	2850	27.222158436751513	0.0	1439896	3416.051578457616	2.85
27078.276608909808	2850	28.66554797438948	0.0	1139291	2556.6104623620354	2.85
27081.66920785502	2850	29.27294902917947	0.0	1499009	3392.598945210011	2.85
27086.582634989572	4300	28.359521894629342	0.0	2133870	4913.4271345501265	2.8499999999999996
27091.57241264555	4300	27.36974423865062	0.0	2146120	4989.777655978723	4.3
27096.277215602346	4300	26.664941281851938	0.0	2108491	4704.802956798681	4.3
27101.152724741536	4300	25.789432142661187	0.0	2184571	4875.509139190753	4.3
27105.798197412867	4300	25.14395947133008	0.0	2121928	4645.472671331102	4.3
27110.844530887116	4300	24.09762599708233	0.0	2219102	5046.333474247755	4.3
27117.176472741972	4300	21.765684142224863	0.0	2124950	6331.941854857468	4.3
27121.90571527206	4300	21.03644161213664	0.0	2246506	4729.242530088221	4.3
27125.77549879246	4300	21.166658091738395	0.0	1961140	3869.7835203982477	4.3
27130.406845956604	4300	20.535310927591247	0.0	2155012	4631.347164147147	4.3

