1057.264710079139	750	4.0	0.9321555281170851	450283	932.1555281170852	-3.2582687709034657
1058.0492511317682	750	7.2154589473707595	0.0	398865	784.541052629241	0.75
1059.0500548646137	1200	10.214655214525212	0.0	571051	1000.8037328455476	0.75
1060.7330183819422	1850	12.531691697196512	0.0	933276	1682.9635173286986	1.2000000000000002
1063.3134235772145	2850	13.951286501924214	0.0	1472558	2580.405195272298	1.85
1065.451075293573	2850	15.813634785565682	0.0	1224260	2137.651716358532	2.85
1069.449969692267	4300	15.814740386871785	0.0	2157535	3998.8943986938975	2.8499999999999996
1073.0799314211438	2850	16.184778657995185	0.0	1638769	3629.9617288766	1.4000000000000001
1077.648572919082	4300	15.616137160057045	0.0	2055469	4568.64149793814	2.8499999999999996
1080.7606305794811	2850	16.50407949965773	0.0	1429765	3112.057660399314	1.4000000000000001
1083.3968715259227	2850	17.86783855321619	0.0	1354548	2636.240946441544	2.85
1087.264815145969	4300	17.999894933170005	0.0	2102452	3867.943620046183	2.8499999999999996
1089.886130897796	2850	19.378579181342968	0.0	1422919	2621.31575182704	1.4000000000000001
1094.1589262184787	4300	19.105783860660242	0.0	2275376	4272.795320682726	2.8499999999999996
1098.5913322393717	4300	18.673377839767287	0.0	2005399	4432.406020892953	4.3
1102.7232396119916	4300	18.54147046714726	0.0	2152483	4131.907372620026	4.3
1106.9110023289213	4300	18.353707750217502	0.0	2289689	4187.7627169297575	4.3
1110.7384700011212	4300	18.526240078017498	0.0	2059512	3827.467672200005	4.3
1114.8208704316107	4300	18.443839647528208	0.0	2220726	4082.4004304892937	4.3
1118.6558321923844	4300	18.60887788675445	0.0	2156729	3834.9617607737573	4.3
1122.4670965133591	4300	18.79761356577981	0.0	2039773	3811.26432097464	4.3
1126.4724326751966	4300	18.792277403942478	0.0	2176469	4005.3361618373333	4.3
1130.3414998204598	4300	18.92321025867908	0.0	2221506	3869.067145263395	4.3
1134.3918761478365	4300	18.872833931302576	0.0	2044075	4050.376327376508	4.3
1138.4619255621465	4300	18.802784516992606	0.0	2186790	4070.04941430997	4.3
1142.6530515178429	4300	18.611658561296117	0.0	2105231	4191.125955696491	4.3
1147.1963663649985	4300	18.0683437141403	0.0	2395588	4543.314847155817	4.3
1151.048124052227	4300	18.216586026911855	0.0	1972048	3851.757687228445	4.3
1154.9222423990104	4300	18.342467680128586	0.0	2134614	3874.1183467832698	4.3
1158.9610494117094	4300	18.30366066742954	0.0	2164140	4038.807012699044	4.3
1163.0883479916197	4300	18.176362087519273	0.0	2113193	4127.29857991027	4.3
1166.9752124805268	4300	18.289497598612023	0.0	2147852	3886.8644889072502	4.3
1170.7686787056011	4300	18.496031373537917	0.0	2191074	3793.4662250741058	4.3
1174.726078981791	4300	18.538631097348073	0.0	2286761	3957.400276189847	4.3
1178.9566150728956	4300	18.308095006243512	0.0	2307787	4230.53609110456	4.3
1183.683938391444	4300	17.580771687695226	0.0	2143948	4727.323318548287	4.3
1187.9916652759346	4300	17.273044803204304	0.0	1919781	4307.726884490924	4.3
1192.3981989292038	4300	16.866511149935192	0.0	2147467	4406.533653269113	4.3
1194.985722681418	2850	18.278987397720904	0.0	1427478	2587.5237522142897	1.4000000000000001
1198.9349203818265	4300	18.32978969731247	0.0	2146120	3949.197700408434	2.8499999999999996
1202.988299137351	4300	18.276410941788026	0.0	2108491	4053.378755524445	4.3
1207.6091338417493	4300	17.655576237389834	0.0	2184571	4620.834704398193	4.3
1211.7520890947433	4300	17.512620984395678	0.0	2121928	4142.955252994154	4.3
1215.7849463982184	4300	17.479763680920698	0.0	2219102	4032.8573034749825	4.3
1219.7323331867321	4300	17.532376892406887	0.0	2124950	3947.3867885138097	4.3
1223.8798487984757	4300	17.38486128066325	0.0	2246506	4147.515611743636	4.3
1227.440537459522	4300	17.824172619616995	0.0	1961140	3560.688661046257	4.3
1231.4086913087565	4300	17.856018770382374	0.0	2155012	3968.153849234622	4.3

