5729.834451904833	750	4.0	1.464606764188326	450283	1464.606764188326	-5.547809086009802
5731.737846536471	1200	6.0966053683629875	0.0	611087	1903.394631637013	0.75
5733.816191554352	1200	8.018260350480535	0.0	571051	2078.3450178824514	1.2
5735.743166478175	1200	10.091285426657723	0.0	617681	1926.9749238228112	1.2
5738.954376804403	1850	10.88007510043023	0.0	996749	3211.210326227495	1.2000000000000002
5741.388964975453	1850	12.445486929380529	0.0	801058	2434.5881710496997	1.85
5744.537446019808	1850	13.297005885025664	0.0	905515	3148.481044354864	1.85
5748.752669573183	1850	13.081782331650677	0.0	1060487	4215.223553374988	1.85
5751.345332891504	1850	14.489119013329704	0.0	852833	2592.6633183209724	1.85
5754.368706968485	1850	15.46574493634922	0.0	913888	3023.3740769804854	1.85
5757.8065027894045	1850	16.027949115429344	0.0	939819	3437.7958209198764	1.85
5763.555664874435	1850	14.278787030398034	0.0	917428	5749.162085031309	1.85
5768.6529592082825	1850	13.18149269655105	0.0	946851	5097.294333846984	1.85
5772.915767593945	1850	12.91868431088834	0.0	1036454	4262.808385662709	1.85
5775.10414528922	1200	14.73030661561393	0.0	526950	2188.3776952744097	0.5499999999999999
5777.919234377761	1200	15.915217527072388	0.0	587876	2815.0890885415424	1.2
5780.802145230936	1200	17.032306673898265	0.0	617242	2882.9108531741213	1.2
5783.200593243298	1200	18.6338586615373	0.0	581493	2398.44801236097	1.2
5787.458000346708	1850	18.376451558126828	0.0	987708	4257.40710341047	1.2000000000000002
5791.505882828265	1850	18.32856907656997	0.0	923755	4047.882481556861	1.85
5794.068239751297	1200	19.766212153538206	0.0	601738	2562.3569230317635	0.5499999999999999
5797.739665615569	1850	20.094786289266644	0.0	955231	3671.4258642715613	1.2000000000000002
5801.545428657385	1850	20.289023247450736	0.0	968026	3805.7630418159088	1.85
5804.707742276731	1850	21.126709628104393	0.0	874175	3162.313619346344	1.85
5808.190298623281	1850	21.644153281554853	0.0	897976	3482.5563465495397	1.85
5811.671636389757	1850	22.16281551507853	0.0	905935	3481.3377664763198	1.85
5815.595833902115	1850	22.23861800272025	0.0	1076599	3924.197512358283	1.85
5818.389297522765	1850	23.445154382069823	0.0	758197	2793.463620650424	1.85
5823.389086897276	1850	22.44536500756009	0.0	972798	4999.789374509735	1.85
5829.735901167787	1850	20.09855073704768	0.0	975811	6346.814270512408	1.85
5832.790839361077	1200	21.043612543758442	0.0	570392	3054.938193289241	0.5499999999999999
5835.921475218898	1200	21.912976685936954	0.0	620283	3130.635857821484	1.2
5841.2796068505095	1200	20.554845054325803	0.0	584349	5358.1316316111515	1.2
5846.204273593482	1200	19.630178311353994	0.0	670129	4924.666742971811	1.2
5852.752717989892	1200	17.081733914944127	0.0	690253	6548.4443964098655	1.2
5855.558564208457	750	18.275887696378273	0.0	365161	2805.8462185658514	0.3
5857.615973127421	750	20.218478777414138	0.0	321064	2057.4089189641372	0.75
5859.869468408981	750	21.96498349585372	0.0	361565	2253.4952815604174	0.75
5862.195220294022	750	23.639231610813173	0.0	378327	2325.7518850405427	0.75
5864.408311621661	750	25.426140283175048	0.0	390680	2213.0913276381248	0.75
5867.386013450459	1200	26.448438454375626	0.0	566904	2977.70182879942	0.75
5871.7059386665915	1200	26.128513238243965	0.0	641452	4319.925216131663	1.2
5875.4574821329825	1200	26.376969771852465	0.0	599477	3751.5434663915003	1.2
5879.659917643235	1200	26.174534261599916	0.0	634861	4202.435510252547	1.2
5883.465321088056	1200	26.36913081677893	0.0	630203	3805.4034448209873	1.2
5890.233147111141	1200	23.601304793694176	0.0	638661	6767.8260230847545	1.2
5896.888014207383	750	20.946437697452858	0.0	331053	6654.867096241321	0.3
5901.846019852614	750	19.988432052221537	0.0	314107	4958.005645231319	0.75

