2299.0810677215404	750	4.0	1.1482833162359447	450283	1148.2833162359448	0.0047836243	-4.187618259814562
2300.1125227598377	750	6.968544961703175	0.0	398865	1031.455038296825	0.004705182	0.75
2301.0947175646515	750	9.986350156888886	0.0	350812	982.1948048142882	0.0081491815	0.75
2302.5044926979203	750	12.576575023620407	0.0	382355	1409.7751332684786	0.18671335	0.75
2304.6300656799904	750	14.451002041550248	0.0	411561	2125.57298207016	0.20772873	0.75
2306.870039551893	750	16.21102816964728	0.0	318564	2239.973871902966	0.009359959	0.75
2308.394806528161	750	18.686261193379067	0.0	352642	1524.7669762682149	0.00797159	0.75
2309.9870540785555	750	21.09401364298466	0.0	437162	1592.2475503944088	0.007136175	0.75
2311.366955509814	750	23.714112211726448	0.0	374758	1379.90143125821	0.22162049	0.75
2314.2667313372203	1200	24.81433638431985	0.0	560821	2899.7758274065945	0.5475156	0.75
2317.503240492349	1200	25.577827229191424	0.0	607410	3236.5091551284277	0.6739906	1.2
2319.5115123229866	1200	27.56955539855415	0.0	594078	2008.2718306372751	0.6792607	1.2
2321.388575293764	1200	29.692492427776735	0.0	624282	1877.0629707774162	0.02182597	1.2
2322.901082356817	1200	32.17998536472383	0.0	687371	1512.5070630529126	0.004705182	1.2
2324.3048232766187	1200	34.7762444449226	0.0	526950	1403.7409198012267	0.0071732462	1.2
2325.9686541243545	1200	37.11241359718673	0.0	587876	1663.8308477358676	0.011939332	1.2
2327.877582834741	1200	39.20348488680025	0.0	617242	1908.9287103864822	0.064723544	1.2
2331.0202415481886	1200	40.06082617335274	0.0	581493	3142.658713447504	0.21453278	1.2
2335.1118817388906	1200	39.96918598265074	0.0	639204	4091.640190701997	0.0073772217	1.2
2341.49200052638	1200	37.58906719516125	0.0	586839	6380.118787489494	0.004705182	1.2
2347.768197682006	1200	35.31287003953517	0.0	601738	6276.197155626074	0.008984769	1.2
2351.9905683279544	1200	35.09049939358631	0.0	616206	4222.370645948855	0.07499276	1.2
2354.5341830705365	1200	36.5468846510039	0.0	656471	2543.614742582418	0.057001024	1.2
2356.2856233444836	1200	38.795444377057	0.0	536667	1751.4402739468994	0.004705182	1.2
2358.0692101761165	1200	41.01185754542458	0.0	587236	1783.5868316324213	0.004705182	1.2
2360.070914259163	1200	43.01015346237761	0.0	590335	2001.70408304697	0.038906068	1.2
2362.3393886511167	1200	44.74167907042417	0.0	696376	2268.4743919534403	0.5277102	1.2
2366.28837598647	2850	44.792691735070996	0.0	1141971	3948.987335353173	0.097885735	1.2000000000000002
2370.703540116364	2850	44.37752760517678	0.0	1498470	4415.164129894217	0.004705182	2.85
2376.0518400652472	2850	43.029227656293614	0.0	1561263	5348.29994888316	0.015943835	2.85
2381.0892619170722	2850	41.991805804468505	0.0	1341201	5037.421851825113	0.012122475	2.85
2385.392902320498	2850	41.688165401043214	0.0	1497683	4303.640403425285	0.0073479116	2.85
2388.3058567101307	2850	42.77521101141023	0.0	1358081	2912.954389632994	0.017477974	2.85
2392.475698359775	2850	42.60536936176596	0.0	1587293	4169.84164964427	0.16154075	2.85
2396.589715404016	2850	42.49135231752486	0.0	1492672	4114.017044241101	0.19602458	2.85
2402.6191904919297	4300	40.46187722961121	0.0	2143948	6029.4750879136445	0.40644625	2.8499999999999996
2407.360534588784	4300	39.720533132756785	0.0	1919781	4741.344096854429	0.0047677015	4.3
2412.3627980857145	4300	38.718269635826225	0.0	2147467	5002.263496930557	0.004705182	4.3
2418.28087977776	4300	36.8001879437807	0.0	2133870	5918.081692045527	0.004705182	4.3
2423.8615362279966	4300	35.21953149354431	0.0	2146120	5580.656450236393	0.004705182	4.3
2430.179425368781	4300	32.9016423527601	0.0	2108491	6317.8891407842075	0.004705182	4.3
2439.0005014094195	4300	28.080566312121395	0.0	2184571	8821.076040638703	0.004705182	4.3
2447.2283455249312	4300	23.852722196609243	0.0	2121928	8227.84411551215	0.044150487	4.3
2453.861501492289	4300	21.2195662292518	0.0	2219102	6633.155967357445	0.17715076	4.3
2460.6389956078065	4300	18.442072113734547	0.0	2124950	6777.494115517252	0.05926341	4.3
2468.8223690838868	4300	14.258698637653922	0.0	2246506	8183.373476080625	0.30081776	4.3
2473.233947711188	2850	13.84712001035261	0.0	1231456	4411.57862730131	0.18534133	1.4000000000000001
2477.1131931983814	2850	13.96787452315943	0.0	1364537	3879.245487193179	0.004705182	2.85

