11490.748999844463	750	4.0	7.862962959107444	450283	7862.962959107444	-33.06074072416201
11492.314328963319	300	6.434670881144126	0.0	155580	1565.3291188558746	-0.15000000000000002
11493.717102978551	300	9.03189686591194	0.0	139857	1402.7740152321862	0.3
11495.60370246107	300	11.1452973833924	0.0	155432	1886.5994825195382	0.3
11497.070677798138	300	13.678322046325858	0.0	163442	1466.9753370665421	0.3
11497.979051484333	300	16.76994836013036	0.0	126289	908.373686195497	0.3
11504.264885039629	750	14.484114804833707	0.0	352642	6285.833555296655	0.3
11506.639890799066	300	16.109109045397332	0.0	173849	2375.005759436374	-0.15000000000000002
11507.881408113943	300	18.867591730520804	0.0	150710	1241.5173148765323	0.3
11510.675274181483	750	20.073725662980912	0.0	362795	2793.8660675398905	0.3
11514.549443481485	750	20.199556362979916	0.0	353220	3874.169300000997	0.75
11518.872356716935	750	19.876643127530368	0.0	405134	4322.913235449545	0.75
11523.05360783491	750	19.6953920095549	0.0	386351	4181.251117975469	0.75
11525.300750221586	750	21.44824962287957	0.0	434409	2247.1423866753325	0.75
11529.126550762043	1200	21.6224490824234	0.0	526950	3825.8005404561645	0.75
11533.47749640248	1200	21.27150344198643	0.0	587876	4350.945640436975	1.2
11537.377540867708	1200	21.37145897675685	0.0	617242	3900.04446522958	1.2
11539.865037235273	1200	22.883962609191645	0.0	581493	2487.496367565203	1.2
11542.762934251194	1200	23.986065593271025	0.0	639204	2897.8970159206183	1.2
11546.585450626138	1850	24.1635492183252	0.0	923755	3822.516374945822	1.2000000000000002
11550.094682553377	1850	24.65431729108677	0.0	891604	3509.231927238434	1.85
11555.10969492175	1850	23.63930492271253	0.0	955231	5015.01236837424	1.85
11560.792772926325	1850	21.956226918138228	0.0	968026	5683.078004574302	1.85
11566.11074106086	1850	20.638258783603327	0.0	874175	5317.968134534903	1.85
11579.159533248661	1850	11.58946659580223	0.0	897976	13048.792187801097	1.85
11584.118269450137	750	10.630730394325827	0.0	379700	4958.736201476405	-0.3500000000000001
11586.331497725707	300	12.417502118756499	0.0	181901	2213.2282755693286	-0.15000000000000002
11588.868816775148	750	13.880183069313539	0.0	277716	2537.31904944296	0.3
11589.891998268631	300	16.85700157583131	0.0	153605	1023.1814934822307	-0.15000000000000002
11590.7993607537	300	19.94963909076291	0.0	149029	907.3624850683966	0.3
11592.651221465538	750	22.097778378922957	0.0	358218	1851.8607118399518	0.3
11594.987677871315	1200	23.761321973145787	0.0	620283	2336.4564057771727	0.75
11599.955063556265	1850	22.79393628819614	0.0	885062	4967.385684949647	1.2000000000000002
11607.925999174326	1850	18.823000670137027	0.0	1035329	7970.935618059114	1.85
11612.514642667353	1200	18.2343571771079	0.0	690253	4588.643493029123	0.5499999999999999
11616.809760319187	1200	17.939239525273905	0.0	598727	4295.117651833996	1.2
11620.88758756411	1200	17.86141228035097	0.0	487812	4077.8272449229366	1.2
11625.296194612438	1200	17.45280523202153	0.0	575591	4408.607048329437	1.2
11628.185533895008	750	18.5634659494503	0.0	378327	2889.339282571228	0.3
11632.660449117782	1200	18.08855072667697	0.0	587506	4474.915222773327	0.75
11636.803976896055	1200	17.945022948403352	0.0	566904	4143.527778273619	1.2
11641.602822429053	750	17.14617741540561	0.0	384505	4798.84553299774	0.3
11644.63526096685	750	18.11373887760839	0.0	372093	3032.438537797219	0.75
11646.951359721157	750	19.797640123301022	0.0	438281	2316.098754307368	0.75
11648.792990891381	750	21.956008953077685	0.0	398987	1841.6311702233356	0.75
11651.833149826443	1200	22.91585001801579	0.0	638661	3040.158935061896	0.75
11654.555227795636	1200	24.19377204882307	0.0	538612	2722.0779691927187	1.2
11670.73606405076	1850	12.012935793698965	0.0	846370	16180.836255124104	1.2000000000000002

