20977.322715492854	750	4.0	4.722418988271614	450283	4722.418988271614	0.00531336	-19.55640164956794
20978.798321311126	300	6.524394181725228	0.0	155580	1475.6058182747722	0.023715336	-0.15000000000000002
20979.998782055583	300	9.323933437271	0.0	139857	1200.460744454228	0.039909523	0.3
20981.146947928264	300	12.175767564590338	0.0	155432	1148.1658726806618	0.0073769693	0.3
20982.263942243084	300	15.058773249770114	0.0	163442	1116.9943148202246	0.14505473	0.3
20983.202531002884	300	18.12018448997137	0.0	126289	938.5887597987467	0.34086344	0.3
20984.48088687786	300	20.841828614993144	0.0	153295	1278.3558749782233	0.067069165	0.3
20985.99920753974	300	23.32350795311607	0.0	173849	1518.320661877076	0.04535975	0.3
20987.178244298404	300	26.14447119445025	0.0	150710	1179.036758665817	0.08226778	0.3
20989.991467846536	750	27.331247646316765	0.0	362795	2813.223548133486	0.32953805	0.3
20992.697037511436	750	28.625677981417336	0.0	353220	2705.569664899429	0.31843522	0.75
20996.036972427013	750	29.285743065836414	0.0	405134	3339.9349155809227	0.078269325	0.75
20999.91286466703	750	29.409850825822236	0.0	386351	3875.8922400141796	0.046170313	0.75
21004.810183074937	750	28.51253241791316	0.0	434409	4897.318407909076	0.037988506	0.75
21008.779870830433	750	28.542844662417096	0.0	337059	3969.687755496062	0.08880042	0.75
21015.121515242292	750	26.201200250554717	0.0	366214	6341.6444118623795	0.037043415	0.75
21021.378642905565	750	23.944072587282022	0.0	360831	6257.127663272694	0.495026	0.75
21025.778365566013	750	23.544349926838887	0.0	372963	4399.722660443134	0.68090165	0.75
21029.221357307746	750	24.101358185104324	0.0	405596	3442.991741734563	0.19852254	0.75
21031.941747363904	750	25.380968128950197	0.0	350713	2720.3900561541286	0.0105477655	0.75
21036.047768430384	750	25.274947062466694	0.0	386472	4106.021066483501	0.008105198	0.75
21042.002517267272	750	23.320198225579823	0.0	399894	5954.748836886871	0.010440011	0.75
21047.64807076781	750	21.674644725043283	0.0	401853	5645.553500536536	0.05411892	0.75
21051.82408713073	750	21.498628362119156	0.0	343800	4176.016362924126	0.046703883	0.75
21056.213918367797	750	21.10879712505519	0.0	359903	4389.831237063969	0.030627655	0.75
21060.315143783857	750	21.007571708992856	0.0	379700	4101.225416062333	0.04508634	0.75
21065.104713091336	750	20.218002401511235	0.0	425781	4789.569307481621	0.016102837	0.75
21068.576831892595	750	20.745883600251123	0.0	277716	3472.1188012601106	0.013883593	0.75
21075.064963216144	750	18.25775227670237	0.0	400396	6488.131323548755	0.01575349	0.75
21081.242133713866	750	16.080581778979777	0.0	400508	6177.170497722592	0.2538725	0.75
21083.339936043416	300	17.98277944943327	0.0	157421	2097.8023295465055	0.5159512	-0.15000000000000002
21085.598417760433	300	19.724297732414996	0.0	157488	2258.48171701827	0.13112439	0.3
21087.661283802616	300	21.661431690227708	0.0	143881	2062.866042187288	0.13133258	0.3
21089.857836679315	300	23.46487881352816	0.0	163444	2196.552876699551	0.3193911	0.3
21095.224360587606	750	22.098354905237795	0.0	401088	5366.523908290364	0.6847033	0.3
21100.682025600625	750	20.640689892221484	0.0	365161	5457.665013016307	0.02919392	0.75
21106.551075750867	750	18.77163974197582	0.0	321064	5869.0501502456655	0.025006544	0.75
21114.413789493105	750	14.908925999736434	0.0	361565	7862.713742239388	0.16151522	0.75
21118.796513570986	300	14.526201921855366	0.0	144254	4382.724077881068	0.21160848	-0.15000000000000002
21121.675619852333	300	15.647095640506908	0.0	149991	2879.1062813484577	0.008768719	0.3
21124.294284989504	300	17.028430503336736	0.0	147968	2618.6651371701746	0.03371986	0.3
21127.933558555203	300	17.38915693763981	0.0	161857	3639.2735656969226	0.12633868	0.3
21131.51942575206	300	17.803289740787353	0.0	145210	3585.867196852456	0.13250782	0.3
21135.941079408523	300	17.381636084322505	0.0	172312	4421.653656464847	0.22649395	0.3
21140.54027957279	300	16.782435920058003	0.0	167025	4599.200164264502	0.39774957	0.3
21144.992777255073	300	16.329938237775067	0.0	160064	4452.4976822829385	0.3083543	0.3
21147.637263134257	300	17.685452358592983	0.0	137507	2644.4858791820834	0.31511694	0.3
21152.704710681544	750	16.61800481130601	0.0	314107	5067.447547286972	0.5441412	0.3

