10955.088212731844	750	4.0	6.835416697573638	450283	6835.416697573638	-28.642291799566642
10958.394750953907	300	4.693461777936518	0.0	155580	3306.5382220634815	-0.15000000000000002
10960.581068311849	300	6.507144419993679	0.0	139857	2186.3173579428385	0.3
10962.616884085694	300	8.471328646148999	0.0	155432	2035.8157738446798	0.3
10964.390194486255	300	10.698018245588635	0.0	163442	1773.310400560364	0.3
10966.38812505612	300	12.700087675722632	0.0	126289	1997.9305698660023	0.3
10967.75182999571	300	15.336382736134434	0.0	153295	1363.7049395881982	0.3
10969.228077973474	300	17.860134758370997	0.0	173849	1476.2479777634353	0.3
10972.250418464808	750	18.837794267037804	0.0	374758	3022.3404913331965	0.3
10974.603804126122	750	20.484408605725307	0.0	362795	2353.3856613124954	0.75
10976.977721966725	750	22.110490765120833	0.0	353220	2373.9178406044734	0.75
10981.224830659074	1200	21.863382072772996	0.0	594078	4247.108692347839	0.75
10985.18463920103	1200	21.90357353081485	0.0	624282	3959.808541958143	1.2
10989.32696216651	1200	21.761250565336884	0.0	687371	4142.322965477967	1.2
10995.272399196218	1850	19.815813535628887	0.0	821631	5945.437029707995	1.2000000000000002
11000.318801281996	1200	18.769411449850303	0.0	587876	5046.4020857785845	0.5499999999999999
11004.912879913014	1200	18.175332818833326	0.0	617242	4594.07863101698	1.2
11008.922671605413	1200	18.165541126435027	0.0	581493	4009.7916923982993	1.2
11011.432369173062	750	19.655843558783708	0.0	405596	2509.6975676513157	0.3
11014.970439846735	1200	20.117772885111187	0.0	586839	3538.0706736725233	0.75
11018.021373688769	1200	21.06683904307817	0.0	601738	3050.9338420330155	1.2
11021.253589081865	1200	21.834623649981236	0.0	616206	3232.2153930969334	1.2
11024.687684166583	1200	22.400528565262785	0.0	656471	3434.095084718451	1.2
11030.17796044565	1850	20.910252286197814	0.0	874175	5490.276279064972	1.2000000000000002
11037.275611942494	1850	17.812600789352835	0.0	897976	7097.651496844976	1.85
11043.604592255087	1200	15.483620476759672	0.0	590335	6328.980312593166	0.5499999999999999
11047.696891769314	750	15.39132096253341	0.0	425781	4092.299514226262	0.3
11049.481602141697	750	17.606610590150897	0.0	277716	1784.7103723825128	0.75
11052.015175989494	750	19.073036742354113	0.0	400396	2533.5738477967816	0.75
11054.899969595324	750	20.18824313652306	0.0	400508	2884.793605831057	0.75
11059.585209087218	1200	19.503003644629874	0.0	570392	4685.239491893187	0.75
11065.315264756087	1200	17.772947975760346	0.0	620283	5730.055668869529	1.2
11071.625117685875	1200	15.463095045972413	0.0	584349	6309.852929787932	1.2
11075.266308246939	750	15.821904484907902	0.0	412837	3641.1905610645103	0.3
11078.500055232564	750	16.58815749928229	0.0	401088	3233.746985625611	0.75
11082.33857883338	750	16.749633898465266	0.0	365161	3838.523600817026	0.75
11085.342939465107	750	17.7452732667382	0.0	321064	3004.3606317270683	0.75
11088.281685208502	750	18.806527523344784	0.0	361565	2938.745743393415	0.75
11091.2242253789	750	19.863987352945813	0.0	378327	2942.540170398972	0.75
11093.792217341359	750	21.29599539048612	0.0	390680	2567.9919624596932	0.75
11097.464507659533	1200	21.623705072311402	0.0	566904	3672.2903181747156	0.75
11105.194364773322	1200	17.893847958523644	0.0	641452	7729.857113787761	1.2
11107.834629619372	750	19.25358311247218	0.0	372093	2640.26484605146	0.3
11111.478231229343	750	19.609981502503114	0.0	438281	3643.6016099690664	0.75
11115.34339849216	750	19.744814239686498	0.0	398987	3865.1672628166157	0.75
11118.71270163586	750	20.37551109598442	0.0	393804	3369.303143702076	0.75
11123.227625841047	1200	19.860586890798647	0.0	538612	4514.924205185773	0.75
11129.530171470602	1200	17.558041261245982	0.0	550906	6302.545629552665	1.2

