17253.526610877176	750	4.0	5.460500454044817	450283	5460.500454044817	-22.730151952392713
17254.826165502775	300	6.700445374400823	0.0	155580	1299.5546255991767	-0.15000000000000002
17255.96365520575	300	9.562955671427938	0.0	139857	1137.489702972886	0.3
17257.157967567746	300	12.368643309431896	0.0	155432	1194.3123619960415	0.3
17258.354673370846	300	15.171937506333434	0.0	163442	1196.7058030984626	0.3
17260.48629299442	750	17.040317882759663	0.0	318564	2131.6196235737693	0.3
17263.515876657675	750	18.010734219504602	0.0	352642	3029.5836632550604	0.75
17266.388330102098	750	19.138280775082297	0.0	437162	2872.4534444223086	0.75
17271.228272094057	1200	18.29833878312393	0.0	584846	4839.941991958369	0.75
17275.342662481155	1200	18.183948396024036	0.0	560821	4114.390387099895	1.2
17278.828733683218	750	18.69787719396063	0.0	353220	3486.071202063407	0.3
17284.298934864233	750	17.227676012945572	0.0	405134	5470.201181015056	0.75
17290.220949149865	750	15.305661727313193	0.0	386351	5922.014285632378	0.75
17292.90333622352	300	16.623274653657628	0.0	179801	2682.387073655568	-0.15000000000000002
17295.864671158273	750	17.66193971890663	0.0	337059	2961.334934750997	0.3
17297.08514303913	300	20.441467838048723	0.0	138313	1220.4718808579064	-0.15000000000000002
17301.671983956876	750	19.854626920303026	0.0	360831	4586.840917745696	0.3
17305.91029462893	750	19.616316248246285	0.0	372963	4238.310672056743	0.75
17311.500475470504	750	18.026135406674154	0.0	405596	5590.180841572132	0.75
17314.227738017697	750	19.298872859484206	0.0	350713	2727.2625471899482	0.75
17318.038922405496	750	19.487688471684347	0.0	386472	3811.1843877998604	0.75
17325.40867138046	750	16.1179394967209	0.0	399894	7369.748974963447	0.75
17327.536330081715	300	17.9902807954663	0.0	163927	2127.6587012546015	-0.15000000000000002
17330.602892538318	750	18.923718338865395	0.0	343800	3066.5624566009074	0.3
17334.230738914415	750	19.295871962765446	0.0	359903	3627.8463760999484	0.75
17338.381564342144	750	19.14504653503598	0.0	379700	4150.825427729467	0.75
17339.684153980004	300	21.842456897174895	0.0	181901	1302.5896378610855	-0.15000000000000002
17342.898205059177	1200	22.628405818003017	0.0	487160	3214.051079171879	0.29999999999999993
17346.718558830937	1200	22.808052046245344	0.0	622896	3820.3537717576774	1.2
17350.861345074958	1200	22.66526580222116	0.0	641447	4142.786244024182	1.2
17354.492697947364	1200	23.033912929815813	0.0	570392	3631.35287240535	1.2
17358.570554546972	1200	22.956056330207378	0.0	620283	4077.8565996084317	1.2
17364.521864587077	1850	21.004746290102084	0.0	885062	5951.310040105295	1.2000000000000002
17368.07948719556	1200	21.44712368162027	0.0	670129	3557.6226084818168	0.5499999999999999
17373.717746746603	1200	19.808864130575383	0.0	690253	5638.259551044884	1.2
17377.248212448812	1200	20.278398428365914	0.0	598727	3530.465702209468	1.2
17381.274304435843	1850	20.25230644133724	0.0	728962	4026.091987028675	1.2000000000000002
17384.798164218322	1200	20.728446658857482	0.0	575591	3523.859782479759	0.5499999999999999
17388.338993035544	1200	21.187617841633696	0.0	605884	3540.828817223787	1.2
17392.137304189575	1200	21.389306687604083	0.0	587506	3798.311154029611	1.2
17400.44708348435	1850	17.079527392830688	0.0	858450	8309.779294773394	1.2000000000000002
17404.249379920882	750	17.27723095629813	0.0	384505	3802.2964365325597	-0.3500000000000001
17407.859863268517	750	17.666747608661456	0.0	372093	3610.4833476366734	0.75
17411.89358327166	750	17.633027605519626	0.0	438281	4033.7200031418292	0.75
17415.644657084147	750	17.881953793030377	0.0	398987	3751.073812489251	0.75
17418.49187876041	750	19.034732116766733	0.0	393804	2847.2216762636435	0.75
17420.51551967474	750	21.011091202436905	0.0	331053	2023.6409143298263	0.75
17423.824273863105	1200	21.70233701407192	0.0	550906	3308.7541883649883	0.75

