8533.442897752364	750	4.0	4.665178135276565	450283	4665.178135276565	-19.31026598168923
8534.941732320252	300	6.501165432110702	0.0	155580	1498.8345678892972	-0.15000000000000002
8536.383261302168	300	9.059636450196395	0.0	139857	1441.5289819143081	0.3
8539.442543809992	300	10.000353942372927	0.0	155432	3059.282507823468	0.3
8543.507544316524	300	9.935353435839435	0.0	163442	4065.000506533491	0.3
8546.431084312511	300	11.011813439851737	0.0	126289	2923.539995987698	0.3
8549.29279240381	300	12.15010534855435	0.0	153295	2861.708091297388	0.3
8552.695855036645	300	12.747042715718758	0.0	173849	3403.0626328355916	0.3
8555.613621589368	300	13.829276162996456	0.0	150710	2917.766552722302	0.3
8558.209590874025	300	15.233306878338324	0.0	139105	2595.969284658131	0.3
8561.64758975879	300	15.795307993574422	0.0	141840	3437.9988847639015	0.3
8566.842971345306	300	14.599926407058215	0.0	156148	5195.381586516208	0.3
8571.073078826435	300	14.369818925929478	0.0	160746	4230.107481128735	0.3
8574.854007639879	300	14.588890112485023	0.0	179801	3780.9288134444546	0.3
8578.340412258525	300	15.102485493839552	0.0	140051	3486.404618645471	0.3
8582.623117495164	300	14.819780257200604	0.0	138313	4282.705236638948	0.3
8587.706246253441	300	13.736651498923296	0.0	143509	5083.128758277308	0.3
8591.047188439241	300	14.395709313123865	0.0	150616	3340.942185799432	0.3
8592.554668347368	300	16.88822940499606	0.0	165384	1507.4799081278047	0.3
8593.452244352124	300	19.990653400240554	0.0	140881	897.5760047555111	0.3
8594.345427490684	300	23.09747026167943	0.0	157671	893.1831385611233	0.3
8596.317874853226	750	25.125022899135566	0.0	399894	1972.4473625438663	0.3
8599.744742914525	1200	25.698154837837993	0.0	656471	3426.8680612975745	0.75
8601.934240193954	1200	27.508657558409983	0.0	536667	2189.4972794280097	1.2
8604.878411307951	1200	28.564486444411617	0.0	587236	2944.1711139983618	1.2
8609.592294762042	1850	27.85060299032106	0.0	905935	4713.883454090556	1.2000000000000002
8613.274553461164	1200	28.16834429119788	0.0	696376	3682.258699123185	0.5499999999999999
8619.400292355635	1850	26.04260539672838	0.0	758197	6125.738894469497	1.2000000000000002
8624.589647191595	1200	24.85325056076785	0.0	622896	5189.354835960531	0.5499999999999999
8630.167109500631	1200	23.27578825173194	0.0	641447	5577.462309035914	1.2
8633.146077487307	750	24.29682026505761	0.0	358218	2978.9679866743263	0.3
8636.315776359728	750	25.127121392637363	0.0	400322	3169.69887242025	0.75
8639.505432322949	750	25.937465429416136	0.0	369834	3189.655963221227	0.75
8642.983173743794	750	26.45972400857199	0.0	412837	3477.741420844149	0.75
8645.956432188914	750	27.486465563452118	0.0	401088	2973.258445119871	0.75
8648.574183773828	750	28.86871397853652	0.0	365161	2617.7515849156	0.75
8651.937500923017	1200	29.505396829347713	0.0	487812	3363.3171491888056	0.75
8655.948850506833	1200	29.494047245531977	0.0	575591	4011.349583815737	1.2
8659.3789364109	1200	30.063961341465102	0.0	605884	3430.0859040668747	1.2
8662.397638143782	1200	31.045259608584566	0.0	587506	3018.701732880539	1.2
8665.32149094903	1200	32.12140680333547	0.0	566904	2923.852805249099	1.2
8670.602945164614	1850	30.839952587753498	0.0	1025005	5281.45421558197	1.2000000000000002
8674.08017556179	1850	31.362722190575894	0.0	886255	3477.2303971776028	1.85
8679.666656761132	1850	29.77624099123479	0.0	973972	5586.481199341105	1.85
8684.916865006202	1850	28.526032746164116	0.0	958994	5250.208245070672	1.85
8689.54450186951	1850	27.898395882855716	0.0	982064	4627.6368633084	1.85
8691.872869313693	1200	29.57002843867361	0.0	538612	2328.367444182105	0.5499999999999999
8695.850711589088	1850	29.592186163277855	0.0	846370	3977.8422753957534	1.2000000000000002

