19440.01705098644	750	4.0	3.666539248000215	450283	3666.5392480002147	-15.016118766400924
19440.949298805514	300	7.067752180926023	0.0	155580	932.2478190739762	-0.15000000000000002
19442.004506059526	300	10.012544926909626	0.0	139857	1055.2072540163974	0.3
19445.495895118373	750	10.521155868064213	0.0	382355	3491.3890588454137	0.3
19448.523994611107	750	11.493056375330438	0.0	411561	3028.0994927337747	0.75
19450.568102844325	750	13.448948142114476	0.0	318564	2044.108233215962	0.75
19452.935026266354	750	15.082024720083979	0.0	352642	2366.9234220304975	0.75
19456.04186019507	750	15.975190791369858	0.0	437162	3106.8339287141202	0.75
19458.019601404267	750	17.99744958217146	0.0	374758	1977.7412091983972	0.75
19461.774334293325	1200	18.242716693114158	0.0	560821	3754.7328890573003	0.75
19464.68302238781	1200	19.33402859862922	0.0	607410	2908.6880944849386	1.2
19468.6424641935	1200	19.37458679293926	0.0	594078	3959.4418056899594	1.2
19476.054139473727	1200	15.962911512713424	0.0	624282	7411.675280225837	1.2
19480.184335003927	750	15.832715982510473	0.0	434409	4130.195530202951	0.3
19482.970440170204	750	17.046610816236683	0.0	337059	2786.1051662737896	0.75
19484.991090747746	750	19.02596023868966	0.0	366214	2020.650577547026	0.75
19487.3271152907	750	20.689935695736754	0.0	360831	2336.0245429529073	0.75
19490.13093916227	750	21.88611182417036	0.0	372963	2803.8238715663933	0.75
19493.2760168187	750	22.74103416773684	0.0	405596	3145.077656433522	0.75
19497.84845515597	1200	22.168595830469876	0.0	586839	4572.438337266961	0.75
19504.865389584756	750	19.151661401681633	0.0	386472	7016.934428788244	0.3
19515.344685476426	750	12.672365510011883	0.0	399894	10479.295891669748	0.75
19518.12796588708	300	13.889085099356139	0.0	163927	2783.2804106557437	-0.15000000000000002
19519.612052735098	300	16.404998251340494	0.0	137654	1484.0868480156466	0.3
19520.97343719272	300	19.04361379371763	0.0	146754	1361.384457622865	0.3
19522.427024983637	300	21.5900260028013	0.0	153938	1453.5877909163278	0.3
19524.249273901252	300	23.767777085185504	0.0	181901	1822.2489176157994	0.3
19526.601558781018	750	25.415492205424375	0.0	277716	2352.2848797611255	0.3
19529.869412401804	750	26.1476385846377	0.0	400396	3267.853620786674	0.75
19532.892273755275	750	27.12477723116698	0.0	400508	3022.8613534707224	0.75
19535.400927070386	750	28.616123916056768	0.0	358218	2508.653315110212	0.75
19538.956050032957	1200	29.06100095348595	0.0	620283	3555.122962570816	0.75
19541.743995500827	1200	30.273055485620713	0.0	584349	2787.9454678652396	1.2
19545.025390940587	1200	30.991660045856797	0.0	670129	3281.3954397639172	1.2
19551.291839572412	1850	28.725211414033488	0.0	1026056	6266.448631823306	1.2000000000000002
19555.489226293368	1200	28.527824693076926	0.0	598727	4197.386720956562	0.5499999999999999
19559.353200155158	1200	28.663850831285796	0.0	487812	3863.973861791131	1.2
19563.3786605292	1200	28.638390457242533	0.0	575591	4025.4603740432603	1.2
19568.300774334948	1200	27.71627665149542	0.0	605884	4922.113805747115	1.2
19574.3880402165	750	25.62901076994159	0.0	390680	6087.2658815538325	0.3
19579.959708184026	750	24.057342802415583	0.0	345516	5571.667967526005	0.75
19587.443895741155	750	20.57315524528955	0.0	384505	7484.187557126034	0.75
19591.299868783746	300	20.717182202695966	0.0	145210	3855.973042593581	-0.15000000000000002
19595.094672890467	300	20.92237809597794	0.0	172312	3794.8041067180266	0.3
19598.623269681506	300	21.393781304936287	0.0	167025	3528.5967910416543	0.3
19601.05594123917	300	22.961109747269695	0.0	160064	2432.671557666587	0.3
19603.98148751595	300	24.035563470492953	0.0	137507	2925.5462767767435	0.3
19606.943500265097	300	25.073550721347964	0.0	118421	2962.0127491449907	0.3

