14558.35030318619	750	4.0	4.010168074006698	450283	4010.168074006698	0.010796198	-16.4937227182288
14559.524221278834	300	6.8260819073535774	0.0	155580	1173.9180926464226	0.24438465	-0.15000000000000002
14561.957570503819	750	8.392732682369962	0.0	350812	2433.3492249836154	0.47084692	0.3
14562.958811755236	300	11.391491430951984	0.0	155432	1001.2412514179787	0.56270564	-0.15000000000000002
14565.153260484349	750	13.197042701838848	0.0	411561	2194.4487291131372	0.62144876	0.3
14566.860335971489	750	15.48996721469889	0.0	318564	1707.075487139957	0.10894083	0.75
14568.651811232352	750	17.69849195383545	0.0	352642	1791.4752608634376	0.27267832	0.75
14570.9443693568	750	19.405933829388466	0.0	437162	2292.5581244469877	0.3081347	0.75
14572.941922782391	750	21.408380403797135	0.0	374758	1997.5534255913306	0.121325925	0.75
14574.886324705498	750	23.463978480689786	0.0	362795	1944.4019231073523	0.037152167	0.75
14576.66264077568	750	25.6876624105095	0.0	353220	1776.3160701802851	0.01601711	0.75
14578.17487437018	750	28.175428816007656	0.0	405134	1512.2335945018433	0.0055836327	0.75
14579.800557026245	750	30.549746159942764	0.0	386351	1625.6826560648965	0.24754591	0.75
14581.791442751706	750	32.558860434482206	0.0	434409	1990.885725460557	0.4571681	0.75
14584.159279302181	750	34.191023884005816	0.0	337059	2367.8365504763915	0.6883273	0.75
14586.534386483852	750	35.815916702334874	0.0	366214	2375.1071816709405	0.06843871	0.75
14589.93922661089	1200	36.411076575297194	0.0	617242	3404.840127037673	0.1493047	0.75
14592.69888547752	1200	37.65141770866636	0.0	581493	2759.65886663084	0.070643626	1.2
14595.7888071678	1200	38.561496018386215	0.0	639204	3089.9216902801413	0.008259375	1.2
14598.327114730873	1200	40.02318845531282	0.0	586839	2538.3075630733947	0.0049021146	1.2
14601.202914421869	1200	41.14738876431698	0.0	601738	2875.799690995836	0.004705182	1.2
14603.865750464722	1200	42.48455272146453	0.0	616206	2662.836042852448	0.004705182	1.2
14607.173331337988	1200	43.176971848197766	0.0	656471	3307.580873266764	0.004705182	1.2
14609.78247497554	1200	44.56782821064621	0.0	536667	2609.143637551557	0.004705182	1.2
14612.761215209182	1200	45.589087977002485	0.0	587236	2978.7402336437267	0.0056624813	1.2
14616.002452065628	1200	46.34785112055611	0.0	590335	3241.236856446375	0.0066011404	1.2
14619.819175914283	1200	46.53112727190219	0.0	696376	3816.723848653911	0.0066281445	1.2
14623.033903945623	1200	47.316399240560514	0.0	487160	3214.728031341676	0.012630249	1.2
14626.936281006727	1200	47.41402217945608	0.0	622896	3902.3770611044315	0.006509634	1.2
14630.465903190543	1200	47.88439999564029	0.0	641447	3529.622183815799	0.007262207	1.2
14634.10351409522	1200	48.24678909096428	0.0	570392	3637.610904676003	0.014454326	1.2
14637.779096217475	1200	48.571206968708914	0.0	620283	3675.582122255363	0.011468617	1.2
14640.982066684126	1200	49.36823650205845	0.0	584349	3202.9704666504617	0.020538462	1.2
14645.097561250845	1200	49.2527419353404	0.0	670129	4115.494566718048	0.048157346	1.2
14650.32120310473	1200	48.02910008145654	0.0	690253	5223.641853883861	0.057656676	1.2
14656.320396979569	1200	46.029906206616396	0.0	598727	5999.1938748401435	0.020233	1.2
14659.977491224996	1200	46.372811961188205	0.0	487812	3657.094245428192	0.008568516	1.2
14668.238515896506	1200	42.11178728967883	0.0	575591	8261.02467150937	0.009214024	1.2
14676.53972010333	1200	37.810583082855196	0.0	605884	8301.204206823637	0.004705182	1.2
14681.698331335156	1200	36.6519718510315	0.0	587506	5158.611231823698	0.004705182	1.2
14688.202668799453	1200	34.147634386735035	0.0	566904	6504.337464296463	0.004705182	1.2
14693.550745254151	1200	32.79955793203623	0.0	641452	5348.076454698802	0.004705182	1.2
14699.598659707137	1200	30.751643479051673	0.0	599477	6047.914452984558	0.004705182	1.2
14706.178705256401	1200	28.171597929788394	0.0	634861	6580.045549263278	0.004705182	1.2
14713.47107634798	1200	24.87922683820825	0.0	630203	7292.371091580142	0.004705182	1.2
14718.503680104543	1200	23.846623081647046	0.0	638661	5032.603756561207	0.007960372	1.2
14725.09531704183	1200	21.254986144359076	0.0	538612	6591.636937287967	0.004705182	1.2
14730.088162134098	1200	20.262141052091415	0.0	550906	4992.845092267664	0.024602508	1.2

