1658.8554497608839	750	4.0	2.8598146493896546	450283	2859.8146493896547	-11.547202992375514
1659.731681291379	300	7.123768469505115	0.0	155580	876.2315304948851	-0.15000000000000002
1661.3067061169127	750	9.548743643971175	0.0	350812	1575.0248255339393	0.3
1664.4009330526844	1200	10.454516708199401	0.0	617681	3094.226935771775	0.75
1667.4612485020957	1200	11.39420125878823	0.0	652874	3060.31544941117	1.2
1670.4043024789732	1850	12.451147281910558	0.0	801058	2943.0539768776716	1.2000000000000002
1673.4711676632317	1850	13.384282097652019	0.0	905515	3066.865184258541	1.85
1680.6027032663326	2850	10.252746494551078	0.0	1638769	7131.53560310094	1.85
1683.2374061175265	1200	11.618043643357414	0.0	584846	2634.7028511936637	-0.44999999999999996
1688.1675110210888	1850	10.687938739795063	0.0	913888	4930.104903562352	1.2000000000000002
1691.6606410127142	1200	11.194808748169725	0.0	607410	3493.1299916253383	0.5499999999999999
1696.863137982928	1850	9.992311777956063	0.0	917428	5202.496970213663	1.2000000000000002
1700.2948535446046	1200	10.560596216279178	0.0	624282	3431.715561676885	0.5499999999999999
1703.6673714631925	1200	11.188078297691561	0.0	687371	3372.5179185876173	1.2
1707.1287009777095	1850	11.726748783174449	0.0	821631	3461.3295145171123	1.2000000000000002
1710.905428397164	1850	11.950021363720086	0.0	923170	3776.727419454363	1.85
1715.0634637805417	1850	11.791985980342336	0.0	966699	4158.035383377751	1.85
1720.4709980154616	1850	10.384451745422396	0.0	885714	5407.534234919939	1.85
1723.1115172056186	1200	11.743932555265596	0.0	639204	2640.519190156801	0.5499999999999999
1726.9616933815196	1850	11.893756379364657	0.0	923755	3850.1761759009382	1.2000000000000002
1731.0363547064208	1850	11.819095054463299	0.0	891604	4074.6613249013585	1.85
1734.714212842023	1850	12.141236918861075	0.0	955231	3677.8581356022223	1.85
1738.5137499286038	1850	12.341699832280272	0.0	968026	3799.5370865808045	1.85
1741.4093677214653	1850	13.44608203941899	0.0	874175	2895.6177928612833	1.85
1747.2175020151985	2850	11.637947745685615	0.0	1383735	5808.134293733374	1.85
1751.010397610655	1850	11.845052150229138	0.0	905935	3792.8955954564776	0.8500000000000001
1755.0824213305214	1850	11.773028430362745	0.0	1076599	4072.023719866392	1.85
1758.0262593706748	1850	12.829190390209185	0.0	758197	2943.83804015356	1.85
1761.6725236976197	1850	13.182926063264262	0.0	972798	3646.2643269449236	1.85
1768.9138094602422	2850	9.941640300641877	0.0	1561263	7241.285762622385	1.85
1771.5578580419553	1200	11.29759171892867	0.0	570392	2644.0485817132076	-0.44999999999999996
1774.5864200546011	1850	12.269029706283122	0.0	954453	3028.562012645546	1.2000000000000002
1777.7963557198423	1850	13.059094041041806	0.0	885062	3209.9356652413167	1.85
1785.0590155817217	2850	9.7964341791624	0.0	1587293	7262.659861879406	1.85
1787.0401175378036	1200	11.815332223080622	0.0	690253	1981.1019560817763	-0.44999999999999996
1790.9410134934753	1850	11.914436267408753	0.0	943942	3900.89595567187	1.2000000000000002
1793.8673441744036	1850	12.98810558648047	0.0	728962	2926.3306809282817	1.85
1798.5842149731243	1850	12.271234787759711	0.0	938587	4716.87079872076	1.85
1803.5561956432334	1850	11.299254117650616	0.0	908665	4971.980670109094	1.85
1808.5358810139423	1850	10.319568746941568	0.0	930577	4979.685370709049	1.85
1811.7834302388687	1200	11.072019522015228	0.0	566904	3247.549224926339	0.5499999999999999
1818.760800507142	1850	8.09464925374198	0.0	1025005	6977.370268273248	1.2000000000000002
1821.8751071905767	750	8.98034257030736	0.0	372093	3114.3066834346205	-0.3500000000000001
1829.2554316407588	750	5.600018120125012	0.0	438281	7380.324450182349	0.75
1831.191845445477	300	7.663604315407063	0.0	167025	1936.413804717949	-0.15000000000000002
1833.0289793328534	750	9.826470428030708	0.0	393804	1837.1338873763552	0.3
1835.6115704404617	1200	11.243879320422407	0.0	538612	2582.5911076083025	0.75
1839.259189231973	1850	11.596260528910857	0.0	846370	3647.618791511548	1.2000000000000002

